1 1 1 -21.436
1 1 2 -22.511
1 1 3 -22.586
1 1 4 -21.986
1 1 5 -22.886
1 1 6 -21.211
1 1 7 -23.387
1 1 8 -24.387
1 1 9 -21.211
1 1 10 -22.536
1 1 11 -24.637
1 1 12 -22.061
1 1 13 -21.611
1 1 14 -25.012
1 1 15 -23.762
1 1 16 -22.311
1 1 17 -24.837
1 1 18 -23.887
1 1 19 -21.936
1 1 20 -21.711
1 1 21 -22.361
1 1 22 -22.836
1 1 23 -24.212
1 1 24 -22.936
1 1 25 -21.611
1 1 26 -22.311
1 1 27 -23.812
1 1 28 -22.886
1 1 29 -23.712
1 1 30 -24.587
1 1 31 -22.436
1 1 32 -22.761
1 1 33 -20.635
1 1 34 -21.936
1 1 35 -24.762
1 1 36 -23.062
1 1 37 -22.136
1 1 38 -22.886
1 1 39 -20.885
1 1 40 -20.085
1 1 41 -23.287
1 1 42 -21.936
1 1 43 -22.736
1 1 44 -22.336
1 1 45 -21.586
1 1 46 -22.311
1 1 47 -21.786
1 1 48 -21.211
