1 1 1 13.418 13.418 1.573 1.573 -25.751
1 1 2 14.825 14.825 1.972 1.972 -26.156
1 1 3 14.811 14.811 1.919 1.919 -25.894
1 1 4 15.999 15.999 2.252 2.252 -24.259
1 1 5 13.886 13.886 1.791 1.791 -26.673
1 1 6 15.730 15.730 2.325 2.325 -24.495
1 1 7 15.633 15.633 1.716 1.716 -26.418
1 1 8 15.819 15.819 1.341 1.341 -26.330
1 1 9 14.961 14.961 1.294 1.294 -24.874
1 1 10 14.885 14.885 2.018 2.018 -26.264
1 1 11 13.719 13.719 1.753 1.753 -28.599
1 1 12 14.251 14.251 2.086 2.086 -26.081
1 1 13 13.431 13.431 1.871 1.871 -25.549
1 1 14 16.000 16.000 362.039 362.039 0.000
1 1 15 15.325 15.325 2.499 2.499 -26.946
1 1 16 15.257 15.257 2.552 2.552 -25.515
1 1 17 15.274 15.274 2.010 2.010 -27.339
1 1 18 15.381 15.381 1.864 1.864 -26.710
1 1 19 14.263 14.263 2.158 2.158 -25.427
1 1 20 16.273 16.273 2.523 2.523 -24.986
1 1 21 16.024 16.024 2.943 2.943 -24.817
1 1 22 15.898 15.898 2.603 2.603 -26.004
1 1 23 14.447 14.447 1.738 1.738 -26.403
1 1 24 15.154 15.154 1.900 1.900 -25.480
1 1 25 14.099 14.099 2.331 2.331 -25.742
1 1 26 15.318 15.318 1.964 1.964 -25.928
1 1 27 13.839 13.839 1.893 1.893 -27.324
1 1 28 15.270 15.270 2.854 2.854 -25.720
1 1 29 14.448 14.448 2.256 2.256 -27.177
1 1 30 16.240 16.240 2.302 2.302 -27.242
1 1 31 15.137 15.137 2.282 2.282 -25.853
1 1 32 14.432 14.432 1.606 1.606 -25.941
1 1 33 15.423 15.423 2.933 2.933 -24.009
1 1 34 14.141 14.141 2.027 2.027 -25.974
1 1 35 15.840 15.840 2.100 2.100 -26.794
1 1 36 15.557 15.557 3.046 3.046 -26.144
1 1 37 14.947 14.947 2.530 2.530 -25.402
1 1 38 15.446 15.446 2.032 2.032 -26.284
1 1 39 14.139 14.139 1.850 1.850 -24.297
1 1 40 15.866 15.866 2.494 2.494 -23.767
1 1 41 14.233 14.233 1.645 1.645 -26.915
1 1 42 15.004 15.004 1.966 1.966 -25.502
1 1 43 16.075 16.075 2.335 2.335 -25.646
1 1 44 16.166 16.166 2.489 2.489 -25.505
1 1 45 15.270 15.270 3.460 3.460 -25.056
1 1 46 14.166 14.166 1.451 1.451 -25.277
1 1 47 13.527 13.527 1.904 1.904 -25.653
1 1 48 15.350 15.350 2.950 2.950 -24.220
