1 1 1 1926.828 1926.828 27.810 27.810 0.810 0.003
1 1 2 2513.884 2513.884 9.827 9.827 0.539 0.002
1 1 3 2308.585 2308.585 23.147 23.147 0.503 0.002
1 1 4 2206.808 2206.808 24.237 24.237 0.728 0.003
1 1 5 1944.936 1944.936 48.896 48.896 0.592 0.002
1 1 6 2093.204 2093.204 27.342 27.342 0.495 0.002
1 1 7 2092.481 2092.481 27.757 27.757 0.699 0.002
1 1 8 2096.301 2096.301 37.578 37.578 0.625 0.002
1 1 9 2057.074 2057.074 35.358 35.358 0.503 0.003
1 1 10 2076.754 2076.754 19.347 19.347 0.591 0.002
1 1 11 2120.132 2120.132 27.030 27.030 0.594 0.003
1 1 12 2136.066 2136.066 77.158 77.158 0.415 0.002
1 1 13 2196.586 2196.586 31.580 31.580 0.569 0.002
1 1 14 12.500 12.500 0.000 0.000 0.000 0.000
1 1 15 2179.713 2179.713 33.004 33.004 0.477 0.002
1 1 16 1915.095 1915.095 36.705 36.705 0.570 0.002
1 1 17 2085.447 2085.447 28.595 28.595 0.695 0.003
1 1 18 2338.277 2338.277 20.891 20.891 0.459 0.002
1 1 19 2268.967 2268.967 12.572 12.572 0.485 0.001
1 1 20 2304.684 2304.684 15.220 15.220 0.583 0.002
1 1 21 2112.939 2112.939 34.679 34.679 0.678 0.003
1 1 22 2194.908 2194.908 25.819 25.819 0.609 0.002
1 1 23 2135.203 2135.203 24.611 24.611 0.584 0.003
1 1 24 2398.186 2398.186 20.747 20.747 0.456 0.002
1 1 25 2294.150 2294.150 19.584 19.584 0.580 0.002
1 1 26 2415.307 2415.307 15.118 15.118 0.446 0.002
1 1 27 2315.387 2315.387 24.899 24.899 0.424 0.002
1 1 28 2259.891 2259.891 26.343 26.343 0.574 0.002
1 1 29 2196.577 2196.577 39.602 39.602 0.480 0.002
1 1 30 2226.297 2226.297 26.520 26.520 0.480 0.002
1 1 31 2263.160 2263.160 26.314 26.314 0.627 0.002
1 1 32 2272.865 2272.865 34.578 34.578 0.558 0.002
1 1 33 2070.430 2070.430 34.186 34.186 0.449 0.002
1 1 34 2182.436 2182.436 33.939 33.939 0.709 0.002
1 1 35 2168.203 2168.203 20.926 20.926 0.665 0.003
1 1 36 2139.567 2139.567 23.920 23.920 0.595 0.002
1 1 37 2179.624 2179.624 40.544 40.544 0.710 0.003
1 1 38 2071.123 2071.123 26.357 26.357 0.762 0.003
1 1 39 2197.442 2197.442 28.404 28.404 0.581 0.003
1 1 40 2153.098 2153.098 36.870 36.870 0.740 0.002
1 1 41 1731.374 1731.374 53.176 53.176 0.634 0.003
1 1 42 1902.746 1902.746 24.542 24.542 0.614 0.003
1 1 43 1524.000 1524.000 48.889 48.889 0.740 0.002
1 1 44 2022.889 2022.889 74.553 74.553 0.733 0.002
1 1 45 2140.422 2140.422 33.212 33.212 0.689 0.003
1 1 46 2253.771 2253.771 29.520 29.520 0.763 0.003
1 1 47 1187.500 1187.500 663.429 663.429 0.502 0.002
1 1 48 2081.980 2081.980 32.168 32.168 0.597 0.003
