1 1 1 -0.1376639 -0.0491162 0.0000000 0.0000000 0.0000000
1 1 2 0.0000172 0.3220066 0.0000000 0.0000000 0.0000000
1 1 3 0.0050000 0.1000000 0.0000000 0.0000000 0.0000000
1 1 4 -1.4801446 -0.0075398 0.0000000 0.0000000 0.0000000
1 1 5 0.0008456 0.1682471 0.0000000 0.0000000 0.0000000
1 1 6 0.0004829 0.1951820 0.0000000 0.0000000 0.0000000
1 1 7 0.0000002 0.5134846 0.0000000 0.0000000 0.0000000
1 1 8 0.0012569 0.1768741 0.0000000 0.0000000 0.0000000
1 1 9 0.0067903 0.1111750 0.0000000 0.0000000 0.0000000
1 1 10 -1.5583138 -0.0028158 0.0000000 0.0000000 0.0000000
1 1 11 0.0213671 0.0732816 0.0000000 0.0000000 0.0000000
1 1 12 -0.0000002 0.5635964 0.0000000 0.0000000 0.0000000
1 1 13 0.0002286 0.2251479 0.0000000 0.0000000 0.0000000
1 1 14 -1.4433878 -0.0026217 0.0000000 0.0000000 0.0000000
1 1 15 0.0011447 0.1672518 0.0000000 0.0000000 0.0000000
1 1 16 0.0010900 0.1729362 0.0000000 0.0000000 0.0000000
1 1 17 0.0008295 0.1771749 0.0000000 0.0000000 0.0000000
1 1 18 -0.0777233 -0.0465542 0.0000000 0.0000000 0.0000000
1 1 19 0.0016778 0.1558570 0.0000000 0.0000000 0.0000000
1 1 20 0.0000010 0.4103190 0.0000000 0.0000000 0.0000000
1 1 21 -0.0000000 0.5661810 0.0000000 0.0000000 0.0000000
1 1 22 -9.9632696 -0.0020810 0.0000000 0.0000000 0.0000000
1 1 23 -0.1696420 -0.0377922 0.0000000 0.0000000 0.0000000
1 1 24 -6.9324214 -0.0019244 0.0000000 0.0000000 0.0000000
1 1 25 -0.0001501 0.2911870 0.0000000 0.0000000 0.0000000
1 1 26 0.0000096 0.3232037 0.0000000 0.0000000 0.0000000
1 1 27 0.0000021 0.3747896 0.0000000 0.0000000 0.0000000
1 1 28 -5.6948021 -0.0020989 0.0000000 0.0000000 0.0000000
1 1 29 0.0580639 0.0627801 0.0000000 0.0000000 0.0000000
1 1 30 0.0000031 0.3656592 0.0000000 0.0000000 0.0000000
1 1 31 0.0000046 0.3500477 0.0000000 0.0000000 0.0000000
1 1 32 0.0158488 0.0389468 0.0000000 0.0000000 0.0000000
1 1 33 0.0000210 0.3020071 0.0000000 0.0000000 0.0000000
1 1 34 7.2578563 -0.0037689 0.0000000 0.0000000 0.0000000
1 1 35 0.8947819 0.0042721 0.0000000 0.0000000 0.0000000
1 1 36 -4.3495172 -0.0049727 0.0000000 0.0000000 0.0000000
1 1 37 0.0228104 -0.0556870 0.0000000 0.0000000 0.0000000
1 1 38 0.0000060 0.3366602 0.0000000 0.0000000 0.0000000
1 1 39 0.0000116 0.3190395 0.0000000 0.0000000 0.0000000
1 1 40 0.0000002 0.4460919 0.0000000 0.0000000 0.0000000
1 1 41 -0.1161018 -0.0708009 0.0000000 0.0000000 0.0000000
1 1 42 0.0000275 0.2938107 0.0000000 0.0000000 0.0000000
1 1 43 0.0004753 0.2004068 0.0000000 0.0000000 0.0000000
1 1 44 0.0000555 0.2723034 0.0000000 0.0000000 0.0000000
1 1 45 0.0007833 0.1762820 0.0000000 0.0000000 0.0000000
1 1 46 -5.7011811 0.0010874 0.0000000 0.0000000 0.0000000
1 1 47 0.0000006 0.4115812 0.0000000 0.0000000 0.0000000
1 1 48 -0.2145468 -0.0414136 0.0000000 0.0000000 0.0000000
