1 1 1 1837.132 1837.132 5.239 5.239 0.323 0.001
1 1 2 292.499 292.499 9923.494 9923.494 0.288 0.001
1 1 3 1302.409 1302.409 764.175 764.175 0.274 0.001
1 1 4 1753.029 1753.029 4.041 4.041 0.286 0.001
1 1 5 1679.949 1679.949 8.418 8.418 0.346 0.001
1 1 6 1583.023 1583.023 5.788 5.788 0.352 0.001
1 1 7 1586.772 1586.772 7.441 7.441 0.442 0.001
1 1 8 1443.366 1443.366 10.911 10.911 0.275 0.001
1 1 9 603.454 603.454 2.867 2.867 0.352 0.001
1 1 10 1673.264 1673.264 5.238 5.238 0.301 0.001
1 1 11 1150.283 1150.283 12.363 12.363 0.439 0.001
1 1 12 1631.156 1631.156 5.114 5.114 0.322 0.001
1 1 13 1658.698 1658.698 5.231 5.231 0.316 0.001
1 1 14 12.500 12.500 0.000 0.000 0.000 0.000
1 1 15 1692.433 1692.433 5.223 5.223 0.310 0.001
1 1 16 1671.547 1671.547 4.488 4.488 0.287 0.001
1 1 17 1701.416 1701.416 3.106 3.106 0.413 0.001
1 1 18 1759.840 1759.840 3.851 3.851 0.299 0.001
1 1 19 1597.977 1597.977 6.692 6.692 0.309 0.001
1 1 20 1614.962 1614.962 6.383 6.383 0.294 0.000
1 1 21 3390.326 3390.326 1.414 1.414 0.468 0.002
1 1 22 1739.061 1739.061 5.067 5.067 0.372 0.001
1 1 23 1670.552 1670.552 7.326 7.326 0.377 0.001
1 1 24 1764.663 1764.663 7.165 7.165 0.267 0.001
1 1 25 1769.947 1769.947 8.814 8.814 0.352 0.001
1 1 26 1742.952 1742.952 4.243 4.243 0.270 0.001
1 1 27 1673.385 1673.385 5.617 5.617 0.293 0.001
1 1 28 1670.967 1670.967 4.539 4.539 0.291 0.001
1 1 29 1670.844 1670.844 6.416 6.416 0.282 0.001
1 1 30 1658.955 1658.955 3.480 3.480 0.305 0.001
1 1 31 1706.575 1706.575 4.002 4.002 0.384 0.001
1 1 32 1662.632 1662.632 4.601 4.601 0.278 0.001
1 1 33 1713.912 1713.912 7.929 7.929 0.305 0.001
1 1 34 1720.646 1720.646 7.285 7.285 0.330 0.001
1 1 35 1647.783 1647.783 5.683 5.683 0.318 0.001
1 1 36 1728.591 1728.591 10.414 10.414 0.294 0.001
1 1 37 2843.424 2843.424 2374.547 2374.547 0.306 0.001
1 1 38 1671.683 1671.683 12.635 12.635 0.334 0.001
1 1 39 1638.190 1638.190 5.027 5.027 0.330 0.001
1 1 40 1720.047 1720.047 4.148 4.148 0.329 0.001
1 1 41 1628.280 1628.280 6.459 6.459 0.295 0.001
1 1 42 1723.498 1723.498 4.757 4.757 0.330 0.001
1 1 43 1700.774 1700.774 5.128 5.128 0.299 0.001
1 1 44 1747.372 1747.372 9.273 9.273 0.301 0.001
1 1 45 1803.309 1803.309 4.325 4.325 0.371 0.001
1 1 46 762.500 762.500 0.034 0.034 0.343 0.001
1 1 47 1710.175 1710.175 4.831 4.831 0.259 0.001
1 1 48 2025.096 2025.096 5.929 5.929 0.226 0.001
