1 1 1 805.469 805.469 8.283 8.283 0.403 0.003
1 1 2 856.454 856.454 12.296 12.296 0.289 0.003
1 1 3 830.681 830.681 23.353 23.353 0.218 0.003
1 1 4 1052.596 1052.596 26.941 26.941 0.303 0.003
1 1 5 908.971 908.971 17.784 17.784 0.338 0.002
1 1 6 902.249 902.249 11.159 11.159 0.378 0.003
1 1 7 903.725 903.725 8.013 8.013 0.407 0.003
1 1 8 909.650 909.650 11.741 11.741 0.284 0.002
1 1 9 876.430 876.430 10.423 10.423 0.424 0.003
1 1 10 908.779 908.779 13.670 13.670 0.336 0.002
1 1 11 918.452 918.452 10.610 10.610 0.475 0.003
1 1 12 880.791 880.791 11.598 11.598 0.344 0.002
1 1 13 868.912 868.912 13.215 13.215 0.389 0.003
1 1 14 816.653 816.653 19.188 19.188 0.525 0.004
1 1 15 858.811 858.811 8.809 8.809 0.372 0.002
1 1 16 859.711 859.711 9.510 9.510 0.394 0.003
1 1 17 889.874 889.874 8.944 8.944 0.518 0.003
1 1 18 893.104 893.104 7.607 7.607 0.373 0.003
1 1 19 878.022 878.022 11.039 11.039 0.367 0.002
1 1 20 947.436 947.436 25.178 25.178 0.373 0.003
1 1 21 899.743 899.743 12.260 12.260 0.563 0.004
1 1 22 950.158 950.158 10.599 10.599 0.330 0.003
1 1 23 891.274 891.274 8.207 8.207 0.327 0.003
1 1 24 906.864 906.864 9.219 9.219 0.292 0.003
1 1 25 926.630 926.630 7.595 7.595 0.304 0.003
1 1 26 925.318 925.318 8.378 8.378 0.255 0.002
1 1 27 922.420 922.420 7.626 7.626 0.240 0.002
1 1 28 906.347 906.347 7.624 7.624 0.293 0.003
1 1 29 884.847 884.847 7.321 7.321 0.289 0.003
1 1 30 884.781 884.781 6.293 6.293 0.345 0.003
1 1 31 880.322 880.322 6.435 6.435 0.435 0.003
1 1 32 865.005 865.005 7.229 7.229 0.368 0.003
1 1 33 873.926 873.926 9.502 9.502 0.371 0.002
1 1 34 847.700 847.700 9.201 9.201 0.395 0.003
1 1 35 856.471 856.471 24.149 24.149 0.404 0.003
1 1 36 924.062 924.062 27.242 27.242 0.379 0.003
1 1 37 949.516 949.516 16.350 16.350 0.418 0.003
1 1 38 945.788 945.788 10.209 10.209 0.377 0.003
1 1 39 868.659 868.659 10.190 10.190 0.435 0.003
1 1 40 910.065 910.065 10.040 10.040 0.363 0.003
1 1 41 834.996 834.996 13.881 13.881 0.363 0.003
1 1 42 923.631 923.631 11.728 11.728 0.402 0.003
1 1 43 913.325 913.325 8.916 8.916 0.317 0.003
1 1 44 976.602 976.602 10.431 10.431 0.299 0.003
1 1 45 959.833 959.833 8.703 8.703 0.411 0.003
1 1 46 940.193 940.193 9.668 9.668 0.381 0.003
1 1 47 889.346 889.346 11.134 11.134 0.239 0.003
1 1 48 921.163 921.163 9.662 9.662 0.247 0.003
