1 1 1 -0.453 0.153
1 1 2 0.395 0.151
1 1 3 -0.171 0.147
1 1 4 -0.104 0.158
1 1 5 -0.762 0.162
1 1 6 0.439 0.133
1 1 7 0.713 0.133
1 1 8 -0.379 0.151
1 1 9 -0.318 0.148
1 1 10 -0.777 0.144
1 1 11 0.510 0.146
1 1 12 0.526 0.147
1 1 13 0.368 0.150
1 1 14 0.000 0.100
1 1 15 -0.023 0.151
1 1 16 0.206 0.148
1 1 17 -0.640 0.146
1 1 18 0.791 0.145
1 1 19 0.393 0.122
1 1 20 -0.887 0.139
1 1 21 0.152 0.144
1 1 22 0.838 0.146
1 1 23 -0.037 0.138
1 1 24 -0.959 0.157
1 1 25 0.196 0.150
1 1 26 0.133 0.138
1 1 27 -0.275 0.137
1 1 28 0.860 0.153
1 1 29 -0.044 0.343
1 1 30 -0.840 0.151
1 1 31 -0.361 0.140
1 1 32 0.014 0.143
1 1 33 -0.694 0.143
1 1 34 0.254 0.357
1 1 35 0.522 0.114
1 1 36 0.947 0.134
1 1 37 0.417 0.160
1 1 38 -0.826 0.160
1 1 39 -0.199 0.129
1 1 40 0.236 0.574
1 1 41 -0.259 0.146
1 1 42 0.847 0.141
1 1 43 0.165 0.123
1 1 44 0.770 0.132
1 1 45 -0.267 0.130
1 1 46 0.705 0.132
1 1 47 0.926 0.149
1 1 48 -0.770 0.152
