1 1 1 -0.458 0.136
1 1 2 0.407 0.123
1 1 3 1.821 0.149
1 1 4 -0.141 0.140
1 1 5 1.254 0.145
1 1 6 -1.554 0.114
1 1 7 -1.276 0.128
1 1 8 1.622 0.160
1 1 9 1.677 0.160
1 1 10 -1.135 0.764
1 1 11 0.501 0.167
1 1 12 -1.457 0.128
1 1 13 -1.628 0.141
1 1 14 0.000 0.100
1 1 15 1.975 0.139
1 1 16 -1.781 0.164
1 1 17 1.351 0.151
1 1 18 -1.200 0.120
1 1 19 -1.624 0.121
1 1 20 1.110 0.115
1 1 21 -1.826 0.167
1 1 22 -1.178 0.156
1 1 23 0.013 0.067
1 1 24 -0.962 0.136
1 1 25 -1.836 0.206
1 1 26 0.129 0.148
1 1 27 1.720 0.120
1 1 28 -1.138 0.160
1 1 29 -0.094 0.154
1 1 30 1.171 0.134
1 1 31 1.610 0.130
1 1 32 0.014 0.169
1 1 33 1.297 0.141
1 1 34 -1.673 0.188
1 1 35 0.526 0.094
1 1 36 -1.062 0.100
1 1 37 -1.614 0.133
1 1 38 1.171 0.151
1 1 39 1.799 0.113
1 1 40 -1.783 0.137
1 1 41 -0.296 0.321
1 1 42 0.853 0.140
1 1 43 -1.831 0.142
1 1 44 0.786 0.165
1 1 45 1.708 0.100
1 1 46 -1.304 0.144
1 1 47 0.923 0.138
1 1 48 -0.780 0.163
