1 1 1 0.02353 0.02330
1 1 2 0.02351 0.02343
1 1 3 0.02345 0.01050
1 1 4 0.01852 0.02338
1 1 5 0.02259 0.02325
1 1 6 0.02442 0.02351
1 1 7 0.02514 0.02356
1 1 8 0.02125 0.02350
1 1 9 0.02432 0.02355
1 1 10 0.02531 0.02373
1 1 11 0.02347 0.02346
1 1 12 0.03147 0.02362
1 1 13 0.02530 0.02318
1 1 14 0.02409 0.02344
1 1 15 0.02613 0.02313
1 1 16 0.02294 0.02337
1 1 17 0.02341 0.02360
1 1 18 0.02356 0.02323
1 1 19 0.02345 0.02562
1 1 20 0.02342 0.02346
1 1 21 0.02337 0.02348
1 1 22 0.02355 0.01953
1 1 23 0.02338 0.02341
1 1 24 0.02316 0.02440
1 1 25 0.02961 0.02349
1 1 26 0.02351 0.02353
1 1 27 0.01975 0.02342
1 1 28 0.02355 0.02355
1 1 29 0.02506 0.02320
1 1 30 0.02173 0.02329
1 1 31 0.02630 0.02413
1 1 32 0.02348 0.02316
1 1 33 0.02341 0.02333
1 1 34 0.01944 0.02461
1 1 35 0.02345 0.02350
1 1 36 0.02268 0.02323
1 1 37 0.02337 0.02366
1 1 38 0.02390 0.02361
1 1 39 0.04133 0.02337
1 1 40 0.03008 0.02392
1 1 41 0.02484 0.02388
1 1 42 0.02449 0.02348
1 1 43 0.02288 0.02359
1 1 44 0.02441 0.02359
1 1 45 0.02339 0.02334
1 1 46 0.02356 0.02248
1 1 47 0.02349 0.02369
1 1 48 0.02355 0.02373
