1 1 1 22.044
1 1 2 72.144
1 1 3 82.164
1 1 4 88.176
1 1 5 94.188
1 1 6 34.068
1 1 7 54.108
1 1 8 92.184
1 1 9 18.036
1 1 10 62.124
1 1 11 48.096
1 1 12 42.084
1 1 13 78.156
1 1 14 0.000
1 1 15 90.180
1 1 16 96.192
1 1 17 74.148
1 1 18 82.164
1 1 19 66.132
1 1 20 54.108
1 1 21 24.048
1 1 22 78.156
1 1 23 22.044
1 1 24 48.096
1 1 25 84.168
1 1 26 26.052
1 1 27 94.188
1 1 28 36.072
1 1 29 42.084
1 1 30 48.096
1 1 31 84.168
1 1 32 50.100
1 1 33 74.148
1 1 34 22.044
1 1 35 98.196
1 1 36 40.080
1 1 37 72.144
1 1 38 68.136
1 1 39 88.176
1 1 40 66.132
1 1 41 92.184
1 1 42 32.064
1 1 43 38.076
1 1 44 64.128
1 1 45 66.132
1 1 46 40.080
1 1 47 74.148
1 1 48 66.132
