1 1 1 1480.241 1480.241 1.668 1.668 0.394 0.001
1 1 2 1768.456 1768.456 2.508 2.508 0.336 0.000
1 1 3 1770.067 1770.067 2.219 2.219 0.360 0.000
1 1 4 1733.766 1733.766 2.873 2.873 0.308 0.000
1 1 5 1654.270 1654.270 1.556 1.556 0.305 0.000
1 1 6 1645.136 1645.136 1.984 1.984 0.218 0.000
1 1 7 1673.206 1673.206 1.963 1.963 0.333 0.000
1 1 8 1522.338 1522.338 1.453 1.453 -0.454 0.000
1 1 9 1664.930 1664.930 1.428 1.428 0.245 0.000
1 1 10 1621.559 1621.559 1.598 1.598 0.285 0.000
1 1 11 1708.112 1708.112 2.360 2.360 0.326 0.000
1 1 12 1631.467 1631.467 1.555 1.555 0.236 0.000
1 1 13 1633.988 1633.988 1.800 1.800 0.218 0.000
1 1 14 12.500 12.500 0.000 0.000 0.000 0.000
1 1 15 1616.058 1616.058 1.455 1.455 0.234 0.000
1 1 16 1620.690 1620.690 2.437 2.437 0.250 0.000
1 1 17 1693.779 1693.779 1.616 1.616 0.428 0.001
1 1 18 1735.959 1735.959 2.881 2.881 0.270 0.000
1 1 19 1709.184 1709.184 1.741 1.741 0.260 0.000
1 1 20 1584.768 1584.768 1.616 1.616 0.314 0.000
1 1 21 1785.941 1785.941 4.862 4.862 0.468 0.001
1 1 22 1635.035 1635.035 2.916 2.916 0.223 0.000
1 1 23 1709.758 1709.758 2.051 2.051 0.334 0.001
1 1 24 1592.621 1592.621 2.725 2.725 0.188 0.000
1 1 25 1698.174 1698.174 2.528 2.528 0.226 0.000
1 1 26 1686.001 1686.001 2.319 2.319 0.249 0.000
1 1 27 1710.423 1710.423 1.923 1.923 0.255 0.000
1 1 28 1592.797 1592.797 1.905 1.905 0.228 0.000
1 1 29 1615.649 1615.649 1.371 1.371 0.231 0.000
1 1 30 1661.591 1661.591 1.507 1.507 0.284 0.000
1 1 31 1713.141 1713.141 3.423 3.423 0.253 0.000
1 1 32 1585.966 1585.966 1.572 1.572 0.239 0.000
1 1 33 1725.476 1725.476 2.190 2.190 0.251 0.000
1 1 34 1671.128 1671.128 2.446 2.446 0.256 0.000
1 1 35 1688.480 1688.480 2.063 2.063 0.305 0.000
1 1 36 1642.839 1642.839 2.742 2.742 0.287 0.000
1 1 37 1653.726 1653.726 2.369 2.369 0.283 0.000
1 1 38 1624.703 1624.703 3.211 3.211 0.218 0.000
1 1 39 1645.991 1645.991 1.797 1.797 0.292 0.000
1 1 40 1630.151 1630.151 2.369 2.369 0.193 0.000
1 1 41 1620.532 1620.532 1.449 1.449 0.188 0.000
1 1 42 1686.510 1686.510 1.762 1.762 0.331 0.000
1 1 43 1680.981 1680.981 1.814 1.814 0.261 0.000
1 1 44 1666.349 1666.349 2.344 2.344 0.283 0.000
1 1 45 1730.963 1730.963 2.276 2.276 0.344 0.000
1 1 46 1730.179 1730.179 2.869 2.869 0.228 0.000
1 1 47 1632.364 1632.364 2.170 2.170 0.205 0.000
1 1 48 1565.694 1565.694 1.823 1.823 0.339 0.000
