1 1 1 1481.496 1481.496 2.694 2.694 0.392 0.001
1 1 2 3918.642 3918.642 1.493 1.493 0.343 0.001
1 1 3 1848.370 1848.370 3.206 3.206 0.368 0.001
1 1 4 1744.214 1744.214 5.157 5.157 0.304 0.001
1 1 5 1662.687 1662.687 2.688 2.688 0.312 0.001
1 1 6 1631.887 1631.887 3.578 3.578 0.212 0.001
1 1 7 1663.004 1663.004 3.579 3.579 0.340 0.001
1 1 8 1515.498 1515.498 2.320 2.320 -0.460 0.000
1 1 9 1669.213 1669.213 2.404 2.404 0.253 0.001
1 1 10 2087.148 2087.148 0.105 0.105 0.292 0.000
1 1 11 1730.945 1730.945 3.571 3.571 0.330 0.001
1 1 12 1622.717 1622.717 2.605 2.605 0.235 0.000
1 1 13 1643.415 1643.415 2.635 2.635 0.214 0.000
1 1 14 12.500 12.500 0.000 0.000 0.000 0.000
1 1 15 1610.152 1610.152 3.444 3.444 0.238 0.001
1 1 16 1613.457 1613.457 2.591 2.591 0.245 0.001
1 1 17 1697.876 1697.876 2.490 2.490 0.427 0.001
1 1 18 1743.343 1743.343 4.496 4.496 0.270 0.001
1 1 19 1700.800 1700.800 2.584 2.584 0.254 0.000
1 1 20 1579.182 1579.182 2.265 2.265 0.309 0.001
1 1 21 1806.379 1806.379 2.564 2.564 0.472 0.001
1 1 22 1621.155 1621.155 4.619 4.619 0.225 0.001
1 1 23 1684.522 1684.522 2.693 2.693 0.321 0.001
1 1 24 1618.634 1618.634 4.163 4.163 0.185 0.001
1 1 25 1745.126 1745.126 4.358 4.358 0.218 0.001
1 1 26 1719.407 1719.407 3.887 3.887 0.235 0.001
1 1 27 1723.236 1723.236 2.999 2.999 0.245 0.001
1 1 28 1603.787 1603.787 3.353 3.353 0.224 0.000
1 1 29 1601.589 1601.589 1.924 1.924 0.225 0.000
1 1 30 1628.967 1628.967 4.175 4.175 0.282 0.001
1 1 31 1666.512 1666.512 3.434 3.434 0.237 0.001
1 1 32 1600.962 1600.962 2.226 2.226 0.240 0.001
1 1 33 1733.373 1733.373 3.152 3.152 0.254 0.001
1 1 34 1681.702 1681.702 4.233 4.233 0.251 0.001
1 1 35 1693.445 1693.445 3.457 3.457 0.311 0.001
1 1 36 1642.396 1642.396 3.200 3.200 0.294 0.001
1 1 37 1715.362 1715.362 4.206 4.206 0.291 0.001
1 1 38 1222.477 1222.477 4.272 4.272 0.209 0.001
1 1 39 1791.310 1791.310 4.516 4.516 0.283 0.001
1 1 40 1660.062 1660.062 3.770 3.770 0.189 0.001
1 1 41 1630.691 1630.691 1.913 1.913 0.191 0.001
1 1 42 1722.299 1722.299 7.373 7.373 0.332 0.001
1 1 43 1683.285 1683.285 2.998 2.998 0.260 0.000
1 1 44 1669.373 1669.373 3.686 3.686 0.286 0.001
1 1 45 1770.166 1770.166 3.798 3.798 0.344 0.001
1 1 46 1742.454 1742.454 4.685 4.685 0.228 0.001
1 1 47 1632.654 1632.654 2.917 2.917 0.210 0.001
1 1 48 1583.074 1583.074 2.467 2.467 0.328 0.001
