1 1 1 -0.546 0.104
1 1 2 0.779 0.118
1 1 3 0.191 0.106
1 1 4 0.222 0.124
1 1 5 -0.491 0.097
1 1 6 0.751 0.114
1 1 7 -0.846 0.117
1 1 8 -0.210 0.107
1 1 9 0.024 0.103
1 1 10 -0.362 0.105
1 1 11 0.873 0.119
1 1 12 0.817 0.115
1 1 13 0.722 0.127
1 1 14 0.000 0.100
1 1 15 0.279 0.107
1 1 16 0.506 0.121
1 1 17 -0.270 0.097
1 1 18 -0.804 0.129
1 1 19 0.711 0.115
1 1 20 -0.800 0.125
1 1 21 0.434 0.124
1 1 22 1.056 0.098
1 1 23 0.339 0.050
1 1 24 -0.835 0.100
1 1 25 0.521 0.117
1 1 26 0.364 0.117
1 1 27 0.057 0.106
1 1 28 -0.961 0.110
1 1 29 0.076 0.106
1 1 30 -0.559 0.127
1 1 31 -0.084 0.115
1 1 32 0.267 0.137
1 1 33 -0.247 0.120
1 1 34 0.618 0.107
1 1 35 0.868 0.126
1 1 36 -0.821 0.123
1 1 37 0.768 0.124
1 1 38 -0.588 0.142
1 1 39 0.142 0.110
1 1 40 0.513 0.116
1 1 41 -0.095 0.110
1 1 42 -0.823 0.107
1 1 43 0.450 0.115
1 1 44 -0.963 0.113
1 1 45 0.082 0.094
1 1 46 -0.879 0.130
1 1 47 -0.854 0.110
1 1 48 -0.924 0.147
