1 1 1 -84.168
1 1 2 -88.176
1 1 3 -92.184
1 1 4 -84.168
1 1 5 -88.176
1 1 6 -88.176
1 1 7 -84.168
1 1 8 -88.176
1 1 9 -92.184
1 1 10 -84.168
1 1 11 -88.176
1 1 12 -88.176
1 1 13 -84.168
1 1 14 0.000
1 1 15 -88.176
1 1 16 -84.168
1 1 17 -88.176
1 1 18 -88.176
1 1 19 -84.168
1 1 20 -88.176
1 1 21 -88.176
1 1 22 -84.168
1 1 23 -88.176
1 1 24 -88.176
1 1 25 -84.168
1 1 26 -88.176
1 1 27 -92.184
1 1 28 -84.168
1 1 29 -88.176
1 1 30 -92.184
1 1 31 -88.176
1 1 32 -88.176
1 1 33 -92.184
1 1 34 -84.168
1 1 35 -88.176
1 1 36 -88.176
1 1 37 -84.168
1 1 38 -84.168
1 1 39 -88.176
1 1 40 -84.168
1 1 41 -88.176
1 1 42 -92.184
1 1 43 -84.168
1 1 44 -88.176
1 1 45 -92.184
1 1 46 -84.168
1 1 47 -88.176
1 1 48 -88.176
