1 1 1 500.000 500.000 61.409 61.409 0.223
1 1 2 500.000 500.000 33.598 33.598 0.484
1 1 3 500.000 500.000 1.298 1.298 0.377
1 1 4 500.000 500.000 471.415 471.415 0.289
1 1 5 324.005 324.005 112.044 112.044 0.330
1 1 6 500.000 500.000 48.001 48.001 0.327
1 1 7 500.000 500.000 73.379 73.379 0.392
1 1 8 499.999 499.999 174.413 174.413 0.154
1 1 9 500.000 500.000 41.127 41.127 0.381
1 1 10 500.000 500.000 402.412 402.412 0.454
1 1 11 500.000 500.000 28.603 28.603 0.491
1 1 12 500.000 500.000 5.285 5.285 0.292
1 1 13 500.000 500.000 21.469 21.469 0.573
1 1 14 140.000 140.000 1111.637 1111.637 0.000
1 1 15 500.000 500.000 49.091 49.091 0.214
1 1 16 500.000 500.000 8.068 8.068 0.834
1 1 17 500.000 500.000 23.159 23.159 0.486
1 1 18 500.000 500.000 722.363 722.363 0.475
1 1 19 500.000 500.000 4.629 4.629 0.303
1 1 20 500.000 500.000 10.769 10.769 0.417
1 1 21 500.000 500.000 91.117 91.117 0.401
1 1 22 500.000 500.000 24.315 24.315 0.338
1 1 23 339.461 339.461 96.245 96.245 0.501
1 1 24 500.000 500.000 7.036 7.036 0.704
1 1 25 500.000 500.000 100.847 100.847 0.227
1 1 26 384.581 384.581 77.551 77.551 0.274
1 1 27 500.000 500.000 19.183 19.183 0.347
1 1 28 500.000 500.000 39.668 39.668 -0.069
1 1 29 500.000 500.000 162.584 162.584 0.282
1 1 30 500.000 500.000 1157.783 1157.783 0.056
1 1 31 500.000 500.000 24.345 24.345 0.532
1 1 32 500.000 500.000 2.148 2.148 0.278
1 1 33 500.000 500.000 34.021 34.021 0.217
1 1 34 500.000 500.000 103.048 103.048 0.275
1 1 35 500.000 500.000 28.776 28.776 0.440
1 1 36 415.838 415.838 152.496 152.496 0.354
1 1 37 248.496 248.496 46.984 46.984 0.240
1 1 38 500.000 500.000 156.691 156.691 0.342
1 1 39 500.000 500.000 5.770 5.770 0.319
1 1 40 500.000 500.000 19.488 19.488 0.513
1 1 41 500.000 500.000 129.034 129.034 0.253
1 1 42 172.453 172.453 19.777 19.777 0.475
1 1 43 227.490 227.490 72.066 72.066 0.078
1 1 44 500.000 500.000 128.425 128.425 0.099
1 1 45 500.000 500.000 88.045 88.045 0.518
1 1 46 500.000 500.000 10.285 10.285 0.653
1 1 47 500.000 500.000 249.770 249.770 0.281
1 1 48 500.000 500.000 48.250 48.250 0.315
