1 1 1 1834.197 1834.197 2.845 2.845 0.351 0.000
1 1 2 1698.979 1698.979 0.182 0.182 0.313 0.000
1 1 3 522.977 522.977 7.093 7.093 0.277 0.000
1 1 4 1660.101 1660.101 3.019 3.019 0.304 0.000
1 1 5 1649.658 1649.658 2.978 2.978 0.345 0.000
1 1 6 1598.642 1598.642 3.278 3.278 0.329 0.000
1 1 7 1634.057 1634.057 3.525 3.525 0.423 0.000
1 1 8 1589.190 1589.190 2.832 2.832 0.269 0.000
1 1 9 1638.301 1638.301 2.413 2.413 0.354 0.000
1 1 10 1656.445 1656.445 1.956 1.956 0.312 0.000
1 1 11 1688.870 1688.870 2.046 2.046 0.423 0.000
1 1 12 1636.649 1636.649 1.312 1.312 0.272 0.000
1 1 13 1666.749 1666.749 2.049 2.049 0.292 0.000
1 1 14 12.500 12.500 0.000 0.000 0.000 0.000
1 1 15 1709.995 1709.995 1.839 1.839 0.337 0.000
1 1 16 1674.581 1674.581 1.709 1.709 0.310 0.000
1 1 17 1712.311 1712.311 2.079 2.079 0.425 0.000
1 1 18 1765.119 1765.119 2.262 2.262 0.330 0.000
1 1 19 1630.920 1630.920 3.389 3.389 0.312 0.000
1 1 20 1611.474 1611.474 2.766 2.766 0.314 0.000
1 1 21 -1878.984 -1878.984 1.414 1.414 0.464 0.001
1 1 22 1703.183 1703.183 4.005 4.005 0.364 0.000
1 1 23 1696.044 1696.044 2.724 2.724 0.341 0.001
1 1 24 1757.752 1757.752 2.381 2.381 0.272 0.000
1 1 25 1751.914 1751.914 2.553 2.553 0.343 0.000
1 1 26 1734.517 1734.517 2.226 2.226 0.271 0.000
1 1 27 1664.542 1664.542 2.811 2.811 0.262 0.000
1 1 28 1562.500 1562.500 0.842 0.842 0.267 0.000
1 1 29 1733.382 1733.382 0.759 0.759 0.284 0.000
1 1 30 1603.472 1603.472 1.520 1.520 0.292 0.000
1 1 31 1705.226 1705.226 2.473 2.473 0.385 0.000
1 1 32 1675.633 1675.633 3.236 3.236 0.277 0.000
1 1 33 1671.986 1671.986 3.038 3.038 0.316 0.000
1 1 34 1755.186 1755.186 2.612 2.612 0.358 0.000
1 1 35 1765.164 1765.164 3.352 3.352 0.331 0.000
1 1 36 1617.381 1617.381 3.428 3.428 0.304 0.000
1 1 37 5419.997 5419.997 6.160 6.160 0.311 0.000
1 1 38 1744.413 1744.413 2.552 2.552 0.372 0.000
1 1 39 1684.723 1684.723 2.725 2.725 0.312 0.000
1 1 40 1688.459 1688.459 2.687 2.687 0.320 0.000
1 1 41 1721.830 1721.830 2.209 2.209 0.298 0.000
1 1 42 -42326.930 -42326.930 1.414 1.414 0.339 0.000
1 1 43 1730.716 1730.716 2.287 2.287 0.291 0.000
1 1 44 1746.916 1746.916 2.874 2.874 0.291 0.000
1 1 45 1763.731 1763.731 2.560 2.560 0.381 0.000
1 1 46 1719.676 1719.676 2.281 2.281 0.326 0.001
1 1 47 1760.457 1760.457 2.416 2.416 0.254 0.000
1 1 48 1994.024 1994.024 3.871 3.871 0.213 0.000
