1 1 1 344.592 344.592 1372.737 1372.737 
1 1 2 121.699 121.699 181.834 181.834 
1 1 3 69.204 69.204 60.406 60.406 
1 1 4 257.230 257.230 808.710 808.710 
1 1 5 51.172 51.172 30.021 30.021 
1 1 6 39.321 39.321 18.902 18.902 
1 1 7 739.343 739.343 6995.296 6995.296 
1 1 8 153.833 153.833 249.504 249.504 
1 1 9 58.415 58.415 40.863 40.863 
1 1 10 -109.007 -109.007 117.264 117.264 
1 1 11 -180.646 -180.646 325.884 325.884 
1 1 12 102.385 102.385 139.401 139.401 
1 1 13 34.264 34.264 16.093 16.093 
1 1 14 16.000 16.000 362.039 362.039 
1 1 15 56.586 56.586 46.324 46.324 
1 1 16 53.958 53.958 41.002 41.002 
1 1 17 418.106 418.106 2705.837 2705.837 
1 1 18 152.018 152.018 302.866 302.866 
1 1 19 161.513 161.513 340.252 340.252 
1 1 20 -514.992 -514.992 3194.060 3194.060 
1 1 21 26.112 26.112 10.049 10.049 
1 1 22 90.807 90.807 114.216 114.216 
1 1 23 67.579 67.579 51.147 51.147 
1 1 24 2319.748 2319.748 66370.120 66370.120 
1 1 25 223.349 223.349 558.108 558.108 
1 1 26 138.728 138.728 241.733 241.733 
1 1 27 32.759 32.759 15.507 15.507 
1 1 28 60.024 60.024 42.675 42.675 
1 1 29 -127.838 -127.838 187.658 187.658 
1 1 30 82.816 82.816 73.321 73.321 
1 1 31 41.406 41.406 24.618 24.618 
1 1 32 190.483 190.483 417.391 417.391 
1 1 33 -361.463 -361.463 1397.446 1397.446 
1 1 34 81.281 81.281 93.039 93.039 
1 1 35 -168.788 -168.788 326.202 326.202 
1 1 36 713.009 713.009 8077.482 8077.482 
1 1 37 212.095 212.095 535.825 535.825 
1 1 38 -172.851 -172.851 383.315 383.315 
1 1 39 467.490 467.490 3087.646 3087.646 
1 1 40 1176.797 1176.797 16869.709 16869.709 
1 1 41 63.792 63.792 49.071 49.071 
1 1 42 421.451 421.451 2272.762 2272.762 
1 1 43 -183.750 -183.750 413.951 413.951 
1 1 44 90.306 90.306 97.007 97.007 
1 1 45 152.308 152.308 335.004 335.004 
1 1 46 74.983 74.983 66.932 66.932 
1 1 47 4062.635 4062.635 200490.590 200490.590 
1 1 48 -1215.993 -1215.993 16295.130 16295.130 
