1 1 1 -22.436
1 1 2 -23.537
1 1 3 -22.636
1 1 4 -21.336
1 1 5 -24.837
1 1 6 -24.862
1 1 7 -24.937
1 1 8 -26.488
1 1 9 -22.861
1 1 10 -22.711
1 1 11 -25.988
1 1 12 -22.311
1 1 13 -22.636
1 1 14 -25.012
1 1 15 -23.987
1 1 16 -23.212
1 1 17 -24.287
1 1 18 -25.238
1 1 19 -23.187
1 1 20 -23.437
1 1 21 -23.237
1 1 22 -23.787
1 1 23 -25.813
1 1 24 -24.562
1 1 25 -22.536
1 1 26 -24.887
1 1 27 -23.512
1 1 28 -23.412
1 1 29 -24.937
1 1 30 -25.463
1 1 31 -24.662
1 1 32 -23.387
1 1 33 -23.237
1 1 34 -23.837
1 1 35 -26.313
1 1 36 -24.062
1 1 37 -23.762
1 1 38 -26.463
1 1 39 -24.337
1 1 40 -22.186
1 1 41 -24.412
1 1 42 -25.963
1 1 43 -23.762
1 1 44 -22.811
1 1 45 -25.113
1 1 46 -24.637
1 1 47 -22.811
1 1 48 -22.261
