1 1 1 806.039 806.039 5.697 5.697 0.405 0.002
1 1 2 868.758 868.758 10.141 10.141 0.291 0.002
1 1 3 874.946 874.946 19.618 19.618 0.221 0.002
1 1 4 1095.406 1095.406 55.212 55.212 0.308 0.002
1 1 5 909.140 909.140 12.435 12.435 0.338 0.002
1 1 6 908.259 908.259 9.502 9.502 0.377 0.002
1 1 7 913.536 913.536 6.121 6.121 0.405 0.002
1 1 8 914.235 914.235 9.458 9.458 0.285 0.001
1 1 9 892.153 892.153 9.067 9.067 0.424 0.002
1 1 10 920.390 920.390 10.891 10.891 0.337 0.002
1 1 11 911.485 911.485 8.480 8.480 0.475 0.002
1 1 12 882.932 882.932 8.388 8.388 0.344 0.002
1 1 13 871.046 871.046 10.874 10.874 0.391 0.002
1 1 14 829.205 829.205 11.090 11.090 0.524 0.003
1 1 15 854.598 854.598 6.644 6.644 0.370 0.002
1 1 16 872.150 872.150 6.759 6.759 0.392 0.002
1 1 17 888.480 888.480 6.528 6.528 0.516 0.003
1 1 18 898.693 898.693 6.379 6.379 0.370 0.002
1 1 19 876.790 876.790 8.140 8.140 0.367 0.002
1 1 20 967.857 967.857 20.950 20.950 0.375 0.002
1 1 21 913.114 913.114 9.088 9.088 0.566 0.003
1 1 22 944.886 944.886 7.689 7.689 0.331 0.002
1 1 23 891.877 891.877 5.295 5.295 0.328 0.002
1 1 24 904.909 904.909 5.859 5.859 0.296 0.002
1 1 25 925.120 925.120 5.931 5.931 0.300 0.002
1 1 26 925.589 925.589 5.944 5.944 0.254 0.002
1 1 27 919.898 919.898 6.427 6.427 0.238 0.002
1 1 28 900.129 900.129 6.390 6.390 0.291 0.002
1 1 29 892.647 892.647 5.902 5.902 0.287 0.002
1 1 30 886.413 886.413 4.919 4.919 0.344 0.002
1 1 31 884.788 884.788 5.108 5.108 0.435 0.002
1 1 32 867.215 867.215 5.388 5.388 0.372 0.002
1 1 33 876.188 876.188 7.008 7.008 0.373 0.002
1 1 34 855.260 855.260 6.037 6.037 0.390 0.002
1 1 35 876.961 876.961 16.231 16.231 0.402 0.002
1 1 36 956.330 956.330 26.402 26.402 0.378 0.002
1 1 37 940.401 940.401 11.987 11.987 0.417 0.002
1 1 38 936.271 936.271 7.885 7.885 0.376 0.002
1 1 39 887.063 887.063 7.547 7.547 0.434 0.002
1 1 40 914.876 914.876 8.274 8.274 0.365 0.002
1 1 41 854.738 854.738 10.547 10.547 0.365 0.002
1 1 42 913.854 913.854 9.406 9.406 0.403 0.002
1 1 43 917.251 917.251 7.551 7.551 0.318 0.002
1 1 44 982.059 982.059 8.647 8.647 0.303 0.002
1 1 45 945.552 945.552 6.231 6.231 0.418 0.002
1 1 46 933.799 933.799 7.932 7.932 0.385 0.003
1 1 47 893.407 893.407 8.960 8.960 0.242 0.002
1 1 48 919.053 919.053 6.960 6.960 0.250 0.002
