1 1 1 -23.887
1 1 2 -25.563
1 1 3 -26.138
1 1 4 -24.637
1 1 5 -22.686
1 1 6 -25.188
1 1 7 -24.262
1 1 8 -25.138
1 1 9 -24.537
1 1 10 -23.937
1 1 11 -25.463
1 1 12 -26.138
1 1 13 -24.012
1 1 14 -25.012
1 1 15 -23.587
1 1 16 -25.713
1 1 17 -23.762
1 1 18 -24.037
1 1 19 -22.861
1 1 20 -24.762
1 1 21 -25.288
1 1 22 -25.538
1 1 23 -23.712
1 1 24 -24.637
1 1 25 -25.388
1 1 26 -23.487
1 1 27 -24.737
1 1 28 -24.162
1 1 29 -23.887
1 1 30 -25.563
1 1 31 -24.262
1 1 32 -24.537
1 1 33 -23.812
1 1 34 -24.912
1 1 35 -24.437
1 1 36 -23.312
1 1 37 -23.812
1 1 38 -24.362
1 1 39 -24.737
1 1 40 -22.161
1 1 41 -25.138
1 1 42 -24.512
1 1 43 -23.687
1 1 44 -24.312
1 1 45 -23.612
1 1 46 -24.362
1 1 47 -25.063
1 1 48 -25.088
