1 1 1 -2.276
1 1 2 -7.529
1 1 3 -1.501
1 1 4 -1.576
1 1 5 -2.926
1 1 6 -1.976
1 1 7 -4.227
1 1 8 -0.450
1 1 9 -0.850
1 1 10 0.225
1 1 11 0.125
1 1 12 -24.887
1 1 13 0.150
1 1 14 -25.012
1 1 15 -19.410
1 1 16 -3.302
1 1 17 -5.278
1 1 18 -7.754
1 1 19 -2.726
1 1 20 -0.100
1 1 21 -2.476
1 1 22 -0.950
1 1 23 -3.477
1 1 24 -8.929
1 1 25 -4.902
1 1 26 -0.825
1 1 27 -11.731
1 1 28 -4.227
1 1 29 0.075
1 1 30 -25.012
1 1 31 -3.602
1 1 32 -0.150
1 1 33 -0.050
1 1 34 -9.080
1 1 35 -0.775
1 1 36 -0.875
1 1 37 -3.302
1 1 38 -1.526
1 1 39 -0.575
1 1 40 -5.078
1 1 41 -0.300
1 1 42 0.025
1 1 43 -5.628
1 1 44 -1.526
1 1 45 -0.550
1 1 46 -25.012
1 1 47 -15.258
1 1 48 0.125
