1 1 1 1473.118 1473.118 10.234 10.234 0.448 0.002
1 1 2 1893.742 1893.742 14.664 14.664 0.342 0.002
1 1 3 1715.364 1715.364 7.811 7.811 0.350 0.002
1 1 4 1498.525 1498.525 22.125 22.125 0.311 0.002
1 1 5 1725.092 1725.092 10.145 10.145 0.312 0.002
1 1 6 1683.184 1683.184 0.002 0.002 0.226 0.002
1 1 7 1688.770 1688.770 9.109 9.109 0.347 0.002
1 1 8 1500.138 1500.138 11.869 11.869 -0.486 0.001
1 1 9 1670.828 1670.828 32.729 32.729 0.213 0.002
1 1 10 1596.472 1596.472 9.217 9.217 0.272 0.001
1 1 11 1794.617 1794.617 10.634 10.634 0.304 0.002
1 1 12 4900.505 4900.505 0.664 0.664 0.233 0.001
1 1 13 1201.713 1201.713 14.137 14.137 0.175 0.001
1 1 14 12.500 12.500 0.000 0.000 0.000 0.000
1 1 15 1669.983 1669.983 0.145 0.145 0.240 0.001
1 1 16 1661.752 1661.752 10.978 10.978 0.243 0.002
1 1 17 1688.463 1688.463 9.151 9.151 0.447 0.002
1 1 18 1751.934 1751.934 14.324 14.324 0.289 0.002
1 1 19 1393.032 1393.032 6.356 6.356 0.276 0.002
1 1 20 1624.977 1624.977 7.659 7.659 0.314 0.002
1 1 21 1763.419 1763.419 7.030 7.030 0.488 0.003
1 1 22 1742.603 1742.603 10.097 10.097 0.261 0.002
1 1 23 1755.116 1755.116 8.601 8.601 0.382 0.002
1 1 24 1598.527 1598.527 9.302 9.302 0.227 0.002
1 1 25 1701.167 1701.167 10.862 10.862 0.264 0.002
1 1 26 1760.639 1760.639 13.883 13.883 0.264 0.002
1 1 27 1753.872 1753.872 7.881 7.881 0.289 0.001
1 1 28 1651.753 1651.753 11.618 11.618 0.233 0.002
1 1 29 1721.703 1721.703 6.148 6.148 0.238 0.001
1 1 30 1627.558 1627.558 57.775 57.775 0.301 0.001
1 1 31 1400.540 1400.540 0.107 0.107 0.261 0.002
1 1 32 1650.776 1650.776 10.515 10.515 0.238 0.002
1 1 33 -5023.516 -5023.516 272.792 272.792 0.253 0.002
1 1 34 3074.814 3074.814 2.334 2.334 0.258 0.002
1 1 35 941.070 941.070 13.010 13.010 0.291 0.002
1 1 36 1990.601 1990.601 1.050 1.050 0.272 0.002
1 1 37 1899.594 1899.594 0.518 0.518 0.217 0.001
1 1 38 3070.316 3070.316 1.414 1.414 0.240 0.001
1 1 39 2521.604 2521.604 0.041 0.041 0.249 0.000
1 1 40 4519.231 4519.231 0.015 0.015 0.118 0.002
1 1 41 2731.716 2731.716 0.878 0.878 0.157 0.002
1 1 42 1982.667 1982.667 0.011 0.011 0.289 0.002
1 1 43 6362.500 6362.500 0.035 0.035 0.212 0.001
1 1 44 3471.955 3471.955 0.039 0.039 0.258 0.001
1 1 45 1834.808 1834.808 15.093 15.093 0.328 0.002
1 1 46 1661.147 1661.147 3.092 3.092 0.245 0.002
1 1 47 1666.543 1666.543 7.980 7.980 0.203 0.002
1 1 48 1569.604 1569.604 7.341 7.341 0.342 0.001
