1 1 1 -22.386
1 1 2 -23.362
1 1 3 -25.513
1 1 4 -23.262
1 1 5 -24.262
1 1 6 -24.337
1 1 7 -24.012
1 1 8 -22.186
1 1 9 -22.386
1 1 10 -24.062
1 1 11 -23.837
1 1 12 -25.688
1 1 13 -24.962
1 1 14 -25.012
1 1 15 -23.937
1 1 16 -21.936
1 1 17 -26.663
1 1 18 -24.037
1 1 19 -22.686
1 1 20 -22.336
1 1 21 -23.212
1 1 22 -24.237
1 1 23 -24.262
1 1 24 -23.537
1 1 25 -22.886
1 1 26 -24.487
1 1 27 -23.612
1 1 28 -23.512
1 1 29 -26.788
1 1 30 -25.563
1 1 31 -23.887
1 1 32 -26.013
1 1 33 -22.386
1 1 34 -23.212
1 1 35 -23.287
1 1 36 -23.537
1 1 37 -22.711
1 1 38 -25.063
1 1 39 -21.836
1 1 40 -22.611
1 1 41 -25.538
1 1 42 -22.536
1 1 43 -24.912
1 1 44 -23.987
1 1 45 -23.212
1 1 46 -23.687
1 1 47 -23.787
1 1 48 -24.787
