1 1 1 -84.168
1 1 2 -88.176
1 1 3 -90.180
1 1 4 -84.168
1 1 5 -86.172
1 1 6 -90.180
1 1 7 -86.172
1 1 8 -86.172
1 1 9 -90.180
1 1 10 -84.168
1 1 11 -88.176
1 1 12 -90.180
1 1 13 -86.172
1 1 14 0.000
1 1 15 -90.180
1 1 16 -86.172
1 1 17 -86.172
1 1 18 -90.180
1 1 19 -86.172
1 1 20 -86.172
1 1 21 -90.180
1 1 22 -86.172
1 1 23 -88.176
1 1 24 -88.176
1 1 25 -86.172
1 1 26 -88.176
1 1 27 -90.180
1 1 28 -86.172
1 1 29 -88.176
1 1 30 -90.180
1 1 31 -86.172
1 1 32 -88.176
1 1 33 -90.180
1 1 34 -86.172
1 1 35 -88.176
1 1 36 -90.180
1 1 37 -86.172
1 1 38 -86.172
1 1 39 -90.180
1 1 40 -86.172
1 1 41 -88.176
1 1 42 -92.184
1 1 43 -86.172
1 1 44 -88.176
1 1 45 -90.180
1 1 46 -86.172
1 1 47 -88.176
1 1 48 -88.176
