1 1 1 21.833 21.833 5.448 5.448 
1 1 2 19.460 19.460 4.509 4.509 
1 1 3 16.878 16.878 3.567 3.567 
1 1 4 14.732 14.732 2.448 2.448 
1 1 5 14.885 14.885 2.467 2.467 
1 1 6 16.286 16.286 2.824 2.824 
1 1 7 14.030 14.030 2.815 2.815 
1 1 8 15.201 15.201 2.868 2.868 
1 1 9 16.600 16.600 2.910 2.910 
1 1 10 14.963 14.963 2.860 2.860 
1 1 11 14.569 14.569 2.697 2.697 
1 1 12 14.053 14.053 2.116 2.116 
1 1 13 14.015 14.015 2.532 2.532 
1 1 14 16.000 16.000 362.039 362.039 
1 1 15 14.097 14.097 2.146 2.146 
1 1 16 14.711 14.711 2.484 2.484 
1 1 17 14.225 14.225 2.923 2.923 
1 1 18 14.510 14.510 2.361 2.361 
1 1 19 17.838 17.838 4.089 4.089 
1 1 20 15.795 15.795 3.309 3.309 
1 1 21 14.285 14.285 3.857 3.857 
1 1 22 17.871 17.871 5.595 5.595 
1 1 23 15.834 15.834 3.445 3.445 
1 1 24 16.795 16.795 2.844 2.844 
1 1 25 14.837 14.837 3.814 3.814 
1 1 26 13.927 13.927 2.182 2.182 
1 1 27 14.546 14.546 3.088 3.088 
1 1 28 14.606 14.606 3.155 3.155 
1 1 29 16.422 16.422 3.193 3.193 
1 1 30 16.306 16.306 2.984 2.984 
1 1 31 14.673 14.673 2.647 2.647 
1 1 32 15.925 15.925 3.386 3.386 
1 1 33 13.479 13.479 1.427 1.427 
1 1 34 17.140 17.140 4.148 4.148 
1 1 35 14.987 14.987 3.015 3.015 
1 1 36 16.771 16.771 3.793 3.793 
1 1 37 15.925 15.925 3.085 3.085 
1 1 38 16.292 16.292 3.723 3.723 
1 1 39 12.937 12.937 2.511 2.511 
1 1 40 17.599 17.599 3.891 3.891 
1 1 41 14.852 14.852 2.805 2.805 
1 1 42 14.659 14.659 2.864 2.864 
1 1 43 15.170 15.170 4.065 4.065 
1 1 44 16.612 16.612 3.624 3.624 
1 1 45 15.643 15.643 3.530 3.530 
1 1 46 14.610 14.610 2.299 2.299 
1 1 47 14.111 14.111 2.362 2.362 
1 1 48 14.777 14.777 2.991 2.991 
