1 1 1 -23.312
1 1 2 -23.362
1 1 3 -25.513
1 1 4 -23.262
1 1 5 -24.262
1 1 6 -24.337
1 1 7 -23.937
1 1 8 -24.587
1 1 9 -23.011
1 1 10 -24.587
1 1 11 -23.737
1 1 12 -25.613
1 1 13 -24.737
1 1 14 -25.012
1 1 15 -23.937
1 1 16 -22.286
1 1 17 -26.388
1 1 18 -23.512
1 1 19 -25.463
1 1 20 -22.761
1 1 21 -23.212
1 1 22 -23.912
1 1 23 -23.562
1 1 24 -24.162
1 1 25 -22.986
1 1 26 -24.487
1 1 27 -23.612
1 1 28 -23.512
1 1 29 -26.138
1 1 30 -25.338
1 1 31 -23.887
1 1 32 -25.938
1 1 33 -22.386
1 1 34 -25.388
1 1 35 -24.837
1 1 36 -23.937
1 1 37 -22.711
1 1 38 -25.063
1 1 39 -21.986
1 1 40 -22.611
1 1 41 -24.237
1 1 42 -22.536
1 1 43 -24.912
1 1 44 -23.987
1 1 45 -23.087
1 1 46 -23.687
1 1 47 -23.787
1 1 48 -24.812
