1 1 1 1836.916 1836.916 2.598 2.598 0.353 0.000
1 1 2 1699.490 1699.490 0.203 0.203 0.316 0.000
1 1 3 515.421 515.421 718.221 718.221 0.277 0.000
1 1 4 1651.678 1651.678 2.683 2.683 0.305 0.000
1 1 5 1636.648 1636.648 2.756 2.756 0.347 0.000
1 1 6 1598.766 1598.766 3.449 3.449 0.327 0.000
1 1 7 1687.384 1687.384 3.365 3.365 0.426 0.000
1 1 8 1598.282 1598.282 2.583 2.583 0.266 0.000
1 1 9 1636.563 1636.563 2.372 2.372 0.357 0.000
1 1 10 1670.593 1670.593 1.738 1.738 0.312 0.000
1 1 11 1688.875 1688.875 1.917 1.917 0.425 0.000
1 1 12 1633.773 1633.773 1.304 1.304 0.273 0.000
1 1 13 1665.246 1665.246 2.037 2.037 0.293 0.000
1 1 14 12.500 12.500 0.000 0.000 0.000 0.000
1 1 15 1702.492 1702.492 1.677 1.677 0.332 0.000
1 1 16 1664.420 1664.420 1.836 1.836 0.307 0.000
1 1 17 1702.720 1702.720 1.936 1.936 0.422 0.000
1 1 18 1751.947 1751.947 2.216 2.216 0.323 0.000
1 1 19 1641.975 1641.975 2.960 2.960 0.310 0.000
1 1 20 1606.586 1606.586 2.547 2.547 0.315 0.000
1 1 21 15518.846 15518.846 1.414 1.414 0.461 0.001
1 1 22 1707.906 1707.906 3.111 3.111 0.363 0.000
1 1 23 1733.210 1733.210 2.473 2.473 0.345 0.000
1 1 24 1768.503 1768.503 2.148 2.148 0.274 0.000
1 1 25 1760.738 1760.738 2.312 2.312 0.347 0.000
1 1 26 1739.094 1739.094 2.207 2.207 0.264 0.000
1 1 27 1678.738 1678.738 2.595 2.595 0.258 0.000
1 1 28 1649.758 1649.758 1.582 1.582 0.268 0.000
1 1 29 1736.448 1736.448 0.841 0.841 0.289 0.000
1 1 30 1600.013 1600.013 1.483 1.483 0.293 0.000
1 1 31 1692.955 1692.955 2.251 2.251 0.379 0.000
1 1 32 1675.981 1675.981 2.881 2.881 0.277 0.000
1 1 33 1659.058 1659.058 2.962 2.962 0.316 0.000
1 1 34 1747.442 1747.442 2.387 2.387 0.358 0.000
1 1 35 1756.380 1756.380 3.007 3.007 0.336 0.000
1 1 36 1632.798 1632.798 3.767 3.767 0.305 0.000
1 1 37 1642.977 1642.977 2.331 2.331 0.312 0.000
1 1 38 1765.454 1765.454 2.491 2.491 0.372 0.000
1 1 39 1687.110 1687.110 2.396 2.396 0.309 0.000
1 1 40 1699.836 1699.836 2.594 2.594 0.319 0.000
1 1 41 1727.830 1727.830 1.926 1.926 0.300 0.000
1 1 42 -24211.435 -24211.435 1.414 1.414 0.338 0.000
1 1 43 1737.794 1737.794 2.332 2.332 0.292 0.000
1 1 44 1732.081 1732.081 2.917 2.917 0.294 0.000
1 1 45 1763.374 1763.374 2.397 2.397 0.378 0.000
1 1 46 1719.592 1719.592 2.133 2.133 0.323 0.000
1 1 47 1763.079 1763.079 2.022 2.022 0.251 0.000
1 1 48 1978.149 1978.149 3.595 3.595 0.214 0.000
