1 1 1 0.02337 0.02347
1 1 2 0.01944 0.02337
1 1 3 0.02345 0.02620
1 1 4 0.02435 0.02349
1 1 5 0.02343 0.02355
1 1 6 0.02335 0.02359
1 1 7 0.02530 0.02370
1 1 8 0.02230 0.02335
1 1 9 0.02219 0.02337
1 1 10 0.02307 0.02329
1 1 11 0.02371 0.02356
1 1 12 0.01480 0.02465
1 1 13 0.02356 0.02364
1 1 14 0.02090 0.02353
1 1 15 0.02661 0.02381
1 1 16 0.02216 0.02361
1 1 17 0.02223 0.02358
1 1 18 0.02355 0.02383
1 1 19 0.03536 0.02530
1 1 20 0.02343 0.02350
1 1 21 0.02378 0.02363
1 1 22 0.02355 0.01603
1 1 23 0.02349 0.02338
1 1 24 0.02355 0.02368
1 1 25 0.02336 0.02337
1 1 26 0.02383 0.02373
1 1 27 0.02274 0.02362
1 1 28 0.02355 0.02358
1 1 29 0.02518 0.02372
1 1 30 0.02649 0.02366
1 1 31 0.02652 0.02409
1 1 32 0.02534 0.02376
1 1 33 0.02258 0.02341
1 1 34 0.01983 0.02373
1 1 35 0.02512 0.02329
1 1 36 0.02344 0.02349
1 1 37 0.02141 0.02365
1 1 38 0.02228 0.02340
1 1 39 0.02291 0.02401
1 1 40 0.02860 0.02387
1 1 41 0.02457 0.02358
1 1 42 0.02410 0.02373
1 1 43 0.02377 0.02355
1 1 44 0.02512 0.02363
1 1 45 0.02459 0.02348
1 1 46 0.02356 0.02343
1 1 47 0.02385 0.02359
1 1 48 0.02356 0.02369
