1 1 1 22.044
1 1 2 72.144
1 1 3 30.060
1 1 4 72.144
1 1 5 94.188
1 1 6 56.112
1 1 7 54.108
1 1 8 34.068
1 1 9 96.192
1 1 10 62.124
1 1 11 70.140
1 1 12 54.108
1 1 13 78.156
1 1 14 0.000
1 1 15 78.156
1 1 16 78.156
1 1 17 30.060
1 1 18 46.092
1 1 19 86.172
1 1 20 54.108
1 1 21 24.048
1 1 22 54.108
1 1 23 18.036
1 1 24 48.096
1 1 25 82.164
1 1 26 76.152
1 1 27 38.076
1 1 28 82.164
1 1 29 88.176
1 1 30 48.096
1 1 31 84.168
1 1 32 50.100
1 1 33 78.156
1 1 34 26.052
1 1 35 84.168
1 1 36 94.188
1 1 37 28.056
1 1 38 68.136
1 1 39 88.176
1 1 40 66.132
1 1 41 92.184
1 1 42 54.108
1 1 43 38.076
1 1 44 72.144
1 1 45 84.168
1 1 46 88.176
1 1 47 98.196
1 1 48 46.092
