1 1 1 10.001 10.001 5.506 5.506 0.415
1 1 2 10.050 10.050 8.529 8.529 0.026
1 1 3 10.000 10.000 8.493 8.493 0.505
1 1 4 10.086 10.086 5.069 5.069 0.057
1 1 5 10.001 10.001 9.207 9.207 0.415
1 1 6 10.000 10.000 8.837 8.837 0.325
1 1 7 10.007 10.007 7.132 7.132 0.265
1 1 8 10.015 10.015 9.000 9.000 0.656
1 1 9 10.020 10.020 9.242 9.242 0.656
1 1 10 40.027 40.027 96.805 96.805 0.025
1 1 11 10.035 10.035 9.793 9.793 0.206
1 1 12 10.001 10.001 5.020 5.020 0.385
1 1 13 10.007 10.007 9.689 9.689 0.325
1 1 14 140.000 140.000 1111.637 1111.637 0.000
1 1 15 10.000 10.000 6.077 6.077 0.564
1 1 16 10.033 10.033 4.948 4.948 0.086
1 1 17 19.279 19.279 25.276 25.276 0.001
1 1 18 10.011 10.011 7.084 7.084 0.265
1 1 19 10.020 10.020 9.138 9.138 0.205
1 1 20 10.105 10.105 8.211 8.211 0.027
1 1 21 11.789 11.789 8.160 8.160 -0.004
1 1 22 10.000 10.000 4.911 4.911 0.504
1 1 23 10.020 10.020 7.410 7.410 0.085
1 1 24 10.007 10.007 9.544 9.544 0.325
1 1 25 499.998 499.998 22642.676 22642.676 -0.005
1 1 26 136.532 136.532 1700.774 1700.774 0.000
1 1 27 10.006 10.006 5.129 5.129 0.325
1 1 28 10.001 10.001 5.052 5.052 0.415
1 1 29 10.010 10.010 9.207 9.207 0.265
1 1 30 10.019 10.019 9.128 9.128 0.205
1 1 31 10.181 10.181 5.984 5.984 0.059
1 1 32 10.001 10.001 6.730 6.730 0.415
1 1 33 10.002 10.002 5.176 5.176 0.385
1 1 34 10.044 10.044 5.896 5.896 0.116
1 1 35 10.088 10.088 9.626 9.626 0.027
1 1 36 499.998 499.998 2352.021 2352.021 0.556
1 1 37 10.057 10.057 8.818 8.818 0.116
1 1 38 10.053 10.053 9.509 9.509 0.146
1 1 39 73.336 73.336 63.590 63.590 0.588
1 1 40 10.000 10.000 7.328 7.328 0.325
1 1 41 10.002 10.002 4.907 4.907 0.385
1 1 42 10.148 10.148 9.739 9.739 0.058
1 1 43 10.090 10.090 7.315 7.315 0.117
1 1 44 10.001 10.001 6.272 6.272 0.535
1 1 45 500.000 500.000 913.138 913.138 1.043
1 1 46 10.012 10.012 9.286 9.286 0.235
1 1 47 10.064 10.064 9.675 9.675 0.056
1 1 48 10.000 10.000 9.800 9.800 0.325
