1 1 1 -22.665 
1 1 2 -23.789 
1 1 3 -23.641 
1 1 4 -22.097 
1 1 5 -23.758 
1 1 6 -22.055 
1 1 7 -24.564 
1 1 8 -22.084 
1 1 9 -22.213 
1 1 10 -23.934 
1 1 11 -25.856 
1 1 12 -23.196 
1 1 13 -22.165 
1 1 14 -23.421 
1 1 15 -24.361 
1 1 16 -22.942 
1 1 17 -24.944 
1 1 18 -24.129 
1 1 19 -22.593 
1 1 20 -22.798 
1 1 21 -22.862 
1 1 22 -23.602 
1 1 23 -23.585 
1 1 24 -22.772 
1 1 25 -22.684 
1 1 26 -23.602 
1 1 27 -24.597 
1 1 28 -23.218 
1 1 29 -24.488 
1 1 30 -24.986 
1 1 31 -23.282 
1 1 32 -23.118 
1 1 33 -21.422 
1 1 34 -22.845 
1 1 35 -24.411 
1 1 36 -23.641 
1 1 37 -23.097 
1 1 38 -23.939 
1 1 39 -21.347 
1 1 40 -21.129 
1 1 41 -23.760 
1 1 42 -23.028 
1 1 43 -23.411 
1 1 44 -23.403 
1 1 45 -22.512 
1 1 46 -22.331 
1 1 47 -22.522 
1 1 48 -22.118 
