1 1 1 -22.675 
1 1 2 -23.790 
1 1 3 -23.638 
1 1 4 -22.075 
1 1 5 -23.763 
1 1 6 -22.054 
1 1 7 -24.567 
1 1 8 -22.083 
1 1 9 -22.216 
1 1 10 -23.932 
1 1 11 -25.859 
1 1 12 -23.186 
1 1 13 -22.161 
1 1 14 -23.416 
1 1 15 -24.359 
1 1 16 -22.929 
1 1 17 -24.935 
1 1 18 -24.123 
1 1 19 -22.598 
1 1 20 -22.805 
1 1 21 -22.862 
1 1 22 -23.601 
1 1 23 -23.586 
1 1 24 -22.773 
1 1 25 -22.680 
1 1 26 -23.626 
1 1 27 -24.595 
1 1 28 -23.212 
1 1 29 -24.486 
1 1 30 -24.985 
1 1 31 -23.281 
1 1 32 -23.074 
1 1 33 -21.422 
1 1 34 -22.837 
1 1 35 -24.423 
1 1 36 -23.652 
1 1 37 -23.098 
1 1 38 -23.939 
1 1 39 -21.338 
1 1 40 -21.128 
1 1 41 -23.761 
1 1 42 -23.028 
1 1 43 -23.406 
1 1 44 -23.397 
1 1 45 -22.520 
1 1 46 -22.333 
1 1 47 -22.529 
1 1 48 -22.121 
