1 1 1 140.000 140.000 1111.637 1111.637 0.000
1 1 2 175.549 175.549 101.817 101.817 -0.144
1 1 3 140.000 140.000 1111.637 1111.637 0.000
1 1 4 140.000 140.000 1111.637 1111.637 0.000
1 1 5 140.000 140.000 1111.637 1111.637 0.000
1 1 6 140.000 140.000 1111.637 1111.637 0.000
1 1 7 140.000 140.000 1111.637 1111.637 0.000
1 1 8 140.000 140.000 1111.637 1111.637 0.000
1 1 9 140.000 140.000 1111.637 1111.637 0.000
1 1 10 140.000 140.000 1111.637 1111.637 0.000
1 1 11 54.087 54.087 34.725 34.725 0.106
1 1 12 140.000 140.000 1111.637 1111.637 0.000
1 1 13 140.000 140.000 1111.637 1111.637 0.000
1 1 14 140.000 140.000 1111.637 1111.637 0.000
1 1 15 140.000 140.000 1111.637 1111.637 0.000
1 1 16 140.000 140.000 1111.637 1111.637 0.000
1 1 17 140.000 140.000 1111.637 1111.637 0.000
1 1 18 140.000 140.000 1111.637 1111.637 0.000
1 1 19 140.000 140.000 1111.637 1111.637 0.000
1 1 20 140.000 140.000 1111.637 1111.637 0.000
1 1 21 140.000 140.000 1111.637 1111.637 0.000
1 1 22 140.000 140.000 1111.637 1111.637 0.000
1 1 23 140.000 140.000 1111.637 1111.637 0.000
1 1 24 140.000 140.000 1111.637 1111.637 0.000
1 1 25 140.000 140.000 1111.637 1111.637 0.000
1 1 26 140.000 140.000 1111.637 1111.637 0.000
1 1 27 140.000 140.000 1111.637 1111.637 0.000
1 1 28 140.000 140.000 1111.637 1111.637 0.000
1 1 29 140.000 140.000 1111.637 1111.637 0.000
1 1 30 140.000 140.000 1111.637 1111.637 0.000
1 1 31 140.000 140.000 1111.637 1111.637 0.000
1 1 32 140.000 140.000 1111.637 1111.637 0.000
1 1 33 140.000 140.000 1111.637 1111.637 0.000
1 1 34 140.000 140.000 1111.637 1111.637 0.000
1 1 35 140.000 140.000 1111.637 1111.637 0.000
1 1 36 140.000 140.000 1111.637 1111.637 0.000
1 1 37 140.000 140.000 1111.637 1111.637 0.000
1 1 38 140.000 140.000 1111.637 1111.637 0.000
1 1 39 140.000 140.000 1111.637 1111.637 0.000
1 1 40 140.000 140.000 1111.637 1111.637 0.000
1 1 41 140.000 140.000 1111.637 1111.637 0.000
1 1 42 140.000 140.000 1111.637 1111.637 0.000
1 1 43 140.000 140.000 1111.637 1111.637 0.000
1 1 44 140.000 140.000 1111.637 1111.637 0.000
1 1 45 140.000 140.000 1111.637 1111.637 0.000
1 1 46 140.000 140.000 1111.637 1111.637 0.000
1 1 47 140.000 140.000 1111.637 1111.637 0.000
1 1 48 140.000 140.000 1111.637 1111.637 0.000
