1 1 1 1437.684 1437.684 10.039 10.039 0.393 0.002
1 1 2 1814.837 1814.837 9.141 9.141 0.354 0.002
1 1 3 2100.573 2100.573 4.059 4.059 0.344 0.001
1 1 4 1752.128 1752.128 9.396 9.396 0.318 0.001
1 1 5 1789.228 1789.228 21.118 21.118 0.319 0.001
1 1 6 1638.633 1638.633 8.011 8.011 0.214 0.002
1 1 7 1742.593 1742.593 8.749 8.749 0.349 0.002
1 1 8 1533.141 1533.141 6.462 6.462 -0.479 0.001
1 1 9 1739.810 1739.810 10.474 10.474 0.227 0.001
1 1 10 3205.387 3205.387 25.816 25.816 0.256 0.001
1 1 11 1732.675 1732.675 6.976 6.976 0.302 0.001
1 1 12 1633.220 1633.220 4.664 4.664 0.229 0.001
1 1 13 5255.014 5255.014 1.414 1.414 0.189 0.001
1 1 14 12.500 12.500 0.000 0.000 0.000 0.000
1 1 15 2261.632 2261.632 7.313 7.313 0.234 0.001
1 1 16 1600.432 1600.432 5.003 5.003 0.247 0.001
1 1 17 1708.685 1708.685 5.518 5.518 0.432 0.001
1 1 18 1773.657 1773.657 10.011 10.011 0.275 0.001
1 1 19 1743.109 1743.109 0.037 0.037 0.264 0.001
1 1 20 1605.214 1605.214 5.095 5.095 0.324 0.001
1 1 21 1758.996 1758.996 6.024 6.024 0.486 0.002
1 1 22 1773.229 1773.229 8.116 8.116 0.244 0.001
1 1 23 1718.365 1718.365 5.718 5.718 0.352 0.002
1 1 24 1651.824 1651.824 11.270 11.270 0.208 0.001
1 1 25 1311.331 1311.331 13.425 13.425 0.232 0.001
1 1 26 1703.899 1703.899 6.357 6.357 0.243 0.001
1 1 27 1796.508 1796.508 0.003 0.003 0.260 0.001
1 1 28 1701.785 1701.785 29.607 29.607 0.235 0.001
1 1 29 1584.480 1584.480 6.624 6.624 0.226 0.001
1 1 30 1685.682 1685.682 7.666 7.666 0.280 0.001
1 1 31 1690.077 1690.077 12.436 12.436 0.252 0.001
1 1 32 1705.088 1705.088 0.261 0.261 0.236 0.001
1 1 33 3692.107 3692.107 1.414 1.414 0.253 0.001
1 1 34 2746.416 2746.416 0.197 0.197 0.251 0.001
1 1 35 1728.395 1728.395 8.677 8.677 0.306 0.001
1 1 36 1657.997 1657.997 6.555 6.555 0.291 0.001
1 1 37 1797.107 1797.107 6.922 6.922 0.262 0.001
1 1 38 2973.898 2973.898 18.270 18.270 0.187 0.001
1 1 39 1336.505 1336.505 11.881 11.881 0.273 0.001
1 1 40 4827.012 4827.012 1.414 1.414 0.161 0.001
1 1 41 3420.080 3420.080 0.025 0.025 0.197 0.001
1 1 42 1727.527 1727.527 5.558 5.558 0.308 0.001
1 1 43 6029.023 6029.023 0.028 0.028 0.245 0.001
1 1 44 3285.597 3285.597 1.405 1.405 0.270 0.001
1 1 45 1712.678 1712.678 10.334 10.334 0.335 0.002
1 1 46 1679.462 1679.462 9.035 9.035 0.232 0.002
1 1 47 1634.757 1634.757 5.942 5.942 0.216 0.001
1 1 48 1561.003 1561.003 8.458 8.458 0.333 0.002
