1 1 1 -0.550 0.123
1 1 2 0.762 0.141
1 1 3 0.190 0.111
1 1 4 0.227 0.132
1 1 5 -0.480 0.154
1 1 6 0.766 0.129
1 1 7 -0.835 0.127
1 1 8 -0.216 0.132
1 1 9 0.019 0.128
1 1 10 -0.344 0.128
1 1 11 0.878 0.129
1 1 12 0.822 0.138
1 1 13 0.734 0.133
1 1 14 0.000 0.100
1 1 15 0.286 0.131
1 1 16 0.509 0.140
1 1 17 -0.263 0.129
1 1 18 -0.814 0.123
1 1 19 0.715 0.110
1 1 20 -0.801 0.118
1 1 21 0.422 0.151
1 1 22 -0.958 0.149
1 1 23 0.339 0.119
1 1 24 -0.769 0.134
1 1 25 0.515 0.126
1 1 26 0.352 0.126
1 1 27 0.044 0.116
1 1 28 -0.975 0.124
1 1 29 0.087 0.129
1 1 30 -0.557 0.141
1 1 31 -0.098 0.133
1 1 32 0.275 0.130
1 1 33 -0.240 0.134
1 1 34 0.619 0.121
1 1 35 0.866 0.122
1 1 36 -0.814 0.138
1 1 37 0.773 0.154
1 1 38 -0.591 0.143
1 1 39 0.120 0.131
1 1 40 0.505 0.127
1 1 41 -0.088 0.128
1 1 42 -0.809 0.130
1 1 43 0.452 0.114
1 1 44 -0.957 0.123
1 1 45 0.085 0.120
1 1 46 -0.874 0.132
1 1 47 -0.857 0.132
1 1 48 -0.917 0.148
