1 1 1 -0.452 0.162
1 1 2 0.384 0.161
1 1 3 1.834 0.160
1 1 4 -0.101 0.166
1 1 5 1.245 0.169
1 1 6 -1.560 0.147
1 1 7 -1.288 0.150
1 1 8 1.629 0.163
1 1 9 1.692 0.159
1 1 10 -0.777 0.151
1 1 11 0.508 0.164
1 1 12 -1.483 0.158
1 1 13 -1.634 0.162
1 1 14 0.000 0.100
1 1 15 1.980 0.158
1 1 16 -1.797 0.160
1 1 17 1.362 0.156
1 1 18 -1.210 0.161
1 1 19 -1.612 0.139
1 1 20 1.115 0.158
1 1 21 -1.848 0.150
1 1 22 -1.175 0.160
1 1 23 -0.031 0.177
1 1 24 -0.962 0.191
1 1 25 -1.807 0.178
1 1 26 0.127 0.157
1 1 27 1.727 0.144
1 1 28 -1.149 0.171
1 1 29 -0.123 0.167
1 1 30 1.165 0.169
1 1 31 1.643 0.156
1 1 32 0.011 0.154
1 1 33 1.312 0.164
1 1 34 -1.649 0.157
1 1 35 0.515 0.140
1 1 36 -1.051 0.168
1 1 37 -1.594 0.183
1 1 38 1.179 0.175
1 1 39 1.815 0.163
1 1 40 -1.790 0.153
1 1 41 -0.264 0.153
1 1 42 0.848 0.152
1 1 43 -1.841 0.133
1 1 44 0.773 0.142
1 1 45 1.739 0.144
1 1 46 -1.300 0.150
1 1 47 0.925 0.154
1 1 48 -0.770 0.163
