1 1 1 16.000 16.000 362.039 362.039 0.000
1 1 2 16.000 16.000 362.039 362.039 0.000
1 1 3 16.000 16.000 362.039 362.039 0.000
1 1 4 16.000 16.000 362.039 362.039 0.000
1 1 5 16.000 16.000 362.039 362.039 0.000
1 1 6 16.000 16.000 362.039 362.039 0.000
1 1 7 16.000 16.000 362.039 362.039 0.000
1 1 8 16.000 16.000 362.039 362.039 0.000
1 1 9 16.000 16.000 362.039 362.039 0.000
1 1 10 16.000 16.000 362.039 362.039 0.000
1 1 11 16.000 16.000 362.039 362.039 0.000
1 1 12 16.000 16.000 362.039 362.039 0.000
1 1 13 16.000 16.000 362.039 362.039 0.000
1 1 14 16.000 16.000 362.039 362.039 0.000
1 1 15 16.000 16.000 362.039 362.039 0.000
1 1 16 16.000 16.000 362.039 362.039 0.000
1 1 17 16.000 16.000 362.039 362.039 0.000
1 1 18 16.000 16.000 362.039 362.039 0.000
1 1 19 16.000 16.000 362.039 362.039 0.000
1 1 20 16.000 16.000 362.039 362.039 0.000
1 1 21 16.000 16.000 362.039 362.039 0.000
1 1 22 16.000 16.000 362.039 362.039 0.000
1 1 23 16.000 16.000 362.039 362.039 0.000
1 1 24 16.000 16.000 362.039 362.039 0.000
1 1 25 16.000 16.000 362.039 362.039 0.000
1 1 26 16.000 16.000 362.039 362.039 0.000
1 1 27 16.000 16.000 362.039 362.039 0.000
1 1 28 16.000 16.000 362.039 362.039 0.000
1 1 29 16.000 16.000 362.039 362.039 0.000
1 1 30 16.000 16.000 362.039 362.039 0.000
1 1 31 16.000 16.000 362.039 362.039 0.000
1 1 32 16.000 16.000 362.039 362.039 0.000
1 1 33 16.000 16.000 362.039 362.039 0.000
1 1 34 16.000 16.000 362.039 362.039 0.000
1 1 35 16.000 16.000 362.039 362.039 0.000
1 1 36 16.000 16.000 362.039 362.039 0.000
1 1 37 16.000 16.000 362.039 362.039 0.000
1 1 38 16.000 16.000 362.039 362.039 0.000
1 1 39 16.000 16.000 362.039 362.039 0.000
1 1 40 16.000 16.000 362.039 362.039 0.000
1 1 41 16.000 16.000 362.039 362.039 0.000
1 1 42 16.000 16.000 362.039 362.039 0.000
1 1 43 16.000 16.000 362.039 362.039 0.000
1 1 44 16.000 16.000 362.039 362.039 0.000
1 1 45 16.000 16.000 362.039 362.039 0.000
1 1 46 16.000 16.000 362.039 362.039 0.000
1 1 47 16.000 16.000 362.039 362.039 0.000
1 1 48 16.000 16.000 362.039 362.039 0.000
