1 1 1 72.144
1 1 2 96.192
1 1 3 88.176
1 1 4 96.192
1 1 5 94.188
1 1 6 96.192
1 1 7 74.148
1 1 8 72.144
1 1 9 86.172
1 1 10 86.172
1 1 11 76.152
1 1 12 54.108
1 1 13 92.184
1 1 14 0.000
1 1 15 82.164
1 1 16 54.108
1 1 17 92.184
1 1 18 78.156
1 1 19 82.164
1 1 20 80.160
1 1 21 92.184
1 1 22 68.136
1 1 23 58.116
1 1 24 98.196
1 1 25 84.168
1 1 26 56.112
1 1 27 94.188
1 1 28 96.192
1 1 29 42.084
1 1 30 48.096
1 1 31 84.168
1 1 32 40.080
1 1 33 34.068
1 1 34 26.052
1 1 35 38.076
1 1 36 52.104
1 1 37 66.132
1 1 38 86.172
1 1 39 70.140
1 1 40 82.164
1 1 41 82.164
1 1 42 94.188
1 1 43 74.148
1 1 44 70.140
1 1 45 66.132
1 1 46 64.128
1 1 47 90.180
1 1 48 84.168
