1 1 1 58.724 58.724 34.713 34.713 
1 1 2 36.476 36.476 13.777 13.777 
1 1 3 30.337 30.337 8.800 8.800 
1 1 4 44.083 44.083 20.188 20.188 
1 1 5 34.907 34.907 11.498 11.498 
1 1 6 22.302 22.302 4.874 4.874 
1 1 7 38.258 38.258 16.440 16.440 
1 1 8 53.991 53.991 31.246 31.246 
1 1 9 54.877 54.877 28.254 28.254 
1 1 10 542.732 542.732 2336.410 2336.410 
1 1 11 50.501 50.501 25.487 25.487 
1 1 12 47.106 47.106 22.083 22.083 
1 1 13 65.080 65.080 36.982 36.982 
1 1 14 16.000 16.000 362.039 362.039 
1 1 15 192.308 192.308 310.713 310.713 
1 1 16 57.576 57.576 31.274 31.274 
1 1 17 44.886 44.886 17.619 17.619 
1 1 18 34.568 34.568 12.041 12.041 
1 1 19 35.965 35.965 14.482 14.482 
1 1 20 28.612 28.612 9.478 9.478 
1 1 21 40.819 40.819 14.465 14.465 
1 1 22 54.076 54.076 27.313 27.313 
1 1 23 31.892 31.892 10.675 10.675 
1 1 24 135.207 135.207 159.207 159.207 
1 1 25 92.150 92.150 85.742 85.742 
1 1 26 34.594 34.594 11.985 11.985 
1 1 27 46.095 46.095 21.200 21.200 
1 1 28 34.865 34.865 11.956 11.956 
1 1 29 48.113 48.113 19.683 19.683 
1 1 30 222.072 222.072 349.931 349.931 
1 1 31 65.296 65.296 38.843 38.843 
1 1 32 47.782 47.782 19.963 19.963 
1 1 33 42.879 42.879 17.158 17.158 
1 1 34 27.264 27.264 7.244 7.244 
1 1 35 26.419 26.419 7.240 7.240 
1 1 36 35.355 35.355 13.111 13.111 
1 1 37 72.379 72.379 43.894 43.894 
1 1 38 165.729 165.729 248.733 248.733 
1 1 39 60.890 60.890 40.992 40.992 
1 1 40 129.714 129.714 133.096 133.096 
1 1 41 68.897 68.897 37.203 37.203 
1 1 42 27.774 27.774 8.004 8.004 
1 1 43 85.091 85.091 57.713 57.713 
1 1 44 30.391 30.391 8.507 8.507 
1 1 45 39.143 39.143 16.199 16.199 
1 1 46 45.111 45.111 18.850 18.850 
1 1 47 53.756 53.756 26.607 26.607 
1 1 48 83.354 83.354 61.475 61.475 
