1 1 1 -84.669
1 1 2 -87.675
1 1 3 -90.681
1 1 4 -84.669
1 1 5 -86.673
1 1 6 -89.679
1 1 7 -85.671
1 1 8 -86.673
1 1 9 -90.681
1 1 10 -84.669
1 1 11 -87.675
1 1 12 -89.679
1 1 13 -85.671
1 1 14 0.000
1 1 15 -90.681
1 1 16 -85.671
1 1 17 -86.673
1 1 18 -89.679
1 1 19 -85.671
1 1 20 -86.673
1 1 21 -89.679
1 1 22 -85.671
1 1 23 -87.675
1 1 24 -88.677
1 1 25 -85.671
1 1 26 -87.675
1 1 27 -90.681
1 1 28 -85.671
1 1 29 -88.677
1 1 30 -90.681
1 1 31 -86.673
1 1 32 -87.675
1 1 33 -90.681
1 1 34 -85.671
1 1 35 -87.675
1 1 36 -89.679
1 1 37 -85.671
1 1 38 -86.673
1 1 39 -90.681
1 1 40 -85.671
1 1 41 -88.677
1 1 42 -91.683
1 1 43 -85.671
1 1 44 -87.675
1 1 45 -90.681
1 1 46 -85.671
1 1 47 -87.675
1 1 48 -88.677
