1 1 1 -1.387 0.121
1 1 2 -0.221 0.106
1 1 3 1.033 0.145
1 1 4 -0.751 0.121
1 1 5 0.576 0.120
1 1 6 1.820 0.120
1 1 7 1.966 0.116
1 1 8 1.060 0.134
1 1 9 1.100 0.114
1 1 10 -1.551 0.120
1 1 11 -0.207 0.114
1 1 12 1.812 0.121
1 1 13 1.785 0.111
1 1 14 -0.734 0.134
1 1 15 1.177 0.127
1 1 16 1.515 0.113
1 1 17 0.865 0.120
1 1 18 -1.827 0.109
1 1 19 1.902 0.121
1 1 20 0.578 0.121
1 1 21 1.744 0.142
1 1 22 -1.723 0.129
1 1 23 -0.589 0.123
1 1 24 -1.581 0.131
1 1 25 1.722 0.142
1 1 26 -0.405 0.120
1 1 27 1.283 0.118
1 1 28 -1.716 0.125
1 1 29 -0.557 0.131
1 1 30 0.633 0.133
1 1 31 1.213 0.119
1 1 32 -0.584 0.135
1 1 33 0.793 0.129
1 1 34 1.758 0.125
1 1 35 -0.172 0.142
1 1 36 -1.664 0.143
1 1 37 1.751 0.132
1 1 38 0.549 0.128
1 1 39 1.148 0.126
1 1 40 1.565 0.129
1 1 41 -0.972 0.122
1 1 42 0.218 0.122
1 1 43 1.539 0.119
1 1 44 0.164 0.124
1 1 45 1.159 0.130
1 1 46 -1.903 0.128
1 1 47 0.272 0.124
1 1 48 -1.598 0.124
