1 1 1 105.003 105.003 0.736 0.736 0.147
1 1 2 109.771 109.771 0.783 0.783 0.071
1 1 3 132.838 132.838 0.981 0.981 0.042
1 1 4 129.620 129.620 1.211 1.211 0.067
1 1 5 127.509 127.509 0.869 0.869 0.160
1 1 6 129.137 129.137 1.028 1.028 0.192
1 1 7 116.676 116.676 0.949 0.949 0.204
1 1 8 189.104 189.104 2.631 2.631 0.145
1 1 9 123.924 123.924 0.994 0.994 0.223
1 1 10 137.152 137.152 1.187 1.187 0.143
1 1 11 104.649 104.649 0.778 0.778 0.240
1 1 12 154.817 154.817 1.643 1.643 0.174
1 1 13 138.491 138.491 1.153 1.153 0.191
1 1 14 105.665 105.665 0.790 0.790 0.299
1 1 15 140.085 140.085 1.034 1.034 0.196
1 1 16 126.903 126.903 0.914 0.914 0.203
1 1 17 103.939 103.939 0.754 0.754 0.284
1 1 18 127.468 127.468 0.850 0.850 0.190
1 1 19 159.359 159.359 1.387 1.387 0.223
1 1 20 125.923 125.923 0.978 0.978 0.175
1 1 21 84.204 84.204 0.496 0.496 0.277
1 1 22 117.290 117.290 0.808 0.808 0.115
1 1 23 102.806 102.806 0.644 0.644 0.075
1 1 24 118.487 118.487 0.796 0.796 0.081
1 1 25 117.990 117.990 0.850 0.850 0.059
1 1 26 131.634 131.634 1.011 1.011 0.052
1 1 27 144.900 144.900 1.065 1.065 0.049
1 1 28 129.413 129.413 1.047 1.047 0.080
1 1 29 142.442 142.442 1.188 1.188 0.095
1 1 30 126.151 126.151 0.938 0.938 0.132
1 1 31 110.106 110.106 0.657 0.657 0.198
1 1 32 122.114 122.114 0.797 0.797 0.151
1 1 33 153.234 153.234 1.300 1.300 0.196
1 1 34 126.495 126.495 0.851 0.851 0.189
1 1 35 116.201 116.201 0.814 0.814 0.199
1 1 36 122.120 122.120 0.907 0.907 0.171
1 1 37 120.266 120.266 0.835 0.835 0.195
1 1 38 122.809 122.809 0.968 0.968 0.158
1 1 39 124.777 124.777 0.894 0.894 0.225
1 1 40 125.847 125.847 0.994 0.994 0.146
1 1 41 141.120 141.120 0.962 0.962 0.161
1 1 42 115.303 115.303 0.654 0.654 0.181
1 1 43 140.238 140.238 1.012 1.012 0.116
1 1 44 140.204 140.204 1.298 1.298 0.100
1 1 45 103.201 103.201 0.801 0.801 0.165
1 1 46 102.144 102.144 0.712 0.712 0.126
1 1 47 142.953 142.953 1.266 1.266 0.060
1 1 48 119.681 119.681 0.972 0.972 0.035
