1 1 1 -1.388 0.126
1 1 2 -0.222 0.111
1 1 3 1.025 0.154
1 1 4 -0.751 0.121
1 1 5 0.576 0.117
1 1 6 1.819 0.123
1 1 7 1.962 0.120
1 1 8 1.061 0.135
1 1 9 1.100 0.115
1 1 10 -1.551 0.119
1 1 11 -0.206 0.116
1 1 12 1.815 0.122
1 1 13 1.786 0.112
1 1 14 -0.734 0.128
1 1 15 1.181 0.123
1 1 16 1.517 0.112
1 1 17 0.863 0.119
1 1 18 -1.823 0.108
1 1 19 1.890 0.123
1 1 20 0.585 0.120
1 1 21 1.744 0.138
1 1 22 -1.724 0.128
1 1 23 -0.586 0.125
1 1 24 -1.579 0.138
1 1 25 1.721 0.137
1 1 26 -0.407 0.121
1 1 27 1.284 0.122
1 1 28 -1.718 0.128
1 1 29 -0.555 0.128
1 1 30 0.635 0.136
1 1 31 1.208 0.124
1 1 32 -0.585 0.133
1 1 33 0.792 0.129
1 1 34 1.759 0.122
1 1 35 -0.167 0.136
1 1 36 -1.661 0.147
1 1 37 1.751 0.132
1 1 38 0.549 0.128
1 1 39 1.152 0.134
1 1 40 1.564 0.134
1 1 41 -0.967 0.126
1 1 42 0.216 0.126
1 1 43 1.539 0.120
1 1 44 0.165 0.127
1 1 45 1.164 0.133
1 1 46 -1.898 0.129
1 1 47 0.274 0.126
1 1 48 -1.592 0.126
