1 1 1 -36.072
1 1 2 -40.080
1 1 3 -44.088
1 1 4 -36.072
1 1 5 -40.080
1 1 6 -44.088
1 1 7 -40.080
1 1 8 -40.080
1 1 9 -44.088
1 1 10 -36.072
1 1 11 -40.080
1 1 12 -44.088
1 1 13 -40.080
1 1 14 -40.080
1 1 15 -44.088
1 1 16 -40.080
1 1 17 -40.080
1 1 18 -40.080
1 1 19 -40.080
1 1 20 -40.080
1 1 21 -44.088
1 1 22 -36.072
1 1 23 -40.080
1 1 24 -40.080
1 1 25 -40.080
1 1 26 -40.080
1 1 27 -44.088
1 1 28 -36.072
1 1 29 -40.080
1 1 30 -44.088
1 1 31 -40.080
1 1 32 -40.080
1 1 33 -44.088
1 1 34 -40.080
1 1 35 -40.080
1 1 36 -40.080
1 1 37 -40.080
1 1 38 -40.080
1 1 39 -44.088
1 1 40 -40.080
1 1 41 -40.080
1 1 42 -44.088
1 1 43 -40.080
1 1 44 -40.080
1 1 45 -44.088
1 1 46 -36.072
1 1 47 -40.080
1 1 48 -40.080
