1 1 1 15.811 15.811 0.432 0.432 
1 1 2 15.975 15.975 0.558 0.558 
1 1 3 14.846 14.846 0.872 0.872 
1 1 4 15.278 15.278 0.493 0.493 
1 1 5 14.355 14.355 0.364 0.364 
1 1 6 14.660 14.660 0.333 0.333 
1 1 7 14.407 14.407 0.383 0.383 
1 1 8 15.065 15.065 0.466 0.466 
1 1 9 14.506 14.506 0.353 0.353 
1 1 10 14.690 14.690 0.393 0.393 
1 1 11 13.594 13.594 0.428 0.428 
1 1 12 14.104 14.104 0.431 0.431 
1 1 13 14.779 14.779 0.352 0.352 
1 1 14 13.954 13.954 0.345 0.345 
1 1 15 14.085 14.085 0.353 0.353 
1 1 16 14.981 14.981 0.380 0.380 
1 1 17 14.301 14.301 0.398 0.398 
1 1 18 14.004 14.004 0.355 0.355 
1 1 19 14.076 14.076 0.537 0.537 
1 1 20 15.676 15.676 0.369 0.369 
1 1 21 14.620 14.620 0.293 0.293 
1 1 22 16.304 16.304 0.334 0.334 
1 1 23 14.248 14.248 0.305 0.305 
1 1 24 14.533 14.533 0.301 0.301 
1 1 25 14.748 14.748 0.340 0.340 
1 1 26 15.132 15.132 0.290 0.290 
1 1 27 15.137 15.137 0.277 0.277 
1 1 28 14.737 14.737 0.268 0.268 
1 1 29 15.679 15.679 0.420 0.420 
1 1 30 15.956 15.956 0.414 0.414 
1 1 31 14.715 14.715 0.336 0.336 
1 1 32 15.060 15.060 0.340 0.340 
1 1 33 15.232 15.232 0.345 0.345 
1 1 34 14.491 14.491 0.384 0.384 
1 1 35 14.335 14.335 0.631 0.631 
1 1 36 14.499 14.499 0.419 0.419 
1 1 37 14.669 14.669 0.161 0.161 
1 1 38 15.133 15.133 0.288 0.288 
1 1 39 14.246 14.246 0.301 0.301 
1 1 40 14.994 14.994 0.374 0.374 
1 1 41 14.985 14.985 0.342 0.342 
1 1 42 14.602 14.602 0.301 0.301 
1 1 43 15.174 15.174 0.281 0.281 
1 1 44 15.288 15.288 0.287 0.287 
1 1 45 14.415 14.415 0.287 0.287 
1 1 46 15.491 15.491 0.359 0.359 
1 1 47 14.602 14.602 0.422 0.422 
1 1 48 14.608 14.608 0.386 0.386 
