1 1 1 22.044
1 1 2 96.192
1 1 3 88.176
1 1 4 96.192
1 1 5 94.188
1 1 6 32.064
1 1 7 74.148
1 1 8 50.100
1 1 9 96.192
1 1 10 86.172
1 1 11 76.152
1 1 12 52.104
1 1 13 92.184
1 1 14 0.000
1 1 15 82.164
1 1 16 62.124
1 1 17 74.148
1 1 18 78.156
1 1 19 82.164
1 1 20 86.172
1 1 21 22.044
1 1 22 68.136
1 1 23 82.164
1 1 24 98.196
1 1 25 88.176
1 1 26 98.196
1 1 27 80.160
1 1 28 60.120
1 1 29 42.084
1 1 30 48.096
1 1 31 84.168
1 1 32 -12.024
1 1 33 34.068
1 1 34 70.140
1 1 35 38.076
1 1 36 98.196
1 1 37 96.192
1 1 38 28.056
1 1 39 70.140
1 1 40 84.168
1 1 41 98.196
1 1 42 84.168
1 1 43 74.148
1 1 44 70.140
1 1 45 66.132
1 1 46 40.080
1 1 47 90.180
1 1 48 34.068
