1 1 1 16.496 16.496 21.084 21.084 0.101
1 1 2 220.809 220.809 4474.734 4474.734 -0.326
1 1 3 259.605 259.605 3653.754 3653.754 0.463
1 1 4 136.532 136.532 1101.013 1101.013 0.014
1 1 5 500.000 500.000 1740.204 1740.204 0.530
1 1 6 140.000 140.000 1111.637 1111.637 0.000
1 1 7 499.926 499.926 20249.263 20249.263 -0.123
1 1 8 140.000 140.000 1111.637 1111.637 0.000
1 1 9 238.508 238.508 4747.289 4747.289 0.361
1 1 10 500.000 500.000 554.586 554.586 0.115
1 1 11 500.000 500.000 27.643 27.643 0.800
1 1 12 500.000 500.000 4.580 4.580 0.150
1 1 13 140.000 140.000 1111.637 1111.637 0.000
1 1 14 140.000 140.000 1111.637 1111.637 0.000
1 1 15 202.374 202.374 408.872 408.872 -0.271
1 1 16 500.000 500.000 878.331 878.331 0.191
1 1 17 17.181 17.181 4.967 4.967 -1.772
1 1 18 105.345 105.345 936.848 936.848 0.073
1 1 19 323.626 323.626 6174.295 6174.295 0.914
1 1 20 140.000 140.000 1111.637 1111.637 0.000
1 1 21 293.831 293.831 4429.475 4429.475 0.605
1 1 22 26.666 26.666 10.798 10.798 0.450
1 1 23 11.223 11.223 0.120 0.120 -5.000
1 1 24 140.000 140.000 1111.637 1111.637 0.000
1 1 25 140.000 140.000 1111.637 1111.637 0.000
1 1 26 52.185 52.185 151.069 151.069 -0.010
1 1 27 486.798 486.798 19430.479 19430.479 -0.199
1 1 28 140.000 140.000 1111.637 1111.637 0.000
1 1 29 500.000 500.000 300.821 300.821 0.620
1 1 30 140.000 140.000 1111.637 1111.637 0.000
1 1 31 121.089 121.089 768.020 768.020 0.064
1 1 32 140.000 140.000 1111.637 1111.637 0.000
1 1 33 140.000 140.000 1111.637 1111.637 0.000
1 1 34 500.000 500.000 100.613 100.613 0.178
1 1 35 140.000 140.000 1111.637 1111.637 0.000
1 1 36 140.000 140.000 1111.637 1111.637 0.000
1 1 37 500.000 500.000 96.114 96.114 0.369
1 1 38 30.772 30.772 22.923 22.923 -0.970
1 1 39 140.000 140.000 1111.637 1111.637 0.000
1 1 40 283.715 283.715 5486.709 5486.709 0.154
1 1 41 140.000 140.000 1111.637 1111.637 0.000
1 1 42 209.742 209.742 203.784 203.784 0.185
1 1 43 257.438 257.438 6146.890 6146.890 0.252
1 1 44 140.000 140.000 1111.637 1111.637 0.000
1 1 45 500.000 500.000 268.249 268.249 0.637
1 1 46 242.360 242.360 5236.633 5236.633 -0.547
1 1 47 140.000 140.000 1111.637 1111.637 0.000
1 1 48 140.000 140.000 1111.637 1111.637 0.000
