1 1 1 72.358 72.358 110.645 110.645 -0.587
1 1 2 175.549 175.549 2932.195 2932.195 -0.144
1 1 3 153.041 153.041 1724.347 1724.347 0.038
1 1 4 500.000 500.000 2905.509 2905.509 0.252
1 1 5 194.925 194.925 241.943 241.943 0.140
1 1 6 140.000 140.000 1111.637 1111.637 0.000
1 1 7 169.551 169.551 54.635 54.635 0.534
1 1 8 140.000 140.000 1111.637 1111.637 0.000
1 1 9 347.251 347.251 5917.834 5917.834 1.040
1 1 10 200.062 200.062 3344.590 3344.590 -0.215
1 1 11 226.302 226.302 245.034 245.034 0.109
1 1 12 500.000 500.000 16.317 16.317 0.223
1 1 13 141.246 141.246 984.280 984.280 -0.004
1 1 14 140.000 140.000 1111.637 1111.637 0.000
1 1 15 19.053 19.053 5.746 5.746 -2.429
1 1 16 140.000 140.000 1111.637 1111.637 0.000
1 1 17 499.999 499.999 377.791 377.791 0.415
1 1 18 146.064 146.064 1919.240 1919.240 -0.020
1 1 19 140.000 140.000 1111.637 1111.637 0.000
1 1 20 197.898 197.898 2239.201 2239.201 0.107
1 1 21 79.243 79.243 425.901 425.901 0.063
1 1 22 323.626 323.626 7408.216 7408.216 0.914
1 1 23 411.429 411.429 11044.699 11044.699 1.018
1 1 24 500.000 500.000 23.872 23.872 -0.018
1 1 25 154.033 154.033 2150.846 2150.846 -0.026
1 1 26 500.000 500.000 129.325 129.325 0.226
1 1 27 200.062 200.062 3858.584 3858.584 -0.215
1 1 28 499.999 499.999 561.414 561.414 0.482
1 1 29 140.000 140.000 1111.637 1111.637 0.000
1 1 30 245.323 245.323 5715.355 5715.355 0.102
1 1 31 153.522 153.522 2247.467 2247.467 -0.051
1 1 32 106.946 106.946 695.698 695.698 -0.050
1 1 33 95.255 95.255 83.420 83.420 0.732
1 1 34 235.576 235.576 5149.141 5149.141 -0.219
1 1 35 500.000 500.000 44.221 44.221 0.201
1 1 36 172.140 172.140 1893.172 1893.172 -0.063
1 1 37 499.997 499.997 790.912 790.912 0.362
1 1 38 82.971 82.971 60.681 60.681 -0.558
1 1 39 140.000 140.000 1111.637 1111.637 0.000
1 1 40 264.672 264.672 701.642 701.642 0.489
1 1 41 140.000 140.000 1111.637 1111.637 0.000
1 1 42 500.000 500.000 34.980 34.980 0.312
1 1 43 140.000 140.000 1111.637 1111.637 0.000
1 1 44 140.000 140.000 1111.637 1111.637 0.000
1 1 45 231.913 231.913 4585.057 4585.057 -0.454
1 1 46 234.570 234.570 144.944 144.944 0.318
1 1 47 68.966 68.966 10.670 10.670 -0.490
1 1 48 16.864 16.864 7.549 7.549 -0.005
