1 1 1 65.708 65.708 41.955 41.955 
1 1 2 36.635 36.635 13.846 13.846 
1 1 3 18.453 18.453 3.980 3.980 
1 1 4 25.537 25.537 7.139 7.139 
1 1 5 25.420 25.420 7.470 7.470 
1 1 6 22.726 22.726 5.138 5.138 
1 1 7 25.706 25.706 6.949 6.949 
1 1 8 38.360 38.360 17.005 17.005 
1 1 9 32.084 32.084 10.267 10.267 
1 1 10 32.686 32.686 10.889 10.889 
1 1 11 29.754 29.754 10.158 10.158 
1 1 12 37.844 37.844 16.131 16.131 
1 1 13 29.410 29.410 9.071 9.071 
1 1 14 16.000 16.000 362.039 362.039 
1 1 15 21.226 21.226 5.185 5.185 
1 1 16 28.562 28.562 8.992 8.992 
1 1 17 24.748 24.748 7.299 7.299 
1 1 18 25.385 25.385 6.782 6.782 
1 1 19 18.316 18.316 4.046 4.046 
1 1 20 21.828 21.828 6.048 6.048 
1 1 21 19.304 19.304 4.401 4.401 
1 1 22 21.376 21.376 5.946 5.946 
1 1 23 21.992 21.992 5.589 5.589 
1 1 24 35.034 35.034 12.703 12.703 
1 1 25 59.232 59.232 35.270 35.270 
1 1 26 37.256 37.256 14.323 14.323 
1 1 27 36.717 36.717 13.683 13.683 
1 1 28 23.360 23.360 6.297 6.297 
1 1 29 21.957 21.957 5.288 5.288 
1 1 30 50.231 50.231 21.845 21.845 
1 1 31 27.877 27.877 8.357 8.357 
1 1 32 22.975 22.975 5.521 5.521 
1 1 33 24.007 24.007 5.909 5.909 
1 1 34 29.952 29.952 8.653 8.653 
1 1 35 23.264 23.264 6.237 6.237 
1 1 36 28.415 28.415 8.559 8.559 
1 1 37 25.587 25.587 7.297 7.297 
1 1 38 53.590 53.590 30.369 30.369 
1 1 39 20.983 20.983 5.467 5.467 
1 1 40 25.567 25.567 7.022 7.022 
1 1 41 38.232 38.232 13.848 13.848 
1 1 42 28.048 28.048 7.334 7.334 
1 1 43 51.407 51.407 25.158 25.158 
1 1 44 37.730 37.730 13.167 13.167 
1 1 45 33.118 33.118 11.708 11.708 
1 1 46 29.969 29.969 10.636 10.636 
1 1 47 30.324 30.324 9.227 9.227 
1 1 48 84.380 84.380 64.684 64.684 
