1 1 1 -25.888
1 1 2 -23.287
1 1 3 -23.112
1 1 4 -23.612
1 1 5 -24.737
1 1 6 -22.611
1 1 7 -24.537
1 1 8 -25.938
1 1 9 -23.037
1 1 10 -23.062
1 1 11 -27.314
1 1 12 -25.538
1 1 13 -25.338
1 1 14 -25.012
1 1 15 -24.012
1 1 16 -24.562
1 1 17 -23.412
1 1 18 -23.787
1 1 19 -23.387
1 1 20 -22.536
1 1 21 -22.486
1 1 22 -25.713
1 1 23 -26.063
1 1 24 -23.412
1 1 25 -23.462
1 1 26 -22.786
1 1 27 -25.438
1 1 28 -24.412
1 1 29 -24.712
1 1 30 -25.663
1 1 31 -25.763
1 1 32 -23.187
1 1 33 -25.113
1 1 34 -23.387
1 1 35 -26.638
1 1 36 -23.637
1 1 37 -25.888
1 1 38 -23.437
1 1 39 -24.037
1 1 40 -23.137
1 1 41 -24.987
1 1 42 -24.987
1 1 43 -25.888
1 1 44 -22.536
1 1 45 -23.237
1 1 46 -25.888
1 1 47 -22.236
1 1 48 -21.536
