1 1 1 18.225 18.225 4.027 4.027 
1 1 2 19.315 19.315 4.412 4.412 
1 1 3 17.171 17.171 3.158 3.158 
1 1 4 16.732 16.732 3.599 3.599 
1 1 5 16.001 16.001 3.817 3.817 
1 1 6 14.989 14.989 2.530 2.530 
1 1 7 21.018 21.018 5.797 5.797 
1 1 8 17.057 17.057 4.603 4.603 
1 1 9 14.714 14.714 2.571 2.571 
1 1 10 14.643 14.643 2.652 2.652 
1 1 11 14.901 14.901 2.631 2.631 
1 1 12 14.275 14.275 2.192 2.192 
1 1 13 14.366 14.366 2.536 2.536 
1 1 14 16.000 16.000 362.039 362.039 
1 1 15 15.563 15.563 3.393 3.393 
1 1 16 16.435 16.435 3.776 3.776 
1 1 17 13.708 13.708 2.492 2.492 
1 1 18 17.801 17.801 3.714 3.714 
1 1 19 14.272 14.272 3.174 3.174 
1 1 20 15.016 15.016 3.275 3.275 
1 1 21 13.955 13.955 2.874 2.874 
1 1 22 16.372 16.372 3.609 3.609 
1 1 23 17.640 17.640 3.795 3.795 
1 1 24 19.802 19.802 4.166 4.166 
1 1 25 31.408 31.408 11.542 11.542 
1 1 26 19.915 19.915 4.782 4.782 
1 1 27 14.249 14.249 2.624 2.624 
1 1 28 15.985 15.985 3.120 3.120 
1 1 29 17.256 17.256 3.027 3.027 
1 1 30 15.135 15.135 2.494 2.494 
1 1 31 17.322 17.322 3.678 3.678 
1 1 32 17.034 17.034 3.197 3.197 
1 1 33 13.974 13.974 2.487 2.487 
1 1 34 16.318 16.318 3.454 3.454 
1 1 35 15.111 15.111 3.114 3.114 
1 1 36 17.190 17.190 3.751 3.751 
1 1 37 15.274 15.274 2.743 2.743 
1 1 38 26.824 26.824 9.557 9.557 
1 1 39 17.845 17.845 4.390 4.390 
1 1 40 16.422 16.422 3.387 3.387 
1 1 41 14.769 14.769 2.725 2.725 
1 1 42 14.860 14.860 2.269 2.269 
1 1 43 14.373 14.373 3.184 3.184 
1 1 44 19.385 19.385 3.859 3.859 
1 1 45 14.566 14.566 2.862 2.862 
1 1 46 14.437 14.437 2.890 2.890 
1 1 47 14.861 14.861 2.810 2.810 
1 1 48 21.919 21.919 6.021 6.021 
