1 1 1 -0.545 0.122
1 1 2 0.762 0.142
1 1 3 0.191 0.115
1 1 4 0.223 0.139
1 1 5 -0.477 0.154
1 1 6 0.764 0.129
1 1 7 -0.836 0.126
1 1 8 -0.219 0.134
1 1 9 0.021 0.127
1 1 10 -0.346 0.127
1 1 11 0.877 0.128
1 1 12 0.822 0.139
1 1 13 0.735 0.130
1 1 14 0.000 0.100
1 1 15 0.284 0.135
1 1 16 0.514 0.138
1 1 17 -0.259 0.132
1 1 18 -0.816 0.120
1 1 19 0.713 0.109
1 1 20 -0.798 0.123
1 1 21 0.428 0.147
1 1 22 -0.962 0.148
1 1 23 0.336 0.120
1 1 24 -0.769 0.134
1 1 25 0.512 0.129
1 1 26 0.348 0.127
1 1 27 0.041 0.120
1 1 28 -0.973 0.123
1 1 29 0.088 0.132
1 1 30 -0.554 0.141
1 1 31 -0.100 0.135
1 1 32 0.276 0.130
1 1 33 -0.239 0.132
1 1 34 0.615 0.123
1 1 35 0.866 0.124
1 1 36 -0.814 0.141
1 1 37 0.777 0.142
1 1 38 -0.582 0.140
1 1 39 0.122 0.129
1 1 40 0.504 0.130
1 1 41 -0.084 0.125
1 1 42 -0.809 0.128
1 1 43 0.451 0.113
1 1 44 -0.956 0.119
1 1 45 0.087 0.123
1 1 46 -0.870 0.130
1 1 47 -0.852 0.133
1 1 48 -0.916 0.144
