1 1 1 -0.292 0.900
1 1 2 5.386 -206.969
1 1 3 0.107 0.355
1 1 4 -0.206 0.938
1 1 5 -0.463 0.565
1 1 6 -0.809 0.582
1 1 7 -0.470 0.322
1 1 8 -0.084 0.306
1 1 9 -0.719 0.073
1 1 10 -0.272 0.225
1 1 11 0.257 0.318
1 1 12 -1.006 0.001
1 1 13 -0.363 0.388
1 1 14 0.000 0.500
1 1 15 2.309 0.068
1 1 16 -0.543 0.512
1 1 17 0.327 0.226
1 1 18 1.260 0.985
1 1 19 -0.919 0.018
1 1 20 -1.086 1.196
1 1 21 0.131 0.107
1 1 22 -1.043 0.120
1 1 23 0.355 -0.099
1 1 24 0.656 0.916
1 1 25 -0.847 0.056
1 1 26 2.701 -0.307
1 1 27 0.447 0.521
1 1 28 -0.981 0.712
1 1 29 -0.340 1.391
1 1 30 -0.301 1.074
1 1 31 -0.357 0.898
1 1 32 0.595 0.033
1 1 33 -0.174 0.947
1 1 34 -0.675 -0.010
1 1 35 -0.325 1.348
1 1 36 -0.993 -0.890
1 1 37 -0.694 0.033
1 1 38 -0.330 1.091
1 1 39 -0.592 0.053
1 1 40 0.911 0.348
1 1 41 0.174 0.309
1 1 42 -0.340 0.007
1 1 43 -0.163 0.601
1 1 44 -1.123 -7.654
1 1 45 4.606 6.869
1 1 46 -0.326 0.033
1 1 47 -0.249 0.138
1 1 48 -1.015 -0.082
