1 1 1 500.000 500.000 29.471 29.471 0.345
1 1 2 500.000 500.000 32.304 32.304 0.491
1 1 3 500.000 500.000 47.816 47.816 0.479
1 1 4 346.284 346.284 124.468 124.468 0.227
1 1 5 323.221 323.221 111.110 111.110 0.331
1 1 6 500.000 500.000 44.509 44.509 0.362
1 1 7 173.619 173.619 21.857 21.857 0.200
1 1 8 500.000 500.000 804.342 804.342 0.138
1 1 9 500.000 500.000 40.914 40.914 0.354
1 1 10 441.398 441.398 111.617 111.617 0.372
1 1 11 500.000 500.000 48.743 48.743 0.481
1 1 12 500.000 500.000 25.559 25.559 0.288
1 1 13 500.000 500.000 34.401 34.401 0.525
1 1 14 140.000 140.000 1111.637 1111.637 0.000
1 1 15 500.000 500.000 53.151 53.151 0.214
1 1 16 500.000 500.000 8.968 8.968 0.859
1 1 17 500.000 500.000 38.481 38.481 0.433
1 1 18 480.300 480.300 288.652 288.652 0.288
1 1 19 500.000 500.000 4.654 4.654 0.302
1 1 20 500.000 500.000 2.531 2.531 0.041
1 1 21 500.000 500.000 140.353 140.353 0.417
1 1 22 500.000 500.000 102.822 102.822 0.312
1 1 23 347.983 347.983 83.886 83.886 0.540
1 1 24 500.000 500.000 75.036 75.036 0.421
1 1 25 500.000 500.000 97.624 97.624 0.287
1 1 26 500.000 500.000 31.995 31.995 0.303
1 1 27 500.000 500.000 22.024 22.024 0.283
1 1 28 500.000 500.000 10.122 10.122 0.258
1 1 29 500.000 500.000 135.672 135.672 0.266
1 1 30 275.836 275.836 152.475 152.475 0.118
1 1 31 500.000 500.000 34.571 34.571 0.526
1 1 32 500.000 500.000 2.139 2.139 0.278
1 1 33 500.000 500.000 9.402 9.402 0.167
1 1 34 500.000 500.000 117.398 117.398 0.290
1 1 35 500.000 500.000 19.856 19.856 0.276
1 1 36 500.000 500.000 88.061 88.061 0.408
1 1 37 194.175 194.175 32.643 32.643 0.256
1 1 38 500.000 500.000 92.935 92.935 0.330
1 1 39 422.414 422.414 87.940 87.940 0.493
1 1 40 500.000 500.000 37.820 37.820 0.432
1 1 41 500.000 500.000 910.845 910.845 0.269
1 1 42 182.646 182.646 21.155 21.155 0.471
1 1 43 315.668 315.668 130.918 130.918 0.094
1 1 44 500.000 500.000 43.333 43.333 0.150
1 1 45 500.000 500.000 54.091 54.091 0.430
1 1 46 500.000 500.000 9.969 9.969 0.651
1 1 47 400.719 400.719 146.662 146.662 0.243
1 1 48 500.000 500.000 81.674 81.674 0.308
