1 1 1 -0.1034085 -0.0659524 0.0000000 0.0000000 0.0000000
1 1 2 0.0008790 0.0616474 0.0000000 0.0000000 0.0000000
1 1 3 0.0050000 0.1000000 0.0000000 0.0000000 0.0000000
1 1 4 -0.0238059 0.0795052 0.0000000 0.0000000 0.0000000
1 1 5 0.0000781 0.1475076 0.0000000 0.0000000 0.0000000
1 1 6 0.0002293 0.2134134 0.0000000 0.0000000 0.0000000
1 1 7 -5.0622245 0.0107546 0.0000000 0.0000000 0.0000000
1 1 8 0.0011109 0.1822463 0.0000000 0.0000000 0.0000000
1 1 9 0.0006264 0.1881922 0.0000000 0.0000000 0.0000000
1 1 10 -0.1060367 0.0320775 0.0000000 0.0000000 0.0000000
1 1 11 0.0003214 0.1994693 0.0000000 0.0000000 0.0000000
1 1 12 -0.0000005 0.5313420 0.0000000 0.0000000 0.0000000
1 1 13 0.0123022 0.0603194 0.0000000 0.0000000 0.0000000
1 1 14 -0.5663212 -0.0768926 0.0000000 0.0000000 0.0000000
1 1 15 0.0000005 0.4244633 0.0000000 0.0000000 0.0000000
1 1 16 0.0005849 0.1304247 0.0000000 0.0000000 0.0000000
1 1 17 0.0009081 0.1736107 0.0000000 0.0000000 0.0000000
1 1 18 -0.0816489 -0.0428171 0.0000000 0.0000000 0.0000000
1 1 19 0.0050000 0.1000000 0.0000000 0.0000000 0.0000000
1 1 20 0.0028790 0.1471605 0.0000000 0.0000000 0.0000000
1 1 21 -0.0000001 0.5518480 0.0000000 0.0000000 0.0000000
1 1 22 -0.1705063 -0.0599980 0.0000000 0.0000000 0.0000000
1 1 23 -2.8780905 -0.0054693 0.0000000 0.0000000 0.0000000
1 1 24 -4.0744749 -0.0025222 0.0000000 0.0000000 0.0000000
1 1 25 -0.0000009 0.4479266 0.0000000 0.0000000 0.0000000
1 1 26 0.0000213 0.3045223 0.0000000 0.0000000 0.0000000
1 1 27 0.0000487 0.2769287 0.0000000 0.0000000 0.0000000
1 1 28 -3.3215832 -0.0053757 0.0000000 0.0000000 0.0000000
1 1 29 -2.1954896 -0.0041180 0.0000000 0.0000000 0.0000000
1 1 30 0.0007312 0.1558542 0.0000000 0.0000000 0.0000000
1 1 31 0.0006011 0.1763096 0.0000000 0.0000000 0.0000000
1 1 32 -2.4347203 -0.0029634 0.0000000 0.0000000 0.0000000
1 1 33 0.0000008 0.3955159 0.0000000 0.0000000 0.0000000
1 1 34 0.0004158 0.1852747 0.0000000 0.0000000 0.0000000
1 1 35 0.0050000 0.1000000 0.0000000 0.0000000 0.0000000
1 1 36 -0.0760888 -0.0661857 0.0000000 0.0000000 0.0000000
1 1 37 -0.0000000 0.5681137 0.0000000 0.0000000 0.0000000
1 1 38 0.0000006 0.4088052 0.0000000 0.0000000 0.0000000
1 1 39 0.0002546 0.1810575 0.0000000 0.0000000 0.0000000
1 1 40 0.0007188 0.1884762 0.0000000 0.0000000 0.0000000
1 1 41 -4.0066063 -0.0032975 0.0000000 0.0000000 0.0000000
1 1 42 0.0000115 0.3243407 0.0000000 0.0000000 0.0000000
1 1 43 0.0009378 0.1770606 0.0000000 0.0000000 0.0000000
1 1 44 0.0000711 0.2559040 0.0000000 0.0000000 0.0000000
1 1 45 0.0000002 0.4603968 0.0000000 0.0000000 0.0000000
1 1 46 -4.2715775 -0.0040123 0.0000000 0.0000000 0.0000000
1 1 47 0.0000016 0.3777976 0.0000000 0.0000000 0.0000000
1 1 48 -123.3073352 -0.4800649 0.0000000 0.0000000 0.0000000
