1 1 1 15.996 15.996 0.322 0.322 
1 1 2 15.213 15.213 0.401 0.401 
1 1 3 15.165 15.165 0.684 0.684 
1 1 4 14.775 14.775 0.410 0.410 
1 1 5 14.255 14.255 0.253 0.253 
1 1 6 14.694 14.694 0.261 0.261 
1 1 7 14.440 14.440 0.287 0.287 
1 1 8 14.904 14.904 0.322 0.322 
1 1 9 14.739 14.739 0.277 0.277 
1 1 10 14.453 14.453 0.277 0.277 
1 1 11 14.586 14.586 0.356 0.356 
1 1 12 14.088 14.088 0.309 0.309 
1 1 13 14.770 14.770 0.263 0.263 
1 1 14 14.486 14.486 0.282 0.282 
1 1 15 14.378 14.378 0.298 0.298 
1 1 16 14.520 14.520 0.254 0.254 
1 1 17 14.462 14.462 0.284 0.284 
1 1 18 13.777 13.777 0.251 0.251 
1 1 19 14.090 14.090 0.393 0.393 
1 1 20 14.864 14.864 0.279 0.279 
1 1 21 14.512 14.512 0.211 0.211 
1 1 22 15.012 15.012 0.229 0.229 
1 1 23 14.218 14.218 0.221 0.221 
1 1 24 14.481 14.481 0.230 0.230 
1 1 25 14.586 14.586 0.240 0.240 
1 1 26 14.963 14.963 0.226 0.226 
1 1 27 14.697 14.697 0.220 0.220 
1 1 28 14.869 14.869 0.213 0.213 
1 1 29 15.269 15.269 0.299 0.299 
1 1 30 15.288 15.288 0.295 0.295 
1 1 31 14.476 14.476 0.232 0.232 
1 1 32 14.983 14.983 0.253 0.253 
1 1 33 14.489 14.489 0.237 0.237 
1 1 34 15.319 15.319 0.303 0.303 
1 1 35 14.203 14.203 0.467 0.467 
1 1 36 14.796 14.796 0.341 0.341 
1 1 37 15.312 15.312 0.217 0.217 
1 1 38 15.549 15.549 0.241 0.241 
1 1 39 14.466 14.466 0.251 0.251 
1 1 40 15.020 15.020 0.261 0.261 
1 1 41 14.852 14.852 0.254 0.254 
1 1 42 14.742 14.742 0.219 0.219 
1 1 43 15.684 15.684 0.237 0.237 
1 1 44 14.886 14.886 0.250 0.250 
1 1 45 14.608 14.608 0.221 0.221 
1 1 46 14.907 14.907 0.265 0.265 
1 1 47 14.764 14.764 0.294 0.294 
1 1 48 15.411 15.411 0.312 0.312 
