1 1 1 -0.465 0.131
1 1 2 0.437 0.138
1 1 3 -0.197 0.350
1 1 4 -0.123 0.167
1 1 5 -0.754 0.142
1 1 6 0.441 0.104
1 1 7 0.782 0.370
1 1 8 -0.377 0.162
1 1 9 -0.329 0.132
1 1 10 -0.809 0.530
1 1 11 0.496 0.152
1 1 12 0.548 0.120
1 1 13 0.376 0.130
1 1 14 0.000 0.100
1 1 15 -0.037 0.137
1 1 16 0.261 0.420
1 1 17 -0.613 0.450
1 1 18 0.802 0.117
1 1 19 0.376 0.122
1 1 20 -0.882 0.069
1 1 21 0.163 0.156
1 1 22 0.797 0.115
1 1 23 0.028 0.050
1 1 24 -1.029 0.472
1 1 25 0.183 0.352
1 1 26 0.152 0.101
1 1 27 -0.295 0.111
1 1 28 0.887 0.468
1 1 29 0.030 0.413
1 1 30 -0.830 0.109
1 1 31 -0.362 0.107
1 1 32 0.098 0.326
1 1 33 -0.704 0.540
1 1 34 0.419 0.299
1 1 35 0.669 0.952
1 1 36 0.922 0.051
1 1 37 0.384 0.087
1 1 38 -0.812 0.142
1 1 39 -0.142 0.439
1 1 40 0.185 0.119
1 1 41 -0.184 0.366
1 1 42 0.858 0.138
1 1 43 0.177 0.115
1 1 44 0.777 0.141
1 1 45 -0.290 0.120
1 1 46 0.770 0.448
1 1 47 0.933 0.134
1 1 48 -0.864 0.549
