1 1 1 -21.311
1 1 2 -25.788
1 1 3 -25.188
1 1 4 -23.087
1 1 5 -23.437
1 1 6 -25.713
1 1 7 -26.763
1 1 8 -26.063
1 1 9 -22.711
1 1 10 -25.338
1 1 11 -23.812
1 1 12 -23.812
1 1 13 -25.613
1 1 14 -25.012
1 1 15 -24.462
1 1 16 -23.362
1 1 17 -24.312
1 1 18 -24.212
1 1 19 -24.112
1 1 20 -23.437
1 1 21 -23.837
1 1 22 -25.038
1 1 23 -23.011
1 1 24 -25.038
1 1 25 -22.261
1 1 26 -24.887
1 1 27 -23.512
1 1 28 -23.662
1 1 29 -22.936
1 1 30 -24.862
1 1 31 -24.737
1 1 32 -23.262
1 1 33 -24.887
1 1 34 -22.761
1 1 35 -26.313
1 1 36 -23.462
1 1 37 -25.438
1 1 38 -23.687
1 1 39 -24.012
1 1 40 -21.936
1 1 41 -24.412
1 1 42 -23.112
1 1 43 -24.587
1 1 44 -22.761
1 1 45 -24.887
1 1 46 -24.637
1 1 47 -22.886
1 1 48 -23.387
