1 1 1 41.524 41.524 26.192 26.192 
1 1 2 50.931 50.931 39.624 39.624 
1 1 3 25.700 25.700 10.922 10.922 
1 1 4 48.413 48.413 39.202 39.202 
1 1 5 19.577 19.577 5.137 5.137 
1 1 6 33.556 33.556 19.026 19.026 
1 1 7 18.432 18.432 6.820 6.820 
1 1 8 20.236 20.236 5.388 5.388 
1 1 9 15.399 15.399 3.998 3.998 
1 1 10 19.023 19.023 5.938 5.938 
1 1 11 14.733 14.733 3.973 3.973 
1 1 12 24.958 24.958 11.114 11.114 
1 1 13 29.373 29.373 11.984 11.984 
1 1 14 16.000 16.000 362.039 362.039 
1 1 15 27.344 27.344 12.786 12.786 
1 1 16 16.750 16.750 4.495 4.495 
1 1 17 28.210 28.210 15.006 15.006 
1 1 18 31.654 31.654 15.465 15.465 
1 1 19 19.124 19.124 6.423 6.423 
1 1 20 31.440 31.440 15.299 15.299 
1 1 21 30.745 30.745 15.074 15.074 
1 1 22 33.114 33.114 14.314 14.314 
1 1 23 17.333 17.333 6.166 6.166 
1 1 24 43.011 43.011 32.343 32.343 
1 1 25 27.138 27.138 13.921 13.921 
1 1 26 38.227 38.227 21.416 21.416 
1 1 27 24.696 24.696 9.676 9.676 
1 1 28 31.131 31.131 13.574 13.574 
1 1 29 134.831 134.831 280.576 280.576 
1 1 30 27.816 27.816 9.589 9.589 
1 1 31 26.750 26.750 10.286 10.286 
1 1 32 27.335 27.335 10.317 10.317 
1 1 33 30.823 30.823 17.431 17.431 
1 1 34 29.840 29.840 16.581 16.581 
1 1 35 21.257 21.257 8.676 8.676 
1 1 36 15.503 15.503 5.033 5.033 
1 1 37 35.950 35.950 24.339 24.339 
1 1 38 21.718 21.718 7.268 7.268 
1 1 39 28.155 28.155 13.008 13.008 
1 1 40 38.467 38.467 18.139 18.139 
1 1 41 30.127 30.127 14.913 14.913 
1 1 42 28.359 28.359 13.476 13.476 
1 1 43 34.389 34.389 17.957 17.957 
1 1 44 31.141 31.141 16.331 16.331 
1 1 45 30.347 30.347 17.678 17.678 
1 1 46 34.477 34.477 17.442 17.442 
1 1 47 35.544 35.544 17.353 17.353 
1 1 48 159.144 159.144 420.369 420.369 
