1 1 1 500.000 500.000 15.159 15.159 0.316
1 1 2 500.000 500.000 164.311 164.311 0.157
1 1 3 500.000 500.000 75.176 75.176 0.291
1 1 4 500.000 500.000 1408.612 1408.612 0.269
1 1 5 500.000 500.000 567.538 567.538 0.203
1 1 6 202.356 202.356 3945.512 3945.512 0.163
1 1 7 500.000 500.000 28.918 28.918 0.830
1 1 8 140.000 140.000 1111.637 1111.637 0.000
1 1 9 500.000 500.000 151.056 151.056 0.526
1 1 10 500.000 500.000 183.418 183.418 0.137
1 1 11 500.000 500.000 82.200 82.200 0.141
1 1 12 500.000 500.000 7.980 7.980 0.300
1 1 13 141.246 141.246 984.280 984.280 -0.004
1 1 14 140.000 140.000 1111.637 1111.637 0.000
1 1 15 183.777 183.777 71.327 71.327 0.106
1 1 16 500.000 500.000 67.790 67.790 0.201
1 1 17 500.000 500.000 155.777 155.777 0.331
1 1 18 500.000 500.000 96.872 96.872 0.179
1 1 19 499.989 499.989 16118.702 16118.702 0.119
1 1 20 307.866 307.866 127.894 127.894 0.150
1 1 21 500.000 500.000 80.808 80.808 0.468
1 1 22 500.000 500.000 188.166 188.166 0.271
1 1 23 500.000 500.000 30.179 30.179 0.598
1 1 24 500.000 500.000 97.556 97.556 -0.000
1 1 25 500.000 500.000 183.673 183.673 -0.069
1 1 26 500.000 500.000 81.168 81.168 0.336
1 1 27 500.000 500.000 90.686 90.686 0.313
1 1 28 230.792 230.792 140.099 140.099 0.268
1 1 29 272.184 272.184 121.364 121.364 -0.074
1 1 30 149.534 149.534 29.897 29.897 0.172
1 1 31 153.522 153.522 2249.984 2249.984 -0.051
1 1 32 500.000 500.000 19.961 19.961 0.477
1 1 33 500.000 500.000 64.349 64.349 0.222
1 1 34 500.000 500.000 40.009 40.009 0.395
1 1 35 500.000 500.000 130.459 130.459 0.115
1 1 36 500.000 500.000 5355.240 5355.240 0.062
1 1 37 500.000 500.000 60.180 60.180 0.180
1 1 38 500.000 500.000 28.268 28.268 0.152
1 1 39 500.000 500.000 48.289 48.289 0.071
1 1 40 500.000 500.000 40.289 40.289 0.076
1 1 41 11.641 11.641 0.352 0.352 -5.000
1 1 42 500.000 500.000 39.071 39.071 0.261
1 1 43 500.000 500.000 101.790 101.790 0.036
1 1 44 66.680 66.680 47.582 47.582 1.035
1 1 45 500.000 500.000 252.231 252.231 -0.082
1 1 46 500.000 500.000 26.151 26.151 0.202
1 1 47 500.000 500.000 31.011 31.011 0.117
1 1 48 500.000 500.000 100.944 100.944 0.433
