1 1 1 -22.186
1 1 2 -23.837
1 1 3 -23.887
1 1 4 -21.461
1 1 5 -24.737
1 1 6 -22.236
1 1 7 -24.412
1 1 8 -25.638
1 1 9 -25.813
1 1 10 -23.137
1 1 11 -24.812
1 1 12 -23.987
1 1 13 -22.861
1 1 14 -25.012
1 1 15 -24.062
1 1 16 -23.837
1 1 17 -25.088
1 1 18 -24.587
1 1 19 -22.811
1 1 20 -22.411
1 1 21 -22.486
1 1 22 -22.711
1 1 23 -24.012
1 1 24 -23.062
1 1 25 -23.512
1 1 26 -23.137
1 1 27 -24.062
1 1 28 -24.437
1 1 29 -24.862
1 1 30 -25.438
1 1 31 -25.738
1 1 32 -23.212
1 1 33 -21.311
1 1 34 -23.037
1 1 35 -26.638
1 1 36 -24.312
1 1 37 -22.861
1 1 38 -25.238
1 1 39 -22.686
1 1 40 -21.561
1 1 41 -26.788
1 1 42 -23.137
1 1 43 -22.911
1 1 44 -23.337
1 1 45 -23.412
1 1 46 -25.138
1 1 47 -22.536
1 1 48 -21.761
