1 1 1 -1178.565 -1178.565 16138.068 16138.068 
1 1 2 112.191 112.191 154.408 154.408 
1 1 3 102.686 102.686 132.831 132.831 
1 1 4 205.912 205.912 515.649 515.649 
1 1 5 58.691 58.691 40.097 40.097 
1 1 6 44.776 44.776 25.227 25.227 
1 1 7 458.315 458.315 2903.972 2903.972 
1 1 8 99.895 99.895 110.366 110.366 
1 1 9 53.932 53.932 35.915 35.915 
1 1 10 -91.741 -91.741 84.358 84.358 
1 1 11 -159.221 -159.221 253.992 253.992 
1 1 12 103.171 103.171 146.029 146.029 
1 1 13 36.583 36.583 18.734 18.734 
1 1 14 16.000 16.000 362.039 362.039 
1 1 15 64.248 64.248 58.655 58.655 
1 1 16 52.057 52.057 37.846 37.846 
1 1 17 238.723 238.723 895.811 895.811 
1 1 18 119.019 119.019 185.876 185.876 
1 1 19 91.113 91.113 110.439 110.439 
1 1 20 1176.417 1176.417 17869.720 17869.720 
1 1 21 65.174 65.174 53.885 53.885 
1 1 22 130.158 130.158 235.131 235.131 
1 1 23 62.527 62.527 43.144 43.144 
1 1 24 2720.045 2720.045 90942.779 90942.779 
1 1 25 -653.326 -653.326 4887.044 4887.044 
1 1 26 89.306 89.306 99.802 99.802 
1 1 27 44.305 44.305 28.827 28.827 
1 1 28 38.147 38.147 18.561 18.561 
1 1 29 -96.984 -96.984 102.191 102.191 
1 1 30 64.320 64.320 45.189 45.189 
1 1 31 54.724 54.724 38.661 38.661 
1 1 32 2898.680 2898.680 96891.972 96891.972 
1 1 33 10005.546 10005.546 1079495.999 1079495.999 
1 1 34 62.392 62.392 55.026 55.026 
1 1 35 -219.319 -219.319 569.471 569.471 
1 1 36 107.793 107.793 151.094 151.094 
1 1 37 73.344 73.344 62.572 62.572 
1 1 38 -117.845 -117.845 180.593 180.593 
1 1 39 612.285 612.285 5185.258 5185.258 
1 1 40 76.924 76.924 76.015 76.015 
1 1 41 84.067 84.067 87.084 87.084 
1 1 42 -517.108 -517.108 3443.379 3443.379 
1 1 43 235.344 235.344 671.018 671.018 
1 1 44 84.816 84.816 85.392 85.392 
1 1 45 116.477 116.477 195.993 195.993 
1 1 46 49.741 49.741 30.549 30.549 
1 1 47 -3451.823 -3451.823 146788.493 146788.493 
1 1 48 -2568.002 -2568.002 73158.990 73158.990 
