1 1 1 -0.548 0.120
1 1 2 0.767 0.130
1 1 3 0.175 0.112
1 1 4 0.225 0.120
1 1 5 -0.493 0.123
1 1 6 0.756 0.124
1 1 7 -0.832 0.116
1 1 8 -0.213 0.121
1 1 9 0.020 0.119
1 1 10 -0.352 0.118
1 1 11 0.871 0.125
1 1 12 0.813 0.125
1 1 13 0.724 0.140
1 1 14 0.000 0.100
1 1 15 0.286 0.121
1 1 16 0.510 0.130
1 1 17 -0.265 0.108
1 1 18 -0.809 0.136
1 1 19 0.716 0.107
1 1 20 -0.802 0.114
1 1 21 0.428 0.142
1 1 22 -0.951 0.133
1 1 23 0.351 0.091
1 1 24 -0.760 0.145
1 1 25 0.517 0.127
1 1 26 0.358 0.125
1 1 27 0.049 0.114
1 1 28 -0.966 0.121
1 1 29 0.082 0.123
1 1 30 -0.565 0.135
1 1 31 -0.090 0.127
1 1 32 0.274 0.129
1 1 33 -0.240 0.117
1 1 34 0.616 0.108
1 1 35 0.855 0.131
1 1 36 -0.820 0.135
1 1 37 0.768 0.138
1 1 38 -0.584 0.134
1 1 39 0.130 0.127
1 1 40 0.511 0.121
1 1 41 -0.090 0.124
1 1 42 -0.821 0.117
1 1 43 0.449 0.111
1 1 44 -0.963 0.122
1 1 45 0.085 0.113
1 1 46 -0.879 0.129
1 1 47 -0.857 0.123
1 1 48 -0.908 0.148
