1 1 1 -0.00053 0.02507 -0.00010 -0.00958
1 1 2 -0.00006 0.01446 -0.00091 -0.00620
1 1 3 0.00012 0.01590 -0.00015 -0.01277
1 1 4 -0.00077 0.00425 -0.00004 -0.00860
1 1 5 -0.00026 0.01625 -0.00000 -0.00765
1 1 6 0.00012 0.01500 0.00001 -0.00664
1 1 7 0.00008 0.00103 -0.00065 0.00894
1 1 8 -0.00013 0.00835 0.00001 0.00158
1 1 9 -0.00010 0.00410 -0.00004 -0.01366
1 1 10 -0.00009 0.00671 -0.00010 -0.00688
1 1 11 -0.00014 0.01319 -0.00004 -0.00465
1 1 12 0.00002 0.00456 0.00004 0.04293
1 1 13 0.00065 -0.03012 -0.00024 -0.00060
1 1 14 -0.00022 0.00500 -0.00009 -0.00533
1 1 15 0.00008 0.00648 0.00046 -0.00085
1 1 16 -0.00008 0.00688 -0.00042 0.05779
1 1 17 -0.00001 0.00203 -0.00006 -0.00646
1 1 18 0.00001 0.00320 -0.00010 0.00322
1 1 19 -0.00003 0.00318 0.00006 -0.00631
1 1 20 -0.00002 0.00109 0.00003 -0.00264
1 1 21 0.00005 -0.00489 -0.00001 0.00003
1 1 22 -0.00004 0.00107 -0.00003 -0.00120
1 1 23 0.00027 -0.03605 0.00018 -0.00914
1 2 1 0.00000 0.00000 0.00000 0.00000
1 2 2 -0.01740 -0.02156 -0.00952 -0.06875
1 2 3 -0.00100 0.02431 0.00153 -0.00671
1 2 4 -0.00175 0.01810 0.00028 -0.01673
1 2 5 -0.00682 -0.02971 0.00009 -0.00607
1 2 6 0.00780 -0.12415 -0.00014 -0.01533
1 2 7 0.00050 0.00644 0.00013 -0.01471
1 2 8 0.00009 0.00965 -0.00002 -0.01258
1 2 9 -0.00004 0.00459 -0.00017 -0.01210
1 2 10 -0.00020 0.00843 -0.00016 -0.01238
1 2 11 -0.00000 0.00603 -0.00019 -0.00395
1 2 12 -0.00004 0.00812 0.00008 -0.00728
1 2 13 -0.00012 0.00881 0.00002 -0.01039
1 2 14 -0.00015 0.00588 -0.00005 -0.00749
1 2 15 0.00002 0.00360 -0.00014 -0.00530
1 2 16 -0.00005 0.00262 -0.00010 -0.00668
1 2 17 -0.00008 0.00422 -0.00004 -0.00389
1 2 18 -0.00007 0.00488 -0.00001 -0.00859
1 2 19 -0.00008 0.00408 -0.00012 -0.00548
1 2 20 -0.00000 0.00683 -0.00001 -0.00130
1 2 21 -0.00005 0.00515 -0.00007 -0.00613
1 2 22 -0.00006 0.00321 -0.00007 -0.00470
1 2 23 -0.00001 0.00534 -0.00004 -0.00524
1 2 24 -0.00001 0.00620 0.00003 -0.00305
1 2 25 -0.00001 0.00315 -0.00004 -0.00159
1 2 26 -0.00003 0.00218 -0.00001 -0.00294
1 2 27 -0.00000 -0.00102 0.00056 0.03814
1 2 28 -0.00002 0.00411 -0.00010 -0.00054
1 2 29 0.00161 -0.07378 0.00060 0.01327
1 2 30 0.00025 -0.00045 -0.00008 -0.00088
1 2 31 -0.00003 0.00282 0.00048 0.01928
1 2 32 -0.00010 0.00394 0.00049 0.03867
1 2 33 -0.00001 0.00221 -0.00002 -0.00070
1 2 34 -0.00001 0.00261 -0.00000 -0.00353
1 2 35 -0.00005 0.00338 -0.00004 -0.00192
1 2 36 -0.00003 0.00253 -0.00001 -0.00667
1 2 37 -0.00003 0.00033 -0.00008 -0.00416
1 2 38 0.00001 -0.00188 -0.00053 0.01550
1 2 39 -0.00017 0.00656 -0.00003 -0.00127
1 2 40 -0.00001 0.00007 0.00001 -0.00241
1 2 41 -0.00003 0.00050 0.00002 -0.00145
1 2 42 0.00002 0.00199 0.00003 -0.00277
1 2 43 -0.00001 -0.00752 -0.00003 0.00199
1 2 44 -0.00004 0.00266 0.00001 -0.00146
1 2 45 -0.00001 0.00270 -0.00005 -0.00054
1 2 46 -0.00001 -0.00009 0.00014 0.01363
1 2 47 -0.00007 0.00421 0.00001 0.00209
1 2 48 -0.00001 -0.00036 0.00006 0.00715
1 2 49 0.00003 0.00297 0.00003 -0.00019
1 2 50 0.00010 0.00386 0.00000 0.00217
1 2 51 -0.00003 -0.00048 0.00000 -0.00102
1 2 52 0.00018 0.01363 -0.00003 0.00038
1 2 53 0.00004 0.00049 -0.00007 0.01216
1 2 54 -0.00012 0.01309 -0.00021 0.01419
1 2 55 -0.00023 0.00270 -0.00012 -0.01358
1 2 56 -0.00000 -0.00110 0.00003 -0.00371
1 2 57 0.00005 -0.00298 0.00004 -0.00357
1 2 58 -0.00002 -0.00164 -0.00001 -0.00287
1 2 59 0.00006 -0.00139 -0.00000 0.00044
1 2 60 -0.00054 0.00352 -0.00605 0.03941
1 2 61 0.00000 0.00000 0.00000 0.00000
1 2 62 -0.00000 -0.00008 -0.00002 -0.00330
1 3 1 -0.00001 0.00261 0.00001 0.00154
1 3 2 -0.00014 0.00832 -0.00016 0.00878
1 3 3 0.00000 0.00000 0.00000 0.00000
1 3 4 0.00000 0.00000 0.00000 0.00000
1 3 5 0.00000 0.00000 0.00000 0.00000
2 1 1 -0.00694 0.04995 -0.00225 0.04161
2 1 2 -0.00216 0.01540 0.00550 0.04183
2 1 3 -0.00081 0.01524 -0.00014 -0.00499
2 1 4 0.00004 0.00983 -0.00018 -0.00777
2 1 5 -0.00009 0.00724 -0.00024 -0.00641
2 1 6 0.00000 0.00000 0.00000 0.00000
2 1 7 -0.00011 0.00983 0.00004 -0.00624
2 1 8 -0.00003 0.00398 -0.00033 0.03155
2 1 9 -0.00041 -0.03556 -0.00015 -0.00087
2 1 10 0.00000 0.00000 0.00000 0.00000
2 1 11 0.00021 0.00302 0.00008 -0.00097
2 1 12 0.00003 0.00906 -0.00005 -0.00486
2 1 13 0.00021 -0.02163 0.00000 0.00281
2 1 14 -0.00019 0.00638 0.00011 -0.00836
2 1 15 -0.00002 0.00495 -0.00008 -0.00470
2 1 16 0.00001 0.00416 -0.00005 -0.00793
2 1 17 -0.00000 0.00436 -0.00003 -0.00063
2 1 18 0.00004 0.00076 -0.00000 0.00041
2 1 19 -0.00063 -0.08308 0.00014 0.01626
2 1 20 0.00001 0.00306 -0.00006 0.00157
2 1 21 0.00001 0.00527 -0.00014 -0.00536
2 1 22 0.00003 -0.00111 -0.00013 0.01053
2 1 23 0.00003 -0.00787 0.00004 -0.00547
2 2 1 0.02195 0.02430 -0.03745 -0.19566
2 2 2 0.04496 -0.07538 0.04163 0.36778
2 2 3 -0.00011 -0.02702 0.01491 0.12623
2 2 4 -0.00764 0.01783 -0.00792 -0.02951
2 2 5 -0.00216 -0.00941 -0.00488 -0.01779
2 2 6 0.00018 -0.01033 -0.00250 -0.00157
2 2 7 -0.00210 0.01993 -0.00232 -0.00743
2 2 8 -0.00087 0.01690 0.00049 0.11537
2 2 9 -0.00002 0.00927 -0.00105 -0.00500
2 2 10 -0.00062 0.00862 -0.00090 0.00305
2 2 11 -0.00024 0.01394 -0.00010 -0.00370
2 2 12 -0.00011 0.00448 -0.00004 -0.00451
2 2 13 -0.00010 0.00610 -0.00022 -0.00769
2 2 14 -0.00004 0.00595 -0.00028 -0.00500
2 2 15 -0.00001 0.00781 -0.00009 -0.00770
2 2 16 -0.00013 0.00590 0.00003 -0.00681
2 2 17 -0.00007 0.00349 -0.00005 -0.00382
2 2 18 0.00096 -0.01062 -0.00012 0.00040
2 2 19 -0.00005 0.00493 -0.00002 -0.00532
2 2 20 -0.00002 0.00314 -0.00001 -0.00456
2 2 21 -0.00006 0.00287 -0.00008 -0.00435
2 2 22 -0.00005 0.00500 -0.00003 -0.00446
2 2 23 -0.00005 0.00388 -0.00004 -0.00695
2 2 24 -0.00014 0.00549 -0.00005 -0.00395
2 2 25 -0.00003 0.00227 -0.00002 -0.00493
2 2 26 -0.00002 0.00155 0.00013 -0.00298
2 2 27 -0.00002 0.00260 0.00000 -0.00549
2 2 28 -0.00008 0.00339 -0.00003 -0.00126
2 2 29 -0.00000 0.00452 0.00071 0.01074
2 2 30 -0.00005 0.00448 0.00041 0.02791
2 2 31 -0.00005 0.00276 -0.00004 -0.00336
2 2 32 0.00000 0.00426 0.00014 0.03347
2 2 33 0.00002 0.00047 -0.00003 -0.00334
2 2 34 -0.00000 -0.00040 -0.00005 -0.00149
2 2 35 -0.00010 0.00029 -0.00001 -0.00307
2 2 36 0.00007 0.00734 -0.00006 -0.00081
2 2 37 -0.00007 0.00092 -0.00010 -0.00455
2 2 38 0.00000 0.00353 -0.00002 -0.00259
2 2 39 -0.00003 0.00233 -0.00003 -0.00040
2 2 40 -0.00006 -0.00118 -0.00004 0.00089
2 2 41 -0.00002 0.00156 0.00007 -0.00784
2 2 42 -0.00004 0.00367 -0.00005 -0.00215
2 2 43 -0.00002 0.00026 -0.00003 -0.00141
2 2 44 0.00000 -0.00060 -0.00006 -0.00026
2 2 45 0.00002 -0.02337 -0.00002 0.00064
2 2 46 -0.00002 -0.00060 -0.00003 0.00013
2 2 47 0.00002 0.00263 -0.00003 -0.00449
2 2 48 -0.00002 0.00330 -0.00003 0.00122
2 2 49 -0.00003 0.00122 -0.00004 -0.00070
2 2 50 -0.00002 0.00390 -0.00003 0.00037
2 2 51 -0.00003 -0.00002 -0.00007 0.00410
2 2 52 -0.00013 -0.00449 -0.00001 0.00168
2 2 53 -0.00004 -0.00142 0.00000 -0.00027
2 2 54 0.00004 0.00558 0.00005 -0.00019
2 2 55 -0.00004 0.00181 -0.00002 0.00193
2 2 56 -0.00026 0.00212 -0.00007 -0.00070
2 2 57 0.00004 -0.00441 -0.00002 0.00236
2 2 58 -0.00023 0.00312 -0.00032 0.00906
2 2 59 -0.00050 0.01596 0.00034 -0.01088
2 2 60 0.00000 0.00186 -0.00032 -0.05514
2 2 61 -0.00003 0.00377 0.00002 -0.00251
2 2 62 0.00000 0.00000 0.00000 0.00000
2 3 1 -0.00004 -0.00048 -0.00030 -0.00093
2 3 2 -0.00145 -0.02771 -0.00151 -0.02881
2 3 3 0.00000 0.00000 0.00000 0.00000
2 3 4 -0.00065 -0.01319 -0.00157 -0.03200
2 3 5 0.00000 0.00000 0.00000 0.00000
3 1 1 0.00032 0.02687 -0.01840 -0.35401
3 1 2 -0.00157 0.01578 -0.00024 -0.00832
3 1 3 -0.00098 0.01565 -0.00306 0.10963
3 1 4 -0.00298 -0.08617 -0.00030 -0.00768
3 1 5 0.00021 0.01049 -0.00010 -0.00629
3 1 6 0.00001 0.00973 0.00012 -0.01119
3 1 7 -0.00022 0.00501 -0.00012 -0.00263
3 1 8 -0.00004 0.00473 -0.00016 -0.00515
3 1 9 -0.00009 0.00587 -0.00005 0.04529
3 1 10 -0.00029 0.00309 -0.00007 -0.01068
3 1 11 -0.00008 0.00245 0.00038 0.02909
3 1 12 -0.00020 -0.00271 0.00000 -0.00424
3 1 13 -0.00009 0.00242 0.00029 -0.01370
3 1 14 0.00079 -0.05610 -0.00020 -0.00856
3 1 15 0.00027 -0.00116 -0.00000 -0.00306
3 1 16 -0.00008 0.01023 0.00001 -0.00471
3 1 17 -0.00000 0.00215 0.00001 -0.00210
3 1 18 -0.00000 0.00403 -0.00007 -0.00488
3 1 19 0.00040 -0.00052 -0.00001 -0.00992
3 1 20 -0.00002 0.00525 -0.00020 0.00929
3 1 21 -0.00009 0.00598 -0.00013 0.00452
3 1 22 0.00021 -0.02128 0.00012 -0.00427
3 1 23 0.00020 -0.02909 0.00002 -0.00108
3 2 1 -0.01390 -0.04748 -0.00701 0.07715
3 2 2 0.00073 0.00191 -0.00771 0.00500
3 2 3 -0.00452 0.02510 -0.00304 0.03238
3 2 4 -0.00752 -0.22357 -0.00614 0.01304
3 2 5 -0.01771 0.00349 -0.00234 -0.00514
3 2 6 -0.00060 -0.00152 0.00081 0.00475
3 2 7 -0.00054 0.01788 -0.00284 -0.00060
3 2 8 -0.00072 0.01364 -0.00065 -0.01148
3 2 9 -0.00052 0.01937 -0.00700 0.08471
3 2 10 -0.00046 0.00418 -0.00006 -0.00894
3 2 11 0.00000 0.00557 -0.00036 -0.00731
3 2 12 -0.00046 -0.00055 -0.00043 -0.00968
3 2 13 -0.00032 0.01286 -0.00012 -0.00766
3 2 14 -0.00012 0.00466 -0.00022 -0.01112
3 2 15 -0.00018 0.00670 -0.00010 -0.00363
3 2 16 -0.00013 0.00586 -0.00013 -0.00719
3 2 17 -0.00003 0.00745 -0.00003 -0.00447
3 2 18 -0.00003 0.00340 -0.00010 -0.00689
3 2 19 0.00005 0.00369 -0.00006 -0.00464
3 2 20 -0.00009 0.00551 -0.00007 -0.00671
3 2 21 -0.00006 0.00478 0.00014 -0.00967
3 2 22 -0.00012 0.00688 0.00008 -0.00537
3 2 23 -0.00001 0.00278 -0.00009 -0.00504
3 2 24 0.00000 0.00496 -0.00005 -0.00559
3 2 25 0.00067 -0.02335 -0.00009 -0.00498
3 2 26 -0.00009 0.00680 0.00003 -0.00289
3 2 27 -0.00004 0.00304 -0.00005 -0.00509
3 2 28 -0.00002 -0.00067 -0.00004 -0.00447
3 2 29 -0.00001 0.00560 -0.00014 -0.00572
3 2 30 -0.00002 0.00426 -0.00004 -0.00542
3 2 31 -0.00002 0.00276 -0.00007 0.00263
3 2 32 -0.00004 0.00150 0.00001 0.00046
3 2 33 -0.00004 0.00564 -0.00013 -0.00337
3 2 34 -0.00004 0.00160 -0.00003 -0.00465
3 2 35 -0.00003 0.00333 0.00001 -0.00027
3 2 36 0.00001 0.00139 -0.00001 -0.00312
3 2 37 -0.00002 0.00296 0.00158 -0.02119
3 2 38 -0.00004 -0.00051 -0.00000 -0.00242
3 2 39 -0.00000 0.00243 -0.00001 0.00011
3 2 40 -0.00005 0.00055 -0.00003 -0.00504
3 2 41 -0.00003 0.00311 -0.00004 -0.00173
3 2 42 -0.00004 0.00337 0.00001 -0.00083
3 2 43 -0.00009 -0.00123 -0.00064 0.02934
3 2 44 -0.00006 -0.00163 -0.00007 -0.00204
3 2 45 0.00000 0.00272 0.00018 0.00647
3 2 46 0.00001 0.00038 0.00002 0.00183
3 2 47 -0.00003 0.00377 -0.00000 -0.00029
3 2 48 0.00000 0.00260 0.00002 0.00274
3 2 49 0.00011 -0.03438 0.00001 0.00453
3 2 50 -0.00002 0.00070 0.00002 -0.00009
3 2 51 0.00019 -0.02079 0.00021 0.00700
3 2 52 -0.00000 0.00019 0.00003 -0.00005
3 2 53 -0.00000 -0.00033 -0.00002 0.00071
3 2 54 -0.00004 0.00660 -0.00004 0.00346
3 2 55 -0.00014 0.01341 0.00023 -0.01033
3 2 56 -0.00003 -0.00044 -0.00000 -0.00304
3 2 57 -0.03668 -0.07578 -0.11004 -0.22734
3 2 58 0.00005 -0.00490 -0.00001 0.00033
3 2 59 -0.09193 -0.19640 -0.00003 0.00284
3 2 60 -0.00011 0.01028 -0.00020 0.01630
3 2 61 0.00047 0.02768 0.00007 0.01259
3 2 62 -0.00008 0.00625 -0.00003 0.00231
3 3 1 -0.00068 0.02092 -0.00024 0.00729
3 3 2 -0.00014 0.03895 0.00008 0.00027
3 3 3 0.00000 0.00000 0.00000 0.00000
3 3 4 0.00000 0.00000 0.00000 0.00000
3 3 5 0.00000 0.00000 0.00000 0.00000
4 1 1 -0.00261 0.01003 -0.00395 0.00181
4 1 2 -0.00129 0.01267 -0.00019 -0.00159
4 1 3 -0.00156 0.00296 -0.00024 -0.00848
4 1 4 0.00124 -0.03670 -0.00015 -0.01641
4 1 5 -0.00001 0.01129 -0.00054 0.00508
4 1 6 -0.00013 -0.01960 0.00007 0.00843
4 1 7 -0.00092 -0.03474 0.00004 0.00788
4 1 8 0.00007 0.00623 0.00081 0.03589
4 1 9 0.00008 0.00650 -0.00008 -0.00399
4 1 10 -0.00000 0.00398 0.00007 -0.00834
4 1 11 -0.00022 0.01667 0.00003 -0.00787
4 1 12 0.00009 0.00289 -0.00003 -0.00708
4 1 13 -0.00005 0.00426 -0.00014 -0.00209
4 1 14 -0.00007 0.00185 -0.00011 -0.00421
4 1 15 -0.00010 0.00161 -0.00001 -0.00629
4 1 16 0.00035 0.00216 0.00000 -0.00429
4 1 17 -0.00002 0.00409 0.00002 -0.00597
4 1 18 -0.00007 -0.00492 0.00007 -0.00333
4 1 19 -0.00001 0.00168 0.00002 0.04669
4 1 20 -0.00013 -0.00502 0.00000 -0.00331
4 1 21 -0.00007 0.00048 0.00003 0.01839
4 1 22 -0.00002 0.00259 0.00002 -0.00197
4 1 23 -0.00001 -0.00458 0.00002 0.00397
4 2 1 -0.00474 0.04552 -0.00234 0.02440
4 2 2 -0.00141 -0.01739 -0.00584 -0.03109
4 2 3 -0.00037 -0.00002 -0.00174 -0.02495
4 2 4 0.00006 0.01681 -0.00042 -0.02439
4 2 5 -0.00100 0.01238 0.00099 -0.01519
4 2 6 -0.00013 0.01619 -0.00132 -0.01310
4 2 7 -0.00053 0.00100 0.00004 -0.01190
4 2 8 -0.00012 0.00966 0.00064 0.02921
4 2 9 0.00001 0.01604 0.00091 0.00195
4 2 10 -0.00010 0.00216 -0.00012 -0.00253
4 2 11 -0.00035 0.00858 0.00015 -0.01248
4 2 12 -0.00188 -0.05824 0.00016 -0.00947
4 2 13 -0.00023 0.00516 -0.00015 -0.00697
4 2 14 -0.00015 0.01017 -0.00055 0.01300
4 2 15 0.00008 -0.00158 0.00004 -0.00295
4 2 16 -0.00014 0.00488 -0.00027 -0.00539
4 2 17 -0.00015 0.00670 -0.00013 -0.00283
4 2 18 0.00003 0.00685 -0.00016 -0.00594
4 2 19 -0.00010 0.00623 -0.00008 -0.00543
4 2 20 -0.00007 0.00676 0.00002 -0.00523
4 2 21 -0.00010 0.00500 -0.00011 -0.00682
4 2 22 -0.00016 0.00328 -0.00001 -0.00394
4 2 23 0.00003 0.00221 -0.00000 -0.00455
4 2 24 0.00010 0.00477 -0.00003 -0.00406
4 2 25 0.00365 -0.13566 0.00002 -0.00317
4 2 26 -0.00007 0.00386 -0.00004 -0.00257
4 2 27 0.00004 0.00075 0.00002 -0.00396
4 2 28 0.00000 0.00532 0.00001 -0.00287
4 2 29 -0.00005 0.00248 0.00003 -0.00505
4 2 30 -0.00004 0.00384 0.00001 -0.00175
4 2 31 -0.00002 0.00341 -0.00007 0.00099
4 2 32 0.00015 -0.00922 -0.00013 -0.01569
4 2 33 -0.00059 -0.01985 0.00100 0.01227
4 2 34 -0.00016 0.01491 0.00001 -0.00141
4 2 35 0.00009 0.00456 -0.00002 -0.00333
4 2 36 0.00003 0.00158 0.00011 0.02569
4 2 37 -0.00043 -0.05923 -0.00004 -0.00224
4 2 38 0.00024 -0.01171 -0.00001 -0.00378
4 2 39 0.00001 0.00185 -0.00003 -0.00352
4 2 40 0.00002 0.00293 0.00005 0.01428
4 2 41 -0.00001 0.00067 -0.00003 -0.00172
4 2 42 -0.00001 0.00180 -0.00001 -0.00073
4 2 43 0.00002 0.00197 0.00007 0.00484
4 2 44 -0.00002 0.00118 -0.00002 -0.00267
4 2 45 -0.00001 -0.00094 -0.00006 -0.00353
4 2 46 -0.00002 0.00010 -0.00001 -0.00316
4 2 47 0.00001 0.00151 -0.00004 0.00256
4 2 48 -0.00003 -0.00771 0.00004 -0.00078
4 2 49 -0.00001 0.00339 0.00002 -0.00232
4 2 50 -0.00007 -0.00408 -0.00002 0.00954
4 2 51 -0.00004 0.00084 0.00016 -0.00679
4 2 52 -0.00013 0.00044 0.00003 0.00033
4 2 53 -0.00001 0.00032 0.00005 -0.00264
4 2 54 -0.00010 0.01628 -0.00012 0.01469
4 2 55 0.00007 0.00319 -0.00008 -0.00010
4 2 56 0.00008 0.00585 0.00007 0.00526
4 2 57 0.00001 -0.00092 0.00003 -0.00286
4 2 58 -0.00001 0.00525 0.00009 -0.00223
4 2 59 -0.00003 0.00180 0.00001 0.00307
4 2 60 0.00000 0.00000 0.00000 0.00000
4 2 61 0.00000 0.00000 0.00000 0.00000
4 2 62 0.00000 0.00000 0.00000 0.00000
4 3 1 0.00002 0.00016 0.00006 -0.00541
4 3 2 -0.00003 0.00241 -0.00004 0.00406
4 3 3 0.00000 0.00000 0.00000 0.00000
4 3 4 0.00000 0.00000 0.00000 0.00000
4 3 5 0.00000 0.00000 0.00000 0.00000
5 1 1 -0.00699 0.04548 -0.00824 0.00004
5 1 2 -0.00181 0.01055 -0.00234 0.00251
5 1 3 -0.00047 0.01653 0.00038 -0.01061
5 1 4 -0.00047 0.01478 0.00013 -0.00707
5 1 5 -0.00007 0.00909 -0.00006 -0.00451
5 1 6 -0.00008 0.01717 -0.00068 0.05431
5 1 7 -0.00030 0.00303 -0.00013 -0.00316
5 1 8 -0.00005 0.00486 0.00003 -0.00516
5 1 9 -0.00005 0.00594 -0.00086 0.00297
5 1 10 0.00001 0.00659 0.00007 -0.00295
5 1 11 0.00005 0.00491 0.00029 0.03508
5 1 12 -0.00006 0.00870 -0.00083 0.03053
5 1 13 -0.00000 0.00099 -0.00011 -0.00154
5 1 14 -0.00002 0.00440 -0.00007 -0.00484
5 1 15 0.00010 0.00909 -0.00000 -0.00580
5 1 16 0.00005 0.00288 0.00003 -0.00017
5 1 17 -0.00004 0.00184 -0.00001 -0.00214
5 1 18 -0.00002 -0.00288 -0.00002 -0.00444
5 1 19 -0.00003 0.00324 -0.00017 0.01415
5 1 20 -0.00046 0.02170 0.00010 -0.00788
5 1 21 0.00005 0.00663 0.00003 -0.00893
5 1 22 0.00001 -0.00071 0.00019 -0.03231
5 1 23 -0.00011 0.01185 -0.00007 0.00250
5 2 1 0.04805 -0.03586 0.00795 0.01358
5 2 2 -0.02022 0.13233 -0.00018 -0.01551
5 2 3 -0.00322 0.02229 -0.00723 -0.01763
5 2 4 -0.00539 0.01026 -0.00166 0.00852
5 2 5 -0.00263 0.02012 -0.00471 -0.01658
5 2 6 -0.01076 -0.06113 -0.00218 -0.01051
5 2 7 -0.00166 0.00195 -0.00243 0.00406
5 2 8 -0.00117 0.00994 -0.00093 -0.00182
5 2 9 -0.00042 0.01255 -0.00150 0.01482
5 2 10 -0.00109 0.00927 -0.00053 -0.00586
5 2 11 -0.00037 0.01109 -0.00043 -0.00560
5 2 12 -0.00016 0.00636 -0.00012 -0.00839
5 2 13 -0.00027 0.00730 -0.00025 -0.00400
5 2 14 -0.00005 0.00758 -0.00014 -0.00677
5 2 15 -0.00024 0.00690 -0.00022 -0.00915
5 2 16 -0.00030 0.00628 -0.00002 -0.00491
5 2 17 0.00001 0.00279 -0.00011 -0.00748
5 2 18 -0.00001 0.00632 -0.00002 -0.00695
5 2 19 -0.00018 0.00591 -0.00004 -0.00153
5 2 20 -0.00005 0.00412 -0.00006 -0.00390
5 2 21 -0.00008 0.00313 -0.00008 -0.00614
5 2 22 -0.00004 0.00290 0.00014 -0.00625
5 2 23 -0.00002 0.00499 -0.00008 -0.00770
5 2 24 -0.00003 0.00458 -0.00007 -0.00510
5 2 25 -0.00015 -0.00128 -0.00008 -0.00686
5 2 26 -0.00014 0.00406 -0.00001 -0.00713
5 2 27 -0.00006 0.00633 -0.00008 -0.00155
5 2 28 -0.00007 0.00418 -0.00003 -0.00434
5 2 29 -0.00000 0.00228 -0.00004 -0.00443
5 2 30 -0.00003 0.00467 -0.00004 -0.00386
5 2 31 -0.00003 0.00386 -0.00002 -0.00099
5 2 32 -0.00009 0.00412 -0.00017 -0.00306
5 2 33 0.00001 0.00315 -0.00004 0.00049
5 2 34 0.00003 -0.00223 -0.00003 -0.00218
5 2 35 -0.00003 -0.00030 -0.00001 -0.00227
5 2 36 -0.00004 0.00002 -0.00007 -0.00115
5 2 37 -0.00015 -0.00067 -0.00001 -0.00229
5 2 38 0.00003 0.00303 -0.00004 -0.00245
5 2 39 0.00002 0.00136 -0.00002 -0.00056
5 2 40 0.00006 0.00215 0.00000 -0.00169
5 2 41 0.00000 0.00116 0.00002 -0.00127
5 2 42 -0.00002 0.00130 0.00002 -0.00148
5 2 43 -0.00007 0.00111 -0.00011 -0.00555
5 2 44 -0.00005 0.00184 -0.00009 -0.00043
5 2 45 -0.00015 0.00500 -0.00001 -0.00196
5 2 46 0.00001 0.00419 -0.00003 -0.00083
5 2 47 -0.00003 0.00065 -0.00001 -0.00003
5 2 48 -0.00001 0.00030 -0.00002 0.00115
5 2 49 -0.00004 -0.00112 0.00020 0.01364
5 2 50 -0.00003 0.00271 -0.00005 0.00570
5 2 51 -0.00033 0.04584 0.00020 -0.00909
5 2 52 -0.00005 0.00914 0.00010 -0.00752
5 2 53 -0.00006 -0.00060 -0.00006 -0.00294
5 2 54 -0.00072 -0.01559 -0.00103 -0.02217
5 2 55 -0.00005 0.00370 -0.00006 0.00518
5 2 56 -0.00010 -0.00720 -0.00007 -0.00525
5 2 57 -0.00003 -0.00416 -0.00001 -0.00125
5 2 58 0.00000 0.00000 0.00000 0.00000
5 2 59 -0.00013 -0.00591 -0.00013 -0.00563
5 2 60 -0.00015 -0.00664 -0.00003 -0.00142
5 2 61 0.00001 -0.00166 -0.00005 -0.00108
5 2 62 -0.00015 -0.01292 -0.00010 -0.00469
5 3 1 -0.00007 -0.00597 0.00002 0.00140
5 3 2 -0.00001 -0.00112 -0.00004 -0.00397
5 3 3 0.00000 0.00000 0.00000 0.00000
5 3 4 0.00000 0.00000 0.00000 0.00000
5 3 5 0.00000 0.00000 0.00000 0.00000
6 1 1 -0.00638 0.02433 -0.00045 -0.01613
6 1 2 -0.00060 0.01673 -0.00180 -0.00639
6 1 3 -0.00044 0.01316 0.00033 -0.01136
6 1 4 -0.00027 0.01750 -0.00016 -0.00033
6 1 5 -0.00061 0.01161 -0.00015 -0.00856
6 1 6 0.00017 0.01495 0.00032 0.00251
6 1 7 -0.00015 0.00771 -0.00027 -0.00561
6 1 8 0.00019 0.00199 -0.00003 -0.00546
6 1 9 0.00024 0.00133 -0.00008 -0.00480
6 1 10 -0.00002 0.00821 -0.00013 -0.00814
6 1 11 0.00003 0.00395 -0.00006 -0.00365
6 1 12 0.00034 -0.02325 -0.00004 0.02707
6 1 13 -0.00004 0.00176 -0.00016 0.02542
6 1 14 -0.00015 0.00784 -0.00003 -0.00410
6 1 15 -0.00005 0.00469 -0.00031 0.02194
6 1 16 0.00016 -0.00270 0.00008 0.02477
6 1 17 -0.00005 0.00569 -0.00001 -0.00574
6 1 18 -0.00002 0.00316 0.00021 -0.00043
6 1 19 0.00001 0.00274 0.00005 0.00067
6 1 20 0.00001 0.00162 0.00016 0.00725
6 1 21 0.00000 0.00000 0.00000 0.00000
6 1 22 -0.00029 -0.00097 0.00036 -0.00937
6 1 23 0.00002 0.00494 -0.00008 0.00181
6 2 1 0.03185 0.08934 0.00275 0.06586
6 2 2 -0.00047 0.00399 -0.01216 -0.04715
6 2 3 -0.00536 0.05417 -0.00131 0.00757
6 2 4 -0.00817 0.02679 -0.00502 0.00624
6 2 5 -0.00443 0.02354 -0.00516 0.00805
6 2 6 -0.00211 0.01716 -0.00132 -0.01099
6 2 7 -0.00103 0.00815 -0.00188 -0.00374
6 2 8 -0.00027 0.00050 -0.00206 -0.02464
6 2 9 -0.00073 0.00436 -0.00045 -0.01238
6 2 10 -0.00048 0.01188 -0.00054 -0.00628
6 2 11 -0.00031 0.00221 -0.00051 -0.01047
6 2 12 -0.00016 0.00513 -0.00027 -0.00132
6 2 13 0.00244 0.00542 0.00014 -0.00617
6 2 14 -0.00008 0.00789 -0.00021 -0.00581
6 2 15 0.00136 -0.03567 0.00164 0.05743
6 2 16 -0.00057 -0.06093 -0.00011 -0.00810
6 2 17 -0.00006 0.00460 -0.00013 -0.00780
6 2 18 -0.00020 0.00246 -0.00016 -0.00868
6 2 19 -0.00021 0.00748 -0.00007 -0.00621
6 2 20 0.00001 0.00470 -0.00005 -0.00536
6 2 21 0.00092 -0.07506 -0.00006 -0.00507
6 2 22 -0.00004 0.00335 -0.00003 -0.00357
6 2 23 -0.00008 -0.04278 0.00096 0.02647
6 2 24 0.00026 -0.00443 -0.00054 0.02470
6 2 25 -0.00003 0.00243 -0.00011 -0.00396
6 2 26 -0.00009 -0.05425 -0.00019 0.03905
6 2 27 -0.00186 -0.03014 -0.00007 -0.00622
6 2 28 -0.00003 -0.05639 0.00075 0.04507
6 2 29 -0.00006 0.00301 0.00064 0.01954
6 2 30 -0.00004 -0.00028 -0.00021 -0.00747
6 2 31 0.00187 0.03092 -0.00042 -0.00123
6 2 32 -0.00001 0.00286 0.00021 0.00118
6 2 33 0.00000 0.00215 -0.00011 -0.00138
6 2 34 -0.00008 0.00202 -0.00002 -0.00171
6 2 35 -0.00002 0.00215 -0.00006 -0.00582
6 2 36 0.00004 0.00509 -0.00003 0.00182
6 2 37 0.00002 0.00256 -0.00012 -0.00149
6 2 38 0.00001 0.00134 -0.00002 -0.00416
6 2 39 -0.00007 0.00156 -0.00005 -0.00121
6 2 40 0.00003 0.00161 -0.00001 -0.00243
6 2 41 -0.00001 0.00100 0.00000 -0.00455
6 2 42 -0.00001 0.00222 0.00001 -0.00285
6 2 43 -0.00002 0.00170 -0.00002 -0.00104
6 2 44 0.00008 -0.00361 -0.00002 -0.00258
6 2 45 0.00007 -0.00449 -0.00005 0.00299
6 2 46 0.00016 -0.00525 0.00000 -0.00188
6 2 47 -0.00004 -0.00030 -0.00004 -0.00313
6 2 48 -0.00005 0.00141 0.00000 -0.00025
6 2 49 -0.00004 0.00007 -0.00014 0.00713
6 2 50 0.00013 0.00055 0.00006 -0.00159
6 2 51 -0.00022 -0.00843 0.00007 -0.00557
6 2 52 -0.00002 0.00041 0.00002 0.00012
6 2 53 -0.00002 0.00535 0.00003 0.00018
6 2 54 0.03783 -0.27425 -0.16771 0.43981
6 2 55 -0.00001 0.00209 -0.00038 -0.02600
6 2 56 -0.00017 0.02149 -0.00000 0.00339
6 2 57 0.00013 -0.01119 0.00033 -0.00446
6 2 58 -0.00011 -0.00775 -0.00007 -0.00485
6 2 59 -0.00000 -0.00018 -0.00001 -0.00033
6 2 60 -0.00001 -0.01109 0.00002 -0.01149
6 2 61 -0.00008 -0.00095 0.00036 -0.00419
6 2 62 0.00006 0.00535 -0.00006 -0.00535
6 3 1 0.00032 0.00753 -0.00020 -0.00800
6 3 2 -0.00042 -0.01529 0.00125 -0.04896
6 3 3 0.00000 0.00000 0.00000 0.00000
6 3 4 0.00000 0.00000 0.00000 0.00000
6 3 5 0.00000 0.00000 0.00000 0.00000
