1 1 1 -0.00073 0.01913 -0.00039 -0.01925
1 1 2 0.00064 -0.06223 -0.00102 0.06502
1 1 3 0.00188 -0.01851 -0.00010 -0.01139
1 1 4 -0.00009 0.01404 -0.00001 -0.01157
1 1 5 -0.00005 0.01273 -0.00002 -0.01177
1 1 6 -0.00003 0.01357 0.00003 -0.00631
1 1 7 -0.00006 0.00854 -0.00000 -0.00850
1 1 8 -0.00018 -0.00089 -0.00032 0.01102
1 1 9 0.00003 0.00504 0.00030 0.01344
1 1 10 -0.00008 0.00578 0.00023 0.01348
1 1 11 -0.00004 0.00610 -0.00022 0.01018
1 1 12 -0.00004 0.00533 -0.00002 -0.00587
1 1 13 0.00000 0.00536 0.00005 0.01032
1 1 14 -0.00004 0.00465 0.00013 0.00464
1 1 15 0.00003 -0.00735 0.00000 -0.00457
1 1 16 -0.00010 -0.00495 -0.00009 -0.00111
1 1 17 -0.00006 -0.00713 -0.00008 0.00153
1 1 18 0.00000 0.00362 -0.00000 -0.00269
1 1 19 -0.00001 0.00206 -0.00002 0.00480
1 1 20 -0.00000 0.00189 -0.00005 0.00235
1 1 21 -0.00001 0.00267 0.00004 0.00590
1 1 22 -0.00002 -0.00282 0.00001 0.00513
1 1 23 0.00000 0.00212 0.00006 0.00256
1 2 1 0.00438 0.02279 -0.01018 -0.02227
1 2 2 -0.00052 0.01496 0.00228 0.06031
1 2 3 -0.00663 -0.02472 0.00041 -0.01308
1 2 4 -0.00065 0.01915 -0.00035 -0.01876
1 2 5 -0.00062 0.01872 0.00009 -0.00874
1 2 6 -0.00020 0.01741 -0.00193 0.01931
1 2 7 -0.00001 0.00895 -0.00020 -0.00961
1 2 8 0.00003 0.01071 -0.00120 0.01625
1 2 9 -0.00170 -0.04584 -0.00015 -0.01534
1 2 10 -0.00003 -0.04451 -0.00002 -0.01070
1 2 11 -0.00035 0.00021 0.00000 -0.00716
1 2 12 -0.00046 -0.00476 0.00003 -0.00620
1 2 13 -0.00061 -0.03041 -0.00035 -0.00084
1 2 14 0.00009 0.00128 -0.00007 -0.00716
1 2 15 -0.00000 0.00417 -0.00002 -0.00597
1 2 16 -0.00064 -0.02635 -0.00005 -0.00904
1 2 17 -0.00005 0.00467 -0.00051 0.02305
1 2 18 0.00037 -0.00812 -0.00002 -0.00652
1 2 19 -0.00003 0.00375 -0.00005 -0.00615
1 2 20 -0.00005 0.00697 -0.00004 -0.00452
1 2 21 -0.00006 0.00543 -0.00005 -0.00560
1 2 22 0.00032 -0.01841 -0.00006 -0.00507
1 2 23 -0.00028 -0.01664 -0.00005 -0.00478
1 2 24 0.00011 -0.00138 -0.00002 -0.00301
1 2 25 -0.00004 0.00349 -0.00003 -0.00344
1 2 26 -0.00002 0.00304 -0.00002 -0.00309
1 2 27 -0.00011 -0.01700 -0.00003 -0.00282
1 2 28 0.00020 -0.01461 0.00002 -0.00142
1 2 29 -0.00002 0.00279 -0.00003 -0.00299
1 2 30 -0.00003 0.00216 -0.00003 -0.00311
1 2 31 -0.00003 0.00298 -0.00003 -0.00302
1 2 32 -0.00005 -0.00625 -0.00001 -0.00164
1 2 33 -0.00008 -0.00862 0.00012 0.01280
1 2 34 -0.00002 0.00200 -0.00002 -0.00171
1 2 35 -0.00003 0.00160 -0.00003 -0.00307
1 2 36 -0.00001 0.00164 0.00003 -0.00044
1 2 37 -0.00001 0.00130 -0.00006 0.00176
1 2 38 -0.00002 0.00114 -0.00002 -0.00171
1 2 39 -0.00002 0.00196 0.00001 0.00002
1 2 40 -0.00001 -0.00371 -0.00004 -0.00068
1 2 41 -0.00002 0.00058 -0.00002 -0.00118
1 2 42 0.00011 -0.00733 -0.00004 0.00248
1 2 43 -0.00002 0.00152 0.00008 0.00847
1 2 44 -0.00002 0.00034 -0.00002 -0.00200
1 2 45 0.00005 -0.00894 -0.00002 -0.00124
1 2 46 -0.00002 0.00026 -0.00001 -0.00090
1 2 47 -0.00002 0.00137 -0.00002 -0.00154
1 2 48 -0.00001 0.00127 -0.00001 -0.00025
1 2 49 -0.00001 0.00167 0.00005 0.00103
1 2 50 -0.00002 0.00018 -0.00000 -0.00032
1 2 51 -0.00001 0.00030 -0.00001 0.00002
1 2 52 -0.00001 -0.00015 -0.00001 0.00023
1 2 53 -0.00001 -0.00002 0.00004 0.00300
1 2 54 0.00005 -0.00223 -0.00001 -0.00009
1 2 55 -0.00002 -0.00049 0.00000 0.00017
1 2 56 -0.00000 0.00045 -0.00001 0.00011
1 2 57 -0.00001 0.00041 0.00001 0.00125
1 2 58 -0.00001 -0.00064 -0.00001 0.00078
1 2 59 -0.00001 -0.00040 0.00002 0.00080
1 2 60 -0.00001 -0.00025 -0.00001 0.00097
1 2 61 -0.00002 0.00125 -0.00001 -0.00009
1 2 62 -0.00000 -0.00048 0.00003 0.00006
1 3 1 -0.00001 0.00065 -0.00002 0.00139
1 3 2 -0.00002 0.00220 0.00000 -0.00202
1 3 3 -0.00001 0.00078 -0.00003 0.00034
1 3 4 -0.00000 0.00057 0.00001 -0.00086
1 3 5 0.00000 0.00016 -0.00001 -0.00102
2 1 1 -0.00088 0.00907 0.00539 0.06423
2 1 2 -0.00027 0.01816 -0.00008 -0.00768
2 1 3 -0.00024 0.01230 0.00001 -0.01154
2 1 4 -0.00137 -0.02273 -0.00075 0.01152
2 1 5 0.00024 -0.03430 0.00009 -0.00879
2 1 6 0.00000 0.00000 0.00000 0.00000
2 1 7 -0.00002 0.00753 -0.00003 -0.00770
2 1 8 0.00012 -0.02109 -0.00000 -0.00912
2 1 9 -0.00003 0.00606 -0.00005 -0.00671
2 1 10 0.00000 0.00000 0.00000 0.00000
2 1 11 -0.00011 0.00267 -0.00007 -0.00649
2 1 12 0.00013 -0.01156 -0.00005 0.00930
2 1 13 -0.00002 0.00522 0.00010 -0.00068
2 1 14 0.00011 -0.00941 0.00009 0.00940
2 1 15 -0.00001 0.00495 -0.00000 -0.00432
2 1 16 0.00013 -0.00609 0.00015 0.00299
2 1 17 -0.00010 -0.00278 -0.00003 -0.00191
2 1 18 -0.00004 0.00175 0.00002 -0.00250
2 1 19 -0.00007 0.00291 0.00009 0.00178
2 1 20 0.00002 -0.00581 0.00000 -0.00173
2 1 21 -0.00003 -0.00228 -0.00001 -0.00297
2 1 22 -0.00001 0.00280 -0.00000 -0.00210
2 1 23 0.00000 0.00159 0.00001 0.00366
2 2 1 -0.00099 0.01094 0.00208 -0.03478
2 2 2 -0.00657 0.02135 -0.00655 -0.01897
2 2 3 -0.00458 0.01427 -0.00595 -0.02293
2 2 4 0.00125 0.00252 -0.00054 0.01572
2 2 5 -0.00235 0.01050 -0.00244 -0.00691
2 2 6 -0.00136 0.00325 -0.00020 -0.00176
2 2 7 -0.00156 0.00773 -0.00103 -0.00693
2 2 8 0.00122 -0.01210 -0.00026 -0.00963
2 2 9 -0.00031 0.00861 -0.00038 -0.00578
2 2 10 -0.00007 0.00613 -0.00012 -0.00779
2 2 11 0.00038 -0.00148 0.00003 -0.00598
2 2 12 -0.00008 0.00550 0.00096 0.03279
2 2 13 -0.00005 0.00537 -0.00010 -0.00848
2 2 14 -0.00017 0.00494 -0.00006 -0.00843
2 2 15 -0.00005 0.00623 -0.00009 -0.00753
2 2 16 -0.00007 0.00546 -0.00001 -0.00489
2 2 17 -0.00004 0.00487 -0.00003 -0.00485
2 2 18 -0.00006 0.00623 -0.00005 -0.00643
2 2 19 -0.00006 0.00557 -0.00004 -0.00587
2 2 20 -0.00002 0.00423 -0.00002 -0.00481
2 2 21 -0.00005 0.00519 -0.00002 -0.00505
2 2 22 -0.00005 0.00365 -0.00001 -0.00383
2 2 23 -0.00002 0.00191 -0.00004 -0.00635
2 2 24 -0.00013 -0.00050 0.00008 0.01858
2 2 25 -0.00002 0.00250 -0.00020 0.00887
2 2 26 -0.00003 0.00285 -0.00014 0.01938
2 2 27 -0.00003 0.00291 -0.00001 -0.00331
2 2 28 -0.00009 -0.00364 -0.00002 -0.00305
2 2 29 -0.00003 0.00334 -0.00002 -0.00228
2 2 30 -0.00003 0.00360 -0.00002 -0.00290
2 2 31 0.00003 0.00144 -0.00009 0.01328
2 2 32 -0.00002 -0.00843 0.00000 -0.00196
2 2 33 -0.00004 -0.01066 -0.00005 -0.00144
2 2 34 0.00013 -0.01189 -0.00002 -0.00181
2 2 35 -0.00001 0.00143 -0.00003 -0.00157
2 2 36 -0.00003 0.00154 -0.00002 -0.00291
2 2 37 -0.00001 0.00263 -0.00000 -0.00143
2 2 38 0.00010 -0.00628 -0.00001 -0.00149
2 2 39 -0.00002 0.00134 -0.00002 -0.00177
2 2 40 0.00001 -0.00064 -0.00002 -0.00194
2 2 41 -0.00000 -0.00281 -0.00001 -0.00084
2 2 42 -0.00003 0.00142 0.00001 -0.00049
2 2 43 -0.00003 0.00130 -0.00002 -0.00186
2 2 44 -0.00001 0.00061 -0.00001 -0.00074
2 2 45 -0.00002 0.00162 -0.00001 -0.00090
2 2 46 0.00012 -0.00327 0.00001 0.00012
2 2 47 -0.00002 -0.00011 -0.00001 -0.00167
2 2 48 -0.00002 0.00122 -0.00001 -0.00095
2 2 49 -0.00000 0.00007 -0.00001 -0.00025
2 2 50 0.00003 -0.00140 -0.00001 -0.00009
2 2 51 -0.00001 0.00013 0.00005 0.00193
2 2 52 -0.00001 -0.00010 0.00000 0.00021
2 2 53 -0.00001 0.00009 -0.00001 0.00071
2 2 54 -0.00000 0.00015 -0.00001 0.00020
2 2 55 0.00000 0.00009 -0.00000 -0.00099
2 2 56 0.00001 0.00007 0.00001 0.00147
2 2 57 -0.00001 -0.00001 -0.00001 0.00025
2 2 58 -0.00001 0.00041 -0.00000 0.00025
2 2 59 0.00000 -0.00026 -0.00002 0.00024
2 2 60 0.00000 -0.00080 0.00001 0.00168
2 2 61 0.00002 0.00158 0.00000 -0.00304
2 2 62 -0.00001 -0.00134 0.00000 -0.00053
2 3 1 0.00001 0.00073 0.00000 -0.00102
2 3 2 -0.00000 -0.00003 0.00001 0.00053
2 3 3 -0.00005 -0.00716 0.00004 0.00642
2 3 4 -0.00002 -0.00276 -0.00000 -0.00073
2 3 5 -0.00510 0.23977 0.00540 -0.26396
3 1 1 0.00765 -0.05546 -0.00145 -0.01091
3 1 2 -0.00284 -0.05255 0.00064 0.00101
3 1 3 -0.00003 0.01118 -0.00006 -0.01028
3 1 4 -0.00015 0.01014 0.00134 0.01702
3 1 5 -0.00007 0.01097 -0.00004 -0.00686
3 1 6 -0.00028 -0.02782 0.00040 0.00329
3 1 7 0.00058 -0.01548 -0.00001 -0.00661
3 1 8 -0.00003 0.00654 -0.00003 -0.00513
3 1 9 -0.00003 -0.01557 -0.00000 -0.00608
3 1 10 -0.00003 0.00637 0.00025 0.00675
3 1 11 -0.00017 -0.00578 -0.00010 -0.00401
3 1 12 0.00020 -0.00755 -0.00004 -0.00428
3 1 13 -0.00011 -0.00693 0.00016 0.00121
3 1 14 -0.00008 0.00295 0.00013 0.00664
3 1 15 -0.00010 -0.00412 0.00009 0.00388
3 1 16 -0.00007 -0.00025 0.00011 0.00492
3 1 17 -0.00001 0.00188 -0.00004 -0.00035
3 1 18 0.00007 -0.00553 -0.00006 0.00298
3 1 19 -0.00006 -0.00406 0.00008 0.00552
3 1 20 -0.00002 0.00131 -0.00001 -0.00054
3 1 21 -0.00002 0.00121 0.00000 -0.00175
3 1 22 -0.00000 0.00201 0.00002 -0.00068
3 1 23 -0.00004 0.00041 0.00002 0.00292
3 2 1 0.00571 -0.00490 -0.00185 0.01874
3 2 2 -0.00417 0.02419 -0.00288 -0.00154
3 2 3 -0.00090 -0.02260 0.01384 -0.00091
3 2 4 -0.00381 -0.00345 0.00659 0.01735
3 2 5 -0.00182 -0.00184 -0.00185 -0.00620
3 2 6 -0.00167 0.01437 -0.00174 -0.01569
3 2 7 0.00235 -0.02987 -0.00140 -0.00528
3 2 8 -0.00010 0.00364 -0.00083 0.03351
3 2 9 0.00113 -0.03676 -0.00051 -0.01095
3 2 10 -0.00007 0.00544 0.00157 0.02840
3 2 11 0.00116 -0.03769 -0.00001 -0.00647
3 2 12 -0.00006 0.00712 -0.00002 -0.00634
3 2 13 -0.00004 0.00822 -0.00000 -0.00602
3 2 14 -0.00005 0.00568 -0.00002 -0.00893
3 2 15 -0.00006 0.00523 0.00056 0.00989
3 2 16 -0.00006 0.00647 -0.00007 -0.00804
3 2 17 0.00053 -0.02456 -0.00001 -0.00429
3 2 18 -0.00009 0.00339 -0.00005 -0.00594
3 2 19 -0.00001 0.00487 0.00010 -0.00084
3 2 20 0.00033 -0.02097 -0.00020 0.00553
3 2 21 0.00003 0.00318 -0.00003 -0.00467
3 2 22 -0.00002 0.00423 0.00020 0.02089
3 2 23 -0.00007 0.00452 -0.00002 -0.00370
3 2 24 0.00023 -0.00625 -0.00002 -0.00317
3 2 25 -0.00004 0.00497 -0.00009 0.01253
3 2 26 -0.00010 -0.01727 -0.00002 -0.00308
3 2 27 -0.00002 0.00281 0.00019 0.01455
3 2 28 -0.00003 0.00298 -0.00004 -0.00370
3 2 29 0.00014 -0.00396 -0.00012 0.00294
3 2 30 -0.00002 0.00237 -0.00007 -0.00303
3 2 31 -0.00007 -0.00609 -0.00000 -0.00097
3 2 32 -0.00005 0.00163 0.00001 -0.00042
3 2 33 -0.00003 0.00334 -0.00003 -0.00305
3 2 34 -0.00002 -0.00494 -0.00000 -0.00111
3 2 35 0.00001 0.00191 -0.00002 -0.00123
3 2 36 -0.00002 0.00198 -0.00004 -0.00227
3 2 37 0.00010 -0.01148 -0.00004 -0.00208
3 2 38 -0.00002 0.00218 -0.00002 -0.00064
3 2 39 0.00000 -0.00841 -0.00002 -0.00060
3 2 40 -0.00001 0.00112 -0.00002 -0.00062
3 2 41 -0.00006 -0.00674 -0.00002 -0.00154
3 2 42 -0.00003 0.00218 -0.00001 -0.00092
3 2 43 -0.00000 -0.00351 -0.00002 -0.00152
3 2 44 -0.00002 -0.00223 0.00002 0.00203
3 2 45 -0.00001 0.00141 -0.00002 -0.00151
3 2 46 -0.00002 0.00167 -0.00001 -0.00008
3 2 47 -0.00003 0.00054 -0.00001 -0.00049
3 2 48 0.00002 -0.00722 -0.00002 -0.00062
3 2 49 -0.00002 0.00086 -0.00001 -0.00015
3 2 50 0.00002 -0.00043 -0.00001 -0.00014
3 2 51 -0.00001 0.00152 -0.00001 0.00031
3 2 52 -0.00000 0.00031 -0.00000 0.00065
3 2 53 -0.00001 0.00129 -0.00001 0.00047
3 2 54 -0.00002 -0.00440 -0.00001 -0.00082
3 2 55 -0.00002 0.00036 0.00000 -0.00044
3 2 56 -0.00001 0.00031 0.00000 0.00000
3 2 57 -0.00001 0.00116 0.00005 -0.00158
3 2 58 -0.00002 0.00065 -0.00002 0.00034
3 2 59 -0.00000 -0.00038 -0.00001 0.00136
3 2 60 -0.00001 -0.00003 0.00002 -0.00225
3 2 61 -0.00000 -0.00282 -0.00000 -0.00024
3 2 62 -0.00001 0.00029 -0.00001 0.00095
3 3 1 -0.00000 0.00123 0.00006 0.00257
3 3 2 -0.00001 0.00013 -0.00002 0.00388
3 3 3 -0.00000 -0.00147 -0.00004 0.00152
3 3 4 -0.00002 -0.00549 -0.00003 0.00112
3 3 5 0.00000 0.00000 0.00000 0.00000
4 1 1 -0.00238 -0.00238 0.00112 0.02434
4 1 2 0.00074 0.00503 -0.00014 -0.00579
4 1 3 -0.00062 0.00844 -0.00010 -0.01085
4 1 4 0.00000 0.00819 0.00045 0.00121
4 1 5 -0.00016 0.00263 0.00003 -0.00507
4 1 6 -0.00000 0.00736 0.00009 -0.00052
4 1 7 -0.00007 0.00856 -0.00005 -0.00663
4 1 8 0.00018 -0.01971 -0.00005 -0.00647
4 1 9 -0.00001 0.00679 -0.00006 0.01826
4 1 10 -0.00016 0.00002 -0.00009 -0.00457
4 1 11 -0.00005 0.00678 0.00017 0.01157
4 1 12 -0.00008 -0.01029 -0.00004 -0.00466
4 1 13 -0.00007 0.00272 -0.00000 -0.00310
4 1 14 -0.00001 0.00415 -0.00003 0.00811
4 1 15 -0.00004 0.00270 0.00006 0.00016
4 1 16 -0.00002 0.00534 -0.00008 0.00837
4 1 17 -0.00007 -0.00812 -0.00001 -0.00474
4 1 18 0.00001 0.00130 0.00001 -0.00189
4 1 19 0.00008 -0.00560 -0.00000 -0.00308
4 1 20 0.00000 -0.00363 -0.00003 0.00033
4 1 21 0.00005 -0.00412 -0.00002 -0.00294
4 1 22 -0.00001 0.00108 -0.00000 -0.00130
4 1 23 -0.00004 -0.00133 0.00001 0.00009
4 2 1 -0.00518 0.02292 -0.00369 -0.00087
4 2 2 -0.00231 0.01914 0.00050 -0.01139
4 2 3 0.00027 0.00456 -0.00148 -0.01904
4 2 4 -0.00034 0.01728 0.00000 -0.01894
4 2 5 -0.00331 -0.04156 -0.00003 -0.01355
4 2 6 -0.00006 0.00935 0.00284 0.02392
4 2 7 -0.00006 0.00810 -0.00002 -0.00955
4 2 8 -0.00184 -0.03242 -0.00007 -0.01149
4 2 9 -0.00023 0.01209 -0.00002 -0.00734
4 2 10 -0.00010 0.00607 0.00067 0.00572
4 2 11 -0.00007 0.00607 -0.00005 -0.00959
4 2 12 -0.00006 0.00578 -0.00011 -0.00371
4 2 13 -0.00007 0.00573 0.00003 0.03544
4 2 14 -0.00009 0.00956 -0.00005 -0.00629
4 2 15 -0.00054 -0.02795 -0.00003 -0.00547
4 2 16 -0.00003 0.00420 -0.00005 -0.00831
4 2 17 -0.00002 0.00418 0.00030 0.02647
4 2 18 -0.00002 0.00454 -0.00007 -0.00703
4 2 19 -0.00002 0.00421 -0.00003 -0.00571
4 2 20 0.00034 -0.01049 0.00035 0.00978
4 2 21 0.00002 -0.02245 -0.00002 -0.00454
4 2 22 -0.00003 0.00408 0.00005 0.02216
4 2 23 -0.00003 0.00359 -0.00002 -0.00426
4 2 24 -0.00004 0.00298 -0.00003 -0.00360
4 2 25 -0.00003 0.00385 -0.00002 -0.00340
4 2 26 -0.00005 -0.00407 -0.00003 -0.00336
4 2 27 -0.00002 0.00327 -0.00002 -0.00370
4 2 28 -0.00002 0.00305 -0.00001 -0.00337
4 2 29 -0.00003 0.00334 -0.00002 -0.00306
4 2 30 -0.00002 0.00255 -0.00002 -0.00289
4 2 31 -0.00002 0.00286 -0.00003 -0.00222
4 2 32 -0.00002 0.00179 -0.00002 -0.00199
4 2 33 -0.00003 0.00179 -0.00005 -0.00375
4 2 34 -0.00003 0.00184 -0.00002 -0.00195
4 2 35 -0.00002 0.00186 -0.00002 -0.00204
4 2 36 -0.00002 0.00294 -0.00003 -0.00123
4 2 37 -0.00002 0.00176 -0.00002 -0.00143
4 2 38 -0.00003 0.00181 -0.00001 -0.00164
4 2 39 0.00000 -0.00486 -0.00002 -0.00168
4 2 40 -0.00001 0.00100 -0.00001 -0.00178
4 2 41 0.00010 -0.00948 -0.00002 0.00161
4 2 42 -0.00001 0.00148 -0.00002 -0.00148
4 2 43 0.00005 -0.00481 -0.00002 -0.00154
4 2 44 0.00000 0.00027 -0.00001 -0.00107
4 2 45 -0.00002 0.00190 -0.00001 -0.00132
4 2 46 -0.00001 0.00064 0.00007 0.00501
4 2 47 -0.00001 0.00106 -0.00001 -0.00194
4 2 48 -0.00001 0.00079 0.00000 0.00072
4 2 49 -0.00001 0.00162 0.00007 0.00429
4 2 50 0.00008 -0.00182 -0.00000 -0.00111
4 2 51 -0.00001 0.00111 -0.00001 -0.00026
4 2 52 -0.00001 0.00057 -0.00001 -0.00094
4 2 53 0.00001 -0.00584 -0.00001 0.00008
4 2 54 0.00003 -0.00290 -0.00001 0.00036
4 2 55 0.00001 0.00161 0.00003 0.00344
4 2 56 -0.00001 -0.00016 -0.00001 0.00010
4 2 57 -0.00000 -0.00032 -0.00002 0.00112
4 2 58 -0.00001 0.00011 0.00003 0.00166
4 2 59 0.00001 -0.00000 -0.00000 -0.00121
4 2 60 0.00000 0.00034 0.00001 0.00033
4 2 61 -0.00001 -0.00047 -0.00000 -0.00026
4 2 62 -0.00001 0.00017 -0.00000 0.00232
4 3 1 -0.00003 -0.00166 0.00003 0.00068
4 3 2 -0.00000 0.00114 -0.00000 0.00368
4 3 3 0.00005 -0.00126 -0.00001 0.00085
4 3 4 -0.00008 -0.00254 -0.00007 -0.00292
4 3 5 0.00001 -0.00042 -0.00002 0.00076
5 1 1 0.00726 -0.07764 -0.00328 -0.00902
5 1 2 -0.00033 0.01489 -0.00031 -0.00648
5 1 3 0.00002 0.01246 -0.00009 -0.01222
5 1 4 -0.00009 0.00970 0.00007 -0.01015
5 1 5 -0.00004 0.00898 0.00000 -0.00921
5 1 6 0.00076 -0.01208 -0.00001 -0.00893
5 1 7 0.00001 0.00755 -0.00011 -0.00792
5 1 8 -0.00031 -0.01529 0.00000 -0.00798
5 1 9 0.00013 -0.01840 -0.00001 -0.00999
5 1 10 0.00025 -0.00939 -0.00003 -0.00643
5 1 11 0.00022 -0.01084 -0.00003 -0.00803
5 1 12 -0.00017 -0.01153 -0.00005 -0.00464
5 1 13 0.00011 -0.00165 0.00017 0.00747
5 1 14 -0.00002 0.00322 -0.00015 0.00768
5 1 15 0.00001 0.00356 -0.00013 0.00338
5 1 16 -0.00005 0.00172 -0.00002 -0.00252
5 1 17 -0.00006 0.00391 0.00008 0.00380
5 1 18 -0.00004 0.00078 -0.00006 0.00565
5 1 19 -0.00003 0.00231 -0.00001 -0.00419
5 1 20 -0.00001 0.00328 0.00006 0.00563
5 1 21 0.00001 0.00158 0.00000 -0.00309
5 1 22 -0.00002 0.00101 0.00004 0.00352
5 1 23 0.00003 -0.00248 0.00001 0.00337
5 2 1 -0.00747 0.01790 -0.01617 0.01313
5 2 2 -0.00389 0.00866 -0.00884 -0.01157
5 2 3 -0.00555 0.02710 -0.00566 -0.02890
5 2 4 0.00461 -0.01203 -0.00438 -0.01897
5 2 5 0.00063 0.00299 0.00033 -0.00163
5 2 6 -0.00054 0.00448 -0.00155 -0.00777
5 2 7 0.00185 -0.01588 -0.00126 -0.00472
5 2 8 -0.00165 -0.00792 -0.00040 -0.00687
5 2 9 -0.00059 0.01369 -0.00034 -0.01032
5 2 10 0.00054 -0.04250 -0.00015 -0.00738
5 2 11 -0.00003 0.00702 -0.00013 -0.00555
5 2 12 -0.00010 0.00650 -0.00004 -0.00627
5 2 13 -0.00019 0.00445 -0.00003 -0.00622
5 2 14 -0.00008 0.00645 -0.00004 -0.00659
5 2 15 -0.00007 0.00598 -0.00004 -0.00617
5 2 16 -0.00010 0.00815 -0.00001 -0.00524
5 2 17 -0.00002 0.00432 -0.00004 -0.00787
5 2 18 0.00012 -0.02368 -0.00004 -0.00713
5 2 19 0.00033 -0.02268 -0.00001 -0.00467
5 2 20 0.00019 -0.02365 -0.00018 0.00230
5 2 21 -0.00006 0.00613 -0.00005 -0.00532
5 2 22 -0.00004 0.00381 0.00031 0.01722
5 2 23 -0.00002 0.00367 -0.00005 -0.00426
5 2 24 0.00031 -0.01346 -0.00003 -0.00420
5 2 25 0.00028 -0.01456 -0.00002 -0.00388
5 2 26 -0.00003 0.00252 -0.00002 -0.00402
5 2 27 -0.00002 0.00248 0.00021 0.01483
5 2 28 -0.00004 0.00422 -0.00001 -0.00309
5 2 29 -0.00004 0.00385 -0.00002 -0.00292
5 2 30 -0.00004 0.00298 -0.00001 -0.00338
5 2 31 -0.00004 0.00439 -0.00002 -0.00270
5 2 32 -0.00003 0.00210 -0.00003 -0.00281
5 2 33 0.00006 -0.01400 -0.00002 -0.00153
5 2 34 -0.00002 0.00160 -0.00003 -0.00259
5 2 35 -0.00002 0.00202 -0.00002 -0.00230
5 2 36 -0.00002 0.00141 -0.00003 -0.00258
5 2 37 -0.00004 0.00156 -0.00002 -0.00173
5 2 38 -0.00002 0.00117 0.00000 0.00004
5 2 39 -0.00002 0.00204 -0.00002 -0.00260
5 2 40 -0.00002 0.00142 -0.00002 -0.00125
5 2 41 -0.00003 0.00094 -0.00002 -0.00183
5 2 42 -0.00001 0.00236 -0.00002 -0.00103
5 2 43 -0.00002 0.00137 -0.00002 -0.00232
5 2 44 -0.00001 0.00059 0.00005 0.00632
5 2 45 -0.00003 0.00167 0.00005 0.00416
5 2 46 0.00000 -0.00011 0.00002 0.00194
5 2 47 -0.00002 0.00147 0.00001 0.00064
5 2 48 -0.00002 0.00052 -0.00002 -0.00053
5 2 49 0.00004 -0.00016 -0.00001 -0.00049
5 2 50 -0.00001 -0.00025 -0.00002 -0.00077
5 2 51 0.00003 0.00092 -0.00001 0.00002
5 2 52 -0.00001 0.00057 -0.00001 0.00065
5 2 53 -0.00001 0.00041 -0.00002 -0.00124
5 2 54 0.00004 0.00345 -0.00001 -0.00035
5 2 55 0.00002 -0.00133 -0.00001 0.00003
5 2 56 0.00000 0.00001 0.00000 0.00172
5 2 57 0.00001 -0.00030 -0.00001 0.00058
5 2 58 0.00001 -0.00027 -0.00001 0.00041
5 2 59 -0.00001 -0.00019 0.00001 0.00071
5 2 60 -0.00001 -0.00066 -0.00000 -0.00141
5 2 61 0.00001 -0.00095 -0.00001 0.00133
5 2 62 -0.00002 -0.00094 -0.00001 -0.00134
5 3 1 0.00001 -0.00001 -0.00003 0.00224
5 3 2 -0.00000 0.00243 0.00002 0.00295
5 3 3 -0.00011 0.00117 0.00000 -0.00253
5 3 4 0.00007 -0.00226 0.00008 0.00290
5 3 5 0.00000 0.00000 0.00000 0.00000
6 1 1 -0.00287 0.01628 0.00118 0.06290
6 1 2 0.00339 -0.05346 0.00383 0.04936
6 1 3 -0.00071 -0.00240 0.00008 -0.00660
6 1 4 -0.00016 0.01042 0.00000 -0.01088
6 1 5 0.00105 -0.01638 0.00005 0.02963
6 1 6 -0.00003 0.01031 -0.00011 -0.00817
6 1 7 -0.00008 0.00587 -0.00037 0.00281
6 1 8 -0.00006 0.00511 0.00021 0.00017
6 1 9 -0.00007 0.00641 -0.00007 -0.00538
6 1 10 -0.00002 0.00475 0.00027 0.00992
6 1 11 0.00020 -0.00934 -0.00005 -0.00659
6 1 12 -0.00005 0.00420 -0.00001 -0.00780
6 1 13 -0.00003 0.00600 -0.00002 -0.00601
6 1 14 0.00003 0.00421 0.00017 0.00420
6 1 15 -0.00009 -0.00469 -0.00004 -0.00508
6 1 16 -0.00010 -0.00157 -0.00006 -0.00353
6 1 17 0.00010 -0.00615 0.00002 0.00028
6 1 18 0.00009 -0.00362 -0.00005 -0.00123
6 1 19 -0.00000 -0.00660 -0.00004 0.00059
6 1 20 0.00004 0.00066 -0.00003 -0.00173
6 1 21 0.00000 0.00000 0.00000 0.00000
6 1 22 -0.00001 -0.00402 -0.00001 -0.00169
6 1 23 -0.00001 -0.00285 -0.00004 0.00320
6 2 1 0.00349 -0.03669 0.00894 0.04048
6 2 2 -0.01048 -0.03082 0.01211 0.00913
6 2 3 0.01066 -0.03638 0.00799 0.00301
6 2 4 0.00973 -0.02072 0.00726 0.02979
6 2 5 -0.00223 0.02089 -0.00042 0.00060
6 2 6 -0.00208 0.01731 0.00319 0.01792
6 2 7 -0.00110 -0.00206 -0.00117 -0.00464
6 2 8 -0.00137 -0.02333 -0.00084 -0.00740
6 2 9 -0.00026 0.00855 -0.00068 -0.01301
6 2 10 0.00016 0.00364 -0.00036 0.04294
6 2 11 -0.00011 0.00729 0.00160 0.02556
6 2 12 -0.00009 0.00619 -0.00001 -0.00635
6 2 13 -0.00003 0.00662 -0.00008 -0.00772
6 2 14 -0.00004 0.00698 -0.00007 -0.00807
6 2 15 -0.00003 0.00619 -0.00003 -0.00600
6 2 16 -0.00002 0.00579 0.00030 0.02603
6 2 17 -0.00002 0.00421 -0.00007 -0.00754
6 2 18 -0.00005 -0.02399 0.00020 0.00069
6 2 19 -0.00005 0.00749 0.00048 0.01397
6 2 20 0.00007 0.00075 -0.00005 -0.00599
6 2 21 -0.00005 0.00459 0.00038 0.01016
6 2 22 -0.00003 0.00417 -0.00003 -0.00408
6 2 23 -0.00003 0.00476 -0.00003 -0.00368
6 2 24 0.00031 -0.01094 -0.00003 -0.00295
6 2 25 -0.00003 0.00370 -0.00002 -0.00424
6 2 26 -0.00003 0.00279 -0.00003 -0.00337
6 2 27 -0.00002 0.00261 -0.00002 -0.00334
6 2 28 -0.00004 0.00366 -0.00004 -0.00389
6 2 29 0.00001 -0.01647 -0.00003 -0.00346
6 2 30 0.00005 -0.00117 -0.00003 -0.00238
6 2 31 -0.00002 0.00367 -0.00003 -0.00360
6 2 32 -0.00002 0.00180 -0.00002 -0.00247
6 2 33 -0.00002 0.00167 -0.00003 -0.00318
6 2 34 -0.00002 0.00225 -0.00003 -0.00180
6 2 35 -0.00002 0.00229 -0.00002 -0.00310
6 2 36 -0.00002 0.00160 -0.00003 -0.00263
6 2 37 0.00009 -0.01079 0.00001 -0.00117
6 2 38 -0.00001 0.00104 -0.00004 -0.00174
6 2 39 -0.00002 0.00133 -0.00002 -0.00147
6 2 40 0.00009 -0.00326 -0.00001 -0.00093
6 2 41 -0.00002 0.00170 0.00002 0.00036
6 2 42 -0.00003 0.00160 0.00007 0.00800
6 2 43 -0.00004 0.00118 -0.00005 0.00001
6 2 44 -0.00003 0.00086 0.00003 0.00771
6 2 45 -0.00002 0.00129 -0.00002 -0.00207
6 2 46 -0.00002 0.00000 -0.00001 -0.00029
6 2 47 0.00006 -0.00015 0.00006 0.00298
6 2 48 -0.00002 0.00091 -0.00002 0.00012
6 2 49 -0.00001 0.00051 -0.00001 -0.00032
6 2 50 -0.00002 0.00191 0.00000 -0.00025
6 2 51 0.00007 -0.00124 -0.00001 -0.00060
6 2 52 -0.00000 -0.00002 0.00005 0.00383
6 2 53 -0.00002 0.00047 0.00000 0.00019
6 2 54 -0.00001 -0.00004 -0.00000 -0.00022
6 2 55 0.00000 -0.00063 -0.00001 0.00061
6 2 56 0.00001 0.00344 -0.00001 -0.00035
6 2 57 -0.00001 -0.00042 0.00003 0.00018
6 2 58 -0.00001 -0.00026 -0.00001 -0.00040
6 2 59 -0.00001 -0.00012 -0.00001 -0.00019
6 2 60 -0.00001 -0.00017 -0.00001 0.00136
6 2 61 -0.00002 -0.00174 -0.00000 -0.00081
6 2 62 -0.00001 -0.00109 -0.00001 0.00053
6 3 1 -0.00002 0.00119 0.00000 -0.00141
6 3 2 -0.00001 0.00101 -0.00002 -0.00070
6 3 3 -0.00041 0.08756 0.00002 -0.00031
6 3 4 0.00001 0.00106 0.00002 0.00150
6 3 5 0.00000 0.00000 0.00000 0.00000
