1 1 1 558.366 558.366 0.633 0.633 0.208 0.001
1 1 2 606.438 606.438 0.738 0.738 0.057 0.001
1 1 3 589.255 589.255 0.754 0.754 -0.012 0.002
1 1 4 614.505 614.505 0.863 0.863 0.513 0.002
1 1 5 794.064 794.064 1.294 1.294 0.277 0.002
1 1 6 586.015 586.015 1.116 1.116 0.006 0.003
1 1 7 614.619 614.619 1.041 1.041 0.033 0.003
1 1 8 591.565 591.565 1.020 1.020 0.030 0.003
1 1 9 740.266 740.266 1.431 1.431 0.260 0.003
1 1 10 665.623 665.623 1.138 1.138 -0.057 0.003
1 1 11 658.819 658.819 1.154 1.154 0.055 0.003
1 1 12 642.863 642.863 1.120 1.120 0.086 0.003
1 1 13 598.386 598.386 1.062 1.062 0.088 0.004
1 1 14 644.396 644.396 1.205 1.205 0.011 0.003
1 1 15 680.680 680.680 1.463 1.463 0.019 0.003
1 1 16 548.952 548.952 1.057 1.057 0.013 0.004
1 1 17 644.098 644.098 1.473 1.473 -0.100 0.004
1 1 18 592.599 592.599 1.309 1.309 -0.050 0.004
1 1 19 569.654 569.654 1.371 1.371 -0.156 0.005
1 1 20 646.579 646.579 1.697 1.697 -0.112 0.004
1 1 21 465.681 465.681 3.925 3.925 -0.099 0.004
1 1 22 534.396 534.396 1.654 1.654 -0.222 0.005
1 1 23 581.234 581.234 1.843 1.843 -0.172 0.005
1 2 1 1391.854 1391.854 22.053 22.053 0.011 0.002
1 2 2 1367.380 1367.380 5.200 5.200 0.008 0.001
1 2 3 1373.730 1373.730 3.808 3.808 -0.005 0.001
1 2 4 1278.257 1278.257 2.930 2.930 -0.014 0.001
1 2 5 1196.748 1196.748 2.538 2.538 0.012 0.001
1 2 6 1176.884 1176.884 2.414 2.414 0.042 0.001
1 2 7 1226.811 1226.811 2.272 2.272 0.007 0.001
1 2 8 1187.426 1187.426 2.275 2.275 0.039 0.001
1 2 9 1172.946 1172.946 2.184 2.184 0.016 0.001
1 2 10 1118.439 1118.439 2.182 2.182 0.020 0.002
1 2 11 1169.367 1169.367 2.322 2.322 0.017 0.001
1 2 12 1100.420 1100.420 2.312 2.312 0.008 0.001
1 2 13 1075.491 1075.491 2.246 2.246 -0.079 0.002
1 2 14 1121.892 1121.892 2.454 2.454 0.072 0.002
1 2 15 1136.522 1136.522 2.297 2.297 0.059 0.002
1 2 16 1081.267 1081.267 2.378 2.378 -0.061 0.002
1 2 17 1138.369 1138.369 2.327 2.327 0.052 0.002
1 2 18 1139.889 1139.889 2.325 2.325 0.053 0.003
1 2 19 1147.843 1147.843 2.415 2.415 0.053 0.003
1 2 20 1097.946 1097.946 2.420 2.420 0.022 0.003
1 2 21 1213.676 1213.676 2.730 2.730 0.082 0.004
1 2 22 1102.193 1102.193 2.511 2.511 0.032 0.003
1 2 23 1136.537 1136.537 2.424 2.424 0.107 0.004
1 2 24 1103.586 1103.586 2.331 2.331 0.019 0.003
1 2 25 1142.637 1142.637 2.497 2.497 0.078 0.003
1 2 26 1181.588 1181.588 2.420 2.420 0.030 0.003
1 2 27 1193.663 1193.663 2.410 2.410 0.048 0.003
1 2 28 1135.097 1135.097 2.644 2.644 -0.017 0.004
1 2 29 1191.015 1191.015 2.732 2.732 0.051 0.004
1 2 30 1135.179 1135.179 2.458 2.458 0.074 0.004
1 2 31 1061.665 1061.665 2.409 2.409 0.095 0.006
1 2 32 1091.390 1091.390 2.255 2.255 0.006 0.002
1 2 33 1218.813 1218.813 2.444 2.444 0.038 0.003
1 2 34 1092.454 1092.454 2.386 2.386 0.024 0.003
1 2 35 1184.540 1184.540 2.451 2.451 0.048 0.003
1 2 36 1128.515 1128.515 2.461 2.461 0.041 0.003
1 2 37 1148.658 1148.658 2.427 2.427 -0.047 0.003
1 2 38 1159.696 1159.696 2.566 2.566 -0.002 0.003
1 2 39 1125.197 1125.197 2.485 2.485 0.006 0.004
1 2 40 1153.595 1153.595 2.517 2.517 0.005 0.004
1 2 41 1206.957 1206.957 2.699 2.699 -0.011 0.003
1 2 42 1167.266 1167.266 2.813 2.813 0.021 0.004
1 2 43 1101.732 1101.732 2.618 2.618 -0.003 0.005
1 2 44 1193.496 1193.496 2.945 2.945 -0.038 0.004
1 2 45 1161.520 1161.520 2.919 2.919 0.067 0.004
1 2 46 1182.076 1182.076 3.193 3.193 -0.022 0.005
1 2 47 1168.734 1168.734 3.081 3.081 -0.024 0.004
1 2 48 1174.436 1174.436 3.124 3.124 -0.041 0.004
1 2 49 1188.016 1188.016 3.448 3.448 -0.006 0.005
1 2 50 1139.957 1139.957 3.358 3.358 -0.001 0.004
1 2 51 1204.512 1204.512 3.426 3.426 0.025 0.003
1 2 52 1245.309 1245.309 3.811 3.811 -0.033 0.004
1 2 53 1250.583 1250.583 3.974 3.974 -0.054 0.004
1 2 54 1211.515 1211.515 3.963 3.963 -0.032 0.006
1 2 55 1165.105 1165.105 4.148 4.148 -0.069 0.005
1 2 56 1173.574 1173.574 3.931 3.931 -0.034 0.004
1 2 57 1167.185 1167.185 4.492 4.492 -0.049 0.005
1 2 58 1203.201 1203.201 4.998 4.998 -0.078 0.005
1 2 59 1197.792 1197.792 4.647 4.647 -0.060 0.005
1 2 60 1173.793 1173.793 4.719 4.719 -0.061 0.005
1 2 61 1163.893 1163.893 4.884 4.884 -0.060 0.005
1 2 62 1149.177 1149.177 4.778 4.778 -0.062 0.005
1 3 1 406.590 406.590 1.855 1.855 0.074 0.004
1 3 2 421.944 421.944 1.190 1.190 -0.023 0.004
1 3 3 428.254 428.254 1.447 1.447 0.105 0.004
1 3 4 -668.061 -668.061 41540.347 41540.347 0.057 0.005
1 3 5 329.779 329.779 17.944 17.944 0.606 0.010
2 1 1 748.263 748.263 0.894 0.894 0.080 0.001
2 1 2 691.217 691.217 0.828 0.828 0.014 0.001
2 1 3 708.495 708.495 0.916 0.916 0.002 0.002
2 1 4 746.302 746.302 1.002 1.002 -0.057 0.002
2 1 5 709.819 709.819 1.104 1.104 -0.109 0.002
2 1 6 12.500 12.500 0.000 0.000 0.000 0.000
2 1 7 803.698 803.698 1.952 1.952 0.040 0.002
2 1 8 693.866 693.866 1.220 1.220 0.071 0.003
2 1 9 696.118 696.118 1.162 1.162 0.046 0.003
2 1 10 12.500 12.500 0.000 0.000 0.000 0.000
2 1 11 822.725 822.725 1.419 1.419 0.060 0.003
2 1 12 674.202 674.202 1.548 1.548 -0.001 0.005
2 1 13 793.911 793.911 1.527 1.527 -0.004 0.004
2 1 14 727.140 727.140 1.383 1.383 -0.017 0.004
2 1 15 739.279 739.279 1.550 1.550 0.116 0.004
2 1 16 637.673 637.673 1.271 1.271 0.021 0.004
2 1 17 657.042 657.042 1.443 1.443 0.049 0.004
2 1 18 704.480 704.480 1.730 1.730 0.125 0.004
2 1 19 502.767 502.767 30.772 30.772 2.680 0.015
2 1 20 643.622 643.622 1.556 1.556 -0.062 0.004
2 1 21 545.025 545.025 1.470 1.470 0.033 0.005
2 1 22 685.161 685.161 1.921 1.921 -0.365 0.005
2 1 23 572.392 572.392 1.948 1.948 0.194 0.005
2 2 1 1516.771 1516.771 5.642 5.642 -0.001 0.001
2 2 2 1503.419 1503.419 3.598 3.598 -0.004 0.001
2 2 3 1416.711 1416.711 2.376 2.376 -0.024 0.001
2 2 4 1369.760 1369.760 1.844 1.844 0.012 0.001
2 2 5 1373.401 1373.401 1.929 1.929 -0.028 0.001
2 2 6 1361.428 1361.428 1.869 1.869 -0.049 0.001
2 2 7 1318.707 1318.707 2.006 2.006 -0.046 0.001
2 2 8 1344.182 1344.182 1.882 1.882 -0.021 0.002
2 2 9 1316.744 1316.744 2.003 2.003 0.026 0.001
2 2 10 1376.685 1376.685 2.069 2.069 -0.053 0.001
2 2 11 1358.545 1358.545 2.061 2.061 0.002 0.001
2 2 12 1362.113 1362.113 2.175 2.175 -0.059 0.001
2 2 13 1337.123 1337.123 2.017 2.017 -0.051 0.002
2 2 14 1353.291 1353.291 2.281 2.281 -0.041 0.002
2 2 15 1335.362 1335.362 2.170 2.170 -0.080 0.002
2 2 16 1312.989 1312.989 2.374 2.374 -0.005 0.002
2 2 17 1342.399 1342.399 2.259 2.259 -0.073 0.002
2 2 18 1319.878 1319.878 2.487 2.487 -0.028 0.003
2 2 19 1366.896 1366.896 2.430 2.430 -0.038 0.003
2 2 20 1365.527 1365.527 2.655 2.655 -0.051 0.003
2 2 21 1291.516 1291.516 2.482 2.482 -0.080 0.004
2 2 22 1380.121 1380.121 2.558 2.558 -0.009 0.003
2 2 23 1322.436 1322.436 2.616 2.616 -0.102 0.003
2 2 24 1349.673 1349.673 2.449 2.449 -0.050 0.004
2 2 25 1372.829 1372.829 2.809 2.809 -0.056 0.003
2 2 26 1317.831 1317.831 2.551 2.551 -0.020 0.003
2 2 27 1353.371 1353.371 2.664 2.664 -0.003 0.003
2 2 28 1359.249 1359.249 2.788 2.788 -0.067 0.003
2 2 29 1288.273 1288.273 2.633 2.633 -0.055 0.004
2 2 30 1324.406 1324.406 2.939 2.939 -0.005 0.004
2 2 31 1294.747 1294.747 2.833 2.833 0.000 0.005
2 2 32 1356.083 1356.083 2.780 2.780 -0.006 0.003
2 2 33 1312.663 1312.663 2.414 2.414 -0.082 0.003
2 2 34 1368.463 1368.463 2.670 2.670 -0.007 0.003
2 2 35 1355.701 1355.701 2.764 2.764 0.023 0.003
2 2 36 1401.091 1401.091 2.976 2.976 -0.028 0.003
2 2 37 1366.856 1366.856 2.750 2.750 -0.016 0.003
2 2 38 1358.036 1358.036 2.720 2.720 -0.006 0.003
2 2 39 1358.737 1358.737 3.022 3.022 0.071 0.004
2 2 40 1370.209 1370.209 3.197 3.197 -0.023 0.004
2 2 41 1340.765 1340.765 3.273 3.273 0.098 0.003
2 2 42 1330.589 1330.589 3.211 3.211 0.081 0.004
2 2 43 1432.961 1432.961 3.449 3.449 0.104 0.004
2 2 44 1350.971 1350.971 3.177 3.177 -0.019 0.003
2 2 45 1308.667 1308.667 3.466 3.466 0.038 0.004
2 2 46 1350.158 1350.158 3.611 3.611 0.050 0.004
2 2 47 1313.026 1313.026 3.416 3.416 -0.035 0.004
2 2 48 1322.887 1322.887 3.622 3.622 0.057 0.004
2 2 49 1350.786 1350.786 3.941 3.941 -0.003 0.004
2 2 50 1347.196 1347.196 4.017 4.017 0.019 0.004
2 2 51 1362.338 1362.338 3.865 3.865 -0.017 0.003
2 2 52 1346.158 1346.158 4.050 4.050 -0.024 0.004
2 2 53 1341.897 1341.897 4.772 4.772 -0.037 0.004
2 2 54 1357.271 1357.271 4.866 4.866 0.028 0.004
2 2 55 1378.736 1378.736 5.444 5.444 -0.001 0.005
2 2 56 1378.059 1378.059 5.475 5.475 0.026 0.004
2 2 57 1375.070 1375.070 5.705 5.705 0.038 0.005
2 2 58 1344.566 1344.566 6.552 6.552 0.088 0.006
2 2 59 1332.042 1332.042 6.310 6.310 0.114 0.006
2 2 60 1332.718 1332.718 6.131 6.131 0.110 0.005
2 2 61 1325.974 1325.974 5.832 5.832 0.071 0.005
2 2 62 1301.194 1301.194 6.079 6.079 0.111 0.005
2 3 1 506.142 506.142 1.284 1.284 0.080 0.004
2 3 2 524.572 524.572 1.014 1.014 -0.025 0.003
2 3 3 494.710 494.710 1.196 1.196 -0.133 0.004
2 3 4 -191.777 -191.777 1.414 1.414 -0.045 0.006
2 3 5 484.134 484.134 2.481 2.481 -0.161 0.006
3 1 1 818.832 818.832 1.315 1.315 0.378 0.001
3 1 2 700.332 700.332 0.933 0.933 0.007 0.001
3 1 3 659.312 659.312 0.950 0.950 0.112 0.002
3 1 4 717.076 717.076 1.028 1.028 0.065 0.001
3 1 5 894.537 894.537 3.330 3.330 -0.164 0.002
3 1 6 750.393 750.393 1.384 1.384 0.163 0.003
3 1 7 736.798 736.798 1.201 1.201 -0.067 0.002
3 1 8 734.484 734.484 1.392 1.392 -0.164 0.002
3 1 9 750.980 750.980 1.337 1.337 -0.009 0.003
3 1 10 773.691 773.691 1.301 1.301 0.282 0.003
3 1 11 739.123 739.123 1.817 1.817 -0.113 0.004
3 1 12 698.840 698.840 1.230 1.230 0.044 0.004
3 1 13 886.117 886.117 0.256 0.256 -0.038 0.004
3 1 14 704.122 704.122 1.269 1.269 0.097 0.004
3 1 15 668.949 668.949 1.387 1.387 -0.076 0.003
3 1 16 597.481 597.481 1.291 1.291 0.199 0.004
3 1 17 626.771 626.771 1.418 1.418 0.047 0.004
3 1 18 780.115 780.115 1.867 1.867 0.336 0.003
3 1 19 583.935 583.935 1.446 1.446 0.022 0.004
3 1 20 680.105 680.105 1.863 1.863 -0.023 0.004
3 1 21 549.762 549.762 1.513 1.513 0.203 0.005
3 1 22 743.385 743.385 2.267 2.267 0.311 0.004
3 1 23 519.398 519.398 1.768 1.768 -0.054 0.005
3 2 1 1464.308 1464.308 20.393 20.393 -0.084 0.001
3 2 2 1425.970 1425.970 6.209 6.209 0.019 0.001
3 2 3 1406.669 1406.669 7.263 7.263 -0.016 0.001
3 2 4 1379.263 1379.263 3.659 3.659 -0.054 0.001
3 2 5 1308.776 1308.776 2.652 2.652 -0.055 0.001
3 2 6 1280.043 1280.043 2.310 2.310 -0.041 0.001
3 2 7 1316.834 1316.834 1.924 1.924 -0.064 0.001
3 2 8 1300.167 1300.167 2.035 2.035 -0.023 0.001
3 2 9 1299.873 1299.873 1.907 1.907 -0.033 0.001
3 2 10 1288.183 1288.183 2.064 2.064 -0.018 0.001
3 2 11 1286.605 1286.605 2.074 2.074 -0.028 0.001
3 2 12 1237.285 1237.285 2.005 2.005 -0.115 0.001
3 2 13 1290.388 1290.388 2.155 2.155 0.007 0.002
3 2 14 1262.547 1262.547 2.329 2.329 -0.022 0.002
3 2 15 1319.976 1319.976 2.520 2.520 0.030 0.002
3 2 16 1297.705 1297.705 2.464 2.464 0.012 0.002
3 2 17 1305.143 1305.143 2.388 2.388 -0.003 0.002
3 2 18 1296.127 1296.127 2.451 2.451 -0.000 0.002
3 2 19 1326.057 1326.057 2.430 2.430 -0.002 0.002
3 2 20 1321.622 1321.622 2.539 2.539 -0.005 0.002
3 2 21 1324.693 1324.693 2.698 2.698 0.005 0.003
3 2 22 1306.126 1306.126 2.579 2.579 0.019 0.003
3 2 23 1295.964 1295.964 2.544 2.544 0.052 0.003
3 2 24 1344.054 1344.054 2.726 2.726 0.047 0.003
3 2 25 1308.462 1308.462 2.615 2.615 0.092 0.003
3 2 26 1313.622 1313.622 2.660 2.660 0.022 0.003
3 2 27 1346.428 1346.428 2.841 2.841 0.059 0.003
3 2 28 1305.090 1305.090 2.951 2.951 0.066 0.004
3 2 29 1327.375 1327.375 2.756 2.756 0.067 0.004
3 2 30 1306.703 1306.703 2.896 2.896 0.009 0.004
3 2 31 1325.121 1325.121 3.011 3.011 0.069 0.004
3 2 32 1278.983 1278.983 2.621 2.621 0.030 0.003
3 2 33 1281.643 1281.643 2.749 2.749 0.148 0.004
3 2 34 1342.685 1342.685 2.729 2.729 0.043 0.003
3 2 35 1379.431 1379.431 3.109 3.109 0.067 0.003
3 2 36 1357.545 1357.545 2.781 2.781 0.054 0.003
3 2 37 1332.705 1332.705 2.850 2.850 0.121 0.003
3 2 38 1397.469 1397.469 2.995 2.995 0.034 0.003
3 2 39 1356.074 1356.074 2.813 2.813 0.081 0.003
3 2 40 1353.461 1353.461 3.003 3.003 0.054 0.003
3 2 41 1300.985 1300.985 3.033 3.033 0.065 0.004
3 2 42 1358.756 1358.756 3.142 3.142 0.135 0.004
3 2 43 1376.517 1376.517 3.329 3.329 0.092 0.004
3 2 44 1303.551 1303.551 3.253 3.253 0.161 0.004
3 2 45 1374.620 1374.620 3.377 3.377 0.074 0.004
3 2 46 1358.648 1358.648 3.517 3.517 0.124 0.005
3 2 47 1342.734 1342.734 3.395 3.395 0.087 0.003
3 2 48 1312.303 1312.303 3.320 3.320 0.055 0.005
3 2 49 1322.513 1322.513 3.719 3.719 0.084 0.005
3 2 50 1330.359 1330.359 3.989 3.989 0.069 0.005
3 2 51 1349.908 1349.908 4.771 4.771 0.032 0.005
3 2 52 1338.480 1338.480 4.642 4.642 0.026 0.003
3 2 53 1300.521 1300.521 4.259 4.259 -0.006 0.005
3 2 54 1367.144 1367.144 5.024 5.024 -0.007 0.004
3 2 55 1374.960 1374.960 5.476 5.476 0.053 0.004
3 2 56 1373.941 1373.941 4.895 4.895 -0.008 0.003
3 2 57 1391.683 1391.683 6.310 6.310 -0.007 0.005
3 2 58 1362.332 1362.332 6.244 6.244 -0.094 0.006
3 2 59 1334.988 1334.988 7.081 7.081 -0.083 0.005
3 2 60 1285.255 1285.255 6.592 6.592 -0.082 0.005
3 2 61 1290.380 1290.380 5.858 5.858 -0.087 0.006
3 2 62 1328.134 1328.134 6.655 6.655 -0.054 0.005
3 3 1 196.144 196.144 77.529 77.529 0.680 0.005
3 3 2 544.925 544.925 1.057 1.057 0.129 0.003
3 3 3 495.004 495.004 1.128 1.128 0.071 0.004
3 3 4 521.975 521.975 2.109 2.109 0.205 0.005
3 3 5 -295.714 -295.714 6.172 6.172 0.085 0.006
4 1 1 139.504 139.504 47.328 47.328 0.031 0.001
4 1 2 516.444 516.444 12.923 12.923 -0.150 0.001
4 1 3 492.007 492.007 1.053 1.053 -0.039 0.001
4 1 4 284.430 284.430 53.487 53.487 -0.046 0.002
4 1 5 514.823 514.823 1.325 1.325 0.188 0.003
4 1 6 615.135 615.135 1.467 1.467 0.571 0.003
4 1 7 415.763 415.763 4.031 4.031 -0.075 0.002
4 1 8 -631.961 -631.961 153.905 153.905 0.042 0.003
4 1 9 -137.173 -137.173 1.414 1.414 0.032 0.003
4 1 10 540.556 540.556 0.928 0.928 -0.221 0.003
4 1 11 324.035 324.035 1.884 1.884 0.145 0.006
4 1 12 445.492 445.492 1.577 1.577 0.172 0.003
4 1 13 466.535 466.535 4.263 4.263 0.024 0.003
4 1 14 469.454 469.454 2.717 2.717 0.126 0.004
4 1 15 -1262.491 -1262.491 1.414 1.414 -0.034 0.004
4 1 16 431.023 431.023 1.011 1.011 -0.298 0.004
4 1 17 364.034 364.034 1.282 1.282 -0.090 0.004
4 1 18 495.591 495.591 1.080 1.080 -0.086 0.004
4 1 19 407.087 407.087 1.129 1.129 -0.224 0.004
4 1 20 337.470 337.470 2.943 2.943 0.014 0.006
4 1 21 379.829 379.829 1.579 1.579 0.008 0.005
4 1 22 -411.711 -411.711 1.414 1.414 -0.058 0.005
4 1 23 572.115 572.115 1.441 1.441 0.213 0.004
4 2 1 1258.314 1258.314 57.559 57.559 0.003 0.001
4 2 2 1340.284 1340.284 7.684 7.684 0.018 0.001
4 2 3 1172.204 1172.204 5.174 5.174 -0.014 0.001
4 2 4 1156.428 1156.428 4.950 4.950 -0.043 0.001
4 2 5 1081.502 1081.502 3.999 3.999 -0.005 0.001
4 2 6 1111.631 1111.631 3.712 3.712 -0.009 0.001
4 2 7 1046.759 1046.759 3.483 3.483 -0.015 0.001
4 2 8 1132.490 1132.490 3.857 3.857 -0.002 0.001
4 2 9 974.149 974.149 3.262 3.262 0.034 0.001
4 2 10 955.091 955.091 3.192 3.192 -0.039 0.001
4 2 11 1078.537 1078.537 4.044 4.044 0.015 0.001
4 2 12 1030.970 1030.970 3.659 3.659 0.003 0.001
4 2 13 1107.329 1107.329 3.829 3.829 0.001 0.001
4 2 14 1073.122 1073.122 3.888 3.888 0.028 0.002
4 2 15 1123.796 1123.796 3.986 3.986 0.024 0.002
4 2 16 1005.337 1005.337 3.493 3.493 0.032 0.002
4 2 17 1087.542 1087.542 3.931 3.931 -0.002 0.002
4 2 18 1002.705 1002.705 3.294 3.294 0.066 0.002
4 2 19 1016.885 1016.885 3.328 3.328 0.023 0.002
4 2 20 1069.270 1069.270 11.713 11.713 0.080 0.003
4 2 21 1044.624 1044.624 2.557 2.557 0.076 0.004
4 2 22 1055.863 1055.863 2.699 2.699 0.034 0.003
4 2 23 1075.979 1075.979 2.368 2.368 0.011 0.003
4 2 24 1118.134 1118.134 2.457 2.457 0.044 0.003
4 2 25 976.726 976.726 2.234 2.234 0.044 0.003
4 2 26 1033.576 1033.576 2.314 2.314 0.048 0.003
4 2 27 1091.375 1091.375 2.501 2.501 0.041 0.003
4 2 28 1046.485 1046.485 2.280 2.280 0.021 0.003
4 2 29 964.460 964.460 2.334 2.334 0.053 0.004
4 2 30 980.413 980.413 2.386 2.386 0.063 0.004
4 2 31 1100.369 1100.369 2.577 2.577 0.029 0.005
4 2 32 1050.011 1050.011 2.223 2.223 -0.015 0.002
4 2 33 1118.820 1118.820 2.474 2.474 -0.001 0.004
4 2 34 1048.174 1048.174 2.318 2.318 -0.052 0.003
4 2 35 1107.632 1107.632 2.326 2.326 -0.002 0.003
4 2 36 1086.940 1086.940 2.347 2.347 0.001 0.003
4 2 37 1109.499 1109.499 2.412 2.412 -0.006 0.003
4 2 38 1098.849 1098.849 2.458 2.458 -0.027 0.003
4 2 39 1138.329 1138.329 2.525 2.525 -0.006 0.003
4 2 40 1103.779 1103.779 2.596 2.596 0.021 0.003
4 2 41 1094.335 1094.335 2.568 2.568 0.015 0.003
4 2 42 1167.660 1167.660 2.873 2.873 0.029 0.003
4 2 43 1128.038 1128.038 2.890 2.890 -0.060 0.004
4 2 44 1150.326 1150.326 2.896 2.896 0.031 0.003
4 2 45 1155.858 1155.858 2.997 2.997 0.058 0.004
4 2 46 1120.206 1120.206 3.023 3.023 0.007 0.004
4 2 47 1115.833 1115.833 2.998 2.998 -0.016 0.004
4 2 48 1082.635 1082.635 3.085 3.085 -0.013 0.003
4 2 49 1009.702 1009.702 3.224 3.224 0.057 0.006
4 2 50 1013.603 1013.603 2.974 2.974 0.005 0.004
4 2 51 1118.211 1118.211 3.616 3.616 -0.001 0.004
4 2 52 1179.212 1179.212 3.437 3.437 0.011 0.004
4 2 53 1119.990 1119.990 4.025 4.025 0.023 0.004
4 2 54 1101.670 1101.670 3.646 3.646 0.078 0.005
4 2 55 1095.382 1095.382 3.930 3.930 0.002 0.005
4 2 56 1195.354 1195.354 4.197 4.197 0.002 0.004
4 2 57 1142.163 1142.163 4.282 4.282 0.021 0.006
4 2 58 1177.783 1177.783 5.160 5.160 -0.017 0.005
4 2 59 1168.852 1168.852 5.574 5.574 0.103 0.006
4 2 60 1162.426 1162.426 5.540 5.540 0.003 0.006
4 2 61 1143.597 1143.597 5.550 5.550 -0.024 0.006
4 2 62 1071.560 1071.560 5.550 5.550 0.019 0.005
4 3 1 361.032 361.032 1.684 1.684 -0.097 0.004
4 3 2 466.031 466.031 2.428 2.428 0.027 0.004
4 3 3 453.276 453.276 3.851 3.851 -0.045 0.004
4 3 4 500.770 500.770 0.147 0.147 0.045 0.005
4 3 5 -172.081 -172.081 5108.457 5108.457 0.041 0.005
5 1 1 675.613 675.613 0.915 0.915 -0.029 0.001
5 1 2 697.078 697.078 0.945 0.945 0.091 0.001
5 1 3 751.722 751.722 1.034 1.034 0.176 0.001
5 1 4 712.397 712.397 1.038 1.038 -0.084 0.001
5 1 5 673.265 673.265 1.164 1.164 -0.070 0.002
5 1 6 801.146 801.146 1.524 1.524 -0.252 0.002
5 1 7 728.048 728.048 1.391 1.391 -0.076 0.003
5 1 8 665.603 665.603 1.353 1.353 -0.135 0.003
5 1 9 799.804 799.804 1.500 1.500 0.111 0.003
5 1 10 813.160 813.160 1.555 1.555 -0.202 0.003
5 1 11 711.089 711.089 1.127 1.127 -0.073 0.003
5 1 12 626.269 626.269 1.188 1.188 -0.094 0.003
5 1 13 721.326 721.326 1.354 1.354 -0.061 0.003
5 1 14 685.336 685.336 1.280 1.280 -0.069 0.004
5 1 15 682.562 682.562 1.289 1.289 -0.019 0.003
5 1 16 730.456 730.456 1.498 1.498 -0.204 0.003
5 1 17 704.043 704.043 1.388 1.388 0.264 0.004
5 1 18 705.605 705.605 1.518 1.518 -0.106 0.003
5 1 19 771.944 771.944 1.893 1.893 0.153 0.003
5 1 20 771.338 771.338 2.006 2.006 0.362 0.004
5 1 21 -752.104 -752.104 1.414 1.414 -0.101 0.004
5 1 22 709.651 709.651 2.050 2.050 -0.032 0.005
5 1 23 559.857 559.857 1.770 1.770 0.192 0.005
5 2 1 1492.969 1492.969 41.886 41.886 0.037 0.001
5 2 2 1559.418 1559.418 9.405 9.405 0.008 0.001
5 2 3 1351.603 1351.603 5.943 5.943 0.010 0.000
5 2 4 1351.415 1351.415 5.897 5.897 -0.015 0.001
5 2 5 1335.853 1335.853 4.456 4.456 0.018 0.001
5 2 6 1324.243 1324.243 3.798 3.798 0.018 0.001
5 2 7 1324.254 1324.254 3.409 3.409 0.016 0.001
5 2 8 1337.231 1337.231 2.920 2.920 0.008 0.001
5 2 9 1306.802 1306.802 3.168 3.168 0.003 0.001
5 2 10 1308.939 1308.939 2.980 2.980 -0.007 0.001
5 2 11 1335.051 1335.051 2.952 2.952 -0.042 0.001
5 2 12 1318.243 1318.243 2.897 2.897 -0.017 0.001
5 2 13 1305.467 1305.467 3.112 3.112 -0.032 0.001
5 2 14 1305.350 1305.350 2.858 2.858 -0.030 0.002
5 2 15 1342.540 1342.540 2.872 2.872 -0.028 0.002
5 2 16 1322.118 1322.118 2.823 2.823 -0.024 0.002
5 2 17 1314.069 1314.069 3.116 3.116 -0.040 0.002
5 2 18 1319.350 1319.350 3.126 3.126 -0.036 0.003
5 2 19 1294.066 1294.066 2.946 2.946 -0.135 0.002
5 2 20 1336.881 1336.881 2.795 2.795 -0.016 0.002
5 2 21 1300.255 1300.255 2.836 2.836 -0.057 0.004
5 2 22 1310.556 1310.556 2.902 2.902 -0.065 0.003
5 2 23 1329.820 1329.820 2.711 2.711 -0.050 0.003
5 2 24 1332.034 1332.034 2.933 2.933 -0.073 0.003
5 2 25 1332.621 1332.621 2.739 2.739 -0.075 0.003
5 2 26 1324.880 1324.880 2.789 2.789 -0.065 0.003
5 2 27 1339.302 1339.302 2.813 2.813 -0.032 0.003
5 2 28 1289.930 1289.930 2.696 2.696 -0.023 0.004
5 2 29 1344.403 1344.403 2.972 2.972 -0.067 0.004
5 2 30 1336.888 1336.888 2.872 2.872 -0.099 0.003
5 2 31 1294.952 1294.952 2.992 2.992 -0.087 0.005
5 2 32 1310.486 1310.486 2.721 2.721 -0.104 0.002
5 2 33 1328.232 1328.232 2.777 2.777 -0.110 0.003
5 2 34 1373.314 1373.314 3.055 3.055 -0.051 0.003
5 2 35 1328.552 1328.552 2.933 2.933 -0.108 0.003
5 2 36 1379.859 1379.859 2.923 2.923 -0.040 0.003
5 2 37 1362.553 1362.553 2.919 2.919 -0.044 0.003
5 2 38 1367.693 1367.693 2.959 2.959 -0.054 0.002
5 2 39 1405.573 1405.573 3.442 3.442 -0.141 0.004
5 2 40 1359.591 1359.591 3.257 3.257 -0.072 0.003
5 2 41 1365.939 1365.939 3.221 3.221 -0.083 0.003
5 2 42 1340.310 1340.310 3.065 3.065 -0.079 0.004
5 2 43 1339.375 1339.375 3.384 3.384 -0.135 0.004
5 2 44 1366.390 1366.390 3.333 3.333 -0.046 0.003
5 2 45 1348.344 1348.344 3.455 3.455 -0.043 0.004
5 2 46 1340.746 1340.746 3.578 3.578 -0.026 0.004
5 2 47 1297.605 1297.605 3.628 3.628 0.058 0.004
5 2 48 1344.362 1344.362 3.796 3.796 -0.033 0.004
5 2 49 1351.253 1351.253 4.368 4.368 -0.067 0.005
5 2 50 1323.533 1323.533 3.861 3.861 -0.037 0.004
5 2 51 1339.679 1339.679 4.526 4.526 -0.030 0.003
5 2 52 1329.791 1329.791 4.511 4.511 -0.037 0.004
5 2 53 1321.293 1321.293 4.314 4.314 -0.076 0.004
5 2 54 1321.048 1321.048 4.502 4.502 -0.062 0.004
5 2 55 1359.037 1359.037 4.914 4.914 -0.030 0.004
5 2 56 1369.772 1369.772 5.011 5.011 0.006 0.006
5 2 57 1364.103 1364.103 5.602 5.602 0.042 0.006
5 2 58 1326.835 1326.835 6.145 6.145 0.133 0.005
5 2 59 1301.214 1301.214 6.750 6.750 0.144 0.006
5 2 60 1302.501 1302.501 6.097 6.097 0.108 0.005
5 2 61 1287.608 1287.608 6.440 6.440 0.049 0.006
5 2 62 1320.849 1320.849 7.070 7.070 0.080 0.005
5 3 1 531.608 531.608 1.289 1.289 0.025 0.004
5 3 2 494.701 494.701 0.995 0.995 -0.157 0.004
5 3 3 -274.008 -274.008 26066.467 26066.467 0.007 0.004
5 3 4 476.647 476.647 1.872 1.872 0.017 0.005
5 3 5 573.237 573.237 2.854 2.854 -0.143 0.005
6 1 1 785.634 785.634 0.927 0.927 -0.240 0.001
6 1 2 827.757 827.757 1.126 1.126 -0.405 0.001
6 1 3 777.022 777.022 1.088 1.088 0.085 0.001
6 1 4 714.829 714.829 1.014 1.014 0.086 0.002
6 1 5 644.191 644.191 0.944 0.944 0.357 0.002
6 1 6 753.534 753.534 1.489 1.489 0.166 0.003
6 1 7 752.772 752.772 1.332 1.332 0.034 0.003
6 1 8 858.804 858.804 1.658 1.658 -0.218 0.002
6 1 9 830.828 830.828 1.699 1.699 -0.165 0.003
6 1 10 789.559 789.559 1.492 1.492 0.309 0.003
6 1 11 794.008 794.008 1.461 1.461 0.040 0.003
6 1 12 637.326 637.326 1.134 1.134 0.062 0.003
6 1 13 729.688 729.688 1.323 1.323 -0.004 0.004
6 1 14 801.100 801.100 1.466 1.466 0.196 0.004
6 1 15 675.384 675.384 1.365 1.365 0.042 0.004
6 1 16 612.181 612.181 1.230 1.230 0.120 0.004
6 1 17 629.752 629.752 1.329 1.329 0.229 0.004
6 1 18 646.747 646.747 1.361 1.361 0.235 0.003
6 1 19 746.446 746.446 2.110 2.110 0.214 0.004
6 1 20 632.478 632.478 1.736 1.736 0.222 0.004
6 1 21 12.500 12.500 0.000 0.000 0.000 0.000
6 1 22 721.677 721.677 2.091 2.091 0.263 0.005
6 1 23 635.465 635.465 1.968 1.968 -0.168 0.005
6 2 1 1562.615 1562.615 13.803 13.803 -0.001 0.001
6 2 2 1566.369 1566.369 6.417 6.417 -0.040 0.001
6 2 3 1489.211 1489.211 3.969 3.969 -0.004 0.001
6 2 4 1428.967 1428.967 3.085 3.085 -0.020 0.001
6 2 5 1372.766 1372.766 2.923 2.923 -0.010 0.001
6 2 6 1359.445 1359.445 2.757 2.757 0.014 0.001
6 2 7 1343.623 1343.623 2.734 2.734 -0.003 0.001
6 2 8 1369.734 1369.734 2.594 2.594 -0.001 0.001
6 2 9 1352.997 1352.997 2.714 2.714 -0.005 0.001
6 2 10 1364.763 1364.763 2.701 2.701 0.026 0.001
6 2 11 1366.035 1366.035 2.823 2.823 0.041 0.001
6 2 12 1348.050 1348.050 2.851 2.851 0.057 0.001
6 2 13 1352.042 1352.042 2.786 2.786 0.034 0.002
6 2 14 1365.897 1365.897 2.915 2.915 0.089 0.002
6 2 15 1326.598 1326.598 2.810 2.810 0.056 0.002
6 2 16 1351.646 1351.646 2.791 2.791 0.068 0.002
6 2 17 1366.145 1366.145 3.060 3.060 0.035 0.003
6 2 18 1332.663 1332.663 2.743 2.743 0.071 0.003
6 2 19 1320.635 1320.635 2.983 2.983 0.019 0.003
6 2 20 1327.868 1327.868 2.514 2.514 0.088 0.003
6 2 21 1309.984 1309.984 2.724 2.724 0.115 0.004
6 2 22 1365.816 1365.816 2.812 2.812 0.056 0.003
6 2 23 1348.741 1348.741 2.957 2.957 0.085 0.003
6 2 24 1322.560 1322.560 2.764 2.764 0.097 0.004
6 2 25 1357.856 1357.856 3.074 3.074 0.115 0.003
6 2 26 1367.288 1367.288 2.876 2.876 0.087 0.003
6 2 27 1338.207 1338.207 2.956 2.956 0.093 0.003
6 2 28 1355.037 1355.037 2.838 2.838 0.072 0.005
6 2 29 1355.220 1355.220 3.005 3.005 0.109 0.005
6 2 30 1363.704 1363.704 3.082 3.082 0.090 0.004
6 2 31 1326.553 1326.553 2.932 2.932 0.146 0.005
6 2 32 1350.850 1350.850 2.779 2.779 0.069 0.002
6 2 33 1327.629 1327.629 2.970 2.970 0.061 0.004
6 2 34 1371.505 1371.505 3.023 3.023 0.097 0.003
6 2 35 1374.590 1374.590 2.895 2.895 0.076 0.003
6 2 36 1354.374 1354.374 3.063 3.063 0.092 0.003
6 2 37 1373.369 1373.369 2.984 2.984 0.109 0.004
6 2 38 1376.166 1376.166 3.181 3.181 0.081 0.003
6 2 39 1343.082 1343.082 3.032 3.032 0.065 0.003
6 2 40 1362.384 1362.384 3.259 3.259 0.101 0.003
6 2 41 1368.046 1368.046 3.290 3.290 0.164 0.004
6 2 42 1368.495 1368.495 3.415 3.415 0.089 0.004
6 2 43 1400.701 1400.701 3.572 3.572 0.125 0.005
6 2 44 1367.846 1367.846 3.832 3.832 0.061 0.004
6 2 45 1313.187 1313.187 3.667 3.667 0.071 0.005
6 2 46 1329.293 1329.293 3.907 3.907 0.035 0.005
6 2 47 1340.260 1340.260 3.946 3.946 0.090 0.005
6 2 48 1364.197 1364.197 3.980 3.980 0.062 0.003
6 2 49 1346.952 1346.952 3.835 3.835 0.007 0.004
6 2 50 1375.369 1375.369 4.215 4.215 0.096 0.004
6 2 51 1512.518 1512.518 5.224 5.224 -0.005 0.003
6 2 52 1450.064 1450.064 4.760 4.760 0.024 0.004
6 2 53 1392.500 1392.500 4.879 4.879 -0.003 0.004
6 2 54 1378.701 1378.701 5.065 5.065 0.008 0.005
6 2 55 1341.731 1341.731 5.114 5.114 0.071 0.004
6 2 56 1454.124 1454.124 6.003 6.003 -0.037 0.005
6 2 57 1388.666 1388.666 5.928 5.928 -0.082 0.006
6 2 58 1385.738 1385.738 6.242 6.242 -0.047 0.005
6 2 59 1322.924 1322.924 6.038 6.038 0.033 0.005
6 2 60 1333.068 1333.068 5.721 5.721 -0.013 0.005
6 2 61 1353.273 1353.273 6.340 6.340 0.014 0.005
6 2 62 1348.668 1348.668 7.167 7.167 -0.010 0.004
6 3 1 589.846 589.846 1.357 1.357 0.055 0.004
6 3 2 603.230 603.230 1.207 1.207 0.339 0.004
6 3 3 488.994 488.994 34.177 34.177 -1.377 0.007
6 3 4 -191.004 -191.004 1.414 1.414 0.083 0.005
6 3 5 528.571 528.571 10.123 10.123 0.163 0.005
