1 1 1 55.982 0.500 0.000 68.947 0.500 0.000
1 1 2 66.150 0.500 0.000 54.927 0.500 0.000
1 1 3 71.816 0.500 0.000 60.787 0.500 0.000
1 1 4 63.317 0.500 0.000 64.703 0.500 0.000
1 1 5 69.587 0.500 0.000 60.960 0.500 0.000
1 1 6 86.204 0.500 0.000 57.150 0.500 0.000
1 1 7 71.114 0.500 0.000 66.680 0.500 0.000
1 1 8 50.327 0.500 0.000 61.246 0.500 0.000
1 1 9 48.834 0.500 0.000 85.348 0.500 0.000
1 1 10 71.527 0.500 0.000 78.583 0.500 0.000
1 1 11 55.674 0.500 0.000 61.106 0.500 0.000
1 1 12 73.775 0.500 0.000 38.825 0.500 0.000
1 1 13 44.673 0.500 0.000 84.384 0.500 0.000
1 1 14 71.900 0.500 0.000 85.307 0.500 0.000
1 1 15 28.561 0.500 0.000 45.296 0.500 0.000
1 1 16 62.450 0.500 0.000 87.318 0.500 0.000
1 1 17 82.515 0.500 0.000 107.766 0.500 0.000
1 1 18 79.036 0.500 0.000 34.765 0.500 0.000
1 1 19 58.649 0.500 0.000 193.655 0.500 0.000
1 1 20 166.986 0.500 0.000 58.139 0.500 0.000
1 1 21 80.512 0.500 0.000 49.164 0.500 0.000
1 1 22 50.474 0.500 0.000 25.803 0.500 0.000
1 1 23 26.631 0.500 0.000 40.000 0.500 0.000
1 2 1 40.000 0.500 0.000 40.000 0.500 0.000
1 2 2 46.122 0.500 0.000 46.797 0.500 0.000
1 2 3 48.336 0.500 0.000 45.926 0.500 0.000
1 2 4 54.326 0.500 0.000 50.659 0.500 0.000
1 2 5 55.063 0.500 0.000 40.300 0.500 0.000
1 2 6 53.099 0.500 0.000 57.169 0.500 0.000
1 2 7 50.282 0.500 0.000 50.521 0.500 0.000
1 2 8 53.973 0.500 0.000 49.065 0.500 0.000
1 2 9 49.035 0.500 0.000 61.033 0.500 0.000
1 2 10 52.422 0.500 0.000 58.454 0.500 0.000
1 2 11 59.629 0.500 0.000 49.784 0.500 0.000
1 2 12 55.092 0.500 0.000 52.221 0.500 0.000
1 2 13 78.463 0.500 0.000 65.768 0.500 0.000
1 2 14 50.882 0.500 0.000 60.130 0.500 0.000
1 2 15 63.048 0.500 0.000 54.288 0.500 0.000
1 2 16 51.656 0.500 0.000 73.487 0.500 0.000
1 2 17 57.987 0.500 0.000 60.288 0.500 0.000
1 2 18 83.346 0.500 0.000 65.785 0.500 0.000
1 2 19 56.975 0.500 0.000 62.587 0.500 0.000
1 2 20 62.388 0.500 0.000 63.780 0.500 0.000
1 2 21 58.861 0.500 0.000 68.827 0.500 0.000
1 2 22 43.400 0.500 0.000 70.856 0.500 0.000
1 2 23 58.707 0.500 0.000 57.370 0.500 0.000
1 2 24 58.341 0.500 0.000 47.173 0.500 0.000
1 2 25 39.497 0.500 0.000 50.658 0.500 0.000
1 2 26 43.037 0.500 0.000 43.454 0.500 0.000
1 2 27 25.155 0.500 0.000 44.705 0.500 0.000
1 2 28 48.874 0.500 0.000 53.410 0.500 0.000
1 2 29 0.000 0.500 0.000 35.683 0.500 0.000
1 2 30 28.852 0.500 0.000 60.723 0.500 0.000
1 2 31 66.405 0.500 0.000 63.943 0.500 0.000
1 2 32 65.949 0.500 0.000 44.157 0.500 0.000
1 2 33 39.097 0.500 0.000 19.389 0.500 0.000
1 2 34 36.344 0.500 0.000 29.751 0.500 0.000
1 2 35 25.876 0.500 0.000 96.268 0.500 0.000
1 2 36 48.955 0.500 0.000 26.244 0.500 0.000
1 2 37 25.044 0.500 0.000 43.744 0.500 0.000
1 2 38 48.337 0.500 0.000 64.862 0.500 0.000
1 2 39 65.142 0.500 0.000 52.003 0.500 0.000
1 2 40 52.605 0.500 0.000 66.356 0.500 0.000
1 2 41 55.542 0.500 0.000 62.163 0.500 0.000
1 2 42 67.910 0.500 0.000 59.898 0.500 0.000
1 2 43 47.266 0.500 0.000 66.993 0.500 0.000
1 2 44 49.137 0.500 0.000 51.263 0.500 0.000
1 2 45 11.176 0.500 0.000 78.018 0.500 0.000
1 2 46 57.831 0.500 0.000 40.918 0.500 0.000
1 2 47 39.485 0.500 0.000 27.183 0.500 0.000
1 2 48 9.215 0.500 0.000 56.038 0.500 0.000
1 2 49 90.228 0.500 0.000 40.000 0.500 0.000
1 2 50 119.633 0.500 0.000 30.454 0.500 0.000
1 2 51 193.935 0.500 0.000 103.757 0.500 0.000
1 2 52 57.584 0.500 0.000 0.528 0.500 0.000
1 2 53 43.050 0.500 0.000 106.329 0.500 0.000
1 2 54 170.472 0.500 0.000 40.000 0.500 0.000
1 2 55 41.234 0.500 0.000 40.000 0.500 0.000
1 2 56 42.435 0.500 0.000 40.000 0.500 0.000
1 2 57 7.464 0.500 0.000 41.135 0.500 0.000
1 2 58 34.532 0.500 0.000 40.000 0.500 0.000
1 2 59 36.911 0.500 0.000 40.000 0.500 0.000
1 2 60 10.672 0.500 0.000 40.000 0.500 0.000
1 2 61 40.000 0.500 0.000 40.000 0.500 0.000
1 2 62 42.819 0.500 0.000 40.000 0.500 0.000
1 3 1 40.000 0.500 0.000 40.000 0.500 0.000
1 3 2 40.000 0.500 0.000 40.000 0.500 0.000
1 3 3 40.000 0.500 0.000 40.000 0.500 0.000
1 3 4 40.000 0.500 0.000 40.000 0.500 0.000
1 3 5 40.000 0.500 0.000 40.000 0.500 0.000
2 1 1 61.241 0.500 0.000 67.132 0.500 0.000
2 1 2 59.977 0.500 0.000 55.421 0.500 0.000
2 1 3 57.572 0.500 0.000 52.624 0.500 0.000
2 1 4 62.854 0.500 0.000 56.072 0.500 0.000
2 1 5 55.843 0.500 0.000 65.911 0.500 0.000
2 1 6 40.000 0.500 0.000 40.000 0.500 0.000
2 1 7 58.151 0.500 0.000 50.703 0.500 0.000
2 1 8 75.142 0.500 0.000 67.120 0.500 0.000
2 1 9 53.390 0.500 0.000 64.219 0.500 0.000
2 1 10 40.000 0.500 0.000 40.000 0.500 0.000
2 1 11 64.368 0.500 0.000 86.227 0.500 0.000
2 1 12 43.339 0.500 0.000 49.909 0.500 0.000
2 1 13 64.954 0.500 0.000 56.002 0.500 0.000
2 1 14 59.832 0.500 0.000 79.818 0.500 0.000
2 1 15 44.362 0.500 0.000 57.294 0.500 0.000
2 1 16 62.107 0.500 0.000 75.037 0.500 0.000
2 1 17 62.542 0.500 0.000 89.428 0.500 0.000
2 1 18 48.736 0.500 0.000 94.835 0.500 0.000
2 1 19 112.675 0.500 0.000 40.000 0.500 0.000
2 1 20 0.047 0.500 0.000 75.269 0.500 0.000
2 1 21 29.824 0.500 0.000 78.838 0.500 0.000
2 1 22 40.000 0.500 0.000 40.000 0.500 0.000
2 1 23 40.000 0.500 0.000 40.000 0.500 0.000
2 2 1 37.181 0.500 0.000 42.960 0.500 0.000
2 2 2 52.931 0.500 0.000 55.411 0.500 0.000
2 2 3 55.628 0.500 0.000 58.882 0.500 0.000
2 2 4 52.653 0.500 0.000 51.615 0.500 0.000
2 2 5 52.367 0.500 0.000 46.586 0.500 0.000
2 2 6 48.240 0.500 0.000 55.589 0.500 0.000
2 2 7 53.807 0.500 0.000 49.659 0.500 0.000
2 2 8 52.101 0.500 0.000 55.620 0.500 0.000
2 2 9 53.255 0.500 0.000 49.416 0.500 0.000
2 2 10 54.719 0.500 0.000 55.108 0.500 0.000
2 2 11 56.113 0.500 0.000 48.070 0.500 0.000
2 2 12 46.568 0.500 0.000 52.737 0.500 0.000
2 2 13 51.088 0.500 0.000 65.145 0.500 0.000
2 2 14 54.698 0.500 0.000 61.435 0.500 0.000
2 2 15 63.161 0.500 0.000 62.008 0.500 0.000
2 2 16 56.758 0.500 0.000 63.369 0.500 0.000
2 2 17 52.383 0.500 0.000 51.533 0.500 0.000
2 2 18 64.482 0.500 0.000 68.190 0.500 0.000
2 2 19 59.554 0.500 0.000 58.175 0.500 0.000
2 2 20 46.126 0.500 0.000 48.680 0.500 0.000
2 2 21 56.589 0.500 0.000 57.758 0.500 0.000
2 2 22 35.070 0.500 0.000 52.475 0.500 0.000
2 2 23 47.295 0.500 0.000 63.426 0.500 0.000
2 2 24 52.021 0.500 0.000 53.286 0.500 0.000
2 2 25 34.100 0.500 0.000 51.165 0.500 0.000
2 2 26 45.171 0.500 0.000 53.519 0.500 0.000
2 2 27 33.741 0.500 0.000 44.670 0.500 0.000
2 2 28 32.265 0.500 0.000 37.899 0.500 0.000
2 2 29 61.442 0.500 0.000 44.971 0.500 0.000
2 2 30 65.571 0.500 0.000 69.568 0.500 0.000
2 2 31 32.181 0.500 0.000 17.245 0.500 0.000
2 2 32 66.292 0.500 0.000 31.017 0.500 0.000
2 2 33 46.342 0.500 0.000 53.417 0.500 0.000
2 2 34 60.460 0.500 0.000 36.317 0.500 0.000
2 2 35 50.106 0.500 0.000 69.199 0.500 0.000
2 2 36 23.336 0.500 0.000 55.637 0.500 0.000
2 2 37 89.462 0.500 0.000 54.939 0.500 0.000
2 2 38 72.924 0.500 0.000 107.353 0.500 0.000
2 2 39 69.884 0.500 0.000 36.904 0.500 0.000
2 2 40 38.081 0.500 0.000 41.443 0.500 0.000
2 2 41 8.057 0.500 0.000 37.138 0.500 0.000
2 2 42 23.199 0.500 0.000 52.560 0.500 0.000
2 2 43 63.082 0.500 0.000 69.235 0.500 0.000
2 2 44 50.575 0.500 0.000 45.549 0.500 0.000
2 2 45 56.913 0.500 0.000 23.817 0.500 0.000
2 2 46 24.755 0.500 0.000 46.784 0.500 0.000
2 2 47 55.437 0.500 0.000 73.566 0.500 0.000
2 2 48 122.059 0.500 0.000 23.390 0.500 0.000
2 2 49 5.445 0.500 0.000 0.000 0.500 0.000
2 2 50 200.000 0.500 0.000 89.015 0.500 0.000
2 2 51 49.044 0.500 0.000 39.488 0.500 0.000
2 2 52 0.000 0.500 0.000 40.000 0.500 0.000
2 2 53 40.000 0.500 0.000 153.855 0.500 0.000
2 2 54 200.000 0.500 0.000 0.000 0.500 0.000
2 2 55 40.000 0.500 0.000 40.000 0.500 0.000
2 2 56 40.000 0.500 0.000 41.322 0.500 0.000
2 2 57 41.498 0.500 0.000 32.804 0.500 0.000
2 2 58 40.000 0.500 0.000 40.000 0.500 0.000
2 2 59 40.000 0.500 0.000 40.000 0.500 0.000
2 2 60 40.000 0.500 0.000 40.000 0.500 0.000
2 2 61 40.000 0.500 0.000 40.000 0.500 0.000
2 2 62 40.000 0.500 0.000 40.000 0.500 0.000
2 3 1 40.000 0.500 0.000 40.000 0.500 0.000
2 3 2 40.000 0.500 0.000 40.000 0.500 0.000
2 3 3 40.000 0.500 0.000 40.000 0.500 0.000
2 3 4 40.000 0.500 0.000 40.000 0.500 0.000
2 3 5 40.000 0.500 0.000 40.000 0.500 0.000
3 1 1 60.023 0.500 0.000 55.932 0.500 0.000
3 1 2 62.889 0.500 0.000 58.441 0.500 0.000
3 1 3 52.914 0.500 0.000 50.283 0.500 0.000
3 1 4 68.195 0.500 0.000 59.731 0.500 0.000
3 1 5 68.690 0.500 0.000 54.005 0.500 0.000
3 1 6 68.507 0.500 0.000 54.960 0.500 0.000
3 1 7 45.772 0.500 0.000 59.148 0.500 0.000
3 1 8 57.317 0.500 0.000 44.906 0.500 0.000
3 1 9 84.454 0.500 0.000 62.519 0.500 0.000
3 1 10 57.525 0.500 0.000 69.001 0.500 0.000
3 1 11 13.991 0.500 0.000 68.765 0.500 0.000
3 1 12 64.102 0.500 0.000 30.071 0.500 0.000
3 1 13 80.133 0.500 0.000 78.091 0.500 0.000
3 1 14 95.616 0.500 0.000 86.146 0.500 0.000
3 1 15 99.421 0.500 0.000 81.319 0.500 0.000
3 1 16 70.086 0.500 0.000 61.705 0.500 0.000
3 1 17 47.036 0.500 0.000 38.232 0.500 0.000
3 1 18 62.927 0.500 0.000 101.421 0.500 0.000
3 1 19 15.902 0.500 0.000 142.814 0.500 0.000
3 1 20 90.547 0.500 0.000 106.572 0.500 0.000
3 1 21 27.975 0.500 0.000 42.593 0.500 0.000
3 1 22 0.000 0.500 0.000 40.000 0.500 0.000
3 1 23 40.000 0.500 0.000 26.951 0.500 0.000
3 2 1 105.561 0.500 0.000 53.404 0.500 0.000
3 2 2 48.239 0.500 0.000 42.909 0.500 0.000
3 2 3 53.287 0.500 0.000 39.516 0.500 0.000
3 2 4 48.952 0.500 0.000 53.665 0.500 0.000
3 2 5 48.727 0.500 0.000 50.313 0.500 0.000
3 2 6 54.819 0.500 0.000 59.915 0.500 0.000
3 2 7 52.378 0.500 0.000 49.135 0.500 0.000
3 2 8 52.423 0.500 0.000 43.367 0.500 0.000
3 2 9 52.081 0.500 0.000 64.946 0.500 0.000
3 2 10 54.625 0.500 0.000 52.613 0.500 0.000
3 2 11 47.679 0.500 0.000 49.528 0.500 0.000
3 2 12 58.194 0.500 0.000 46.692 0.500 0.000
3 2 13 62.900 0.500 0.000 48.137 0.500 0.000
3 2 14 52.792 0.500 0.000 53.753 0.500 0.000
3 2 15 61.254 0.500 0.000 50.472 0.500 0.000
3 2 16 55.204 0.500 0.000 60.200 0.500 0.000
3 2 17 59.831 0.500 0.000 51.191 0.500 0.000
3 2 18 57.418 0.500 0.000 65.285 0.500 0.000
3 2 19 52.298 0.500 0.000 66.548 0.500 0.000
3 2 20 51.246 0.500 0.000 50.803 0.500 0.000
3 2 21 62.292 0.500 0.000 55.400 0.500 0.000
3 2 22 42.328 0.500 0.000 56.937 0.500 0.000
3 2 23 60.219 0.500 0.000 54.359 0.500 0.000
3 2 24 39.575 0.500 0.000 54.952 0.500 0.000
3 2 25 66.767 0.500 0.000 46.231 0.500 0.000
3 2 26 44.820 0.500 0.000 38.705 0.500 0.000
3 2 27 51.362 0.500 0.000 67.019 0.500 0.000
3 2 28 45.627 0.500 0.000 32.280 0.500 0.000
3 2 29 64.825 0.500 0.000 45.395 0.500 0.000
3 2 30 27.049 0.500 0.000 73.130 0.500 0.000
3 2 31 53.057 0.500 0.000 55.475 0.500 0.000
3 2 32 24.119 0.500 0.000 36.946 0.500 0.000
3 2 33 56.740 0.500 0.000 14.603 0.500 0.000
3 2 34 25.945 0.500 0.000 1.543 0.500 0.000
3 2 35 29.201 0.500 0.000 30.959 0.500 0.000
3 2 36 8.352 0.500 0.000 57.103 0.500 0.000
3 2 37 52.036 0.500 0.000 59.655 0.500 0.000
3 2 38 61.191 0.500 0.000 55.810 0.500 0.000
3 2 39 45.357 0.500 0.000 0.000 0.500 0.000
3 2 40 81.535 0.500 0.000 19.202 0.500 0.000
3 2 41 0.000 0.500 0.000 6.625 0.500 0.000
3 2 42 65.243 0.500 0.000 71.656 0.500 0.000
3 2 43 71.381 0.500 0.000 88.772 0.500 0.000
3 2 44 63.331 0.500 0.000 23.709 0.500 0.000
3 2 45 13.016 0.500 0.000 63.561 0.500 0.000
3 2 46 55.228 0.500 0.000 32.789 0.500 0.000
3 2 47 73.026 0.500 0.000 89.016 0.500 0.000
3 2 48 44.723 0.500 0.000 61.414 0.500 0.000
3 2 49 0.000 0.500 0.000 130.105 0.500 0.000
3 2 50 199.994 0.500 0.000 87.796 0.500 0.000
3 2 51 87.849 0.500 0.000 40.000 0.500 0.000
3 2 52 27.790 0.500 0.000 40.437 0.500 0.000
3 2 53 200.000 0.500 0.000 34.379 0.500 0.000
3 2 54 40.000 0.500 0.000 35.064 0.500 0.000
3 2 55 109.169 0.500 0.000 40.000 0.500 0.000
3 2 56 40.000 0.500 0.000 40.000 0.500 0.000
3 2 57 40.000 0.500 0.000 40.000 0.500 0.000
3 2 58 40.000 0.500 0.000 40.000 0.500 0.000
3 2 59 40.000 0.500 0.000 40.000 0.500 0.000
3 2 60 40.000 0.500 0.000 40.000 0.500 0.000
3 2 61 40.000 0.500 0.000 40.000 0.500 0.000
3 2 62 40.000 0.500 0.000 40.000 0.500 0.000
3 3 1 29.102 0.500 0.000 40.000 0.500 0.000
3 3 2 40.000 0.500 0.000 23.674 0.500 0.000
3 3 3 40.000 0.500 0.000 40.000 0.500 0.000
3 3 4 40.000 0.500 0.000 40.000 0.500 0.000
3 3 5 40.000 0.500 0.000 40.000 0.500 0.000
4 1 1 64.284 0.500 0.000 64.316 0.500 0.000
4 1 2 68.104 0.500 0.000 67.250 0.500 0.000
4 1 3 69.345 0.500 0.000 63.491 0.500 0.000
4 1 4 53.339 0.500 0.000 59.478 0.500 0.000
4 1 5 56.606 0.500 0.000 59.046 0.500 0.000
4 1 6 66.584 0.500 0.000 110.957 0.500 0.000
4 1 7 74.337 0.500 0.000 60.455 0.500 0.000
4 1 8 61.521 0.500 0.000 60.467 0.500 0.000
4 1 9 63.074 0.500 0.000 65.274 0.500 0.000
4 1 10 89.648 0.500 0.000 77.736 0.500 0.000
4 1 11 53.777 0.500 0.000 55.307 0.500 0.000
4 1 12 73.115 0.500 0.000 62.977 0.500 0.000
4 1 13 91.479 0.500 0.000 58.318 0.500 0.000
4 1 14 55.583 0.500 0.000 69.693 0.500 0.000
4 1 15 85.377 0.500 0.000 64.469 0.500 0.000
4 1 16 60.624 0.500 0.000 57.399 0.500 0.000
4 1 17 59.677 0.500 0.000 85.387 0.500 0.000
4 1 18 31.998 0.500 0.000 40.148 0.500 0.000
4 1 19 96.395 0.500 0.000 101.866 0.500 0.000
4 1 20 34.812 0.500 0.000 75.673 0.500 0.000
4 1 21 43.463 0.500 0.000 0.000 0.500 0.000
4 1 22 40.000 0.500 0.000 40.000 0.500 0.000
4 1 23 32.138 0.500 0.000 40.000 0.500 0.000
4 2 1 43.081 0.500 0.000 0.000 0.500 0.000
4 2 2 54.097 0.500 0.000 46.554 0.500 0.000
4 2 3 46.950 0.500 0.000 53.212 0.500 0.000
4 2 4 54.701 0.500 0.000 55.196 0.500 0.000
4 2 5 52.566 0.500 0.000 50.093 0.500 0.000
4 2 6 50.012 0.500 0.000 57.842 0.500 0.000
4 2 7 53.248 0.500 0.000 53.828 0.500 0.000
4 2 8 60.648 0.500 0.000 54.504 0.500 0.000
4 2 9 46.057 0.500 0.000 56.100 0.500 0.000
4 2 10 53.201 0.500 0.000 55.975 0.500 0.000
4 2 11 52.713 0.500 0.000 55.695 0.500 0.000
4 2 12 53.532 0.500 0.000 54.919 0.500 0.000
4 2 13 56.137 0.500 0.000 50.594 0.500 0.000
4 2 14 65.815 0.500 0.000 54.151 0.500 0.000
4 2 15 49.522 0.500 0.000 61.860 0.500 0.000
4 2 16 56.429 0.500 0.000 55.399 0.500 0.000
4 2 17 57.122 0.500 0.000 54.821 0.500 0.000
4 2 18 47.976 0.500 0.000 60.560 0.500 0.000
4 2 19 53.581 0.500 0.000 58.267 0.500 0.000
4 2 20 70.544 0.500 0.000 49.702 0.500 0.000
4 2 21 52.277 0.500 0.000 68.842 0.500 0.000
4 2 22 58.084 0.500 0.000 56.911 0.500 0.000
4 2 23 55.595 0.500 0.000 61.805 0.500 0.000
4 2 24 56.812 0.500 0.000 43.392 0.500 0.000
4 2 25 58.797 0.500 0.000 45.606 0.500 0.000
4 2 26 40.974 0.500 0.000 53.536 0.500 0.000
4 2 27 37.904 0.500 0.000 48.501 0.500 0.000
4 2 28 51.090 0.500 0.000 50.265 0.500 0.000
4 2 29 47.738 0.500 0.000 33.384 0.500 0.000
4 2 30 54.340 0.500 0.000 40.389 0.500 0.000
4 2 31 58.571 0.500 0.000 42.823 0.500 0.000
4 2 32 29.021 0.500 0.000 67.509 0.500 0.000
4 2 33 9.135 0.500 0.000 44.164 0.500 0.000
4 2 34 81.719 0.500 0.000 48.794 0.500 0.000
4 2 35 30.868 0.500 0.000 28.068 0.500 0.000
4 2 36 64.047 0.500 0.000 18.641 0.500 0.000
4 2 37 72.969 0.500 0.000 67.036 0.500 0.000
4 2 38 50.841 0.500 0.000 28.367 0.500 0.000
4 2 39 50.032 0.500 0.000 21.316 0.500 0.000
4 2 40 55.854 0.500 0.000 30.694 0.500 0.000
4 2 41 50.375 0.500 0.000 51.346 0.500 0.000
4 2 42 11.490 0.500 0.000 11.131 0.500 0.000
4 2 43 7.123 0.500 0.000 51.771 0.500 0.000
4 2 44 36.557 0.500 0.000 43.186 0.500 0.000
4 2 45 42.802 0.500 0.000 111.582 0.500 0.000
4 2 46 137.495 0.500 0.000 65.384 0.500 0.000
4 2 47 50.153 0.500 0.000 89.380 0.500 0.000
4 2 48 81.381 0.500 0.000 34.534 0.500 0.000
4 2 49 38.579 0.500 0.000 49.614 0.500 0.000
4 2 50 21.419 0.500 0.000 80.829 0.500 0.000
4 2 51 199.957 0.500 0.000 0.000 0.500 0.000
4 2 52 177.218 0.500 0.000 127.946 0.500 0.000
4 2 53 0.017 0.500 0.000 39.612 0.500 0.000
4 2 54 41.024 0.500 0.000 29.378 0.500 0.000
4 2 55 40.000 0.500 0.000 40.000 0.500 0.000
4 2 56 32.274 0.500 0.000 40.000 0.500 0.000
4 2 57 40.000 0.500 0.000 40.000 0.500 0.000
4 2 58 40.000 0.500 0.000 40.000 0.500 0.000
4 2 59 40.000 0.500 0.000 40.000 0.500 0.000
4 2 60 40.000 0.500 0.000 40.000 0.500 0.000
4 2 61 40.000 0.500 0.000 40.000 0.500 0.000
4 2 62 40.000 0.500 0.000 40.000 0.500 0.000
4 3 1 40.000 0.500 0.000 40.000 0.500 0.000
4 3 2 40.000 0.500 0.000 40.000 0.500 0.000
4 3 3 40.000 0.500 0.000 40.000 0.500 0.000
4 3 4 40.000 0.500 0.000 40.000 0.500 0.000
4 3 5 40.000 0.500 0.000 40.000 0.500 0.000
5 1 1 59.076 0.500 0.000 71.896 0.500 0.000
5 1 2 66.185 0.500 0.000 51.632 0.500 0.000
5 1 3 68.138 0.500 0.000 69.514 0.500 0.000
5 1 4 65.052 0.500 0.000 57.659 0.500 0.000
5 1 5 53.195 0.500 0.000 59.413 0.500 0.000
5 1 6 69.503 0.500 0.000 61.785 0.500 0.000
5 1 7 62.393 0.500 0.000 61.985 0.500 0.000
5 1 8 58.098 0.500 0.000 56.646 0.500 0.000
5 1 9 53.562 0.500 0.000 76.530 0.500 0.000
5 1 10 57.688 0.500 0.000 71.040 0.500 0.000
5 1 11 75.755 0.500 0.000 59.667 0.500 0.000
5 1 12 79.264 0.500 0.000 70.959 0.500 0.000
5 1 13 56.103 0.500 0.000 83.624 0.500 0.000
5 1 14 54.505 0.500 0.000 57.957 0.500 0.000
5 1 15 60.462 0.500 0.000 65.926 0.500 0.000
5 1 16 64.632 0.500 0.000 50.668 0.500 0.000
5 1 17 81.835 0.500 0.000 51.703 0.500 0.000
5 1 18 35.374 0.500 0.000 119.802 0.500 0.000
5 1 19 69.249 0.500 0.000 55.735 0.500 0.000
5 1 20 88.354 0.500 0.000 37.436 0.500 0.000
5 1 21 44.950 0.500 0.000 106.789 0.500 0.000
5 1 22 35.610 0.500 0.000 40.000 0.500 0.000
5 1 23 40.000 0.500 0.000 40.000 0.500 0.000
5 2 1 51.649 0.500 0.000 45.562 0.500 0.000
5 2 2 53.556 0.500 0.000 57.412 0.500 0.000
5 2 3 62.875 0.500 0.000 59.813 0.500 0.000
5 2 4 54.588 0.500 0.000 52.084 0.500 0.000
5 2 5 55.097 0.500 0.000 56.641 0.500 0.000
5 2 6 52.206 0.500 0.000 51.374 0.500 0.000
5 2 7 54.156 0.500 0.000 55.905 0.500 0.000
5 2 8 62.381 0.500 0.000 50.247 0.500 0.000
5 2 9 69.502 0.500 0.000 71.980 0.500 0.000
5 2 10 54.762 0.500 0.000 57.487 0.500 0.000
5 2 11 53.440 0.500 0.000 52.426 0.500 0.000
5 2 12 40.940 0.500 0.000 51.204 0.500 0.000
5 2 13 57.770 0.500 0.000 54.497 0.500 0.000
5 2 14 53.712 0.500 0.000 52.288 0.500 0.000
5 2 15 56.201 0.500 0.000 55.555 0.500 0.000
5 2 16 58.727 0.500 0.000 54.299 0.500 0.000
5 2 17 49.515 0.500 0.000 60.750 0.500 0.000
5 2 18 62.935 0.500 0.000 60.042 0.500 0.000
5 2 19 48.325 0.500 0.000 56.436 0.500 0.000
5 2 20 57.372 0.500 0.000 62.139 0.500 0.000
5 2 21 69.130 0.500 0.000 56.464 0.500 0.000
5 2 22 55.398 0.500 0.000 43.643 0.500 0.000
5 2 23 48.527 0.500 0.000 56.666 0.500 0.000
5 2 24 68.831 0.500 0.000 48.806 0.500 0.000
5 2 25 38.099 0.500 0.000 55.808 0.500 0.000
5 2 26 42.927 0.500 0.000 42.385 0.500 0.000
5 2 27 42.332 0.500 0.000 47.689 0.500 0.000
5 2 28 71.281 0.500 0.000 54.017 0.500 0.000
5 2 29 43.602 0.500 0.000 48.499 0.500 0.000
5 2 30 41.989 0.500 0.000 51.017 0.500 0.000
5 2 31 32.169 0.500 0.000 44.145 0.500 0.000
5 2 32 53.558 0.500 0.000 155.957 0.500 0.000
5 2 33 52.378 0.500 0.000 45.289 0.500 0.000
5 2 34 0.000 0.500 0.000 51.857 0.500 0.000
5 2 35 24.530 0.500 0.000 59.355 0.500 0.000
5 2 36 29.383 0.500 0.000 36.058 0.500 0.000
5 2 37 56.207 0.500 0.000 56.905 0.500 0.000
5 2 38 66.836 0.500 0.000 51.581 0.500 0.000
5 2 39 75.306 0.500 0.000 62.122 0.500 0.000
5 2 40 26.085 0.500 0.000 36.090 0.500 0.000
5 2 41 20.500 0.500 0.000 32.520 0.500 0.000
5 2 42 40.505 0.500 0.000 47.137 0.500 0.000
5 2 43 56.686 0.500 0.000 32.606 0.500 0.000
5 2 44 63.134 0.500 0.000 5.407 0.500 0.000
5 2 45 146.854 0.500 0.000 69.744 0.500 0.000
5 2 46 46.390 0.500 0.000 57.386 0.500 0.000
5 2 47 26.788 0.500 0.000 0.000 0.500 0.000
5 2 48 193.014 0.500 0.000 122.069 0.500 0.000
5 2 49 120.354 0.500 0.000 199.082 0.500 0.000
5 2 50 68.795 0.500 0.000 19.010 0.500 0.000
5 2 51 6.434 0.500 0.000 28.954 0.500 0.000
5 2 52 82.730 0.500 0.000 61.433 0.500 0.000
5 2 53 160.712 0.500 0.000 45.419 0.500 0.000
5 2 54 40.000 0.500 0.000 36.138 0.500 0.000
5 2 55 40.000 0.500 0.000 40.000 0.500 0.000
5 2 56 40.000 0.500 0.000 40.000 0.500 0.000
5 2 57 40.000 0.500 0.000 40.000 0.500 0.000
5 2 58 40.000 0.500 0.000 40.000 0.500 0.000
5 2 59 40.000 0.500 0.000 40.000 0.500 0.000
5 2 60 40.000 0.500 0.000 40.000 0.500 0.000
5 2 61 40.000 0.500 0.000 40.000 0.500 0.000
5 2 62 40.000 0.500 0.000 40.000 0.500 0.000
5 3 1 40.000 0.500 0.000 40.000 0.500 0.000
5 3 2 40.000 0.500 0.000 40.000 0.500 0.000
5 3 3 40.000 0.500 0.000 40.000 0.500 0.000
5 3 4 40.000 0.500 0.000 40.000 0.500 0.000
5 3 5 40.000 0.500 0.000 40.000 0.500 0.000
6 1 1 64.944 0.500 0.000 56.434 0.500 0.000
6 1 2 65.169 0.500 0.000 51.949 0.500 0.000
6 1 3 58.754 0.500 0.000 74.852 0.500 0.000
6 1 4 60.226 0.500 0.000 59.666 0.500 0.000
6 1 5 70.231 0.500 0.000 75.709 0.500 0.000
6 1 6 77.835 0.500 0.000 63.887 0.500 0.000
6 1 7 52.547 0.500 0.000 65.835 0.500 0.000
6 1 8 56.270 0.500 0.000 52.822 0.500 0.000
6 1 9 66.245 0.500 0.000 65.250 0.500 0.000
6 1 10 70.378 0.500 0.000 56.348 0.500 0.000
6 1 11 60.487 0.500 0.000 68.996 0.500 0.000
6 1 12 63.493 0.500 0.000 73.785 0.500 0.000
6 1 13 46.155 0.500 0.000 59.385 0.500 0.000
6 1 14 67.021 0.500 0.000 54.661 0.500 0.000
6 1 15 48.186 0.500 0.000 59.926 0.500 0.000
6 1 16 31.079 0.500 0.000 85.546 0.500 0.000
6 1 17 82.664 0.500 0.000 67.109 0.500 0.000
6 1 18 54.267 0.500 0.000 86.088 0.500 0.000
6 1 19 72.041 0.500 0.000 97.676 0.500 0.000
6 1 20 133.129 0.500 0.000 40.000 0.500 0.000
6 1 21 40.000 0.500 0.000 40.000 0.500 0.000
6 1 22 36.236 0.500 0.000 31.126 0.500 0.000
6 1 23 34.660 0.500 0.000 40.000 0.500 0.000
6 2 1 42.213 0.500 0.000 47.670 0.500 0.000
6 2 2 52.012 0.500 0.000 54.736 0.500 0.000
6 2 3 58.075 0.500 0.000 51.000 0.500 0.000
6 2 4 56.573 0.500 0.000 46.034 0.500 0.000
6 2 5 56.543 0.500 0.000 49.345 0.500 0.000
6 2 6 57.450 0.500 0.000 55.492 0.500 0.000
6 2 7 49.279 0.500 0.000 50.111 0.500 0.000
6 2 8 55.135 0.500 0.000 55.152 0.500 0.000
6 2 9 51.135 0.500 0.000 62.441 0.500 0.000
6 2 10 59.995 0.500 0.000 58.971 0.500 0.000
6 2 11 47.717 0.500 0.000 56.968 0.500 0.000
6 2 12 56.178 0.500 0.000 56.697 0.500 0.000
6 2 13 50.825 0.500 0.000 55.769 0.500 0.000
6 2 14 59.994 0.500 0.000 52.705 0.500 0.000
6 2 15 47.965 0.500 0.000 58.595 0.500 0.000
6 2 16 56.666 0.500 0.000 62.663 0.500 0.000
6 2 17 52.903 0.500 0.000 68.251 0.500 0.000
6 2 18 77.649 0.500 0.000 61.627 0.500 0.000
6 2 19 73.228 0.500 0.000 47.246 0.500 0.000
6 2 20 41.828 0.500 0.000 68.068 0.500 0.000
6 2 21 59.496 0.500 0.000 50.850 0.500 0.000
6 2 22 54.836 0.500 0.000 55.372 0.500 0.000
6 2 23 42.496 0.500 0.000 50.827 0.500 0.000
6 2 24 54.942 0.500 0.000 45.849 0.500 0.000
6 2 25 31.331 0.500 0.000 58.489 0.500 0.000
6 2 26 35.431 0.500 0.000 41.031 0.500 0.000
6 2 27 44.746 0.500 0.000 47.244 0.500 0.000
6 2 28 46.851 0.500 0.000 32.008 0.500 0.000
6 2 29 63.620 0.500 0.000 39.950 0.500 0.000
6 2 30 48.007 0.500 0.000 49.847 0.500 0.000
6 2 31 57.946 0.500 0.000 42.206 0.500 0.000
6 2 32 40.205 0.500 0.000 48.485 0.500 0.000
6 2 33 62.596 0.500 0.000 66.892 0.500 0.000
6 2 34 64.859 0.500 0.000 0.000 0.500 0.000
6 2 35 78.705 0.500 0.000 54.175 0.500 0.000
6 2 36 29.828 0.500 0.000 122.961 0.500 0.000
6 2 37 16.388 0.500 0.000 60.930 0.500 0.000
6 2 38 1.349 0.500 0.000 77.502 0.500 0.000
6 2 39 51.953 0.500 0.000 57.945 0.500 0.000
6 2 40 0.000 0.500 0.000 15.854 0.500 0.000
6 2 41 46.972 0.500 0.000 6.690 0.500 0.000
6 2 42 9.985 0.500 0.000 200.000 0.500 0.000
6 2 43 79.542 0.500 0.000 199.989 0.500 0.000
6 2 44 19.715 0.500 0.000 64.771 0.500 0.000
6 2 45 73.153 0.500 0.000 47.898 0.500 0.000
6 2 46 46.854 0.500 0.000 34.358 0.500 0.000
6 2 47 45.619 0.500 0.000 200.000 0.500 0.000
6 2 48 83.678 0.500 0.000 64.476 0.500 0.000
6 2 49 0.000 0.500 0.000 0.000 0.500 0.000
6 2 50 200.000 0.500 0.000 0.000 0.500 0.000
6 2 51 40.000 0.500 0.000 38.410 0.500 0.000
6 2 52 42.381 0.500 0.000 40.000 0.500 0.000
6 2 53 40.000 0.500 0.000 0.000 0.500 0.000
6 2 54 40.000 0.500 0.000 40.000 0.500 0.000
6 2 55 37.503 0.500 0.000 40.000 0.500 0.000
6 2 56 51.963 0.500 0.000 40.000 0.500 0.000
6 2 57 40.000 0.500 0.000 40.000 0.500 0.000
6 2 58 40.000 0.500 0.000 40.000 0.500 0.000
6 2 59 40.000 0.500 0.000 40.000 0.500 0.000
6 2 60 40.000 0.500 0.000 40.000 0.500 0.000
6 2 61 38.095 0.500 0.000 40.000 0.500 0.000
6 2 62 40.000 0.500 0.000 40.000 0.500 0.000
6 3 1 40.000 0.500 0.000 40.000 0.500 0.000
6 3 2 40.000 0.500 0.000 40.000 0.500 0.000
6 3 3 40.000 0.500 0.000 40.000 0.500 0.000
6 3 4 40.000 0.500 0.000 40.000 0.500 0.000
6 3 5 40.000 0.500 0.000 40.000 0.500 0.000
