1 1 1 72.080 72.080 43.424 43.424 -0.199
1 1 2 89.627 89.627 46.147 46.147 0.032
1 1 3 84.917 84.917 29.546 29.546 -0.415
1 1 4 98.386 98.386 30.195 30.195 -0.228
1 1 5 98.051 98.051 24.777 24.777 0.043
1 1 6 73.837 73.837 15.500 15.500 -0.803
1 1 7 96.089 96.089 19.149 19.149 -0.023
1 1 8 94.201 94.201 16.830 16.830 0.011
1 1 9 123.435 123.435 21.778 21.778 0.223
1 1 10 104.946 104.946 15.810 15.810 -0.222
1 1 11 110.431 110.431 16.376 16.376 -0.543
1 1 12 116.979 116.979 15.564 15.564 -0.320
1 1 13 107.187 107.187 12.712 12.712 0.333
1 1 14 134.179 134.179 16.531 16.531 -0.059
1 1 15 147.769 147.769 18.125 18.125 -0.031
1 1 16 139.247 139.247 14.443 14.443 -0.765
1 1 17 137.680 137.680 14.353 14.353 0.464
1 1 18 155.541 155.541 16.381 16.381 -0.158
1 1 19 135.427 135.427 12.588 12.588 0.016
1 1 20 181.555 181.555 18.671 18.671 -0.057
1 1 21 193.800 193.800 19.495 19.495 -0.124
1 1 22 169.229 169.229 15.135 15.135 0.316
1 1 23 168.307 168.307 14.443 14.443 0.040
1 2 1 44.424 44.424 45.503 45.503 -0.014
1 2 2 97.478 97.478 89.860 89.860 -0.087
1 2 3 81.435 81.435 60.512 60.512 -0.231
1 2 4 92.116 92.116 54.902 54.902 -0.131
1 2 5 93.731 93.731 55.657 55.657 -0.208
1 2 6 100.243 100.243 51.800 51.800 0.084
1 2 7 155.101 155.101 85.945 85.945 0.087
1 2 8 126.918 126.918 56.301 56.301 0.078
1 2 9 124.853 124.853 51.521 51.521 0.178
1 2 10 117.508 117.508 41.655 41.655 -0.094
1 2 11 150.103 150.103 56.511 56.511 -0.078
1 2 12 181.630 181.630 69.131 69.131 -0.128
1 2 13 117.704 117.704 33.337 33.337 -0.065
1 2 14 128.411 128.411 35.385 35.385 0.192
1 2 15 150.548 150.548 43.756 43.756 -0.057
1 2 16 146.981 146.981 39.155 39.155 0.059
1 2 17 151.178 151.178 39.207 39.207 -0.050
1 2 18 123.701 123.701 26.465 26.465 -0.182
1 2 19 136.851 136.851 30.104 30.104 0.026
1 2 20 135.597 135.597 28.621 28.621 -0.029
1 2 21 101.587 101.587 17.325 17.325 -0.033
1 2 22 138.083 138.083 26.878 26.878 0.013
1 2 23 124.270 124.270 22.192 22.192 0.087
1 2 24 153.573 153.573 28.661 28.661 -0.074
1 2 25 235.751 235.751 52.563 52.563 -0.116
1 2 26 166.067 166.067 30.517 30.517 -0.066
1 2 27 181.456 181.456 32.938 32.938 -0.072
1 2 28 142.554 142.554 21.971 21.971 -0.276
1 2 29 136.032 136.032 20.004 20.004 -0.002
1 2 30 151.059 151.059 22.852 22.852 -0.010
1 2 31 124.425 124.425 16.673 16.673 -0.053
1 2 32 296.278 296.278 58.434 58.434 -0.047
1 2 33 201.601 201.601 31.806 31.806 -0.160
1 2 34 264.622 264.622 47.263 47.263 -0.013
1 2 35 237.500 237.500 38.770 38.770 0.054
1 2 36 225.804 225.804 35.190 35.190 0.066
1 2 37 244.927 244.927 38.991 38.991 0.051
1 2 38 308.802 308.802 53.051 53.051 0.040
1 2 39 225.625 225.625 32.336 32.336 0.129
1 2 40 234.695 234.695 33.748 33.748 0.135
1 2 41 266.102 266.102 39.701 39.701 -0.031
1 2 42 196.772 196.772 24.807 24.807 0.031
1 2 43 192.585 192.585 23.195 23.195 -0.005
1 2 44 219.496 219.496 27.757 27.757 0.021
1 2 45 257.351 257.351 34.406 34.406 0.135
1 2 46 212.878 212.878 25.247 25.247 0.038
1 2 47 230.211 230.211 28.077 28.077 0.046
1 2 48 290.650 290.650 39.201 39.201 -0.053
1 2 49 220.997 220.997 25.103 25.103 -0.142
1 2 50 306.099 306.099 40.501 40.501 0.036
1 2 51 347.334 347.334 48.320 48.320 0.017
1 2 52 272.645 272.645 32.559 32.559 0.062
1 2 53 299.880 299.880 37.070 37.070 0.046
1 2 54 199.576 199.576 19.929 19.929 0.102
1 2 55 234.404 234.404 24.867 24.867 0.065
1 2 56 316.187 316.187 38.192 38.192 0.029
1 2 57 231.733 231.733 23.793 23.793 0.057
1 2 58 251.282 251.282 26.153 26.153 0.070
1 2 59 255.395 255.395 26.857 26.857 0.039
1 2 60 273.398 273.398 28.928 28.928 0.039
1 2 61 246.215 246.215 24.829 24.829 -0.071
1 2 62 268.636 268.636 27.759 27.759 -0.003
1 3 1 190.117 190.117 20.462 20.462 -0.958
1 3 2 221.087 221.087 25.990 25.990 0.635
1 3 3 225.214 225.214 28.248 28.248 0.665
1 3 4 223.356 223.356 27.408 27.408 0.651
1 3 5 471.016 471.016 81.831 81.831 -0.267
2 1 1 41.644 41.644 85.918 85.918 0.924
2 1 2 83.655 83.655 40.377 40.377 -0.155
2 1 3 48.702 48.702 12.920 12.920 -0.103
2 1 4 80.667 80.667 23.014 23.014 0.347
2 1 5 63.868 63.868 12.926 12.926 0.178
2 1 6 151.704 151.704 1323.614 1323.614 0.000
2 1 7 95.237 95.237 18.825 18.825 0.112
2 1 8 113.144 113.144 21.915 21.915 0.234
2 1 9 105.860 105.860 17.520 17.520 0.046
2 1 10 167.617 167.617 1642.694 1642.694 0.000
2 1 11 120.992 120.992 17.971 17.971 0.060
2 1 12 79.529 79.529 8.757 8.757 -0.317
2 1 13 114.079 114.079 14.136 14.136 -0.001
2 1 14 113.348 113.348 12.729 12.729 -0.260
2 1 15 111.643 111.643 11.909 11.909 -0.046
2 1 16 124.712 124.712 13.019 13.019 -0.037
2 1 17 120.572 120.572 12.082 12.082 -0.563
2 1 18 171.532 171.532 18.917 18.917 0.203
2 1 19 268.726 268.726 204.882 204.882 2.406
2 1 20 161.946 161.946 15.647 15.647 -0.233
2 1 21 163.996 163.996 15.371 15.371 0.520
2 1 22 173.698 173.698 15.872 15.872 0.131
2 1 23 163.132 163.132 13.856 13.856 0.312
2 2 1 71.544 71.544 373.231 373.231 0.241
2 2 2 86.409 86.409 78.040 78.040 -0.006
2 2 3 284.944 284.944 382.594 382.594 -0.033
2 2 4 87.207 87.207 55.864 55.864 -0.228
2 2 5 127.473 127.473 82.621 82.621 0.068
2 2 6 122.067 122.067 74.389 74.389 0.207
2 2 7 151.500 151.500 80.046 80.046 -0.056
2 2 8 85.345 85.345 30.502 30.502 0.177
2 2 9 109.756 109.756 46.838 46.838 -0.190
2 2 10 137.539 137.539 61.095 61.095 -0.090
2 2 11 166.563 166.563 67.865 67.865 -0.086
2 2 12 185.752 185.752 73.675 73.675 -0.042
2 2 13 190.383 190.383 66.879 66.879 0.121
2 2 14 114.196 114.196 30.396 30.396 0.050
2 2 15 122.376 122.376 31.828 31.828 0.136
2 2 16 157.122 157.122 43.414 43.414 0.005
2 2 17 176.845 176.845 49.673 49.673 -0.023
2 2 18 129.954 129.954 28.900 28.900 0.012
2 2 19 80.315 80.315 14.040 14.040 0.086
2 2 20 201.036 201.036 51.486 51.486 0.061
2 2 21 53.609 53.609 10.869 10.869 0.102
2 2 22 145.031 145.031 28.831 28.831 0.089
2 2 23 228.751 228.751 3204.567 3204.567 0.000
2 2 24 232.828 232.828 3327.960 3327.960 0.000
2 2 25 160.022 160.022 29.682 29.682 0.040
2 2 26 75.000 75.000 15.369 15.369 0.033
2 2 27 164.513 164.513 29.208 29.208 -0.090
2 2 28 161.073 161.073 26.879 26.879 -0.021
2 2 29 146.225 146.225 22.229 22.229 -0.119
2 2 30 155.540 155.540 23.709 23.709 -0.153
2 2 31 117.616 117.616 15.331 15.331 0.010
2 2 32 230.114 230.114 39.661 39.661 -0.131
2 2 33 206.568 206.568 33.315 33.315 0.014
2 2 34 259.016 259.016 45.787 45.787 0.014
2 2 35 250.331 250.331 42.002 42.002 -0.004
2 2 36 213.367 213.367 32.382 32.382 -0.001
2 2 37 223.809 223.809 34.091 34.091 0.055
2 2 38 288.338 288.338 47.908 47.908 -0.022
2 2 39 188.921 188.921 24.941 24.941 -0.003
2 2 40 201.871 201.871 27.015 27.015 -0.083
2 2 41 227.187 227.187 31.206 31.206 -0.103
2 2 42 208.849 208.849 27.107 27.107 -0.045
2 2 43 192.145 192.145 23.102 23.102 -0.043
2 2 44 258.570 258.570 35.358 35.358 -0.120
2 2 45 209.440 209.440 25.350 25.350 -0.118
2 2 46 214.806 214.806 25.589 25.589 -0.028
2 2 47 244.527 244.527 30.773 30.773 -0.023
2 2 48 254.257 254.257 31.914 31.914 -0.136
2 2 49 252.711 252.711 31.065 31.065 -0.091
2 2 50 269.151 269.151 33.319 33.319 -0.084
2 2 51 321.437 321.437 42.966 42.966 0.028
2 2 52 296.809 296.809 37.037 37.037 -0.020
2 2 53 295.186 295.186 36.204 36.204 -0.058
2 2 54 280.890 280.890 33.002 33.002 0.092
2 2 55 285.477 285.477 33.652 33.652 0.081
2 2 56 314.091 314.091 37.758 37.758 0.069
2 2 57 273.076 273.076 29.888 29.888 0.059
2 2 58 207.653 207.653 19.787 19.787 0.058
2 2 59 214.431 214.431 20.653 20.653 -0.012
2 2 60 246.979 246.979 24.626 24.626 0.099
2 2 61 271.404 271.404 28.425 28.425 -0.035
2 2 62 283.339 283.339 29.592 29.592 0.074
2 3 1 185.386 185.386 19.001 19.001 -0.774
2 3 2 238.237 238.237 23.719 23.719 0.042
2 3 3 201.441 201.441 18.058 18.058 -0.125
2 3 4 197.745 197.745 23.128 23.128 0.762
2 3 5 198.536 198.536 21.990 21.990 -0.767
3 1 1 90.651 90.651 63.173 63.173 0.139
3 1 2 92.125 92.125 44.195 44.195 -0.238
3 1 3 68.329 68.329 20.867 20.867 -0.248
3 1 4 94.901 94.901 29.388 29.388 -0.091
3 1 5 65.889 65.889 13.037 13.037 -0.469
3 1 6 67.560 67.560 13.093 13.093 0.102
3 1 7 104.085 104.085 33.366 33.366 -1.016
3 1 8 122.099 122.099 24.738 24.738 -0.099
3 1 9 109.431 109.431 18.409 18.409 0.024
3 1 10 109.338 109.338 16.983 16.983 0.073
3 1 11 78.685 78.685 9.385 9.385 0.228
3 1 12 109.722 109.722 14.288 14.288 -0.082
3 1 13 111.940 111.940 13.637 13.637 -0.224
3 1 14 122.285 122.285 14.196 14.196 0.331
3 1 15 141.688 141.688 18.723 18.723 -0.730
3 1 16 142.646 142.646 15.902 15.902 -0.079
3 1 17 136.513 136.513 15.555 15.555 0.919
3 1 18 182.190 182.190 20.672 20.672 0.206
3 1 19 158.410 158.410 15.913 15.913 0.112
3 1 20 157.468 157.468 15.078 15.078 -0.028
3 1 21 169.290 169.290 15.683 15.683 0.419
3 1 22 179.884 179.884 16.244 16.244 0.573
3 1 23 168.803 168.803 14.608 14.608 0.009
3 2 1 139.062 139.062 1095.474 1095.474 0.000
3 2 2 143.139 143.139 1166.603 1166.603 0.000
3 2 3 67.026 67.026 101.904 101.904 -0.442
3 2 4 141.604 141.604 114.859 114.859 0.074
3 2 5 123.475 123.475 77.789 77.789 -0.193
3 2 6 88.263 88.263 42.672 42.672 -0.098
3 2 7 153.128 153.128 80.061 80.061 -0.091
3 2 8 147.309 147.309 70.225 70.225 -0.089
3 2 9 95.336 95.336 32.745 32.745 -0.240
3 2 10 149.993 149.993 60.020 60.020 -0.093
3 2 11 173.026 173.026 69.613 69.613 -0.104
3 2 12 165.692 165.692 60.950 60.950 -0.112
3 2 13 129.921 129.921 38.546 38.546 -0.219
3 2 14 155.229 155.229 47.906 47.906 -0.077
3 2 15 176.431 176.431 55.239 55.239 -0.102
3 2 16 117.139 117.139 27.936 27.936 -0.025
3 2 17 159.027 159.027 42.102 42.102 -0.093
3 2 18 138.165 138.165 31.159 31.159 0.165
3 2 19 193.296 193.296 50.512 50.512 0.022
3 2 20 168.320 168.320 39.508 39.508 -0.059
3 2 21 116.444 116.444 21.019 21.019 -0.200
3 2 22 170.625 170.625 36.918 36.918 -0.012
3 2 23 142.887 142.887 27.390 27.390 -0.041
3 2 24 146.298 146.298 26.611 26.611 -0.097
3 2 25 157.569 157.569 28.758 28.758 -0.141
3 2 26 171.017 171.017 31.793 31.793 -0.085
3 2 27 158.197 158.197 26.852 26.852 0.027
3 2 28 92.616 92.616 14.132 14.132 -0.035
3 2 29 500.000 500.000 11.609 11.609 0.039
3 2 30 165.251 165.251 26.118 26.118 0.068
3 2 31 149.428 149.428 21.947 21.947 0.027
3 2 32 227.999 227.999 39.237 39.237 -0.110
3 2 33 188.722 188.722 29.092 29.092 -0.018
3 2 34 238.608 238.608 40.529 40.529 -0.015
3 2 35 192.693 192.693 28.246 28.246 -0.120
3 2 36 225.681 225.681 35.231 35.231 0.065
3 2 37 228.877 228.877 35.160 35.160 0.078
3 2 38 282.433 282.433 46.408 46.408 -0.044
3 2 39 236.151 236.151 34.788 34.788 0.079
3 2 40 278.230 278.230 43.816 43.816 0.026
3 2 41 200.466 200.466 25.912 25.912 -0.097
3 2 42 210.544 210.544 27.408 27.408 -0.071
3 2 43 240.704 240.704 32.382 32.382 0.053
3 2 44 253.057 253.057 34.323 34.323 -0.063
3 2 45 271.267 271.267 37.512 37.512 -0.044
3 2 46 310.413 310.413 44.460 44.460 0.010
3 2 47 273.962 273.962 36.496 36.496 -0.010
3 2 48 210.284 210.284 24.147 24.147 -0.003
3 2 49 189.286 189.286 19.953 19.953 0.110
3 2 50 191.809 191.809 20.265 20.265 0.316
3 2 51 197.807 197.807 20.735 20.735 0.044
3 2 52 332.619 332.619 43.901 43.901 0.043
3 2 53 203.416 203.416 20.718 20.718 -0.016
3 2 54 254.325 254.325 28.637 28.637 0.107
3 2 55 254.675 254.675 29.796 29.796 0.037
3 2 56 343.148 343.148 43.431 43.431 0.077
3 2 57 232.136 232.136 23.384 23.384 0.059
3 2 58 211.163 211.163 20.278 20.278 0.094
3 2 59 231.110 231.110 23.194 23.194 0.120
3 2 60 262.218 262.218 26.989 26.989 0.039
3 2 61 233.456 233.456 23.069 23.069 0.033
3 2 62 387.747 387.747 442.578 442.578 0.000
3 3 1 230.544 230.544 23.931 23.931 0.172
3 3 2 249.779 249.779 25.494 25.494 0.055
3 3 3 216.158 216.158 20.285 20.285 0.495
3 3 4 230.232 230.232 22.865 22.865 0.322
3 3 5 256.336 256.336 46.578 46.578 1.070
4 1 1 73.172 73.172 43.185 43.185 -0.252
4 1 2 79.642 79.642 53.966 53.966 -0.566
4 1 3 97.175 97.175 35.170 35.170 -0.211
4 1 4 97.262 97.262 30.277 30.277 0.172
4 1 5 61.738 61.738 12.250 12.250 0.232
4 1 6 74.840 74.840 14.881 14.881 -0.337
4 1 7 116.502 116.502 25.315 25.315 -0.190
4 1 8 109.988 109.988 21.173 21.173 0.168
4 1 9 115.631 115.631 19.992 19.992 0.017
4 1 10 124.179 124.179 20.312 20.312 -0.233
4 1 11 80.126 80.126 9.328 9.328 -0.608
4 1 12 153.413 153.413 23.630 23.630 0.063
4 1 13 136.259 136.259 18.374 18.374 -0.153
4 1 14 115.951 115.951 13.284 13.284 0.025
4 1 15 116.958 116.958 12.312 12.312 -0.577
4 1 16 141.566 141.566 15.181 15.181 -0.567
4 1 17 152.989 152.989 16.742 16.742 0.241
4 1 18 199.444 199.444 2388.709 2388.709 0.000
4 1 19 156.154 156.154 15.582 15.582 -0.089
4 1 20 133.191 133.191 11.718 11.718 -0.104
4 1 21 155.862 155.862 14.080 14.080 0.069
4 1 22 189.292 189.292 18.080 18.080 -0.105
4 1 23 195.664 195.664 18.210 18.210 -0.078
4 2 1 89.649 89.649 124.799 124.799 0.062
4 2 2 78.683 78.683 68.568 68.568 0.171
4 2 3 104.839 104.839 112.808 112.808 0.180
4 2 4 77.684 77.684 44.192 44.192 -0.036
4 2 5 107.713 107.713 63.554 63.554 -0.089
4 2 6 124.060 124.060 68.139 68.139 0.149
4 2 7 145.615 145.615 75.539 75.539 0.016
4 2 8 89.721 89.721 33.647 33.647 -0.092
4 2 9 108.368 108.368 41.597 41.597 -0.203
4 2 10 170.252 170.252 70.810 70.810 -0.129
4 2 11 160.357 160.357 62.268 62.268 -0.096
4 2 12 171.637 171.637 63.904 63.904 -0.119
4 2 13 195.313 195.313 71.050 71.050 -0.051
4 2 14 124.340 124.340 34.283 34.283 -0.101
4 2 15 169.528 169.528 52.326 52.326 -0.046
4 2 16 120.951 120.951 29.200 29.200 0.087
4 2 17 138.976 138.976 34.565 34.565 -0.065
4 2 18 136.121 136.121 30.746 30.746 0.128
4 2 19 258.416 258.416 78.111 78.111 -0.011
4 2 20 132.825 132.825 28.474 28.474 -0.208
4 2 21 500.000 500.000 14.455 14.455 -0.048
4 2 22 177.350 177.350 39.123 39.123 -0.056
4 2 23 201.819 201.819 46.055 46.055 -0.029
4 2 24 185.935 185.935 38.249 38.249 -0.023
4 2 25 166.742 166.742 31.459 31.459 -0.083
4 2 26 181.618 181.618 34.725 34.725 -0.104
4 2 27 188.228 188.228 34.600 34.600 -0.130
4 2 28 193.081 193.081 35.177 35.177 -0.078
4 2 29 151.148 151.148 23.219 23.219 -0.181
4 2 30 154.625 154.625 23.622 23.622 -0.099
4 2 31 148.777 148.777 21.792 21.792 -0.052
4 2 32 308.157 308.157 62.141 62.141 -0.010
4 2 33 184.658 184.658 28.158 28.158 -0.015
4 2 34 253.680 253.680 44.280 44.280 -0.087
4 2 35 290.197 290.197 52.326 52.326 -0.044
4 2 36 239.950 239.950 38.361 38.361 -0.126
4 2 37 299.583 299.583 52.658 52.658 -0.057
4 2 38 287.976 287.976 47.655 47.655 -0.090
4 2 39 257.234 257.234 39.634 39.634 -0.003
4 2 40 261.172 261.172 39.670 39.670 0.082
4 2 41 263.972 263.972 39.208 39.208 -0.052
4 2 42 276.905 276.905 41.261 41.261 -0.090
4 2 43 234.571 234.571 31.150 31.150 -0.090
4 2 44 271.412 271.412 38.147 38.147 -0.062
4 2 45 267.136 267.136 36.577 36.577 -0.075
4 2 46 282.661 282.661 38.535 38.535 0.066
4 2 47 240.325 240.325 29.969 29.969 -0.008
4 2 48 302.823 302.823 41.761 41.761 -0.002
4 2 49 179.782 179.782 18.496 18.496 -0.070
4 2 50 264.049 264.049 32.471 32.471 0.023
4 2 51 309.636 309.636 40.594 40.594 -0.055
4 2 52 265.817 265.817 31.375 31.375 0.032
4 2 53 280.009 280.009 33.469 33.469 -0.028
4 2 54 251.704 251.704 28.060 28.060 0.005
4 2 55 225.026 225.026 23.411 23.411 -0.024
4 2 56 319.012 319.012 38.948 38.948 -0.032
4 2 57 201.420 201.420 19.164 19.164 -0.037
4 2 58 228.697 228.697 22.739 22.739 0.042
4 2 59 213.489 213.489 20.750 20.750 -0.018
4 2 60 214.827 214.827 22.203 22.203 -0.147
4 2 61 237.839 237.839 23.860 23.860 -0.124
4 2 62 309.679 309.679 34.053 34.053 0.013
4 3 1 192.804 192.804 18.671 18.671 -0.270
4 3 2 228.062 228.062 22.509 22.509 -0.054
4 3 3 261.604 261.604 28.487 28.487 0.282
4 3 4 229.676 229.676 37.146 37.146 -0.635
4 3 5 231.936 231.936 3300.752 3300.752 0.000
5 1 1 95.541 95.541 69.402 69.402 0.093
5 1 2 500.000 500.000 2416.574 2416.574 -0.272
5 1 3 163.127 163.127 75.077 75.077 0.158
5 1 4 139.010 139.010 51.806 51.806 0.115
5 1 5 90.545 90.545 22.012 22.012 0.076
5 1 6 99.801 99.801 21.209 21.209 -0.652
5 1 7 102.463 102.463 20.654 20.654 0.291
5 1 8 89.080 89.080 15.393 15.393 -0.152
5 1 9 149.048 149.048 29.291 29.291 -0.026
5 1 10 126.106 126.106 20.766 20.766 -0.231
5 1 11 124.392 124.392 18.680 18.680 -0.051
5 1 12 137.048 137.048 19.975 19.975 0.109
5 1 13 149.332 149.332 20.980 20.980 -0.212
5 1 14 124.865 124.865 14.799 14.799 -0.185
5 1 15 163.804 163.804 21.313 21.313 0.358
5 1 16 157.954 157.954 20.293 20.293 -0.953
5 1 17 140.127 140.127 14.729 14.729 -0.359
5 1 18 191.703 191.703 22.400 22.400 -0.151
5 1 19 197.734 197.734 22.204 22.204 0.076
5 1 20 178.685 178.685 18.217 18.217 -0.087
5 1 21 185.912 185.912 18.364 18.364 -0.085
5 1 22 175.026 175.026 16.073 16.073 0.088
5 1 23 165.855 165.855 14.244 14.244 0.099
5 2 1 22.987 22.987 36.855 36.855 -0.480
5 2 2 100.265 100.265 90.267 90.267 0.131
5 2 3 147.215 147.215 1240.054 1240.054 0.000
5 2 4 124.656 124.656 85.799 85.799 -0.105
5 2 5 100.816 100.816 58.146 58.146 0.028
5 2 6 102.330 102.330 50.478 50.478 -0.185
5 2 7 103.388 103.388 44.989 44.989 -0.063
5 2 8 134.547 134.547 62.015 62.015 0.009
5 2 9 134.595 134.595 57.423 57.423 -0.045
5 2 10 193.533 193.533 86.958 86.958 -0.087
5 2 11 207.881 207.881 92.640 92.640 -0.007
5 2 12 224.995 224.995 98.181 98.181 -0.035
5 2 13 183.421 183.421 64.974 64.974 -0.018
5 2 14 159.743 159.743 50.061 50.061 -0.061
5 2 15 164.946 164.946 50.233 50.233 -0.046
5 2 16 143.457 143.457 37.112 37.112 -0.184
5 2 17 158.029 158.029 42.052 42.052 0.017
5 2 18 135.570 135.570 30.822 30.822 -0.047
5 2 19 171.688 171.688 41.451 41.451 -0.164
5 2 20 187.802 187.802 46.852 46.852 -0.007
5 2 21 121.419 121.419 22.661 22.661 -0.030
5 2 22 148.990 148.990 30.120 30.120 0.077
5 2 23 189.356 189.356 41.832 41.832 0.026
5 2 24 146.680 146.680 26.769 26.769 -0.061
5 2 25 164.880 164.880 30.879 30.879 -0.116
5 2 26 163.821 163.821 29.903 29.903 -0.028
5 2 27 201.278 201.278 38.400 38.400 -0.091
5 2 28 153.949 153.949 24.740 24.740 -0.212
5 2 29 136.248 136.248 19.978 19.978 -0.132
5 2 30 213.061 213.061 38.240 38.240 -0.097
5 2 31 134.037 134.037 18.591 18.591 -0.154
5 2 32 279.363 279.363 53.467 53.467 -0.052
5 2 33 217.373 217.373 35.832 35.832 -0.122
5 2 34 274.466 274.466 50.007 50.007 -0.028
5 2 35 258.165 258.165 43.893 43.893 -0.053
5 2 36 265.181 265.181 44.818 44.818 0.032
5 2 37 264.696 264.696 43.874 43.874 -0.029
5 2 38 349.217 349.217 64.211 64.211 0.037
5 2 39 191.740 191.740 25.485 25.485 0.048
5 2 40 254.170 254.170 38.164 38.164 -0.054
5 2 41 249.797 249.797 36.053 36.053 -0.061
5 2 42 236.595 236.595 32.539 32.539 -0.141
5 2 43 229.943 229.943 30.168 30.168 -0.105
5 2 44 293.731 293.731 42.905 42.905 -0.092
5 2 45 248.585 248.585 32.711 32.711 -0.151
5 2 46 230.658 230.658 28.452 28.452 -0.086
5 2 47 231.008 231.008 28.175 28.175 -0.089
5 2 48 280.025 280.025 37.161 37.161 -0.050
5 2 49 214.664 214.664 24.173 24.173 -0.002
5 2 50 292.006 292.006 37.746 37.746 -0.082
5 2 51 316.702 316.702 41.899 41.899 -0.088
5 2 52 315.934 315.934 40.673 40.673 -0.043
5 2 53 270.730 270.730 31.814 31.814 -0.033
5 2 54 243.882 243.882 26.713 26.713 -0.091
5 2 55 253.685 253.685 27.959 27.959 0.068
5 2 56 204.355 204.355 20.346 20.346 -0.129
5 2 57 190.532 190.532 17.605 17.605 0.031
5 2 58 225.200 225.200 22.495 22.495 -0.039
5 2 59 189.111 189.111 17.527 17.527 -0.003
5 2 60 261.742 261.742 27.738 27.738 0.013
5 2 61 221.896 221.896 21.213 21.213 -0.133
5 2 62 265.244 265.244 28.315 28.315 0.037
5 3 1 195.196 195.196 18.618 18.618 -0.077
5 3 2 219.272 219.272 20.842 20.842 -0.165
5 3 3 233.445 233.445 23.111 23.111 -0.357
5 3 4 236.278 236.278 21.047 21.047 -0.759
5 3 5 233.329 233.329 30.648 30.648 0.489
6 1 1 62.066 62.066 206.377 206.377 -0.802
6 1 2 92.460 92.460 47.137 47.137 -0.137
6 1 3 117.151 117.151 47.424 47.424 0.324
6 1 4 105.144 105.144 33.756 33.756 -0.173
6 1 5 181.793 181.793 66.315 66.315 -0.130
6 1 6 83.308 83.308 16.774 16.774 0.500
6 1 7 95.933 95.933 19.119 19.119 0.028
6 1 8 146.855 146.855 31.726 31.726 -0.265
6 1 9 108.440 108.440 17.833 17.833 -0.279
6 1 10 112.392 112.392 17.683 17.683 0.091
6 1 11 116.551 116.551 16.960 16.960 -0.006
6 1 12 125.003 125.003 17.369 17.369 -0.090
6 1 13 122.917 122.917 15.677 15.677 -0.231
6 1 14 133.044 133.044 15.988 15.988 0.752
6 1 15 136.280 136.280 15.789 15.789 0.354
6 1 16 144.507 144.507 16.191 16.191 0.131
6 1 17 143.611 143.611 15.279 15.279 -0.374
6 1 18 180.983 180.983 20.610 20.610 -0.062
6 1 19 175.361 175.361 18.563 18.563 -0.016
6 1 20 182.778 182.778 18.804 18.804 -0.140
6 1 21 211.379 211.379 2705.928 2705.928 0.000
6 1 22 156.008 156.008 13.258 13.258 0.484
6 1 23 172.700 172.700 14.920 14.920 0.254
6 2 1 55.221 55.221 166.401 166.401 0.241
6 2 2 94.113 94.113 89.374 89.374 -0.026
6 2 3 101.435 101.435 83.745 83.745 -0.010
6 2 4 100.312 100.312 79.933 79.933 -0.220
6 2 5 106.254 106.254 60.669 60.669 -0.139
6 2 6 121.377 121.377 64.974 64.974 -0.182
6 2 7 149.268 149.268 77.856 77.856 0.050
6 2 8 167.962 167.962 89.232 89.232 0.124
6 2 9 133.493 133.493 56.886 56.886 0.036
6 2 10 172.074 172.074 74.123 74.123 -0.042
6 2 11 137.295 137.295 49.385 49.385 -0.086
6 2 12 185.166 185.166 72.800 72.800 -0.082
6 2 13 169.407 169.407 57.729 57.729 -0.014
6 2 14 109.228 109.228 28.448 28.448 -0.019
6 2 15 152.159 152.159 44.592 44.592 -0.018
6 2 16 136.392 136.392 34.958 34.958 0.094
6 2 17 132.739 132.739 32.082 32.082 0.117
6 2 18 113.669 113.669 23.646 23.646 0.018
6 2 19 131.776 131.776 28.238 28.238 -0.130
6 2 20 147.096 147.096 32.249 32.249 0.075
6 2 21 124.402 124.402 23.388 23.388 -0.112
6 2 22 158.161 158.161 32.951 32.951 -0.015
6 2 23 141.810 141.810 27.081 27.081 0.051
6 2 24 129.963 129.963 22.277 22.277 -0.120
6 2 25 157.532 157.532 28.975 28.975 -0.076
6 2 26 153.505 153.505 27.134 27.134 -0.024
6 2 27 192.731 192.731 36.060 36.060 -0.049
6 2 28 122.376 122.376 17.820 17.820 0.012
6 2 29 134.052 134.052 19.514 19.514 -0.111
6 2 30 173.396 173.396 28.090 28.090 0.020
6 2 31 122.584 122.584 16.306 16.306 -0.046
6 2 32 271.822 271.822 51.425 51.425 -0.011
6 2 33 172.307 172.307 25.326 25.326 0.086
6 2 34 263.415 263.415 46.960 46.960 0.014
6 2 35 217.274 217.274 33.962 33.962 -0.021
6 2 36 245.648 245.648 39.927 39.927 -0.054
6 2 37 217.947 217.947 32.766 32.766 0.001
6 2 38 278.218 278.218 45.195 45.195 0.094
6 2 39 305.154 305.154 51.199 51.199 0.036
6 2 40 263.856 263.856 40.418 40.418 -0.002
6 2 41 203.709 203.709 26.419 26.419 -0.173
6 2 42 214.669 214.669 28.233 28.233 -0.079
6 2 43 187.345 187.345 22.265 22.265 0.023
6 2 44 213.827 213.827 26.637 26.637 0.101
6 2 45 170.398 170.398 18.672 18.672 -0.008
6 2 46 206.922 206.922 24.198 24.198 0.007
6 2 47 326.595 326.595 1386.928 1386.928 0.000
6 2 48 319.192 319.192 45.238 45.238 0.038
6 2 49 259.217 259.217 32.048 32.048 0.014
6 2 50 262.136 262.136 32.029 32.029 -0.082
6 2 51 300.933 300.933 38.951 38.951 -0.011
6 2 52 292.601 292.601 36.155 36.155 0.079
6 2 53 309.125 309.125 38.818 38.818 -0.012
6 2 54 229.976 229.976 24.504 24.504 0.032
6 2 55 257.804 257.804 28.682 28.682 -0.013
6 2 56 224.936 224.936 23.222 23.222 0.034
6 2 57 196.858 196.858 18.849 18.849 0.094
6 2 58 224.604 224.604 22.187 22.187 0.140
6 2 59 236.914 236.914 24.238 24.238 0.055
6 2 60 255.809 255.809 26.042 26.042 0.150
6 2 61 252.318 252.318 25.258 25.258 0.081
6 2 62 300.757 300.757 32.435 32.435 0.119
6 3 1 186.582 186.582 17.045 17.045 0.327
6 3 2 217.256 217.256 20.734 20.734 0.140
6 3 3 500.000 500.000 56.502 56.502 -0.191
6 3 4 218.110 218.110 25.441 25.441 0.850
6 3 5 259.058 259.058 30.778 30.778 -0.054
