1 1 1 1.708 
1 1 2 0.197 
1 1 3 2.646 
1 1 4 2.048 
1 1 5 0.540 
1 1 6 4.534 
1 1 7 0.174 
1 1 8 0.078 
1 1 9 -0.951 
1 1 10 0.947 
1 1 11 5.864 
1 1 12 2.749 
1 1 13 -3.013 
1 1 14 0.746 
1 1 15 0.904 
1 1 16 0.732 
1 1 17 -3.660 
1 1 18 2.250 
1 1 19 -0.743 
1 1 20 0.782 
1 1 21 0.570 
1 1 22 -2.371 
1 1 23 0.133 
1 2 1 0.272 
1 2 2 0.751 
1 2 3 1.319 
1 2 4 1.232 
1 2 5 1.369 
1 2 6 -0.555 
1 2 7 -1.000 
1 2 8 -0.604 
1 2 9 -1.512 
1 2 10 0.799 
1 2 11 0.845 
1 2 12 1.664 
1 2 13 0.245 
1 2 14 -0.168 
1 2 15 0.794 
1 2 16 -1.045 
1 2 17 0.755 
1 2 18 1.452 
1 2 19 -0.150 
1 2 20 0.380 
1 2 21 0.323 
1 2 22 -0.476 
1 2 23 -0.625 
1 2 24 0.783 
1 2 25 1.241 
1 2 26 0.508 
1 2 27 0.985 
1 2 28 1.358 
1 2 29 -0.185 
1 2 30 0.349 
1 2 31 0.817 
1 2 32 1.072 
1 2 33 2.015 
1 2 34 0.466 
1 2 35 -0.503 
1 2 36 -0.625 
1 2 37 -1.286 
1 2 38 -0.601 
1 2 39 -1.701 
1 2 40 -1.830 
1 2 41 0.836 
1 2 42 0.370 
1 2 43 0.536 
1 2 44 -0.443 
1 2 45 -0.831 
1 2 46 0.078 
1 2 47 0.353 
1 2 48 1.408 
1 2 49 2.196 
1 2 50 -0.401 
1 2 51 0.516 
1 2 52 -0.720 
1 2 53 -0.701 
1 2 54 -0.388 
1 2 55 -0.413 
1 2 56 0.065 
1 2 57 -0.550 
1 2 58 -1.025 
1 2 59 0.452 
1 2 60 -0.162 
1 2 61 2.363 
1 2 62 0.678 
1 3 1 11.227 
1 3 2 -7.007 
1 3 3 -9.071 
1 3 4 -8.594 
1 3 5 -1.897 
2 1 1 -3.796 
2 1 2 1.702 
2 1 3 0.821 
2 1 4 -2.009 
2 1 5 -1.125 
2 1 6 0.000 
2 1 7 -0.332 
2 1 8 -1.290 
2 1 9 -0.157 
2 1 10 0.000 
2 1 11 0.155 
2 1 12 2.078 
2 1 13 0.225 
2 1 14 2.008 
2 1 15 0.571 
2 1 16 -0.200 
2 1 17 4.715 
2 1 18 -0.895 
2 1 19 2.103 
2 1 20 1.672 
2 1 21 -4.998 
2 1 22 -0.627 
2 1 23 -1.076 
2 2 1 -1.613 
2 2 2 0.298 
2 2 3 0.100 
2 2 4 1.584 
2 2 5 -0.434 
2 2 6 -1.595 
2 2 7 0.789 
2 2 8 -0.674 
2 2 9 2.020 
2 2 10 1.581 
2 2 11 1.628 
2 2 12 0.961 
2 2 13 -0.634 
2 2 14 -0.023 
2 2 15 -0.309 
2 2 16 0.786 
2 2 17 0.481 
2 2 18 0.196 
2 2 19 0.045 
2 2 20 -0.425 
2 2 21 -0.468 
2 2 22 -0.055 
2 2 23 -0.426 
2 2 24 -0.409 
2 2 25 -0.330 
2 2 26 0.391 
2 2 27 1.565 
2 2 28 0.423 
2 2 29 1.613 
2 2 30 2.017 
2 2 31 0.109 
2 2 32 2.712 
2 2 33 -0.121 
2 2 34 -0.250 
2 2 35 0.559 
2 2 36 0.353 
2 2 37 -1.055 
2 2 38 0.351 
2 2 39 0.026 
2 2 40 0.914 
2 2 41 2.502 
2 2 42 0.249 
2 2 43 0.460 
2 2 44 1.247 
2 2 45 1.472 
2 2 46 0.501 
2 2 47 -0.149 
2 2 48 2.533 
2 2 49 1.090 
2 2 50 1.954 
2 2 51 -0.844 
2 2 52 0.808 
2 2 53 1.431 
2 2 54 -0.435 
2 2 55 -1.027 
2 2 56 -0.310 
2 2 57 0.100 
2 2 58 0.398 
2 2 59 1.601 
2 2 60 -0.179 
2 2 61 1.553 
2 2 62 -0.834 
2 3 1 9.217 
2 3 2 -0.556 
2 3 3 0.995 
2 3 4 -9.885 
2 3 5 7.408 
3 1 1 0.214 
3 1 2 1.631 
3 1 3 0.838 
3 1 4 1.019 
3 1 5 1.787 
3 1 6 0.094 
3 1 7 7.099 
3 1 8 -0.172 
3 1 9 0.994 
3 1 10 1.331 
3 1 11 -1.716 
3 1 12 1.150 
3 1 13 1.428 
3 1 14 -2.741 
3 1 15 7.677 
3 1 16 1.731 
3 1 17 -8.254 
3 1 18 -0.506 
3 1 19 -0.879 
3 1 20 2.374 
3 1 21 -1.715 
3 1 22 -3.018 
3 1 23 1.019 
3 2 1 -1.601 
3 2 2 5.149 
3 2 3 1.697 
3 2 4 -1.293 
3 2 5 1.567 
3 2 6 0.036 
3 2 7 0.440 
3 2 8 0.353 
3 2 9 1.228 
3 2 10 0.323 
3 2 11 0.748 
3 2 12 1.110 
3 2 13 1.999 
3 2 14 0.314 
3 2 15 0.648 
3 2 16 -0.154 
3 2 17 0.600 
3 2 18 -1.429 
3 2 19 -0.559 
3 2 20 0.387 
3 2 21 1.362 
3 2 22 0.233 
3 2 23 0.386 
3 2 24 1.683 
3 2 25 1.434 
3 2 26 1.555 
3 2 27 -0.580 
3 2 28 0.289 
3 2 29 2.695 
3 2 30 -1.346 
3 2 31 -0.365 
3 2 32 1.903 
3 2 33 0.583 
3 2 34 0.249 
3 2 35 1.836 
3 2 36 -0.915 
3 2 37 -0.486 
3 2 38 0.869 
3 2 39 -0.973 
3 2 40 0.050 
3 2 41 1.352 
3 2 42 1.931 
3 2 43 -0.953 
3 2 44 1.853 
3 2 45 1.260 
3 2 46 0.643 
3 2 47 1.452 
3 2 48 0.737 
3 2 49 0.097 
3 2 50 -2.569 
3 2 51 0.124 
3 2 52 0.288 
3 2 53 1.797 
3 2 54 -1.655 
3 2 55 1.148 
3 2 56 0.207 
3 2 57 0.327 
3 2 58 -0.149 
3 2 59 -1.402 
3 2 60 0.200 
3 2 61 -1.644 
3 2 62 -1.853 
3 3 1 0.163 
3 3 2 1.469 
3 3 3 -5.323 
3 3 4 -1.609 
3 3 5 -1.077 
4 1 1 0.896 
4 1 2 2.834 
4 1 3 1.327 
4 1 4 -1.578 
4 1 5 -0.499 
4 1 6 3.774 
4 1 7 0.364 
4 1 8 -0.973 
4 1 9 -0.884 
4 1 10 -0.018 
4 1 11 3.169 
4 1 12 -0.959 
4 1 13 0.364 
4 1 14 -0.603 
4 1 15 3.531 
4 1 16 1.175 
4 1 17 -2.966 
4 1 18 -0.218 
4 1 19 -0.987 
4 1 20 0.551 
4 1 21 -0.401 
4 1 22 0.955 
4 1 23 1.251 
4 2 1 -0.509 
4 2 2 -0.974 
4 2 3 -1.732 
4 2 4 -0.274 
4 2 5 0.340 
4 2 6 -1.327 
4 2 7 0.027 
4 2 8 0.317 
4 2 9 1.940 
4 2 10 1.047 
4 2 11 0.796 
4 2 12 1.368 
4 2 13 0.578 
4 2 14 0.253 
4 2 15 0.280 
4 2 16 -0.750 
4 2 17 0.639 
4 2 18 -1.230 
4 2 19 0.176 
4 2 20 2.248 
4 2 21 -0.117 
4 2 22 0.514 
4 2 23 0.378 
4 2 24 -0.002 
4 2 25 0.751 
4 2 26 0.827 
4 2 27 1.269 
4 2 28 0.440 
4 2 29 1.474 
4 2 30 0.538 
4 2 31 0.124 
4 2 32 -0.574 
4 2 33 -0.550 
4 2 34 0.640 
4 2 35 0.601 
4 2 36 1.775 
4 2 37 0.300 
4 2 38 0.902 
4 2 39 -0.601 
4 2 40 -1.845 
4 2 41 0.336 
4 2 42 0.958 
4 2 43 0.515 
4 2 44 0.942 
4 2 45 1.404 
4 2 46 -1.128 
4 2 47 0.395 
4 2 48 -0.351 
4 2 49 1.089 
4 2 50 -0.818 
4 2 51 1.127 
4 2 52 -0.321 
4 2 53 1.523 
4 2 54 0.651 
4 2 55 0.603 
4 2 56 0.200 
4 2 57 -0.199 
4 2 58 -1.491 
4 2 59 -0.153 
4 2 60 1.175 
4 2 61 1.184 
4 2 62 -1.402 
4 3 1 0.589 
4 3 2 1.106 
4 3 3 -5.432 
4 3 4 8.974 
4 3 5 0.106 
5 1 1 -1.020 
5 1 2 2.402 
5 1 3 -0.111 
5 1 4 -0.001 
5 1 5 -0.073 
5 1 6 2.817 
5 1 7 -2.186 
5 1 8 0.745 
5 1 9 1.379 
5 1 10 1.115 
5 1 11 -0.960 
5 1 12 -1.057 
5 1 13 2.084 
5 1 14 0.931 
5 1 15 -3.897 
5 1 16 8.406 
5 1 17 2.913 
5 1 18 -0.604 
5 1 19 -0.945 
5 1 20 1.093 
5 1 21 -0.553 
5 1 22 -1.445 
5 1 23 0.007 
5 2 1 1.656 
5 2 2 -0.925 
5 2 3 0.266 
5 2 4 0.947 
5 2 5 0.058 
5 2 6 1.333 
5 2 7 0.854 
5 2 8 0.164 
5 2 9 0.557 
5 2 10 1.213 
5 2 11 0.099 
5 2 12 0.575 
5 2 13 0.206 
5 2 14 0.481 
5 2 15 0.378 
5 2 16 2.593 
5 2 17 -0.151 
5 2 18 0.231 
5 2 19 1.093 
5 2 20 0.044 
5 2 21 -0.101 
5 2 22 -0.954 
5 2 23 -0.401 
5 2 24 0.408 
5 2 25 0.970 
5 2 26 0.073 
5 2 27 1.030 
5 2 28 1.945 
5 2 29 0.870 
5 2 30 0.724 
5 2 31 0.941 
5 2 32 0.002 
5 2 33 1.135 
5 2 34 0.154 
5 2 35 -0.096 
5 2 36 -1.361 
5 2 37 -0.051 
5 2 38 -1.753 
5 2 39 -1.380 
5 2 40 0.100 
5 2 41 0.699 
5 2 42 1.102 
5 2 43 -0.114 
5 2 44 0.486 
5 2 45 1.654 
5 2 46 0.000 
5 2 47 1.047 
5 2 48 -0.557 
5 2 49 -1.772 
5 2 50 -0.300 
5 2 51 1.098 
5 2 52 -0.291 
5 2 53 -0.701 
5 2 54 0.451 
5 2 55 -1.703 
5 2 56 2.320 
5 2 57 -1.313 
5 2 58 1.423 
5 2 59 0.555 
5 2 60 -0.554 
5 2 61 2.102 
5 2 62 -0.801 
5 3 1 -0.382 
5 3 2 0.422 
5 3 3 3.933 
5 3 4 -3.015 
5 3 5 -11.455 
6 1 1 3.502 
6 1 2 -1.029 
6 1 3 -2.316 
6 1 4 1.920 
6 1 5 2.829 
6 1 6 -2.163 
6 1 7 -0.048 
6 1 8 2.090 
6 1 9 1.386 
6 1 10 0.422 
6 1 11 -0.148 
6 1 12 0.067 
6 1 13 1.648 
6 1 14 -5.133 
6 1 15 -2.519 
6 1 16 0.135 
6 1 17 3.933 
6 1 18 0.962 
6 1 19 0.702 
6 1 20 3.233 
6 1 21 0.000 
6 1 22 -1.095 
6 1 23 -0.949 
6 2 1 -1.569 
6 2 2 0.000 
6 2 3 0.141 
6 2 4 1.875 
6 2 5 0.912 
6 2 6 1.374 
6 2 7 -0.545 
6 2 8 -1.709 
6 2 9 -0.502 
6 2 10 0.402 
6 2 11 0.730 
6 2 12 1.335 
6 2 13 0.015 
6 2 14 0.377 
6 2 15 0.072 
6 2 16 -0.814 
6 2 17 -1.270 
6 2 18 -0.050 
6 2 19 1.606 
6 2 20 -0.505 
6 2 21 0.984 
6 2 22 -0.300 
6 2 23 0.005 
6 2 24 1.455 
6 2 25 1.002 
6 2 26 0.187 
6 2 27 0.836 
6 2 28 0.661 
6 2 29 0.699 
6 2 30 0.219 
6 2 31 0.890 
6 2 32 0.335 
6 2 33 -1.389 
6 2 34 -0.100 
6 2 35 0.076 
6 2 36 0.576 
6 2 37 -0.027 
6 2 38 -1.909 
6 2 39 -0.805 
6 2 40 0.851 
6 2 41 2.514 
6 2 42 1.206 
6 2 43 -0.241 
6 2 44 -0.362 
6 2 45 0.261 
6 2 46 0.373 
6 2 47 0.156 
6 2 48 -0.085 
6 2 49 0.112 
6 2 50 2.237 
6 2 51 0.651 
6 2 52 -0.854 
6 2 53 0.930 
6 2 54 0.551 
6 2 55 2.304 
6 2 56 0.401 
6 2 57 -0.834 
6 2 58 -1.378 
6 2 59 0.751 
6 2 60 -0.986 
6 2 61 0.679 
6 2 62 -0.692 
6 3 1 -1.813 
6 3 2 2.366 
6 3 3 3.788 
6 3 4 -9.185 
6 3 5 4.365 
