1 1 1 1 1.325 -0.041 9.641 0.000 0.000 0.000
1 1 2 1 1.518 -0.035 7.858 0.000 0.000 0.000
1 1 3 1 1.788 -0.025 9.134 0.000 0.000 0.000
1 1 4 1 2.298 -0.030 8.564 0.000 0.000 0.000
1 1 5 1 2.206 -0.019 8.196 0.000 0.000 0.000
1 1 6 1 2.287 -0.021 7.806 0.000 0.000 0.000
1 1 7 1 1.448 -0.028 8.368 0.000 0.000 0.000
1 1 8 1 1.957 -0.048 6.361 0.000 0.000 0.000
1 1 9 1 1.306 -0.017 7.979 0.000 0.000 0.000
1 1 10 1 2.117 -0.019 8.707 0.000 0.000 0.000
1 1 11 1 2.299 -0.021 8.363 0.000 0.000 0.000
1 1 12 1 1.537 -0.036 8.342 0.000 0.000 0.000
1 1 13 1 2.261 -0.043 5.134 0.000 0.000 0.000
1 1 14 1 2.297 -0.031 7.312 0.000 0.000 0.000
1 1 15 1 1.542 -0.025 6.514 0.000 0.000 0.000
1 1 16 1 2.002 -0.069 9.546 0.000 0.000 0.000
1 1 17 1 2.279 -0.059 5.594 0.000 0.000 0.000
1 1 18 1 1.531 -0.047 9.060 0.000 0.000 0.000
1 1 19 1 1.466 -0.054 9.467 0.000 0.000 0.000
1 1 20 1 2.294 -0.021 4.804 0.000 0.000 0.000
1 1 21 1 1.300 -0.103 12.849 0.000 0.000 0.000
1 1 22 1 1.371 -0.163 11.571 0.000 0.000 0.000
1 1 23 1 2.300 -0.056 7.562 0.000 0.000 0.000
1 2 1 1 1.842 -0.034 3.166 0.000 0.000 0.000
1 2 2 1 1.301 -0.060 3.077 0.000 0.000 0.000
1 2 3 1 1.574 -0.053 2.509 0.000 0.000 0.000
1 2 4 1 1.531 -0.055 3.004 0.000 0.000 0.000
1 2 5 1 1.505 -0.070 2.521 0.000 0.000 0.000
1 2 6 1 1.400 -0.041 3.582 0.000 0.000 0.000
1 2 7 1 2.272 -0.021 2.951 0.000 0.000 0.000
1 2 8 1 1.696 -0.027 3.387 0.000 0.000 0.000
1 2 9 1 1.644 -0.027 3.734 0.000 0.000 0.000
1 2 10 1 1.414 -0.039 3.218 0.000 0.000 0.000
1 2 11 1 2.264 -0.019 3.202 0.000 0.000 0.000
1 2 12 1 1.805 -0.025 3.112 0.000 0.000 0.000
1 2 13 1 1.397 -0.089 3.254 0.000 0.000 0.000
1 2 14 1 1.769 -0.025 3.321 0.000 0.000 0.000
1 2 15 1 1.311 -0.065 2.761 0.000 0.000 0.000
1 2 16 1 1.419 -0.047 3.157 0.000 0.000 0.000
1 2 17 1 1.302 -0.056 2.764 0.000 0.000 0.000
1 2 18 1 1.704 -0.029 3.919 0.000 0.000 0.000
1 2 19 1 2.294 -0.019 3.252 0.000 0.000 0.000
1 2 20 1 1.802 -0.031 3.738 0.000 0.000 0.000
1 2 21 1 2.296 -0.020 3.560 0.000 0.000 0.000
1 2 22 1 1.740 -0.030 3.619 0.000 0.000 0.000
1 2 23 1 1.820 -0.032 3.883 0.000 0.000 0.000
1 2 24 1 1.812 -0.027 3.459 0.000 0.000 0.000
1 2 25 1 1.777 -0.024 3.511 0.000 0.000 0.000
1 2 26 1 1.828 -0.026 3.245 0.000 0.000 0.000
1 2 27 1 1.815 -0.026 2.973 0.000 0.000 0.000
1 2 28 1 2.291 -0.019 3.816 0.000 0.000 0.000
1 2 29 1 1.805 -0.031 3.182 0.000 0.000 0.000
1 2 30 1 1.803 -0.029 3.478 0.000 0.000 0.000
1 2 31 1 1.994 -0.038 2.973 0.000 0.000 0.000
1 2 32 1 1.738 -0.024 4.206 0.000 0.000 0.000
1 2 33 1 1.814 -0.032 3.657 0.000 0.000 0.000
1 2 34 1 1.783 -0.031 4.417 0.000 0.000 0.000
1 2 35 1 1.687 -0.030 4.781 0.000 0.000 0.000
1 2 36 1 1.865 -0.032 3.997 0.000 0.000 0.000
1 2 37 1 2.149 -0.110 1.787 0.000 0.000 0.000
1 2 38 1 1.887 -0.038 3.559 0.000 0.000 0.000
1 2 39 1 1.834 -0.033 4.912 0.000 0.000 0.000
1 2 40 1 1.870 -0.036 3.832 0.000 0.000 0.000
1 2 41 1 1.896 -0.035 3.521 0.000 0.000 0.000
1 2 42 1 2.300 -0.066 2.552 0.000 0.000 0.000
1 2 43 1 1.554 -0.027 6.695 0.000 0.000 0.000
1 2 44 1 2.300 -0.021 4.948 0.000 0.000 0.000
1 2 45 1 1.768 -0.030 5.059 0.000 0.000 0.000
1 2 46 1 2.221 -0.132 1.242 0.000 0.000 0.000
1 2 47 1 1.849 -0.037 5.215 0.000 0.000 0.000
1 2 48 1 1.833 -0.030 4.360 0.000 0.000 0.000
1 2 49 1 1.794 -0.034 4.574 0.000 0.000 0.000
1 2 50 1 1.926 -0.035 3.724 0.000 0.000 0.000
1 2 51 1 1.839 -0.035 3.352 0.000 0.000 0.000
1 2 52 1 1.939 -0.042 4.008 0.000 0.000 0.000
1 2 53 1 1.615 -0.023 5.064 0.000 0.000 0.000
1 2 54 1 2.145 -0.045 3.906 0.000 0.000 0.000
1 2 55 1 1.578 -0.030 5.479 0.000 0.000 0.000
1 2 56 1 1.931 -0.034 3.872 0.000 0.000 0.000
1 2 57 1 1.542 -0.024 6.239 0.000 0.000 0.000
1 2 58 1 2.087 -0.045 3.599 0.000 0.000 0.000
1 2 59 1 1.576 -0.028 4.519 0.000 0.000 0.000
1 2 60 1 1.942 -0.038 3.790 0.000 0.000 0.000
1 2 61 1 2.026 -0.042 3.647 0.000 0.000 0.000
1 2 62 1 1.507 -0.023 5.846 0.000 0.000 0.000
1 3 1 1 1.794 -0.008 12.131 0.000 0.000 0.000
1 3 2 1 1.999 -0.178 14.112 0.000 0.000 0.000
1 3 3 1 2.300 -0.305 14.095 0.000 0.000 0.000
1 3 4 1 1.959 -0.082 9.794 0.000 0.000 0.000
1 3 5 1 1.914 0.047 3.444 0.000 0.000 0.000
2 1 1 1 1.591 -0.042 7.933 0.000 0.000 0.000
2 1 2 1 1.539 -0.026 7.192 0.000 0.000 0.000
2 1 3 1 1.784 -0.032 5.346 0.000 0.000 0.000
2 1 4 1 2.264 -0.019 6.282 0.000 0.000 0.000
2 1 5 1 2.300 -0.025 5.822 0.000 0.000 0.000
2 1 6 1 1.800 -0.030 3.800 0.000 0.000 0.000
2 1 7 1 2.299 -0.023 6.306 0.000 0.000 0.000
2 1 8 1 2.295 -0.022 6.363 0.000 0.000 0.000
2 1 9 1 2.272 -0.018 7.528 0.000 0.000 0.000
2 1 10 1 1.800 -0.030 3.800 0.000 0.000 0.000
2 1 11 1 2.300 -0.068 3.279 0.000 0.000 0.000
2 1 12 1 1.304 -0.017 7.945 0.000 0.000 0.000
2 1 13 1 1.768 -0.046 6.421 0.000 0.000 0.000
2 1 14 1 1.304 -0.026 8.932 0.000 0.000 0.000
2 1 15 1 1.429 -0.015 9.502 0.000 0.000 0.000
2 1 16 1 2.299 -0.031 6.786 0.000 0.000 0.000
2 1 17 1 2.296 -0.036 5.289 0.000 0.000 0.000
2 1 18 1 1.615 -0.056 8.242 0.000 0.000 0.000
2 1 19 1 1.800 -0.030 3.800 0.000 0.000 0.000
2 1 20 1 2.249 -0.049 4.057 0.000 0.000 0.000
2 1 21 1 1.461 -0.027 11.129 0.000 0.000 0.000
2 1 22 1 1.931 -0.057 7.975 0.000 0.000 0.000
2 1 23 1 1.557 -0.016 10.264 0.000 0.000 0.000
2 2 1 1 1.712 -0.047 2.491 0.000 0.000 0.000
2 2 2 1 1.758 -0.098 1.529 0.000 0.000 0.000
2 2 3 1 1.855 -0.032 3.199 0.000 0.000 0.000
2 2 4 1 1.495 -0.091 2.049 0.000 0.000 0.000
2 2 5 1 1.938 -0.031 2.901 0.000 0.000 0.000
2 2 6 1 1.499 -0.067 2.507 0.000 0.000 0.000
2 2 7 1 1.483 -0.081 2.032 0.000 0.000 0.000
2 2 8 1 1.611 -0.057 2.322 0.000 0.000 0.000
2 2 9 1 1.310 -0.084 2.456 0.000 0.000 0.000
2 2 10 1 1.809 -0.031 2.912 0.000 0.000 0.000
2 2 11 1 1.469 -0.061 2.151 0.000 0.000 0.000
2 2 12 1 1.521 -0.092 1.675 0.000 0.000 0.000
2 2 13 1 1.368 -0.065 2.491 0.000 0.000 0.000
2 2 14 1 1.502 -0.094 2.202 0.000 0.000 0.000
2 2 15 1 1.653 -0.049 2.512 0.000 0.000 0.000
2 2 16 1 1.517 -0.098 1.698 0.000 0.000 0.000
2 2 17 1 1.468 -0.061 2.171 0.000 0.000 0.000
2 2 18 1 1.837 -0.032 3.044 0.000 0.000 0.000
2 2 19 1 1.658 -0.091 1.646 0.000 0.000 0.000
2 2 20 1 1.455 -0.086 1.951 0.000 0.000 0.000
2 2 21 1 1.894 -0.029 3.171 0.000 0.000 0.000
2 2 22 1 1.440 -0.062 2.240 0.000 0.000 0.000
2 2 23 1 1.529 -0.074 2.257 0.000 0.000 0.000
2 2 24 1 1.577 -0.088 2.130 0.000 0.000 0.000
2 2 25 1 1.576 -0.059 2.367 0.000 0.000 0.000
2 2 26 1 1.307 -0.083 2.358 0.000 0.000 0.000
2 2 27 1 1.558 -0.053 2.544 0.000 0.000 0.000
2 2 28 1 1.873 -0.027 3.019 0.000 0.000 0.000
2 2 29 1 1.749 -0.028 3.634 0.000 0.000 0.000
2 2 30 1 1.677 -0.079 2.052 0.000 0.000 0.000
2 2 31 1 1.956 -0.036 3.104 0.000 0.000 0.000
2 2 32 1 1.360 -0.089 3.290 0.000 0.000 0.000
2 2 33 1 1.939 -0.038 3.537 0.000 0.000 0.000
2 2 34 1 1.868 -0.032 3.504 0.000 0.000 0.000
2 2 35 1 1.793 -0.033 3.672 0.000 0.000 0.000
2 2 36 1 1.878 -0.032 4.007 0.000 0.000 0.000
2 2 37 1 2.300 -0.027 4.015 0.000 0.000 0.000
2 2 38 1 1.917 -0.032 3.696 0.000 0.000 0.000
2 2 39 1 1.728 -0.033 4.427 0.000 0.000 0.000
2 2 40 1 2.084 -0.044 3.242 0.000 0.000 0.000
2 2 41 1 1.631 -0.023 5.107 0.000 0.000 0.000
2 2 42 1 1.890 -0.098 2.385 0.000 0.000 0.000
2 2 43 1 1.879 -0.035 4.212 0.000 0.000 0.000
2 2 44 1 1.714 -0.029 4.037 0.000 0.000 0.000
2 2 45 1 1.882 -0.032 4.046 0.000 0.000 0.000
2 2 46 1 1.840 -0.030 3.465 0.000 0.000 0.000
2 2 47 1 2.300 -0.025 4.076 0.000 0.000 0.000
2 2 48 1 2.019 -0.037 3.547 0.000 0.000 0.000
2 2 49 1 1.829 -0.031 3.731 0.000 0.000 0.000
2 2 50 1 1.766 -0.035 4.858 0.000 0.000 0.000
2 2 51 1 2.015 -0.114 2.408 0.000 0.000 0.000
2 2 52 1 1.785 -0.032 3.999 0.000 0.000 0.000
2 2 53 1 1.973 -0.035 3.741 0.000 0.000 0.000
2 2 54 1 2.050 -0.039 3.201 0.000 0.000 0.000
2 2 55 1 1.791 -0.029 4.480 0.000 0.000 0.000
2 2 56 1 1.734 -0.030 3.852 0.000 0.000 0.000
2 2 57 1 1.893 -0.034 3.822 0.000 0.000 0.000
2 2 58 1 1.814 -0.034 4.708 0.000 0.000 0.000
2 2 59 1 1.551 -0.020 5.687 0.000 0.000 0.000
2 2 60 1 1.452 -0.015 5.379 0.000 0.000 0.000
2 2 61 1 1.541 -0.021 4.890 0.000 0.000 0.000
2 2 62 1 2.052 -0.112 1.798 0.000 0.000 0.000
2 3 1 1 1.470 -0.025 7.327 0.000 0.000 0.000
2 3 2 1 1.950 -0.051 7.093 0.000 0.000 0.000
2 3 3 1 1.694 -0.032 6.947 0.000 0.000 0.000
2 3 4 1 1.872 -0.039 5.349 0.000 0.000 0.000
2 3 5 1 1.728 -0.024 2.392 0.000 0.000 0.000
3 1 1 1 2.292 -0.026 6.886 0.000 0.000 0.000
3 1 2 1 2.193 -0.017 7.932 0.000 0.000 0.000
3 1 3 1 1.611 -0.032 5.971 0.000 0.000 0.000
3 1 4 1 1.536 -0.031 6.417 0.000 0.000 0.000
3 1 5 1 1.353 -0.023 7.089 0.000 0.000 0.000
3 1 6 1 1.757 -0.034 5.597 0.000 0.000 0.000
3 1 7 1 1.673 -0.032 6.698 0.000 0.000 0.000
3 1 8 1 1.549 -0.031 6.579 0.000 0.000 0.000
3 1 9 1 1.717 -0.044 6.808 0.000 0.000 0.000
3 1 10 1 2.252 -0.091 3.099 0.000 0.000 0.000
3 1 11 1 2.289 -0.033 6.173 0.000 0.000 0.000
3 1 12 1 1.773 -0.034 6.575 0.000 0.000 0.000
3 1 13 1 1.548 -0.035 7.713 0.000 0.000 0.000
3 1 14 1 2.261 -0.034 7.483 0.000 0.000 0.000
3 1 15 1 1.300 -0.013 11.806 0.000 0.000 0.000
3 1 16 1 2.300 -0.047 5.266 0.000 0.000 0.000
3 1 17 1 2.300 -0.047 3.798 0.000 0.000 0.000
3 1 18 1 2.231 -0.088 4.628 0.000 0.000 0.000
3 1 19 1 2.299 -0.046 5.571 0.000 0.000 0.000
3 1 20 1 1.682 -0.033 7.122 0.000 0.000 0.000
3 1 21 1 1.300 -0.059 10.047 0.000 0.000 0.000
3 1 22 1 1.309 -0.039 9.308 0.000 0.000 0.000
3 1 23 1 2.300 -0.057 5.787 0.000 0.000 0.000
3 2 1 1 1.494 -0.064 2.513 0.000 0.000 0.000
3 2 2 1 1.424 -0.059 2.727 0.000 0.000 0.000
3 2 3 1 1.819 -0.030 3.316 0.000 0.000 0.000
3 2 4 1 1.548 -0.045 2.878 0.000 0.000 0.000
3 2 5 1 1.422 -0.071 2.505 0.000 0.000 0.000
3 2 6 1 1.300 -0.045 3.701 0.000 0.000 0.000
3 2 7 1 1.351 -0.064 2.454 0.000 0.000 0.000
3 2 8 1 1.335 -0.086 2.199 0.000 0.000 0.000
3 2 9 1 1.493 -0.100 2.054 0.000 0.000 0.000
3 2 10 1 1.338 -0.062 2.688 0.000 0.000 0.000
3 2 11 1 1.372 -0.079 2.038 0.000 0.000 0.000
3 2 12 1 1.349 -0.078 2.295 0.000 0.000 0.000
3 2 13 1 1.921 -0.030 2.871 0.000 0.000 0.000
3 2 14 1 1.383 -0.083 2.589 0.000 0.000 0.000
3 2 15 1 1.332 -0.071 2.146 0.000 0.000 0.000
3 2 16 1 1.303 -0.065 2.793 0.000 0.000 0.000
3 2 17 1 1.855 -0.030 2.827 0.000 0.000 0.000
3 2 18 1 1.462 -0.103 1.937 0.000 0.000 0.000
3 2 19 1 1.833 -0.027 3.257 0.000 0.000 0.000
3 2 20 1 1.746 -0.027 2.965 0.000 0.000 0.000
3 2 21 1 1.489 -0.099 2.322 0.000 0.000 0.000
3 2 22 1 1.723 -0.028 3.142 0.000 0.000 0.000
3 2 23 1 1.713 -0.026 3.545 0.000 0.000 0.000
3 2 24 1 1.380 -0.103 2.077 0.000 0.000 0.000
3 2 25 1 1.956 -0.031 2.819 0.000 0.000 0.000
3 2 26 1 1.890 -0.028 2.994 0.000 0.000 0.000
3 2 27 1 1.816 -0.031 3.085 0.000 0.000 0.000
3 2 28 1 1.860 -0.030 3.184 0.000 0.000 0.000
3 2 29 1 1.776 -0.027 3.724 0.000 0.000 0.000
3 2 30 1 2.300 -0.029 3.163 0.000 0.000 0.000
3 2 31 1 2.299 -0.020 2.638 0.000 0.000 0.000
3 2 32 1 2.002 -0.037 2.506 0.000 0.000 0.000
3 2 33 1 1.499 -0.070 3.783 0.000 0.000 0.000
3 2 34 1 1.935 -0.031 3.311 0.000 0.000 0.000
3 2 35 1 2.013 -0.039 2.915 0.000 0.000 0.000
3 2 36 1 1.833 -0.034 3.729 0.000 0.000 0.000
3 2 37 1 1.674 -0.120 2.804 0.000 0.000 0.000
3 2 38 1 1.769 -0.029 3.816 0.000 0.000 0.000
3 2 39 1 1.677 -0.101 2.049 0.000 0.000 0.000
3 2 40 1 1.913 -0.036 4.009 0.000 0.000 0.000
3 2 41 1 1.567 -0.028 6.197 0.000 0.000 0.000
3 2 42 1 1.920 -0.036 3.733 0.000 0.000 0.000
3 2 43 1 1.810 -0.031 4.166 0.000 0.000 0.000
3 2 44 1 1.889 -0.032 3.746 0.000 0.000 0.000
3 2 45 1 1.788 -0.033 4.841 0.000 0.000 0.000
3 2 46 1 1.874 -0.035 3.462 0.000 0.000 0.000
3 2 47 1 2.021 -0.042 3.200 0.000 0.000 0.000
3 2 48 1 1.803 -0.035 4.852 0.000 0.000 0.000
3 2 49 1 2.004 -0.039 4.265 0.000 0.000 0.000
3 2 50 1 1.928 -0.107 2.791 0.000 0.000 0.000
3 2 51 1 1.778 -0.034 4.996 0.000 0.000 0.000
3 2 52 1 1.841 -0.034 3.499 0.000 0.000 0.000
3 2 53 1 1.935 -0.042 4.552 0.000 0.000 0.000
3 2 54 1 1.584 -0.026 4.830 0.000 0.000 0.000
3 2 55 1 1.720 -0.028 5.210 0.000 0.000 0.000
3 2 56 1 1.885 -0.037 3.493 0.000 0.000 0.000
3 2 57 1 1.646 -0.026 4.645 0.000 0.000 0.000
3 2 58 1 1.703 -0.031 5.464 0.000 0.000 0.000
3 2 59 1 1.540 -0.019 5.594 0.000 0.000 0.000
3 2 60 1 1.924 -0.039 3.269 0.000 0.000 0.000
3 2 61 1 1.913 -0.034 4.153 0.000 0.000 0.000
3 2 62 1 1.413 -0.018 6.032 0.000 0.000 0.000
3 3 1 1 1.400 -0.009 9.970 0.000 0.000 0.000
3 3 2 1 1.490 -0.035 5.588 0.000 0.000 0.000
3 3 3 1 1.304 -0.011 7.867 0.000 0.000 0.000
3 3 4 1 2.300 -0.058 5.070 0.000 0.000 0.000
3 3 5 1 1.857 -0.041 6.481 0.000 0.000 0.000
4 1 1 1 1.768 -0.092 7.862 0.000 0.000 0.000
4 1 2 1 1.650 -0.026 12.289 0.000 0.000 0.000
4 1 3 1 1.354 -0.023 10.542 0.000 0.000 0.000
4 1 4 1 2.174 -0.017 9.073 0.000 0.000 0.000
4 1 5 1 2.226 -0.018 8.283 0.000 0.000 0.000
4 1 6 1 2.300 -0.031 6.619 0.000 0.000 0.000
4 1 7 1 1.300 -0.094 10.406 0.000 0.000 0.000
4 1 8 1 2.300 -0.023 7.211 0.000 0.000 0.000
4 1 9 1 2.254 -0.024 9.045 0.000 0.000 0.000
4 1 10 1 1.541 -0.058 9.395 0.000 0.000 0.000
4 1 11 1 2.300 -0.043 11.021 0.000 0.000 0.000
4 1 12 1 2.224 -0.040 9.748 0.000 0.000 0.000
4 1 13 1 1.702 -0.041 9.082 0.000 0.000 0.000
4 1 14 1 2.300 -0.042 9.226 0.000 0.000 0.000
4 1 15 1 2.300 -0.049 5.851 0.000 0.000 0.000
4 1 16 1 2.292 -0.043 9.422 0.000 0.000 0.000
4 1 17 1 2.300 -0.048 9.065 0.000 0.000 0.000
4 1 18 1 2.300 -0.051 6.693 0.000 0.000 0.000
4 1 19 1 1.563 -0.061 10.219 0.000 0.000 0.000
4 1 20 1 1.341 -0.291 14.671 0.000 0.000 0.000
4 1 21 1 2.299 -0.059 9.557 0.000 0.000 0.000
4 1 22 1 1.711 -0.033 8.047 0.000 0.000 0.000
4 1 23 1 1.317 -0.231 13.365 0.000 0.000 0.000
4 2 1 1 2.210 -0.023 3.905 0.000 0.000 0.000
4 2 2 1 1.585 -0.051 3.060 0.000 0.000 0.000
4 2 3 1 1.474 -0.078 2.580 0.000 0.000 0.000
4 2 4 1 1.378 -0.073 2.893 0.000 0.000 0.000
4 2 5 1 1.415 -0.052 3.381 0.000 0.000 0.000
4 2 6 1 1.712 -0.024 3.781 0.000 0.000 0.000
4 2 7 1 1.722 -0.026 3.500 0.000 0.000 0.000
4 2 8 1 1.766 -0.027 3.459 0.000 0.000 0.000
4 2 9 1 1.408 -0.056 3.410 0.000 0.000 0.000
4 2 10 1 1.336 -0.074 2.637 0.000 0.000 0.000
4 2 11 1 2.291 -0.018 3.465 0.000 0.000 0.000
4 2 12 1 1.746 -0.025 3.450 0.000 0.000 0.000
4 2 13 1 1.717 -0.025 3.566 0.000 0.000 0.000
4 2 14 1 1.817 -0.027 3.772 0.000 0.000 0.000
4 2 15 1 2.281 -0.017 3.918 0.000 0.000 0.000
4 2 16 1 2.300 -0.021 3.577 0.000 0.000 0.000
4 2 17 1 1.300 -0.060 2.919 0.000 0.000 0.000
4 2 18 1 1.648 -0.028 4.287 0.000 0.000 0.000
4 2 19 1 1.304 -0.076 3.289 0.000 0.000 0.000
4 2 20 1 1.827 -0.029 3.529 0.000 0.000 0.000
4 2 21 1 1.785 -0.030 3.854 0.000 0.000 0.000
4 2 22 1 2.299 -0.019 2.977 0.000 0.000 0.000
4 2 23 1 1.676 -0.024 3.878 0.000 0.000 0.000
4 2 24 1 1.808 -0.026 3.513 0.000 0.000 0.000
4 2 25 1 1.888 -0.032 3.399 0.000 0.000 0.000
4 2 26 1 1.781 -0.031 3.409 0.000 0.000 0.000
4 2 27 1 1.764 -0.026 4.018 0.000 0.000 0.000
4 2 28 1 1.690 -0.026 3.881 0.000 0.000 0.000
4 2 29 1 1.827 -0.033 3.709 0.000 0.000 0.000
4 2 30 1 1.869 -0.122 1.789 0.000 0.000 0.000
4 2 31 1 1.757 -0.080 1.882 0.000 0.000 0.000
4 2 32 1 1.818 -0.033 3.441 0.000 0.000 0.000
4 2 33 1 1.853 -0.065 2.888 0.000 0.000 0.000
4 2 34 1 1.874 -0.032 3.604 0.000 0.000 0.000
4 2 35 1 1.876 -0.033 3.826 0.000 0.000 0.000
4 2 36 1 1.847 -0.032 4.407 0.000 0.000 0.000
4 2 37 1 1.875 -0.032 4.041 0.000 0.000 0.000
4 2 38 1 1.701 -0.106 2.596 0.000 0.000 0.000
4 2 39 1 1.846 -0.035 3.726 0.000 0.000 0.000
4 2 40 1 1.626 -0.029 4.864 0.000 0.000 0.000
4 2 41 1 1.780 -0.031 4.056 0.000 0.000 0.000
4 2 42 1 1.808 -0.095 2.470 0.000 0.000 0.000
4 2 43 1 1.908 -0.040 4.135 0.000 0.000 0.000
4 2 44 1 1.799 -0.035 4.127 0.000 0.000 0.000
4 2 45 1 1.783 -0.036 4.659 0.000 0.000 0.000
4 2 46 1 1.841 -0.031 4.098 0.000 0.000 0.000
4 2 47 1 1.697 -0.036 5.913 0.000 0.000 0.000
4 2 48 1 1.825 -0.033 4.151 0.000 0.000 0.000
4 2 49 1 1.910 -0.043 5.518 0.000 0.000 0.000
4 2 50 1 1.692 -0.028 5.369 0.000 0.000 0.000
4 2 51 1 2.226 -0.103 1.724 0.000 0.000 0.000
4 2 52 1 1.961 -0.038 3.338 0.000 0.000 0.000
4 2 53 1 2.087 -0.045 3.398 0.000 0.000 0.000
4 2 54 1 1.816 -0.085 3.224 0.000 0.000 0.000
4 2 55 1 1.849 -0.034 5.172 0.000 0.000 0.000
4 2 56 1 1.919 -0.037 3.899 0.000 0.000 0.000
4 2 57 1 1.965 -0.040 4.285 0.000 0.000 0.000
4 2 58 1 1.545 -0.020 5.661 0.000 0.000 0.000
4 2 59 1 1.567 -0.032 6.302 0.000 0.000 0.000
4 2 60 1 1.703 -0.031 6.521 0.000 0.000 0.000
4 2 61 1 1.864 -0.036 4.358 0.000 0.000 0.000
4 2 62 1 1.941 -0.038 3.591 0.000 0.000 0.000
4 3 1 1 2.299 -0.030 10.837 0.000 0.000 0.000
4 3 2 1 2.296 -0.088 4.020 0.000 0.000 0.000
4 3 3 1 2.300 -0.054 5.164 0.000 0.000 0.000
4 3 4 1 2.279 -0.358 15.325 0.000 0.000 0.000
4 3 5 1 1.771 -0.012 2.007 0.000 0.000 0.000
5 1 1 1 1.333 -0.032 9.085 0.000 0.000 0.000
5 1 2 1 1.640 -0.032 6.070 0.000 0.000 0.000
5 1 3 1 1.733 -0.045 7.165 0.000 0.000 0.000
5 1 4 1 1.553 -0.033 6.955 0.000 0.000 0.000
5 1 5 1 1.601 -0.027 6.172 0.000 0.000 0.000
5 1 6 1 2.296 -0.022 7.384 0.000 0.000 0.000
5 1 7 1 1.734 -0.039 6.211 0.000 0.000 0.000
5 1 8 1 1.634 -0.030 6.719 0.000 0.000 0.000
5 1 9 1 1.639 -0.041 7.060 0.000 0.000 0.000
5 1 10 1 1.692 -0.034 5.875 0.000 0.000 0.000
5 1 11 1 1.463 -0.039 7.844 0.000 0.000 0.000
5 1 12 1 1.300 -0.024 9.724 0.000 0.000 0.000
5 1 13 1 2.267 -0.028 7.070 0.000 0.000 0.000
5 1 14 1 1.317 -0.023 8.588 0.000 0.000 0.000
5 1 15 1 2.300 -0.051 5.358 0.000 0.000 0.000
5 1 16 1 1.336 -0.032 8.644 0.000 0.000 0.000
5 1 17 1 2.300 -0.051 7.066 0.000 0.000 0.000
5 1 18 1 1.552 -0.016 9.533 0.000 0.000 0.000
5 1 19 1 2.300 -0.056 5.659 0.000 0.000 0.000
5 1 20 1 2.300 -0.049 4.675 0.000 0.000 0.000
5 1 21 1 1.398 -0.056 12.199 0.000 0.000 0.000
5 1 22 1 2.287 -0.039 7.137 0.000 0.000 0.000
5 1 23 1 1.300 -0.046 8.960 0.000 0.000 0.000
5 2 1 1 1.627 -0.092 2.106 0.000 0.000 0.000
5 2 2 1 1.891 -0.034 2.716 0.000 0.000 0.000
5 2 3 1 1.590 -0.050 2.816 0.000 0.000 0.000
5 2 4 1 1.668 -0.041 3.053 0.000 0.000 0.000
5 2 5 1 1.300 -0.054 3.040 0.000 0.000 0.000
5 2 6 1 1.349 -0.058 2.744 0.000 0.000 0.000
5 2 7 1 1.461 -0.077 2.383 0.000 0.000 0.000
5 2 8 1 2.266 -0.022 3.013 0.000 0.000 0.000
5 2 9 1 2.255 -0.020 3.395 0.000 0.000 0.000
5 2 10 1 1.349 -0.039 2.976 0.000 0.000 0.000
5 2 11 1 1.778 -0.022 3.117 0.000 0.000 0.000
5 2 12 1 1.303 -0.094 2.226 0.000 0.000 0.000
5 2 13 1 1.677 -0.026 3.301 0.000 0.000 0.000
5 2 14 1 2.265 -0.020 3.018 0.000 0.000 0.000
5 2 15 1 1.480 -0.041 2.789 0.000 0.000 0.000
5 2 16 1 1.726 -0.025 3.156 0.000 0.000 0.000
5 2 17 1 1.465 -0.051 2.532 0.000 0.000 0.000
5 2 18 1 1.860 -0.028 3.114 0.000 0.000 0.000
5 2 19 1 2.279 -0.018 3.018 0.000 0.000 0.000
5 2 20 1 1.775 -0.024 3.266 0.000 0.000 0.000
5 2 21 1 1.352 -0.054 3.153 0.000 0.000 0.000
5 2 22 1 2.289 -0.019 3.126 0.000 0.000 0.000
5 2 23 1 1.770 -0.025 3.271 0.000 0.000 0.000
5 2 24 1 2.300 -0.021 3.429 0.000 0.000 0.000
5 2 25 1 1.839 -0.028 3.179 0.000 0.000 0.000
5 2 26 1 1.350 -0.082 2.017 0.000 0.000 0.000
5 2 27 1 1.868 -0.025 2.967 0.000 0.000 0.000
5 2 28 1 1.664 -0.025 4.072 0.000 0.000 0.000
5 2 29 1 1.499 -0.074 2.421 0.000 0.000 0.000
5 2 30 1 1.824 -0.030 3.232 0.000 0.000 0.000
5 2 31 1 1.875 -0.029 3.386 0.000 0.000 0.000
5 2 32 1 1.438 -0.095 2.711 0.000 0.000 0.000
5 2 33 1 1.831 -0.110 2.113 0.000 0.000 0.000
5 2 34 1 1.807 -0.027 3.909 0.000 0.000 0.000
5 2 35 1 1.841 -0.034 3.445 0.000 0.000 0.000
5 2 36 1 1.736 -0.032 4.087 0.000 0.000 0.000
5 2 37 1 1.945 -0.039 3.731 0.000 0.000 0.000
5 2 38 1 2.136 -0.025 3.454 0.000 0.000 0.000
5 2 39 1 1.840 -0.036 4.248 0.000 0.000 0.000
5 2 40 1 2.193 -0.126 0.886 0.000 0.000 0.000
5 2 41 1 2.044 -0.042 3.140 0.000 0.000 0.000
5 2 42 1 1.969 -0.037 3.821 0.000 0.000 0.000
5 2 43 1 1.946 -0.039 3.874 0.000 0.000 0.000
5 2 44 1 1.752 -0.029 3.795 0.000 0.000 0.000
5 2 45 1 1.880 -0.037 4.093 0.000 0.000 0.000
5 2 46 1 1.847 -0.034 3.536 0.000 0.000 0.000
5 2 47 1 1.701 -0.088 2.649 0.000 0.000 0.000
5 2 48 1 1.853 -0.032 3.994 0.000 0.000 0.000
5 2 49 1 2.005 -0.039 3.662 0.000 0.000 0.000
5 2 50 1 1.941 -0.036 3.843 0.000 0.000 0.000
5 2 51 1 1.769 -0.033 4.005 0.000 0.000 0.000
5 2 52 1 1.849 -0.031 4.261 0.000 0.000 0.000
5 2 53 1 2.086 -0.038 3.120 0.000 0.000 0.000
5 2 54 1 1.948 -0.038 3.294 0.000 0.000 0.000
5 2 55 1 1.870 -0.032 3.974 0.000 0.000 0.000
5 2 56 1 1.870 -0.038 3.853 0.000 0.000 0.000
5 2 57 1 2.118 -0.042 3.434 0.000 0.000 0.000
5 2 58 1 1.839 -0.037 3.946 0.000 0.000 0.000
5 2 59 1 1.840 -0.036 4.805 0.000 0.000 0.000
5 2 60 1 1.969 -0.040 3.912 0.000 0.000 0.000
5 2 61 1 2.000 -0.043 4.674 0.000 0.000 0.000
5 2 62 1 1.748 -0.033 4.768 0.000 0.000 0.000
5 3 1 1 1.870 -0.046 6.030 0.000 0.000 0.000
5 3 2 1 2.300 -0.050 4.243 0.000 0.000 0.000
5 3 3 1 2.300 -0.052 4.030 0.000 0.000 0.000
5 3 4 1 2.300 -0.060 4.516 0.000 0.000 0.000
5 3 5 1 1.354 0.005 -11.014 0.000 0.000 0.000
6 1 1 1 1.559 -0.036 6.832 0.000 0.000 0.000
6 1 2 1 2.233 -0.018 7.059 0.000 0.000 0.000
6 1 3 1 1.570 -0.034 7.275 0.000 0.000 0.000
6 1 4 1 2.214 -0.017 7.514 0.000 0.000 0.000
6 1 5 1 1.982 -0.025 9.485 0.000 0.000 0.000
6 1 6 1 1.985 -0.022 6.644 0.000 0.000 0.000
6 1 7 1 1.650 -0.032 5.985 0.000 0.000 0.000
6 1 8 1 1.762 -0.032 5.915 0.000 0.000 0.000
6 1 9 1 1.554 -0.030 7.094 0.000 0.000 0.000
6 1 10 1 1.428 -0.034 7.528 0.000 0.000 0.000
6 1 11 1 1.593 -0.037 7.088 0.000 0.000 0.000
6 1 12 1 1.476 -0.038 7.887 0.000 0.000 0.000
6 1 13 1 2.214 -0.018 8.696 0.000 0.000 0.000
6 1 14 1 1.921 -0.051 6.951 0.000 0.000 0.000
6 1 15 1 2.299 -0.025 6.794 0.000 0.000 0.000
6 1 16 1 2.300 -0.053 7.846 0.000 0.000 0.000
6 1 17 1 1.720 -0.034 6.687 0.000 0.000 0.000
6 1 18 1 1.300 -0.108 11.660 0.000 0.000 0.000
6 1 19 1 1.578 -0.035 6.676 0.000 0.000 0.000
6 1 20 1 2.300 -0.054 5.146 0.000 0.000 0.000
6 1 21 1 1.800 -0.030 3.800 0.000 0.000 0.000
6 1 22 1 1.626 -0.050 8.188 0.000 0.000 0.000
6 1 23 1 1.497 0.008 14.526 0.000 0.000 0.000
6 2 1 1 1.515 -0.065 2.395 0.000 0.000 0.000
6 2 2 1 1.725 -0.043 2.502 0.000 0.000 0.000
6 2 3 1 1.448 -0.092 2.199 0.000 0.000 0.000
6 2 4 1 2.223 -0.021 3.116 0.000 0.000 0.000
6 2 5 1 1.307 -0.054 2.692 0.000 0.000 0.000
6 2 6 1 1.832 -0.028 3.207 0.000 0.000 0.000
6 2 7 1 1.891 -0.028 2.752 0.000 0.000 0.000
6 2 8 1 1.435 -0.078 2.193 0.000 0.000 0.000
6 2 9 1 1.812 -0.028 3.109 0.000 0.000 0.000
6 2 10 1 1.343 -0.067 2.350 0.000 0.000 0.000
6 2 11 1 1.790 -0.030 2.862 0.000 0.000 0.000
6 2 12 1 1.302 -0.072 2.187 0.000 0.000 0.000
6 2 13 1 1.550 -0.042 2.476 0.000 0.000 0.000
6 2 14 1 1.306 -0.078 2.588 0.000 0.000 0.000
6 2 15 1 1.352 -0.055 2.691 0.000 0.000 0.000
6 2 16 1 1.480 -0.070 2.410 0.000 0.000 0.000
6 2 17 1 1.444 -0.068 2.054 0.000 0.000 0.000
6 2 18 1 2.291 -0.022 3.432 0.000 0.000 0.000
6 2 19 1 1.878 -0.031 3.086 0.000 0.000 0.000
6 2 20 1 1.395 -0.085 2.406 0.000 0.000 0.000
6 2 21 1 2.300 -0.026 2.637 0.000 0.000 0.000
6 2 22 1 1.444 -0.071 2.175 0.000 0.000 0.000
6 2 23 1 1.383 -0.082 2.283 0.000 0.000 0.000
6 2 24 1 1.878 -0.031 2.996 0.000 0.000 0.000
6 2 25 1 1.406 -0.084 2.388 0.000 0.000 0.000
6 2 26 1 1.840 -0.025 2.966 0.000 0.000 0.000
6 2 27 1 1.776 -0.026 2.952 0.000 0.000 0.000
6 2 28 1 1.473 -0.079 2.517 0.000 0.000 0.000
6 2 29 1 1.778 -0.026 3.792 0.000 0.000 0.000
6 2 30 1 1.854 -0.030 2.873 0.000 0.000 0.000
6 2 31 1 1.754 -0.031 3.651 0.000 0.000 0.000
6 2 32 1 1.713 -0.030 3.766 0.000 0.000 0.000
6 2 33 1 1.673 -0.095 2.490 0.000 0.000 0.000
6 2 34 1 1.866 -0.029 3.567 0.000 0.000 0.000
6 2 35 1 2.300 -0.026 3.766 0.000 0.000 0.000
6 2 36 1 1.849 -0.032 3.860 0.000 0.000 0.000
6 2 37 1 1.912 -0.036 3.923 0.000 0.000 0.000
6 2 38 1 2.123 -0.099 1.593 0.000 0.000 0.000
6 2 39 1 1.689 -0.089 1.932 0.000 0.000 0.000
6 2 40 1 1.719 -0.027 3.796 0.000 0.000 0.000
6 2 41 1 1.685 -0.033 4.889 0.000 0.000 0.000
6 2 42 1 1.649 -0.032 4.991 0.000 0.000 0.000
6 2 43 1 1.944 -0.040 3.852 0.000 0.000 0.000
6 2 44 1 1.814 -0.035 4.057 0.000 0.000 0.000
6 2 45 1 1.588 -0.028 4.987 0.000 0.000 0.000
6 2 46 1 2.055 -0.075 1.779 0.000 0.000 0.000
6 2 47 1 1.932 -0.040 4.022 0.000 0.000 0.000
6 2 48 1 1.998 -0.035 3.373 0.000 0.000 0.000
6 2 49 1 1.943 -0.038 3.685 0.000 0.000 0.000
6 2 50 1 1.870 -0.037 4.140 0.000 0.000 0.000
6 2 51 1 1.893 -0.031 3.527 0.000 0.000 0.000
6 2 52 1 1.904 -0.035 3.907 0.000 0.000 0.000
6 2 53 1 1.950 -0.116 1.866 0.000 0.000 0.000
6 2 54 1 2.300 -0.115 0.783 0.000 0.000 0.000
6 2 55 1 2.300 -0.024 4.235 0.000 0.000 0.000
6 2 56 1 1.769 -0.031 3.568 0.000 0.000 0.000
6 2 57 1 2.058 -0.041 3.167 0.000 0.000 0.000
6 2 58 1 2.156 -0.121 1.370 0.000 0.000 0.000
6 2 59 1 1.694 -0.032 4.168 0.000 0.000 0.000
6 2 60 1 2.057 -0.043 3.511 0.000 0.000 0.000
6 2 61 1 2.021 -0.041 3.286 0.000 0.000 0.000
6 2 62 1 1.895 -0.035 3.669 0.000 0.000 0.000
6 3 1 1 2.178 -0.044 3.494 0.000 0.000 0.000
6 3 2 1 1.888 -0.040 5.641 0.000 0.000 0.000
6 3 3 1 2.300 -0.077 3.835 0.000 0.000 0.000
6 3 4 1 2.299 -0.059 8.080 0.000 0.000 0.000
6 3 5 1 2.001 -0.060 8.545 0.000 0.000 0.000
