1 1 1 1.674
1 1 2 0.076
1 1 3 2.817
1 1 4 1.357
1 1 5 -0.024
1 1 6 4.468
1 1 7 0.124
1 1 8 0.041
1 1 9 -1.506
1 1 10 1.521
1 1 11 5.851
1 1 12 2.084
1 1 13 -3.409
1 1 14 0.893
1 1 15 1.392
1 1 16 1.579
1 1 17 -3.154
1 1 18 2.583
1 1 19 0.058
1 1 20 1.207
1 1 21 0.845
1 1 22 -0.961
1 1 23 0.285
1 2 1 0.111
1 2 2 0.627
1 2 3 1.327
1 2 4 1.115
1 2 5 1.624
1 2 6 -0.527
1 2 7 -1.003
1 2 8 -0.591
1 2 9 -1.581
1 2 10 0.847
1 2 11 0.838
1 2 12 1.588
1 2 13 0.291
1 2 14 -0.344
1 2 15 0.783
1 2 16 -0.710
1 2 17 0.548
1 2 18 1.320
1 2 19 -0.037
1 2 20 0.158
1 2 21 0.212
1 2 22 -0.030
1 2 23 -0.988
1 2 24 0.765
1 2 25 1.131
1 2 26 0.644
1 2 27 0.724
1 2 28 0.959
1 2 29 -0.104
1 2 30 0.153
1 2 31 0.613
1 2 32 1.088
1 2 33 1.125
1 2 34 0.186
1 2 35 -0.109
1 2 36 0.106
1 2 37 -0.383
1 2 38 -0.357
1 2 39 -0.829
1 2 40 -1.168
1 2 41 1.308
1 2 42 0.120
1 2 43 0.235
1 2 44 0.379
1 2 45 -1.355
1 2 46 0.488
1 2 47 0.630
1 2 48 1.179
1 2 49 0.989
1 2 50 -0.452
1 2 51 0.070
1 2 52 -0.213
1 2 53 0.493
1 2 54 -2.122
1 2 55 -0.095
1 2 56 0.133
1 2 57 0.230
1 2 58 0.395
1 2 59 -2.328
1 2 60 -0.167
1 2 61 1.386
1 2 62 0.510
1 3 1 10.354
1 3 2 -6.005
1 3 3 -7.504
1 3 4 -7.464
1 3 5 -1.722
2 1 1 -3.752
2 1 2 1.749
2 1 3 1.089
2 1 4 -1.915
2 1 5 -0.687
2 1 6 0.000
2 1 7 -0.140
2 1 8 -1.415
2 1 9 -0.072
2 1 10 0.000
2 1 11 -0.111
2 1 12 2.221
2 1 13 0.180
2 1 14 2.203
2 1 15 0.389
2 1 16 0.138
2 1 17 4.875
2 1 18 -0.994
2 1 19 -9.908
2 1 20 2.305
2 1 21 -4.756
2 1 22 0.582
2 1 23 -1.716
2 2 1 -1.618
2 2 2 0.216
2 2 3 0.387
2 2 4 1.400
2 2 5 -0.252
2 2 6 -1.571
2 2 7 0.883
2 2 8 -0.738
2 2 9 2.054
2 2 10 1.551
2 2 11 1.726
2 2 12 0.965
2 2 13 -0.612
2 2 14 0.256
2 2 15 -0.205
2 2 16 0.647
2 2 17 0.634
2 2 18 0.197
2 2 19 0.091
2 2 20 -0.053
2 2 21 -0.192
2 2 22 0.120
2 2 23 -0.134
2 2 24 -0.128
2 2 25 0.326
2 2 26 0.555
2 2 27 1.323
2 2 28 0.487
2 2 29 1.417
2 2 30 1.641
2 2 31 -0.033
2 2 32 2.400
2 2 33 -0.077
2 2 34 -0.102
2 2 35 0.353
2 2 36 0.539
2 2 37 -0.867
2 2 38 0.535
2 2 39 -0.025
2 2 40 1.429
2 2 41 2.109
2 2 42 0.367
2 2 43 -0.667
2 2 44 1.204
2 2 45 0.828
2 2 46 0.461
2 2 47 1.157
2 2 48 2.117
2 2 49 0.957
2 2 50 1.057
2 2 51 0.257
2 2 52 1.293
2 2 53 0.928
2 2 54 -0.904
2 2 55 -2.018
2 2 56 -0.559
2 2 57 0.488
2 2 58 0.338
2 2 59 1.012
2 2 60 -0.266
2 2 61 1.521
2 2 62 -1.020
2 3 1 8.763
2 3 2 0.268
2 3 3 -0.746
2 3 4 -8.692
2 3 5 6.356
3 1 1 -0.584
3 1 2 1.812
3 1 3 0.914
3 1 4 0.921
3 1 5 2.025
3 1 6 -0.062
3 1 7 7.099
3 1 8 0.612
3 1 9 0.963
3 1 10 0.918
3 1 11 -0.886
3 1 12 0.961
3 1 13 1.463
3 1 14 -2.707
3 1 15 7.483
3 1 16 1.432
3 1 17 -8.157
3 1 18 -1.830
3 1 19 -0.422
3 1 20 2.348
3 1 21 -2.783
3 1 22 -4.255
3 1 23 1.295
3 2 1 -1.606
3 2 2 5.173
3 2 3 2.511
3 2 4 -1.241
3 2 5 1.560
3 2 6 0.313
3 2 7 0.563
3 2 8 0.458
3 2 9 1.367
3 2 10 0.462
3 2 11 0.811
3 2 12 1.112
3 2 13 1.813
3 2 14 0.119
3 2 15 0.671
3 2 16 -0.090
3 2 17 0.600
3 2 18 -1.509
3 2 19 -0.479
3 2 20 0.359
3 2 21 1.361
3 2 22 0.223
3 2 23 0.117
3 2 24 1.383
3 2 25 1.177
3 2 26 1.585
3 2 27 -0.514
3 2 28 0.286
3 2 29 2.628
3 2 30 -1.069
3 2 31 -0.505
3 2 32 1.014
3 2 33 -0.147
3 2 34 0.007
3 2 35 1.342
3 2 36 -0.484
3 2 37 -0.367
3 2 38 0.760
3 2 39 -0.885
3 2 40 0.602
3 2 41 0.807
3 2 42 1.136
3 2 43 -0.767
3 2 44 0.646
3 2 45 0.870
3 2 46 0.091
3 2 47 0.342
3 2 48 1.130
3 2 49 -0.172
3 2 50 -2.761
3 2 51 -0.281
3 2 52 0.352
3 2 53 2.156
3 2 54 -0.965
3 2 55 0.890
3 2 56 0.229
3 2 57 1.836
3 2 58 0.389
3 2 59 -1.790
3 2 60 -0.296
3 2 61 -0.082
3 2 62 -0.928
3 3 1 -4.776
3 3 2 1.116
3 3 3 -6.168
3 3 4 -2.281
3 3 5 0.000
4 1 1 1.829
4 1 2 3.264
4 1 3 1.368
4 1 4 -1.534
4 1 5 -0.657
4 1 6 3.908
4 1 7 0.934
4 1 8 -0.879
4 1 9 -0.714
4 1 10 1.119
4 1 11 2.702
4 1 12 -1.182
4 1 13 0.427
4 1 14 -0.809
4 1 15 3.953
4 1 16 3.396
4 1 17 -2.362
4 1 18 0.712
4 1 19 0.199
4 1 20 0.866
4 1 21 -0.122
4 1 22 2.104
4 1 23 0.051
4 2 1 -0.343
4 2 2 -0.892
4 2 3 -1.583
4 2 4 0.315
4 2 5 0.574
4 2 6 -1.248
4 2 7 -0.042
4 2 8 0.473
4 2 9 1.919
4 2 10 1.141
4 2 11 0.901
4 2 12 1.248
4 2 13 0.577
4 2 14 0.442
4 2 15 0.415
4 2 16 -0.729
4 2 17 0.667
4 2 18 -1.218
4 2 19 0.149
4 2 20 1.904
4 2 21 -0.198
4 2 22 0.531
4 2 23 0.405
4 2 24 0.018
4 2 25 0.896
4 2 26 1.083
4 2 27 1.252
4 2 28 0.532
4 2 29 1.029
4 2 30 0.424
4 2 31 0.258
4 2 32 0.110
4 2 33 -0.184
4 2 34 0.938
4 2 35 0.890
4 2 36 1.454
4 2 37 0.878
4 2 38 1.498
4 2 39 0.288
4 2 40 -1.368
4 2 41 1.331
4 2 42 1.406
4 2 43 0.638
4 2 44 0.817
4 2 45 0.189
4 2 46 -1.028
4 2 47 1.041
4 2 48 -0.063
4 2 49 0.845
4 2 50 0.148
4 2 51 0.932
4 2 52 -0.087
4 2 53 0.921
4 2 54 0.030
4 2 55 1.641
4 2 56 0.967
4 2 57 0.020
4 2 58 0.025
4 2 59 -1.435
4 2 60 1.576
4 2 61 1.578
4 2 62 -0.980
4 3 1 1.558
4 3 2 1.699
4 3 3 -5.426
4 3 4 8.765
4 3 5 1.830
5 1 1 -0.965
5 1 2 2.415
5 1 3 -0.493
5 1 4 0.179
5 1 5 0.186
5 1 6 3.567
5 1 7 -1.739
5 1 8 1.155
5 1 9 1.584
5 1 10 1.892
5 1 11 -0.460
5 1 12 -0.531
5 1 13 2.462
5 1 14 1.619
5 1 15 -3.173
5 1 16 9.375
5 1 17 2.553
5 1 18 -0.190
5 1 19 -1.327
5 1 20 -0.567
5 1 21 0.555
5 1 22 -1.011
5 1 23 -0.140
5 2 1 1.549
5 2 2 -0.997
5 2 3 0.072
5 2 4 0.852
5 2 5 0.051
5 2 6 1.447
5 2 7 0.884
5 2 8 0.296
5 2 9 0.647
5 2 10 1.342
5 2 11 0.145
5 2 12 0.745
5 2 13 0.444
5 2 14 0.765
5 2 15 0.648
5 2 16 2.550
5 2 17 0.047
5 2 18 0.390
5 2 19 1.394
5 2 20 0.226
5 2 21 0.269
5 2 22 -0.510
5 2 23 -0.014
5 2 24 0.680
5 2 25 1.547
5 2 26 0.659
5 2 27 1.253
5 2 28 1.648
5 2 29 0.955
5 2 30 1.249
5 2 31 1.184
5 2 32 0.792
5 2 33 1.184
5 2 34 0.376
5 2 35 0.486
5 2 36 -0.438
5 2 37 0.103
5 2 38 -0.707
5 2 39 -0.483
5 2 40 0.191
5 2 41 0.969
5 2 42 1.812
5 2 43 0.865
5 2 44 0.832
5 2 45 1.452
5 2 46 0.099
5 2 47 0.930
5 2 48 -0.435
5 2 49 -0.730
5 2 50 0.632
5 2 51 1.037
5 2 52 -0.065
5 2 53 0.742
5 2 54 1.601
5 2 55 -0.613
5 2 56 1.966
5 2 57 -0.443
5 2 58 0.387
5 2 59 -0.485
5 2 60 -0.288
5 2 61 2.015
5 2 62 -1.157
5 3 1 0.062
5 3 2 1.365
5 3 3 3.174
5 3 4 -3.370
5 3 5 -7.738
6 1 1 3.525
6 1 2 0.028
6 1 3 -2.587
6 1 4 1.986
6 1 5 2.244
6 1 6 -2.012
6 1 7 0.028
6 1 8 2.881
6 1 9 2.079
6 1 10 -0.260
6 1 11 0.090
6 1 12 0.134
6 1 13 1.916
6 1 14 -5.318
6 1 15 -2.298
6 1 16 0.296
6 1 17 3.797
6 1 18 0.343
6 1 19 -0.232
6 1 20 2.049
6 1 21 0.000
6 1 22 -3.687
6 1 23 -0.578
6 2 1 -1.601
6 2 2 -0.157
6 2 3 -0.115
6 2 4 1.956
6 2 5 0.902
6 2 6 1.487
6 2 7 -0.621
6 2 8 -1.677
6 2 9 -0.539
6 2 10 0.449
6 2 11 0.717
6 2 12 1.125
6 2 13 0.093
6 2 14 0.311
6 2 15 0.215
6 2 16 -0.926
6 2 17 -1.212
6 2 18 -0.060
6 2 19 1.558
6 2 20 -0.483
6 2 21 0.965
6 2 22 0.421
6 2 23 -0.143
6 2 24 1.037
6 2 25 0.979
6 2 26 0.429
6 2 27 0.714
6 2 28 0.668
6 2 29 0.835
6 2 30 0.580
6 2 31 0.939
6 2 32 0.368
6 2 33 -1.062
6 2 34 -0.128
6 2 35 0.384
6 2 36 0.858
6 2 37 0.073
6 2 38 -1.098
6 2 39 -0.563
6 2 40 1.181
6 2 41 2.170
6 2 42 1.705
6 2 43 -0.424
6 2 44 0.505
6 2 45 0.453
6 2 46 1.041
6 2 47 0.138
6 2 48 -0.104
6 2 49 0.923
6 2 50 1.213
6 2 51 0.912
6 2 52 -0.411
6 2 53 1.114
6 2 54 0.732
6 2 55 0.865
6 2 56 0.743
6 2 57 0.895
6 2 58 -0.181
6 2 59 -0.812
6 2 60 0.203
6 2 61 0.366
6 2 62 -0.876
6 3 1 -0.720
6 3 2 1.691
6 3 3 12.272
6 3 4 -6.861
6 3 5 3.331
