1 1 1 13.486 13.486 2.105 2.105 
1 1 2 13.130 13.130 2.153 2.153 
1 1 3 13.657 13.657 1.894 1.894 
1 1 4 13.496 13.496 1.790 1.790 
1 1 5 13.333 13.333 1.392 1.392 
1 1 6 13.588 13.588 1.228 1.228 
1 1 7 13.891 13.891 0.710 0.710 
1 1 8 13.963 13.963 0.694 0.694 
1 1 9 13.789 13.789 0.464 0.464 
1 1 10 14.105 14.105 0.307 0.307 
1 1 11 14.584 14.584 0.253 0.253 
1 1 12 14.483 14.483 0.228 0.228 
1 1 13 14.449 14.449 0.186 0.186 
1 1 14 14.651 14.651 0.238 0.238 
1 1 15 14.974 14.974 0.182 0.182 
1 1 16 14.173 14.173 0.179 0.179 
1 1 17 14.747 14.747 0.241 0.241 
1 1 18 15.182 15.182 0.170 0.170 
1 1 19 15.415 15.415 0.750 0.750 
1 1 20 15.385 15.385 1.070 1.070 
1 1 21 16.000 16.000 362.039 362.039 
1 1 22 16.000 16.000 362.039 362.039 
1 1 23 16.000 16.000 362.039 362.039 
1 2 1 16.000 16.000 362.039 362.039 
1 2 2 13.212 13.212 3.047 3.047 
1 2 3 13.895 13.895 1.911 1.911 
1 2 4 12.626 12.626 0.848 0.848 
1 2 5 12.641 12.641 1.119 1.119 
1 2 6 12.497 12.497 0.892 0.892 
1 2 7 13.537 13.537 1.279 1.279 
1 2 8 14.416 14.416 1.314 1.314 
1 2 9 13.277 13.277 0.818 0.818 
1 2 10 13.935 13.935 1.252 1.252 
1 2 11 13.718 13.718 0.727 0.727 
1 2 12 14.823 14.823 0.907 0.907 
1 2 13 14.185 14.185 0.797 0.797 
1 2 14 14.470 14.470 0.450 0.450 
1 2 15 14.273 14.273 0.511 0.511 
1 2 16 14.555 14.555 0.675 0.675 
1 2 17 14.620 14.620 0.465 0.465 
1 2 18 14.788 14.788 0.426 0.426 
1 2 19 14.570 14.570 0.412 0.412 
1 2 20 14.569 14.569 0.303 0.303 
1 2 21 14.872 14.872 0.367 0.367 
1 2 22 14.720 14.720 0.296 0.296 
1 2 23 14.990 14.990 0.263 0.263 
1 2 24 15.019 15.019 0.177 0.177 
1 2 25 15.317 15.317 0.257 0.257 
1 2 26 15.130 15.130 0.195 0.195 
1 2 27 15.322 15.322 0.243 0.243 
1 2 28 14.871 14.871 0.176 0.176 
1 2 29 15.335 15.335 0.448 0.448 
1 2 30 15.287 15.287 0.250 0.250 
1 2 31 15.116 15.116 0.251 0.251 
1 2 32 15.609 15.609 0.248 0.248 
1 2 33 15.115 15.115 0.372 0.372 
1 2 34 15.053 15.053 0.361 0.361 
1 2 35 15.328 15.328 0.440 0.440 
1 2 36 15.458 15.458 0.325 0.325 
1 2 37 15.420 15.420 0.342 0.342 
1 2 38 15.389 15.389 0.524 0.524 
1 2 39 14.923 14.923 0.400 0.400 
1 2 40 15.707 15.707 0.784 0.784 
1 2 41 15.818 15.818 0.484 0.484 
1 2 42 15.460 15.460 0.253 0.253 
1 2 43 15.164 15.164 6.994 6.994 
1 2 44 15.924 15.924 1.158 1.158 
1 2 45 15.582 15.582 1.632 1.632 
1 2 46 15.727 15.727 0.286 0.286 
1 2 47 15.638 15.638 3.475 3.475 
1 2 48 15.304 15.304 1.550 1.550 
1 2 49 1.421 1.421 4.499 4.499 
1 2 50 16.000 16.000 362.039 362.039 
1 2 51 16.000 16.000 362.039 362.039 
1 2 52 16.000 16.000 362.039 362.039 
1 2 53 16.000 16.000 362.039 362.039 
1 2 54 16.000 16.000 362.039 362.039 
1 2 55 16.000 16.000 362.039 362.039 
1 2 56 16.000 16.000 362.039 362.039 
1 2 57 16.000 16.000 362.039 362.039 
1 2 58 16.000 16.000 362.039 362.039 
1 2 59 16.000 16.000 362.039 362.039 
1 2 60 16.000 16.000 362.039 362.039 
1 2 61 16.000 16.000 362.039 362.039 
1 2 62 16.000 16.000 362.039 362.039 
1 3 1 16.000 16.000 362.039 362.039 
1 3 2 16.000 16.000 362.039 362.039 
1 3 3 16.000 16.000 362.039 362.039 
1 3 4 16.000 16.000 362.039 362.039 
1 3 5 16.000 16.000 362.039 362.039 
2 1 1 12.903 12.903 2.200 2.200 
2 1 2 12.957 12.957 1.745 1.745 
2 1 3 12.788 12.788 1.500 1.500 
2 1 4 13.568 13.568 1.277 1.277 
2 1 5 13.901 13.901 1.552 1.552 
2 1 6 16.000 16.000 362.039 362.039 
2 1 7 14.036 14.036 1.030 1.030 
2 1 8 14.213 14.213 0.561 0.561 
2 1 9 14.272 14.272 0.381 0.381 
2 1 10 16.000 16.000 362.039 362.039 
2 1 11 14.055 14.055 0.213 0.213 
2 1 12 14.499 14.499 0.203 0.203 
2 1 13 14.292 14.292 0.186 0.186 
2 1 14 14.315 14.315 0.202 0.202 
2 1 15 14.394 14.394 0.223 0.223 
2 1 16 14.905 14.905 0.210 0.210 
2 1 17 14.823 14.823 0.208 0.208 
2 1 18 14.927 14.927 0.223 0.223 
2 1 19 16.000 16.000 362.039 362.039 
2 1 20 15.084 15.084 0.881 0.881 
2 1 21 15.460 15.460 1.793 1.793 
2 1 22 16.000 16.000 362.039 362.039 
2 1 23 16.000 16.000 362.039 362.039 
2 2 1 15.091 15.091 5.614 5.614 
2 2 2 13.106 13.106 4.119 4.119 
2 2 3 13.508 13.508 3.076 3.076 
2 2 4 12.559 12.559 1.644 1.644 
2 2 5 12.973 12.973 1.873 1.873 
2 2 6 13.484 13.484 2.111 2.111 
2 2 7 13.988 13.988 1.807 1.807 
2 2 8 14.554 14.554 1.753 1.753 
2 2 9 14.354 14.354 1.317 1.317 
2 2 10 14.358 14.358 1.506 1.506 
2 2 11 14.970 14.970 1.130 1.130 
2 2 12 14.792 14.792 0.934 0.934 
2 2 13 14.810 14.810 1.204 1.204 
2 2 14 14.258 14.258 0.712 0.712 
2 2 15 14.185 14.185 0.547 0.547 
2 2 16 14.461 14.461 0.857 0.857 
2 2 17 14.604 14.604 0.532 0.532 
2 2 18 14.318 14.318 0.459 0.459 
2 2 19 14.838 14.838 0.487 0.487 
2 2 20 14.730 14.730 0.323 0.323 
2 2 21 14.951 14.951 0.314 0.314 
2 2 22 15.017 15.017 0.240 0.240 
2 2 23 14.417 14.417 0.272 0.272 
2 2 24 14.999 14.999 0.225 0.225 
2 2 25 15.014 15.014 0.192 0.192 
2 2 26 15.079 15.079 0.251 0.251 
2 2 27 15.315 15.315 0.172 0.172 
2 2 28 15.686 15.686 0.294 0.294 
2 2 29 15.177 15.177 0.196 0.196 
2 2 30 15.229 15.229 0.236 0.236 
2 2 31 14.934 14.934 0.218 0.218 
2 2 32 15.509 15.509 0.256 0.256 
2 2 33 15.328 15.328 0.248 0.248 
2 2 34 15.415 15.415 0.636 0.636 
2 2 35 15.392 15.392 0.289 0.289 
2 2 36 14.954 14.954 0.428 0.428 
2 2 37 15.529 15.529 0.423 0.423 
2 2 38 15.560 15.560 0.425 0.425 
2 2 39 15.769 15.769 0.346 0.346 
2 2 40 15.558 15.558 0.326 0.326 
2 2 41 15.672 15.672 0.564 0.564 
2 2 42 15.352 15.352 0.531 0.531 
2 2 43 15.806 15.806 3.859 3.859 
2 2 44 14.235 14.235 1.180 1.180 
2 2 45 15.631 15.631 0.562 0.562 
2 2 46 16.384 16.384 197.102 197.102 
2 2 47 15.604 15.604 4.286 4.286 
2 2 48 16.000 16.000 362.039 362.039 
2 2 49 14.398 14.398 170.988 170.988 
2 2 50 16.000 16.000 362.039 362.039 
2 2 51 16.462 16.462 4.833 4.833 
2 2 52 16.000 16.000 362.039 362.039 
2 2 53 16.000 16.000 362.039 362.039 
2 2 54 16.000 16.000 362.039 362.039 
2 2 55 16.000 16.000 362.039 362.039 
2 2 56 16.000 16.000 362.039 362.039 
2 2 57 16.000 16.000 362.039 362.039 
2 2 58 16.000 16.000 362.039 362.039 
2 2 59 16.000 16.000 362.039 362.039 
2 2 60 16.000 16.000 362.039 362.039 
2 2 61 16.000 16.000 362.039 362.039 
2 2 62 16.000 16.000 362.039 362.039 
2 3 1 16.000 16.000 362.039 362.039 
2 3 2 16.000 16.000 362.039 362.039 
2 3 3 16.000 16.000 362.039 362.039 
2 3 4 16.000 16.000 362.039 362.039 
2 3 5 16.000 16.000 362.039 362.039 
3 1 1 13.273 13.273 2.351 2.351 
3 1 2 12.384 12.384 1.661 1.661 
3 1 3 13.453 13.453 1.802 1.802 
3 1 4 13.804 13.804 1.646 1.646 
3 1 5 13.531 13.531 1.160 1.160 
3 1 6 13.852 13.852 1.068 1.068 
3 1 7 14.024 14.024 0.866 0.866 
3 1 8 14.535 14.535 0.443 0.443 
3 1 9 14.207 14.207 0.430 0.430 
3 1 10 14.255 14.255 0.354 0.354 
3 1 11 13.997 13.997 0.389 0.389 
3 1 12 14.733 14.733 0.302 0.302 
3 1 13 14.185 14.185 0.224 0.224 
3 1 14 13.968 13.968 0.160 0.160 
3 1 15 14.646 14.646 0.232 0.232 
3 1 16 14.802 14.802 0.194 0.194 
3 1 17 15.462 15.462 0.306 0.306 
3 1 18 14.912 14.912 0.362 0.362 
3 1 19 14.381 14.381 0.439 0.439 
3 1 20 13.792 13.792 1.116 1.116 
3 1 21 14.051 14.051 5.143 5.143 
3 1 22 16.000 16.000 362.039 362.039 
3 1 23 17.621 17.621 24.896 24.896 
3 2 1 14.847 14.847 6.204 6.204 
3 2 2 12.850 12.850 2.926 2.926 
3 2 3 14.558 14.558 3.936 3.936 
3 2 4 13.794 13.794 2.564 2.564 
3 2 5 13.656 13.656 2.207 2.207 
3 2 6 13.168 13.168 1.924 1.924 
3 2 7 14.774 14.774 2.048 2.048 
3 2 8 14.794 14.794 1.681 1.681 
3 2 9 13.718 13.718 1.506 1.506 
3 2 10 14.038 14.038 1.388 1.388 
3 2 11 14.100 14.100 1.150 1.150 
3 2 12 14.107 14.107 1.188 1.188 
3 2 13 13.848 13.848 1.021 1.021 
3 2 14 14.816 14.816 0.815 0.815 
3 2 15 14.593 14.593 1.064 1.064 
3 2 16 14.321 14.321 0.698 0.698 
3 2 17 14.553 14.553 0.692 0.692 
3 2 18 14.561 14.561 0.576 0.576 
3 2 19 14.760 14.760 0.289 0.289 
3 2 20 15.027 15.027 0.312 0.312 
3 2 21 14.660 14.660 0.319 0.319 
3 2 22 14.955 14.955 0.292 0.292 
3 2 23 14.963 14.963 0.243 0.243 
3 2 24 15.115 15.115 0.220 0.220 
3 2 25 14.977 14.977 0.214 0.214 
3 2 26 15.205 15.205 0.196 0.196 
3 2 27 15.221 15.221 0.191 0.191 
3 2 28 14.966 14.966 0.230 0.230 
3 2 29 15.188 15.188 0.248 0.248 
3 2 30 14.999 14.999 0.282 0.282 
3 2 31 15.270 15.270 0.383 0.383 
3 2 32 15.443 15.443 0.219 0.219 
3 2 33 15.671 15.671 0.243 0.243 
3 2 34 15.565 15.565 0.278 0.278 
3 2 35 15.337 15.337 0.243 0.243 
3 2 36 15.981 15.981 0.573 0.573 
3 2 37 15.556 15.556 0.320 0.320 
3 2 38 15.829 15.829 0.556 0.556 
3 2 39 15.549 15.549 0.417 0.417 
3 2 40 15.942 15.942 0.761 0.761 
3 2 41 15.287 15.287 0.504 0.504 
3 2 42 15.502 15.502 0.228 0.228 
3 2 43 16.401 16.401 9.933 9.933 
3 2 44 16.096 16.096 5.273 5.273 
3 2 45 14.792 14.792 0.504 0.504 
3 2 46 15.287 15.287 7.683 7.683 
3 2 47 15.051 15.051 9.985 9.985 
3 2 48 15.279 15.279 165.041 165.041 
3 2 49 16.000 16.000 362.039 362.039 
3 2 50 16.000 16.000 362.039 362.039 
3 2 51 16.000 16.000 362.039 362.039 
3 2 52 16.000 16.000 362.039 362.039 
3 2 53 16.000 16.000 362.039 362.039 
3 2 54 16.000 16.000 362.039 362.039 
3 2 55 16.000 16.000 362.039 362.039 
3 2 56 16.000 16.000 362.039 362.039 
3 2 57 16.000 16.000 362.039 362.039 
3 2 58 16.000 16.000 362.039 362.039 
3 2 59 16.000 16.000 362.039 362.039 
3 2 60 16.000 16.000 362.039 362.039 
3 2 61 16.000 16.000 362.039 362.039 
3 2 62 16.000 16.000 362.039 362.039 
3 3 1 16.000 16.000 362.039 362.039 
3 3 2 16.000 16.000 362.039 362.039 
3 3 3 16.000 16.000 362.039 362.039 
3 3 4 16.000 16.000 362.039 362.039 
3 3 5 16.000 16.000 362.039 362.039 
4 1 1 13.486 13.486 2.561 2.561 
4 1 2 12.961 12.961 2.158 2.158 
4 1 3 13.541 13.541 1.938 1.938 
4 1 4 13.534 13.534 1.626 1.626 
4 1 5 13.634 13.634 1.310 1.310 
4 1 6 13.272 13.272 1.441 1.441 
4 1 7 14.094 14.094 0.897 0.897 
4 1 8 14.468 14.468 0.951 0.951 
4 1 9 14.039 14.039 0.512 0.512 
4 1 10 14.153 14.153 0.269 0.269 
4 1 11 14.273 14.273 0.275 0.275 
4 1 12 14.621 14.621 0.212 0.212 
4 1 13 14.920 14.920 0.181 0.181 
4 1 14 14.362 14.362 0.210 0.210 
4 1 15 14.722 14.722 0.172 0.172 
4 1 16 14.732 14.732 0.247 0.247 
4 1 17 14.955 14.955 0.140 0.140 
4 1 18 15.035 15.035 0.207 0.207 
4 1 19 15.027 15.027 0.183 0.183 
4 1 20 15.456 15.456 0.705 0.705 
4 1 21 13.958 13.958 2.646 2.646 
4 1 22 16.000 16.000 362.039 362.039 
4 1 23 16.000 16.000 362.039 362.039 
4 2 1 16.793 16.793 6.346 6.346 
4 2 2 12.371 12.371 2.467 2.467 
4 2 3 13.031 13.031 2.199 2.199 
4 2 4 12.537 12.537 1.123 1.123 
4 2 5 13.766 13.766 1.441 1.441 
4 2 6 13.618 13.618 1.481 1.481 
4 2 7 13.543 13.543 1.232 1.232 
4 2 8 13.423 13.423 1.446 1.446 
4 2 9 13.576 13.576 1.469 1.469 
4 2 10 14.474 14.474 1.250 1.250 
4 2 11 13.948 13.948 1.472 1.472 
4 2 12 14.434 14.434 1.320 1.320 
4 2 13 14.506 14.506 1.154 1.154 
4 2 14 14.237 14.237 0.989 0.989 
4 2 15 14.415 14.415 0.669 0.669 
4 2 16 14.822 14.822 0.670 0.670 
4 2 17 14.593 14.593 1.012 1.012 
4 2 18 14.783 14.783 0.676 0.676 
4 2 19 15.097 15.097 0.385 0.385 
4 2 20 14.500 14.500 0.618 0.618 
4 2 21 14.617 14.617 0.254 0.254 
4 2 22 15.093 15.093 0.276 0.276 
4 2 23 15.378 15.378 0.373 0.373 
4 2 24 14.754 14.754 0.231 0.231 
4 2 25 15.052 15.052 0.212 0.212 
4 2 26 15.218 15.218 0.360 0.360 
4 2 27 15.161 15.161 0.312 0.312 
4 2 28 15.161 15.161 0.218 0.218 
4 2 29 14.880 14.880 0.221 0.221 
4 2 30 15.084 15.084 0.232 0.232 
4 2 31 15.366 15.366 0.264 0.264 
4 2 32 15.386 15.386 0.229 0.229 
4 2 33 15.197 15.197 0.325 0.325 
4 2 34 15.075 15.075 0.331 0.331 
4 2 35 15.579 15.579 0.219 0.219 
4 2 36 15.517 15.517 0.306 0.306 
4 2 37 15.272 15.272 0.315 0.315 
4 2 38 15.932 15.932 0.420 0.420 
4 2 39 15.474 15.474 0.209 0.209 
4 2 40 15.072 15.072 0.411 0.411 
4 2 41 15.465 15.465 0.411 0.411 
4 2 42 14.723 14.723 0.967 0.967 
4 2 43 15.993 15.993 0.576 0.576 
4 2 44 15.495 15.495 0.696 0.696 
4 2 45 15.823 15.823 0.447 0.447 
4 2 46 15.679 15.679 3.053 3.053 
4 2 47 15.632 15.632 15.900 15.900 
4 2 48 16.000 16.000 362.039 362.039 
4 2 49 11.188 11.188 657.381 657.381 
4 2 50 15.539 15.539 0.336 0.336 
4 2 51 16.000 16.000 362.039 362.039 
4 2 52 16.000 16.000 362.039 362.039 
4 2 53 16.000 16.000 362.039 362.039 
4 2 54 16.000 16.000 362.039 362.039 
4 2 55 16.000 16.000 362.039 362.039 
4 2 56 16.000 16.000 362.039 362.039 
4 2 57 16.000 16.000 362.039 362.039 
4 2 58 16.000 16.000 362.039 362.039 
4 2 59 16.000 16.000 362.039 362.039 
4 2 60 16.000 16.000 362.039 362.039 
4 2 61 16.000 16.000 362.039 362.039 
4 2 62 16.000 16.000 362.039 362.039 
4 3 1 16.000 16.000 362.039 362.039 
4 3 2 16.000 16.000 362.039 362.039 
4 3 3 16.000 16.000 362.039 362.039 
4 3 4 16.000 16.000 362.039 362.039 
4 3 5 16.000 16.000 362.039 362.039 
5 1 1 12.797 12.797 1.951 1.951 
5 1 2 12.899 12.899 1.812 1.812 
5 1 3 13.270 13.270 1.573 1.573 
5 1 4 13.577 13.577 1.513 1.513 
5 1 5 13.850 13.850 1.296 1.296 
5 1 6 13.651 13.651 1.394 1.394 
5 1 7 14.047 14.047 0.747 0.747 
5 1 8 14.327 14.327 0.869 0.869 
5 1 9 14.130 14.130 0.500 0.500 
5 1 10 14.360 14.360 0.327 0.327 
5 1 11 13.863 13.863 0.240 0.240 
5 1 12 14.529 14.529 0.203 0.203 
5 1 13 14.924 14.924 0.330 0.330 
5 1 14 14.762 14.762 0.211 0.211 
5 1 15 14.401 14.401 0.156 0.156 
5 1 16 15.129 15.129 0.202 0.202 
5 1 17 14.574 14.574 0.216 0.216 
5 1 18 15.096 15.096 0.247 0.247 
5 1 19 14.982 14.982 0.324 0.324 
5 1 20 13.492 13.492 1.478 1.478 
5 1 21 14.565 14.565 4.613 4.613 
5 1 22 16.000 16.000 362.039 362.039 
5 1 23 16.000 16.000 362.039 362.039 
5 2 1 14.347 14.347 4.971 4.971 
5 2 2 13.168 13.168 3.810 3.810 
5 2 3 12.067 12.067 2.467 2.467 
5 2 4 11.815 11.815 1.862 1.862 
5 2 5 13.201 13.201 2.299 2.299 
5 2 6 13.800 13.800 2.045 2.045 
5 2 7 13.444 13.444 1.719 1.719 
5 2 8 14.084 14.084 1.797 1.797 
5 2 9 13.086 13.086 1.414 1.414 
5 2 10 14.558 14.558 1.311 1.311 
5 2 11 14.342 14.342 1.223 1.223 
5 2 12 14.460 14.460 1.383 1.383 
5 2 13 14.496 14.496 1.165 1.165 
5 2 14 14.583 14.583 1.004 1.004 
5 2 15 14.247 14.247 0.736 0.736 
5 2 16 14.527 14.527 0.880 0.880 
5 2 17 14.495 14.495 1.037 1.037 
5 2 18 14.008 14.008 0.533 0.533 
5 2 19 14.710 14.710 0.422 0.422 
5 2 20 15.222 15.222 0.318 0.318 
5 2 21 14.824 14.824 0.344 0.344 
5 2 22 14.659 14.659 0.332 0.332 
5 2 23 15.005 15.005 0.279 0.279 
5 2 24 14.890 14.890 0.180 0.180 
5 2 25 14.933 14.933 0.249 0.249 
5 2 26 15.084 15.084 0.259 0.259 
5 2 27 15.250 15.250 0.187 0.187 
5 2 28 15.198 15.198 0.172 0.172 
5 2 29 15.260 15.260 0.214 0.214 
5 2 30 15.075 15.075 0.261 0.261 
5 2 31 15.259 15.259 0.160 0.160 
5 2 32 15.433 15.433 0.183 0.183 
5 2 33 15.454 15.454 0.326 0.326 
5 2 34 15.662 15.662 0.439 0.439 
5 2 35 15.466 15.466 0.234 0.234 
5 2 36 15.449 15.449 0.260 0.260 
5 2 37 15.624 15.624 0.194 0.194 
5 2 38 16.221 16.221 0.525 0.525 
5 2 39 15.314 15.314 0.266 0.266 
5 2 40 15.589 15.589 0.220 0.220 
5 2 41 14.941 14.941 0.541 0.541 
5 2 42 16.100 16.100 1.846 1.846 
5 2 43 15.555 15.555 0.515 0.515 
5 2 44 16.448 16.448 20.619 20.619 
5 2 45 15.430 15.430 0.755 0.755 
5 2 46 26.688 26.688 41.962 41.962 
5 2 47 16.000 16.000 362.039 362.039 
5 2 48 17.812 17.812 703.952 703.952 
5 2 49 17.805 17.805 30.730 30.730 
5 2 50 16.000 16.000 362.039 362.039 
5 2 51 16.000 16.000 362.039 362.039 
5 2 52 16.000 16.000 362.039 362.039 
5 2 53 16.000 16.000 362.039 362.039 
5 2 54 16.000 16.000 362.039 362.039 
5 2 55 16.000 16.000 362.039 362.039 
5 2 56 16.000 16.000 362.039 362.039 
5 2 57 16.000 16.000 362.039 362.039 
5 2 58 16.000 16.000 362.039 362.039 
5 2 59 16.000 16.000 362.039 362.039 
5 2 60 16.000 16.000 362.039 362.039 
5 2 61 16.000 16.000 362.039 362.039 
5 2 62 16.000 16.000 362.039 362.039 
5 3 1 16.000 16.000 362.039 362.039 
5 3 2 16.000 16.000 362.039 362.039 
5 3 3 16.000 16.000 362.039 362.039 
5 3 4 16.000 16.000 362.039 362.039 
5 3 5 16.000 16.000 362.039 362.039 
6 1 1 13.902 13.902 2.129 2.129 
6 1 2 12.464 12.464 1.750 1.750 
6 1 3 12.928 12.928 1.754 1.754 
6 1 4 13.744 13.744 1.616 1.616 
6 1 5 13.194 13.194 1.080 1.080 
6 1 6 13.821 13.821 1.351 1.351 
6 1 7 14.064 14.064 0.923 0.923 
6 1 8 14.491 14.491 1.096 1.096 
6 1 9 14.254 14.254 0.545 0.545 
6 1 10 14.463 14.463 0.383 0.383 
6 1 11 14.172 14.172 0.269 0.269 
6 1 12 14.522 14.522 0.212 0.212 
6 1 13 14.426 14.426 0.144 0.144 
6 1 14 14.254 14.254 0.207 0.207 
6 1 15 14.882 14.882 0.212 0.212 
6 1 16 14.213 14.213 0.192 0.192 
6 1 17 14.805 14.805 0.218 0.218 
6 1 18 14.609 14.609 0.212 0.212 
6 1 19 14.878 14.878 0.485 0.485 
6 1 20 19.380 19.380 17.492 17.492 
6 1 21 16.000 16.000 362.039 362.039 
6 1 22 16.000 16.000 362.039 362.039 
6 1 23 16.000 16.000 362.039 362.039 
6 2 1 14.474 14.474 5.627 5.627 
6 2 2 12.639 12.639 3.452 3.452 
6 2 3 12.894 12.894 3.073 3.073 
6 2 4 13.978 13.978 2.640 2.640 
6 2 5 13.085 13.085 2.340 2.340 
6 2 6 12.887 12.887 1.692 1.692 
6 2 7 13.698 13.698 1.612 1.612 
6 2 8 14.003 14.003 1.563 1.563 
6 2 9 13.721 13.721 1.421 1.421 
6 2 10 13.712 13.712 1.112 1.112 
6 2 11 14.331 14.331 1.029 1.029 
6 2 12 14.465 14.465 1.279 1.279 
6 2 13 14.436 14.436 1.033 1.033 
6 2 14 14.169 14.169 0.985 0.985 
6 2 15 14.414 14.414 0.978 0.978 
6 2 16 14.268 14.268 0.849 0.849 
6 2 17 14.611 14.611 0.534 0.534 
6 2 18 14.261 14.261 0.521 0.521 
6 2 19 14.489 14.489 0.402 0.402 
6 2 20 14.766 14.766 0.407 0.407 
6 2 21 15.104 15.104 0.608 0.608 
6 2 22 14.952 14.952 0.263 0.263 
6 2 23 14.814 14.814 0.285 0.285 
6 2 24 14.789 14.789 0.288 0.288 
6 2 25 15.144 15.144 0.214 0.214 
6 2 26 14.934 14.934 0.254 0.254 
6 2 27 15.373 15.373 0.368 0.368 
6 2 28 14.949 14.949 0.200 0.200 
6 2 29 15.130 15.130 0.201 0.201 
6 2 30 15.465 15.465 0.406 0.406 
6 2 31 14.490 14.490 0.535 0.535 
6 2 32 15.336 15.336 0.225 0.225 
6 2 33 15.498 15.498 0.297 0.297 
6 2 34 15.779 15.779 0.459 0.459 
6 2 35 15.558 15.558 0.350 0.350 
6 2 36 14.917 14.917 0.559 0.559 
6 2 37 15.371 15.371 0.665 0.665 
6 2 38 16.076 16.076 0.500 0.500 
6 2 39 15.952 15.952 0.945 0.945 
6 2 40 15.211 15.211 0.813 0.813 
6 2 41 15.646 15.646 0.864 0.864 
6 2 42 15.199 15.199 0.360 0.360 
6 2 43 20.027 20.027 2312.048 2312.048 
6 2 44 14.878 14.878 7.509 7.509 
6 2 45 15.624 15.624 53.161 53.161 
6 2 46 15.361 15.361 5.280 5.280 
6 2 47 16.000 16.000 362.039 362.039 
6 2 48 16.000 16.000 362.039 362.039 
6 2 49 16.000 16.000 362.039 362.039 
6 2 50 16.000 16.000 362.039 362.039 
6 2 51 16.000 16.000 362.039 362.039 
6 2 52 16.000 16.000 362.039 362.039 
6 2 53 16.000 16.000 362.039 362.039 
6 2 54 16.000 16.000 362.039 362.039 
6 2 55 16.000 16.000 362.039 362.039 
6 2 56 16.000 16.000 362.039 362.039 
6 2 57 16.000 16.000 362.039 362.039 
6 2 58 16.000 16.000 362.039 362.039 
6 2 59 16.000 16.000 362.039 362.039 
6 2 60 16.000 16.000 362.039 362.039 
6 2 61 16.000 16.000 362.039 362.039 
6 2 62 16.000 16.000 362.039 362.039 
6 3 1 16.000 16.000 362.039 362.039 
6 3 2 16.000 16.000 362.039 362.039 
6 3 3 16.000 16.000 362.039 362.039 
6 3 4 16.000 16.000 362.039 362.039 
6 3 5 16.000 16.000 362.039 362.039 
