1 1 1 -0.00014 0.01637 -0.00835 0.08356
1 1 2 -0.00021 0.01487 -0.00010 -0.01382
1 1 3 -0.00008 0.01273 -0.00014 -0.01108
1 1 4 -0.00099 -0.01008 0.00089 0.00669
1 1 5 -0.00066 -0.02837 0.00021 0.02928
1 1 6 0.00065 -0.01685 -0.00058 0.02004
1 1 7 -0.00035 -0.00404 -0.00017 -0.00492
1 1 8 -0.00004 0.00693 -0.00004 -0.00930
1 1 9 -0.00020 -0.00990 -0.00013 -0.00629
1 1 10 -0.00002 0.00727 -0.00002 -0.00755
1 1 11 0.00016 -0.01086 -0.00001 -0.00624
1 1 12 0.00001 0.00517 0.00011 0.01140
1 1 13 0.00018 -0.00614 -0.00005 -0.00723
1 1 14 0.00010 -0.00890 -0.00008 0.00026
1 1 15 -0.00002 0.00337 0.00006 0.00950
1 1 16 0.00001 0.00449 0.00009 0.00428
1 1 17 -0.00000 0.00363 0.00000 -0.00454
1 1 18 -0.00009 -0.00548 -0.00002 -0.00147
1 1 19 0.00003 0.00340 -0.00002 -0.00238
1 1 20 -0.00002 0.00083 -0.00001 -0.00200
1 1 21 0.00004 -0.00428 -0.00002 -0.00145
1 1 22 -0.00001 0.00082 -0.00001 -0.00267
1 1 23 -0.00004 -0.00399 -0.00004 -0.00067
1 2 1 -0.00378 0.02810 -0.00250 -0.02880
1 2 2 -0.00149 0.02993 0.00001 -0.02458
1 2 3 -0.00098 0.02062 -0.00049 -0.01967
1 2 4 -0.00043 0.02002 -0.00033 -0.02198
1 2 5 -0.00428 -0.06565 -0.00003 -0.01099
1 2 6 -0.00030 0.01863 -0.00027 -0.01817
1 2 7 0.00002 0.00923 -0.00022 -0.01103
1 2 8 -0.00006 0.01053 -0.00014 -0.00955
1 2 9 0.00003 0.00631 -0.00021 -0.01513
1 2 10 -0.00013 0.00810 -0.00007 -0.00933
1 2 11 -0.00006 0.00757 0.00018 -0.00148
1 2 12 -0.00011 0.00619 -0.00000 -0.00552
1 2 13 -0.00011 0.00924 -0.00009 -0.00919
1 2 14 -0.00005 0.00531 -0.00004 -0.00675
1 2 15 -0.00006 0.00570 -0.00005 -0.00604
1 2 16 -0.00001 0.00429 0.00055 0.02068
1 2 17 -0.00004 0.00533 -0.00002 -0.00473
1 2 18 -0.00008 0.00662 0.00047 0.01770
1 2 19 -0.00003 0.00427 -0.00049 0.01911
1 2 20 -0.00006 0.00693 0.00013 0.00220
1 2 21 -0.00027 -0.00856 -0.00004 -0.00521
1 2 22 -0.00003 0.00381 -0.00012 -0.00148
1 2 23 -0.00004 0.00466 -0.00005 -0.00335
1 2 24 -0.00004 0.00411 -0.00003 -0.00290
1 2 25 -0.00003 0.00329 -0.00003 -0.00342
1 2 26 -0.00003 0.00317 -0.00003 -0.00275
1 2 27 -0.00003 0.00270 0.00010 0.00288
1 2 28 -0.00003 0.00373 -0.00003 -0.00234
1 2 29 0.00011 -0.00504 -0.00004 -0.00329
1 2 30 -0.00010 -0.00856 -0.00003 -0.00274
1 2 31 -0.00003 0.00315 0.00004 0.00101
1 2 32 -0.00003 0.00228 0.00002 0.00066
1 2 33 -0.00003 0.00315 -0.00002 -0.00110
1 2 34 -0.00002 0.00239 0.00005 0.00331
1 2 35 0.00007 -0.01056 -0.00003 -0.00330
1 2 36 -0.00002 0.00181 -0.00002 -0.00300
1 2 37 -0.00002 0.00228 -0.00002 -0.00278
1 2 38 -0.00001 0.00170 -0.00002 -0.00166
1 2 39 -0.00003 0.00122 -0.00002 -0.00251
1 2 40 -0.00002 0.00123 -0.00002 -0.00272
1 2 41 -0.00001 0.00113 -0.00001 0.01022
1 2 42 -0.00003 0.00175 -0.00002 -0.00223
1 2 43 -0.00001 0.00143 -0.00002 -0.00223
1 2 44 -0.00001 -0.00260 0.00006 0.00394
1 2 45 -0.00002 0.00067 -0.00003 -0.00085
1 2 46 0.00003 0.00064 0.00006 0.00308
1 2 47 -0.00002 0.00105 0.00007 0.00746
1 2 48 0.00001 -0.00304 -0.00001 -0.00027
1 2 49 -0.00002 0.00112 -0.00002 -0.00044
1 2 50 0.00003 -0.00226 -0.00001 -0.00065
1 2 51 0.00005 -0.00274 -0.00001 -0.00051
1 2 52 0.00001 0.00068 -0.00001 -0.00101
1 2 53 -0.00001 -0.00021 -0.00001 -0.00125
1 2 54 0.00003 0.00007 0.00003 0.00028
1 2 55 -0.00001 0.00044 -0.00001 -0.00042
1 2 56 -0.00001 0.00045 0.00008 0.00285
1 2 57 -0.00001 -0.00010 -0.00002 -0.00044
1 2 58 -0.00000 0.00014 -0.00001 -0.00092
1 2 59 -0.00001 -0.00129 -0.00001 0.00008
1 2 60 0.00002 -0.00208 -0.00000 0.00465
1 2 61 0.00001 0.00030 -0.00000 0.00200
1 2 62 0.00003 0.00127 -0.00001 -0.00004
1 3 1 0.00020 0.00373 0.00051 -0.00335
1 3 2 -0.00003 -0.00280 -0.00003 -0.00289
1 3 3 0.00000 0.00000 0.00000 0.00000
1 3 4 0.00000 0.00000 0.00000 0.00000
1 3 5 0.00000 0.00000 0.00000 0.00000
2 1 1 -0.00184 0.01026 -0.00265 -0.00305
2 1 2 0.00056 -0.05811 -0.00005 -0.01022
2 1 3 -0.00031 0.00849 -0.00004 -0.01069
2 1 4 -0.00000 0.01032 -0.00013 -0.00955
2 1 5 -0.00004 0.00707 -0.00022 -0.00648
2 1 6 0.00000 0.00000 0.00000 0.00000
2 1 7 -0.00007 0.00734 -0.00006 -0.00680
2 1 8 -0.00001 0.00684 0.00018 -0.00105
2 1 9 -0.00013 -0.01373 -0.00029 0.00793
2 1 10 0.00000 0.00000 0.00000 0.00000
2 1 11 -0.00001 0.00652 0.00005 -0.00478
2 1 12 -0.00002 0.00437 -0.00005 -0.00376
2 1 13 0.00018 -0.00689 -0.00013 0.00396
2 1 14 -0.00006 0.00481 -0.00005 -0.00380
2 1 15 0.00014 -0.00707 -0.00008 0.00866
2 1 16 -0.00002 0.00306 -0.00011 0.00101
2 1 17 -0.00004 0.00466 0.00002 -0.00133
2 1 18 0.00000 0.00162 -0.00005 0.00087
2 1 19 0.00000 0.00000 0.00000 0.00000
2 1 20 0.00000 0.00235 -0.00003 0.00185
2 1 21 0.00000 0.00253 -0.00005 0.00463
2 1 22 0.00001 -0.00597 -0.00002 0.00150
2 1 23 -0.00002 -0.00375 -0.00002 -0.00107
2 2 1 0.00133 0.02764 0.01658 -0.03323
2 2 2 0.00637 -0.01490 0.00915 0.02643
2 2 3 -0.00325 0.00043 0.00949 0.03866
2 2 4 -0.00409 0.01744 -0.00373 -0.01377
2 2 5 0.00271 -0.01739 -0.00225 0.00067
2 2 6 0.00557 -0.00419 -0.00255 -0.01487
2 2 7 -0.00145 0.00658 0.00430 0.01533
2 2 8 -0.00105 0.01090 0.00310 0.01278
2 2 9 -0.00043 0.00735 0.00023 -0.00535
2 2 10 -0.00048 0.00509 0.00155 0.02967
2 2 11 -0.00029 0.00528 -0.00018 -0.00539
2 2 12 0.00003 0.00457 -0.00004 -0.00650
2 2 13 -0.00056 -0.02381 0.00025 -0.00412
2 2 14 -0.00010 0.00748 -0.00010 -0.00890
2 2 15 -0.00006 0.00641 -0.00006 0.03107
2 2 16 -0.00003 0.00642 -0.00004 -0.00530
2 2 17 -0.00006 0.00459 0.00009 0.02773
2 2 18 -0.00006 0.00647 -0.00008 0.02543
2 2 19 -0.00005 0.00535 0.00023 0.00363
2 2 20 -0.00003 0.00376 -0.00003 -0.00457
2 2 21 0.00040 -0.01637 0.00012 0.00206
2 2 22 0.00007 -0.02128 -0.00019 0.01130
2 2 23 -0.00005 0.00293 -0.00024 0.00420
2 2 24 -0.00004 0.00393 -0.00005 -0.00423
2 2 25 -0.00004 0.00324 -0.00004 -0.00382
2 2 26 -0.00003 0.00272 -0.00003 -0.00296
2 2 27 -0.00004 0.00277 -0.00002 -0.00300
2 2 28 -0.00003 0.00215 -0.00002 -0.00287
2 2 29 0.00015 -0.01362 0.00016 0.00809
2 2 30 0.00003 0.00005 0.00014 0.00493
2 2 31 -0.00003 0.00265 -0.00004 -0.00290
2 2 32 -0.00004 0.00276 0.00001 -0.00057
2 2 33 -0.00004 0.00270 -0.00003 -0.00259
2 2 34 -0.00003 0.00237 -0.00002 -0.00227
2 2 35 -0.00003 0.00203 -0.00002 -0.00218
2 2 36 -0.00001 0.00148 -0.00006 0.00874
2 2 37 -0.00003 0.00248 -0.00002 -0.00247
2 2 38 -0.00002 0.00161 -0.00002 -0.00197
2 2 39 -0.00002 0.00183 -0.00003 -0.00231
2 2 40 -0.00003 0.00206 -0.00002 -0.00245
2 2 41 -0.00002 0.00172 -0.00002 -0.00161
2 2 42 -0.00003 0.00129 -0.00002 -0.00222
2 2 43 0.00000 0.00000 0.00000 0.00000
2 2 44 -0.00002 0.00096 -0.00001 -0.00108
2 2 45 0.00008 -0.00742 -0.00001 -0.00128
2 2 46 -0.00002 0.00050 -0.00001 -0.00064
2 2 47 -0.00002 -0.00004 0.00007 0.00523
2 2 48 -0.00002 0.00046 -0.00002 -0.00129
2 2 49 -0.00001 -0.00012 -0.00002 -0.00027
2 2 50 -0.00001 0.00138 -0.00000 -0.00053
2 2 51 -0.00001 0.00016 -0.00002 -0.00038
2 2 52 -0.00001 -0.00049 -0.00001 -0.00034
2 2 53 0.00001 0.00006 -0.00001 0.00001
2 2 54 -0.00001 0.00012 -0.00000 0.00008
2 2 55 -0.00001 -0.00043 0.00004 0.00434
2 2 56 -0.00001 -0.00042 -0.00001 0.00005
2 2 57 -0.00002 0.00014 -0.00000 -0.00005
2 2 58 -0.00001 -0.00005 0.00001 0.00040
2 2 59 -0.00002 -0.00068 -0.00003 0.00109
2 2 60 -0.00001 -0.00080 -0.00003 0.00103
2 2 61 -0.00002 0.00085 -0.00002 0.00341
2 2 62 -0.00003 0.00134 0.00003 0.00119
2 3 1 0.00000 0.00000 0.00000 0.00000
2 3 2 0.00000 0.00000 0.00000 0.00000
2 3 3 0.00000 0.00000 0.00000 0.00000
2 3 4 0.00000 0.00000 0.00000 0.00000
2 3 5 0.00000 0.00000 0.00000 0.00000
3 1 1 -0.00153 0.01885 0.00223 0.06785
3 1 2 -0.00044 0.01053 -0.00014 -0.01162
3 1 3 -0.00022 0.00940 0.00146 0.04980
3 1 4 0.00110 -0.03371 -0.00001 -0.00967
3 1 5 0.00028 -0.00091 -0.00006 -0.00688
3 1 6 -0.00008 0.00804 -0.00008 -0.00801
3 1 7 -0.00006 0.00674 0.00010 -0.00196
3 1 8 -0.00038 -0.01590 -0.00021 0.01692
3 1 9 -0.00004 0.00739 0.00019 0.00250
3 1 10 -0.00019 -0.00155 -0.00006 -0.00447
3 1 11 -0.00002 0.00617 0.00011 -0.00098
3 1 12 -0.00003 0.00495 0.00021 0.00892
3 1 13 -0.00002 0.00603 -0.00014 0.00374
3 1 14 0.00018 -0.00050 -0.00010 -0.00235
3 1 15 -0.00002 0.00598 0.00001 -0.00351
3 1 16 -0.00000 0.00466 -0.00001 -0.00359
3 1 17 -0.00002 -0.00647 0.00002 -0.00280
3 1 18 -0.00001 0.00285 -0.00001 -0.00406
3 1 19 -0.00000 0.00305 -0.00006 -0.00102
3 1 20 0.00008 -0.00604 0.00001 0.00444
3 1 21 0.00005 -0.00299 -0.00002 0.00520
3 1 22 0.00001 -0.00615 -0.00004 0.00222
3 1 23 0.00004 -0.00433 -0.00001 -0.00075
3 2 1 -0.01540 0.01705 -0.00321 -0.02099
3 2 2 -0.00543 -0.00402 -0.00366 0.00074
3 2 3 -0.00508 0.02501 -0.00422 -0.00969
3 2 4 0.00857 0.01240 -0.00476 -0.01349
3 2 5 0.00662 -0.01183 -0.00193 -0.00090
3 2 6 -0.00076 0.00333 0.00133 0.01008
3 2 7 -0.00139 0.00684 -0.00113 -0.00097
3 2 8 -0.00109 0.00562 -0.00104 -0.00749
3 2 9 -0.00070 0.01159 0.00007 0.02437
3 2 10 -0.00031 0.00610 -0.00044 -0.00807
3 2 11 -0.00020 0.00724 -0.00009 -0.00634
3 2 12 -0.00010 0.00824 -0.00010 -0.00616
3 2 13 -0.00017 0.01015 -0.00054 0.00915
3 2 14 -0.00007 0.00627 -0.00004 -0.00766
3 2 15 -0.00038 -0.03230 -0.00005 -0.00569
3 2 16 -0.00007 0.00664 -0.00008 -0.00769
3 2 17 -0.00006 0.00633 -0.00004 -0.00422
3 2 18 -0.00002 0.00542 -0.00009 -0.00620
3 2 19 -0.00003 0.00547 -0.00003 -0.00457
3 2 20 -0.00004 0.00465 -0.00002 -0.00399
3 2 21 -0.00006 0.00604 -0.00004 -0.00373
3 2 22 -0.00002 0.00394 -0.00003 -0.00388
3 2 23 -0.00005 0.00623 -0.00004 -0.00345
3 2 24 -0.00004 0.00323 -0.00002 -0.00289
3 2 25 0.00013 -0.00421 -0.00003 -0.00303
3 2 26 -0.00004 0.00367 0.00007 0.00079
3 2 27 -0.00003 0.00209 -0.00004 -0.00399
3 2 28 -0.00007 -0.01721 0.00018 0.01224
3 2 29 -0.00004 0.00341 -0.00003 -0.00280
3 2 30 -0.00003 0.00231 -0.00003 -0.00457
3 2 31 -0.00001 0.00240 -0.00003 -0.00185
3 2 32 -0.00003 0.00270 -0.00002 -0.00152
3 2 33 -0.00004 0.00265 -0.00004 -0.00256
3 2 34 -0.00004 0.00265 -0.00002 -0.00153
3 2 35 -0.00004 0.00369 0.00008 0.00696
3 2 36 -0.00001 0.00198 -0.00003 -0.00266
3 2 37 -0.00002 0.00267 0.00006 0.00291
3 2 38 -0.00002 0.00225 -0.00003 -0.00110
3 2 39 -0.00003 0.00174 0.00001 0.00079
3 2 40 -0.00002 0.00163 -0.00001 -0.00099
3 2 41 -0.00002 0.00229 -0.00002 -0.00120
3 2 42 0.00008 -0.00511 -0.00002 -0.00099
3 2 43 -0.00003 0.00118 0.00007 0.00865
3 2 44 -0.00002 0.00174 -0.00001 -0.00078
3 2 45 -0.00002 0.00208 0.00000 0.00503
3 2 46 0.00000 0.00011 0.00002 0.00081
3 2 47 -0.00002 0.00190 -0.00002 -0.00035
3 2 48 -0.00001 0.00210 -0.00002 -0.00123
3 2 49 0.00007 -0.00476 -0.00001 -0.00037
3 2 50 -0.00001 0.00028 -0.00002 -0.00054
3 2 51 0.00007 -0.00486 -0.00001 0.00002
3 2 52 -0.00001 0.00031 -0.00001 0.00001
3 2 53 0.00004 -0.00224 -0.00001 -0.00005
3 2 54 -0.00002 0.00069 0.00007 0.00228
3 2 55 -0.00001 0.00110 -0.00001 0.00050
3 2 56 -0.00001 0.00030 -0.00001 0.00088
3 2 57 -0.00002 -0.00055 -0.00001 -0.00024
3 2 58 0.00001 -0.00342 0.00005 0.00116
3 2 59 0.00000 0.00024 -0.00001 -0.00039
3 2 60 -0.00000 -0.00062 -0.00001 0.00062
3 2 61 -0.00001 -0.00057 -0.00001 0.00076
3 2 62 -0.00001 -0.00013 -0.00001 -0.00004
3 3 1 -0.00005 -0.00852 0.00006 0.00372
3 3 2 0.00000 0.00000 0.00000 0.00000
3 3 3 0.00000 0.00000 0.00000 0.00000
3 3 4 0.00000 0.00000 0.00000 0.00000
3 3 5 0.00000 0.00000 0.00000 0.00000
4 1 1 0.00010 0.02100 -0.00046 -0.01547
4 1 2 0.00025 0.01348 -0.00060 -0.00712
4 1 3 -0.00019 0.01178 -0.00009 -0.01106
4 1 4 0.00092 -0.01339 -0.00020 -0.00531
4 1 5 0.00002 0.00831 -0.00024 -0.00568
4 1 6 0.00019 -0.01899 -0.00028 -0.00434
4 1 7 0.00045 -0.01716 -0.00015 0.00062
4 1 8 -0.00001 0.00583 0.00022 0.00329
4 1 9 -0.00022 -0.01515 -0.00005 -0.00815
4 1 10 -0.00005 0.00669 -0.00004 -0.00970
4 1 11 -0.00017 -0.00324 -0.00007 -0.00496
4 1 12 -0.00001 0.00514 0.00004 -0.00271
4 1 13 0.00007 0.00290 -0.00003 -0.00297
4 1 14 0.00004 -0.01074 -0.00002 -0.00607
4 1 15 -0.00003 0.00537 -0.00004 -0.00136
4 1 16 -0.00009 -0.00692 -0.00001 -0.00451
4 1 17 -0.00002 0.00389 -0.00004 0.00728
4 1 18 -0.00003 0.00091 -0.00004 -0.00004
4 1 19 -0.00004 0.00183 0.00006 0.00667
4 1 20 -0.00002 0.00279 -0.00001 -0.00215
4 1 21 -0.00001 0.00191 0.00007 0.00395
4 1 22 0.00005 -0.00368 -0.00001 -0.00071
4 1 23 0.00005 -0.00297 -0.00004 0.00134
4 2 1 -0.00161 0.01192 0.01365 0.10007
4 2 2 0.00051 0.00796 -0.00263 -0.02203
4 2 3 -0.00002 0.00723 -0.00061 -0.02338
4 2 4 0.00112 0.00463 0.00362 0.02052
4 2 5 -0.00037 0.01491 -0.00009 -0.01290
4 2 6 -0.00044 -0.05973 -0.00016 -0.01461
4 2 7 -0.00002 0.00821 -0.00232 0.03823
4 2 8 -0.00018 0.01479 -0.00012 -0.01357
4 2 9 0.00192 -0.02849 -0.00004 -0.00866
4 2 10 -0.00019 0.00760 0.00002 -0.00736
4 2 11 -0.00009 0.00619 -0.00008 -0.00985
4 2 12 0.00006 -0.03877 0.00003 -0.00658
4 2 13 -0.00005 0.00584 -0.00002 -0.00678
4 2 14 0.00012 0.00336 -0.00065 0.02339
4 2 15 -0.00004 0.00624 -0.00004 -0.00548
4 2 16 -0.00004 0.00536 -0.00015 -0.00685
4 2 17 -0.00003 0.00485 0.00000 -0.00458
4 2 18 -0.00003 0.00488 0.00034 0.02088
4 2 19 -0.00024 -0.00508 -0.00026 0.00584
4 2 20 -0.00007 0.00695 -0.00001 -0.00424
4 2 21 -0.00006 0.00446 -0.00005 -0.00601
4 2 22 -0.00003 0.00357 -0.00004 -0.00372
4 2 23 -0.00003 0.00324 -0.00003 -0.00428
4 2 24 -0.00001 0.00337 -0.00002 -0.00394
4 2 25 0.00007 -0.01814 -0.00003 -0.00358
4 2 26 -0.00003 0.00281 0.00001 -0.00129
4 2 27 -0.00003 0.00285 -0.00001 -0.00247
4 2 28 -0.00002 0.00320 -0.00002 -0.00284
4 2 29 -0.00017 -0.00639 -0.00002 -0.00270
4 2 30 0.00016 -0.01409 -0.00002 -0.00321
4 2 31 0.00006 -0.00137 0.00018 0.01082
4 2 32 0.00000 0.00003 -0.00001 -0.00220
4 2 33 -0.00002 -0.01154 -0.00004 -0.00354
4 2 34 -0.00000 0.00149 -0.00003 -0.00143
4 2 35 -0.00002 0.00163 -0.00002 -0.00235
4 2 36 -0.00003 0.00281 0.00011 0.01082
4 2 37 0.00009 -0.01189 -0.00001 -0.00184
4 2 38 0.00001 0.00059 -0.00001 -0.00167
4 2 39 -0.00002 0.00115 -0.00002 -0.00115
4 2 40 0.00002 -0.00089 0.00011 0.00725
4 2 41 -0.00002 0.00107 -0.00002 -0.00148
4 2 42 -0.00002 0.00110 -0.00002 -0.00152
4 2 43 -0.00002 0.00092 0.00001 -0.00041
4 2 44 -0.00002 0.00051 -0.00001 -0.00173
4 2 45 0.00009 -0.00787 -0.00002 -0.00144
4 2 46 0.00012 -0.00358 -0.00002 -0.00141
4 2 47 0.00009 -0.00648 -0.00002 0.00312
4 2 48 -0.00002 0.00076 -0.00001 -0.00140
4 2 49 -0.00003 -0.00396 -0.00002 -0.00103
4 2 50 -0.00001 0.00051 0.00007 0.00611
4 2 51 -0.00002 0.00091 -0.00002 -0.00048
4 2 52 -0.00001 0.00081 -0.00001 -0.00096
4 2 53 -0.00000 0.00122 -0.00002 0.00038
4 2 54 -0.00001 0.00083 -0.00001 -0.00026
4 2 55 -0.00001 0.00036 -0.00001 -0.00071
4 2 56 -0.00000 0.00009 -0.00001 -0.00057
4 2 57 -0.00001 -0.00024 -0.00001 0.00001
4 2 58 -0.00001 -0.00005 -0.00001 -0.00015
4 2 59 -0.00002 -0.00132 -0.00001 -0.00380
4 2 60 -0.00001 -0.00013 -0.00000 -0.00086
4 2 61 -0.00000 -0.00011 0.00001 0.00068
4 2 62 -0.00001 0.00023 -0.00001 0.00049
4 3 1 0.00003 0.00380 -0.00007 -0.00163
4 3 2 -0.00030 -0.00958 -0.00023 -0.00721
4 3 3 0.00000 0.00000 0.00000 0.00000
4 3 4 0.00000 0.00000 0.00000 0.00000
4 3 5 0.00000 0.00000 0.00000 0.00000
5 1 1 -0.00334 0.01495 0.00878 0.02090
5 1 2 0.00414 -0.04732 -0.00014 -0.00720
5 1 3 -0.00176 -0.03179 0.00008 -0.00938
5 1 4 0.00023 -0.03876 -0.00028 0.03934
5 1 5 -0.00003 0.00873 -0.00005 -0.00833
5 1 6 -0.00052 -0.00115 0.00068 0.01401
5 1 7 -0.00033 -0.00329 -0.00017 -0.00313
5 1 8 -0.00005 0.00599 0.00034 0.01914
5 1 9 -0.00005 0.00644 0.00007 0.01369
5 1 10 -0.00005 0.00581 -0.00025 0.01246
5 1 11 -0.00003 0.00590 0.00020 0.00933
5 1 12 -0.00000 0.00578 0.00018 0.00939
5 1 13 -0.00005 0.00246 -0.00001 -0.00572
5 1 14 -0.00012 -0.00654 -0.00002 -0.00486
5 1 15 -0.00002 0.00400 0.00004 -0.00575
5 1 16 0.00002 0.00302 0.00001 0.00980
5 1 17 0.00011 -0.00272 -0.00008 0.00023
5 1 18 -0.00001 0.00236 -0.00001 -0.00519
5 1 19 0.00007 -0.00160 -0.00003 0.00438
5 1 20 -0.00003 0.00037 -0.00001 -0.00356
5 1 21 -0.00003 0.00110 -0.00005 0.00486
5 1 22 -0.00002 -0.00615 -0.00001 -0.00168
5 1 23 -0.00001 0.00141 -0.00002 -0.00097
5 2 1 0.00205 0.00485 0.00216 0.00449
5 2 2 -0.00564 0.00263 -0.00503 -0.01532
5 2 3 -0.00523 0.01456 -0.00238 0.00540
5 2 4 -0.00562 0.02370 -0.00148 0.00934
5 2 5 -0.00401 0.01409 -0.00336 -0.01449
5 2 6 0.00095 -0.00563 0.00061 0.01016
5 2 7 -0.00170 0.01595 -0.00088 -0.00159
5 2 8 -0.00106 0.01182 -0.00053 -0.00432
5 2 9 0.00025 0.00545 -0.00096 0.02386
5 2 10 -0.00023 0.00681 -0.00044 0.00225
5 2 11 -0.00007 0.00661 -0.00020 -0.00695
5 2 12 -0.00011 0.00604 -0.00060 0.01290
5 2 13 -0.00010 0.00755 -0.00005 -0.00665
5 2 14 -0.00006 0.00660 -0.00007 -0.00495
5 2 15 -0.00069 -0.02814 -0.00007 -0.00600
5 2 16 -0.00007 0.00723 0.00003 -0.00493
5 2 17 -0.00003 0.00474 -0.00005 -0.00762
5 2 18 -0.00008 0.00694 -0.00007 -0.00675
5 2 19 -0.00006 0.00529 -0.00034 0.02417
5 2 20 -0.00004 0.00441 -0.00003 -0.00461
5 2 21 -0.00008 0.00590 0.00036 0.01575
5 2 22 -0.00003 0.00396 -0.00006 -0.00483
5 2 23 -0.00003 0.00350 0.00030 0.01454
5 2 24 -0.00004 0.00442 -0.00005 -0.00415
5 2 25 -0.00004 0.00368 0.00025 0.01525
5 2 26 -0.00004 -0.00032 -0.00014 0.00305
5 2 27 0.00001 0.00084 -0.00002 -0.00261
5 2 28 -0.00005 0.00396 -0.00002 -0.00310
5 2 29 -0.00009 -0.00354 -0.00004 -0.00250
5 2 30 -0.00004 0.00318 -0.00003 -0.00288
5 2 31 -0.00006 0.00203 -0.00004 -0.00269
5 2 32 0.00007 -0.00184 0.00012 0.01244
5 2 33 -0.00003 0.00328 -0.00001 -0.00114
5 2 34 -0.00005 0.00005 -0.00005 0.00125
5 2 35 -0.00003 0.00226 -0.00003 -0.00205
5 2 36 -0.00002 0.00174 -0.00004 -0.00175
5 2 37 -0.00002 0.00251 -0.00003 -0.00259
5 2 38 -0.00001 -0.00033 -0.00002 -0.00172
5 2 39 -0.00002 0.00212 -0.00002 -0.00274
5 2 40 0.00012 -0.00810 0.00012 0.00764
5 2 41 0.00000 0.00005 -0.00002 -0.00120
5 2 42 -0.00002 0.00140 -0.00002 -0.00177
5 2 43 -0.00001 0.00134 -0.00003 0.00660
5 2 44 -0.00001 0.00096 -0.00001 -0.00169
5 2 45 -0.00002 0.00169 -0.00002 -0.00163
5 2 46 -0.00001 0.00114 -0.00001 -0.00115
5 2 47 0.00008 -0.00647 -0.00001 -0.00097
5 2 48 -0.00000 -0.00316 0.00002 -0.00034
5 2 49 -0.00001 -0.00031 -0.00000 -0.00153
5 2 50 0.00006 -0.00027 -0.00002 -0.00025
5 2 51 -0.00001 0.00021 0.00003 0.00336
5 2 52 -0.00001 -0.00438 0.00002 0.00208
5 2 53 -0.00001 -0.00024 -0.00000 -0.00114
5 2 54 -0.00001 0.00000 -0.00001 -0.00026
5 2 55 -0.00001 -0.00059 0.00001 0.00060
5 2 56 -0.00001 0.00055 -0.00002 0.00015
5 2 57 -0.00001 -0.00087 0.00002 0.00334
5 2 58 0.00000 -0.00048 -0.00002 0.00011
5 2 59 0.00001 0.00120 -0.00001 0.00112
5 2 60 -0.00000 -0.00240 0.00002 0.00376
5 2 61 -0.00001 -0.00033 -0.00000 -0.00034
5 2 62 -0.00001 -0.00125 -0.00001 -0.00067
5 3 1 -0.00006 -0.00523 0.00022 0.00122
5 3 2 0.00000 0.00000 0.00000 0.00000
5 3 3 0.00000 0.00000 0.00000 0.00000
5 3 4 0.00000 0.00000 0.00000 0.00000
5 3 5 0.00000 0.00000 0.00000 0.00000
6 1 1 0.00117 -0.00118 -0.00223 -0.00894
6 1 2 -0.00049 0.01846 -0.00031 -0.01102
6 1 3 0.00003 0.00937 -0.00027 -0.01187
6 1 4 -0.00010 0.01129 -0.00057 0.00117
6 1 5 -0.00013 0.01133 -0.00000 -0.01199
6 1 6 0.00086 -0.01709 -0.00008 -0.00846
6 1 7 -0.00005 0.00705 -0.00010 -0.00822
6 1 8 0.00012 -0.01772 -0.00005 -0.00590
6 1 9 0.00029 -0.01503 -0.00001 -0.00674
6 1 10 -0.00012 0.00103 -0.00006 -0.00522
6 1 11 -0.00006 0.00504 -0.00008 0.01360
6 1 12 0.00004 0.00143 0.00023 0.00523
6 1 13 0.00008 -0.01060 0.00017 0.00617
6 1 14 -0.00014 -0.00383 -0.00013 -0.00124
6 1 15 -0.00000 0.00438 0.00006 0.00816
6 1 16 0.00003 0.00289 0.00013 0.00259
6 1 17 -0.00003 0.00354 -0.00002 -0.00260
6 1 18 -0.00002 0.00458 0.00004 -0.00153
6 1 19 -0.00001 0.00258 -0.00002 -0.00203
6 1 20 -0.00003 0.00123 0.00004 0.00480
6 1 21 0.00000 0.00000 0.00000 0.00000
6 1 22 -0.00003 -0.00015 0.00000 0.00299
6 1 23 0.00001 0.00169 -0.00001 -0.00261
6 2 1 -0.02031 -0.02402 -0.00399 -0.03177
6 2 2 -0.00545 0.02277 -0.00584 -0.01896
6 2 3 -0.00550 0.01747 -0.00578 -0.02358
6 2 4 -0.00424 0.01337 -0.00328 0.00015
6 2 5 0.00233 -0.01022 -0.00277 -0.00570
6 2 6 0.00138 -0.01279 -0.00211 -0.00868
6 2 7 -0.00142 0.00727 -0.00164 -0.00724
6 2 8 -0.00084 0.00443 -0.00097 -0.01070
6 2 9 -0.00070 0.00635 0.00129 0.00315
6 2 10 -0.00040 0.00750 -0.00030 -0.00861
6 2 11 -0.00036 0.00003 -0.00022 -0.00849
6 2 12 -0.00013 0.00655 -0.00060 0.03616
6 2 13 -0.00007 0.00662 -0.00007 -0.00799
6 2 14 -0.00006 0.00676 -0.00008 -0.00826
6 2 15 0.00007 0.00268 0.00064 0.01323
6 2 16 0.00056 -0.02562 -0.00011 -0.00794
6 2 17 -0.00002 0.00405 -0.00022 -0.00176
6 2 18 -0.00005 0.00731 -0.00007 -0.00772
6 2 19 -0.00008 0.00752 -0.00002 -0.00488
6 2 20 -0.00002 0.00425 0.00043 0.01412
6 2 21 0.00036 -0.01284 -0.00005 -0.00526
6 2 22 -0.00004 0.00377 -0.00005 -0.00368
6 2 23 0.00025 -0.01576 -0.00003 -0.00260
6 2 24 -0.00006 0.00507 0.00001 0.02007
6 2 25 -0.00005 0.00358 -0.00004 -0.00398
6 2 26 0.00024 -0.01233 0.00016 0.00643
6 2 27 0.00024 -0.01181 -0.00002 -0.00359
6 2 28 0.00019 -0.01181 0.00018 0.01049
6 2 29 -0.00004 0.00331 -0.00001 -0.00268
6 2 30 -0.00002 0.00245 -0.00003 -0.00247
6 2 31 0.00009 -0.00366 -0.00001 0.01406
6 2 32 -0.00003 -0.00553 -0.00007 0.00137
6 2 33 -0.00003 0.00180 -0.00014 0.00921
6 2 34 -0.00002 0.00194 0.00003 0.01145
6 2 35 -0.00003 0.00216 -0.00006 0.00627
6 2 36 -0.00002 0.00156 0.00014 0.00969
6 2 37 -0.00003 0.00223 -0.00003 -0.00282
6 2 38 -0.00002 0.00165 -0.00002 -0.00245
6 2 39 -0.00002 0.00096 -0.00002 -0.00166
6 2 40 -0.00002 0.00124 -0.00001 -0.00134
6 2 41 -0.00002 0.00242 -0.00001 -0.00178
6 2 42 0.00005 -0.00754 -0.00003 -0.00203
6 2 43 -0.00001 0.00113 -0.00002 -0.00201
6 2 44 0.00011 -0.00302 -0.00002 -0.00218
6 2 45 0.00008 -0.00789 -0.00003 0.00487
6 2 46 -0.00002 0.00094 -0.00002 -0.00063
6 2 47 -0.00002 0.00070 -0.00002 -0.00103
6 2 48 -0.00002 -0.00013 -0.00003 0.00096
6 2 49 -0.00002 0.00026 -0.00001 -0.00152
6 2 50 0.00008 -0.00461 0.00003 0.00112
6 2 51 -0.00001 0.00071 -0.00001 -0.00038
6 2 52 0.00007 -0.00092 -0.00001 -0.00110
6 2 53 -0.00002 0.00034 -0.00000 -0.00042
6 2 54 -0.00001 -0.00015 0.00002 -0.00074
6 2 55 -0.00001 0.00033 0.00001 -0.00045
6 2 56 -0.00000 -0.00082 -0.00001 -0.00059
6 2 57 -0.00002 -0.00085 -0.00000 -0.00124
6 2 58 0.00001 -0.00053 -0.00001 -0.00005
6 2 59 0.00000 -0.00064 0.00000 0.00080
6 2 60 0.00001 0.00049 0.00002 0.00078
6 2 61 -0.00000 -0.00028 -0.00001 0.00119
6 2 62 0.00001 0.00411 -0.00001 -0.00044
6 3 1 -0.00049 0.01094 0.00000 0.00013
6 3 2 0.00000 0.00000 0.00000 0.00000
6 3 3 0.00000 0.00000 0.00000 0.00000
6 3 4 0.00000 0.00000 0.00000 0.00000
6 3 5 0.00000 0.00000 0.00000 0.00000
