1 1 1 91.808 91.808 64.836 64.836 -0.077
1 1 2 129.090 129.090 79.296 79.296 0.037
1 1 3 98.840 98.840 33.269 33.269 -0.427
1 1 4 124.846 124.846 41.412 41.412 0.263
1 1 5 133.435 133.435 38.139 38.139 0.233
1 1 6 98.564 98.564 22.703 22.703 -0.695
1 1 7 128.070 128.070 29.467 29.467 -0.001
1 1 8 126.842 126.842 26.239 26.239 0.080
1 1 9 147.667 147.667 27.632 27.632 0.355
1 1 10 131.189 131.189 22.023 22.023 -0.202
1 1 11 138.341 138.341 23.155 23.155 -0.618
1 1 12 142.031 142.031 21.402 21.402 -0.220
1 1 13 128.526 128.526 16.963 16.963 0.450
1 1 14 162.300 162.300 22.611 22.611 -0.082
1 1 15 171.834 171.834 23.501 23.501 -0.099
1 1 16 167.739 167.739 21.434 21.434 -0.074
1 1 17 160.203 160.203 22.304 22.304 0.216
1 1 18 186.969 186.969 25.327 25.327 -0.251
1 1 19 153.811 153.811 20.359 20.359 -0.136
1 1 20 192.069 192.069 25.737 25.737 -0.229
1 1 21 206.585 206.585 30.374 30.374 -0.177
1 1 22 181.980 181.980 29.536 29.536 -0.105
1 1 23 182.392 182.392 35.960 35.960 -0.228
1 2 1 113.640 113.640 186.135 186.135 -0.009
1 2 2 113.514 113.514 116.328 116.328 -0.095
1 2 3 107.995 107.995 105.146 105.146 -0.179
1 2 4 146.896 146.896 115.600 115.600 -0.155
1 2 5 128.871 128.871 79.524 79.524 -0.146
1 2 6 137.634 137.634 81.360 81.360 0.104
1 2 7 169.097 169.097 92.381 92.381 0.103
1 2 8 154.680 154.680 74.523 74.523 0.099
1 2 9 164.621 164.621 74.754 74.754 0.153
1 2 10 147.204 147.204 58.509 58.509 -0.071
1 2 11 182.095 182.095 75.393 75.393 -0.057
1 2 12 216.189 216.189 93.009 93.009 -0.125
1 2 13 142.717 142.717 44.268 44.268 -0.105
1 2 14 154.054 154.054 47.331 47.331 0.071
1 2 15 168.665 168.665 52.016 52.016 -0.021
1 2 16 172.474 172.474 49.883 49.883 0.032
1 2 17 173.047 173.047 48.077 48.077 -0.025
1 2 18 133.852 133.852 30.094 30.094 -0.113
1 2 19 152.784 152.784 35.466 35.466 0.037
1 2 20 154.133 154.133 34.686 34.686 -0.023
1 2 21 129.487 129.487 24.942 24.942 0.029
1 2 22 164.610 164.610 34.926 34.926 0.054
1 2 23 147.946 147.946 28.581 28.581 0.162
1 2 24 168.983 168.983 33.150 33.150 -0.023
1 2 25 187.315 187.315 38.721 38.721 -0.029
1 2 26 175.298 175.298 33.080 33.080 -0.034
1 2 27 207.318 207.318 40.283 40.283 -0.035
1 2 28 162.815 162.815 27.478 27.478 -0.166
1 2 29 154.842 154.842 24.503 24.503 0.035
1 2 30 172.842 172.842 28.818 28.818 0.032
1 2 31 136.391 136.391 20.249 20.249 0.001
1 2 32 300.612 300.612 60.317 60.317 -0.049
1 2 33 221.538 221.538 40.395 40.395 -0.101
1 2 34 275.705 275.705 51.812 51.812 -0.015
1 2 35 245.725 245.725 42.057 42.057 0.072
1 2 36 241.342 241.342 41.083 41.083 0.044
1 2 37 261.557 261.557 47.661 47.661 0.011
1 2 38 323.818 323.818 62.486 62.486 0.015
1 2 39 230.281 230.281 38.925 38.925 0.074
1 2 40 241.624 241.624 39.395 39.395 0.081
1 2 41 275.518 275.518 49.041 49.041 -0.084
1 2 42 208.786 208.786 31.974 31.974 -0.003
1 2 43 209.481 209.481 33.648 33.648 -0.070
1 2 44 222.589 222.589 35.945 35.945 -0.048
1 2 45 254.445 254.445 40.711 40.711 0.114
1 2 46 222.816 222.816 35.369 35.369 -0.060
1 2 47 241.670 241.670 39.728 39.728 -0.045
1 2 48 293.972 293.972 52.779 52.779 -0.112
1 2 49 229.811 229.811 37.122 37.122 -0.151
1 2 50 308.572 308.572 59.988 59.988 -0.008
1 2 51 357.271 357.271 74.307 74.307 -0.007
1 2 52 271.757 271.757 47.963 47.963 -0.028
1 2 53 289.017 289.017 52.748 52.748 -0.069
1 2 54 203.932 203.932 43.160 43.160 0.044
1 2 55 237.781 237.781 45.859 45.859 -0.074
1 2 56 312.914 312.914 65.331 65.331 -0.050
1 2 57 234.644 234.644 43.289 43.289 -0.062
1 2 58 252.519 252.519 50.707 50.707 -0.090
1 2 59 259.330 259.330 73.164 73.164 -0.032
1 2 60 268.639 268.639 64.041 64.041 -0.055
1 2 61 250.700 250.700 59.294 59.294 -0.170
1 2 62 257.754 257.754 63.481 63.481 -0.089
1 3 1 223.585 223.585 50.734 50.734 -0.720
1 3 2 236.774 236.774 46.415 46.415 0.435
1 3 3 210.407 210.407 68.862 68.862 0.514
1 3 4 199.794 199.794 70.850 70.850 0.649
1 3 5 200.000 200.000 2403.024 2403.024 0.000
2 1 1 48.215 48.215 133.086 133.086 0.955
2 1 2 106.143 106.143 54.023 54.023 -0.233
2 1 3 72.444 72.444 23.249 23.249 -0.154
2 1 4 112.814 112.814 36.198 36.198 0.244
2 1 5 95.123 95.123 23.676 23.676 0.070
2 1 6 105.912 105.912 602.568 602.568 0.000
2 1 7 120.441 120.441 26.801 26.801 0.100
2 1 8 132.706 132.706 27.639 27.639 0.224
2 1 9 130.039 130.039 23.816 23.816 0.060
2 1 10 128.039 128.039 914.729 914.729 0.000
2 1 11 142.517 142.517 22.932 22.932 0.034
2 1 12 98.023 98.023 13.264 13.264 -0.345
2 1 13 134.901 134.901 18.188 18.188 -0.035
2 1 14 138.845 138.845 17.926 17.926 -0.258
2 1 15 129.807 129.807 15.747 15.747 0.018
2 1 16 146.817 146.817 17.557 17.557 0.004
2 1 17 144.394 144.394 18.168 18.168 -0.430
2 1 18 189.406 189.406 25.204 25.204 0.178
2 1 19 177.823 177.823 1866.184 1866.184 0.000
2 1 20 171.390 171.390 21.266 21.266 -0.265
2 1 21 183.270 183.270 29.837 29.837 0.414
2 1 22 185.348 185.348 27.762 27.762 -0.413
2 1 23 178.455 178.455 34.537 34.537 0.319
2 2 1 52.670 52.670 150.153 150.153 0.281
2 2 2 137.401 137.401 159.404 159.404 -0.043
2 2 3 159.823 159.823 162.908 162.908 -0.035
2 2 4 104.640 104.640 75.750 75.750 -0.207
2 2 5 126.378 126.378 81.173 81.173 0.049
2 2 6 146.790 146.790 86.484 86.484 0.136
2 2 7 147.091 147.091 74.747 74.747 -0.120
2 2 8 118.393 118.393 50.617 50.617 0.088
2 2 9 129.529 129.529 53.888 53.888 -0.199
2 2 10 182.152 182.152 79.740 79.740 -0.187
2 2 11 179.652 179.652 75.320 75.320 -0.126
2 2 12 183.202 183.202 69.832 69.832 -0.141
2 2 13 160.905 160.905 53.535 53.535 0.027
2 2 14 129.339 129.339 36.610 36.610 -0.030
2 2 15 145.308 145.308 41.571 41.571 -0.046
2 2 16 165.691 165.691 46.675 46.675 -0.080
2 2 17 166.130 166.130 44.858 44.858 -0.110
2 2 18 126.612 126.612 27.729 27.729 -0.076
2 2 19 128.999 128.999 27.533 27.533 -0.036
2 2 20 163.482 163.482 37.917 37.917 -0.002
2 2 21 132.136 132.136 25.694 25.694 -0.028
2 2 22 174.467 174.467 38.171 38.171 -0.011
2 2 23 161.442 161.442 32.808 32.808 -0.081
2 2 24 136.926 136.926 24.181 24.181 -0.013
2 2 25 162.569 162.569 30.435 30.435 -0.061
2 2 26 168.291 168.291 31.057 31.057 -0.065
2 2 27 197.124 197.124 37.023 37.023 -0.135
2 2 28 176.325 176.325 30.622 30.622 -0.128
2 2 29 156.978 156.978 24.629 24.629 -0.175
2 2 30 159.842 159.842 25.383 25.383 -0.208
2 2 31 130.958 130.958 18.888 18.888 -0.028
2 2 32 239.882 239.882 43.421 43.421 -0.166
2 2 33 221.055 221.055 36.829 36.829 -0.071
2 2 34 274.079 274.079 50.914 50.914 -0.021
2 2 35 251.114 251.114 42.565 42.565 -0.014
2 2 36 224.300 224.300 35.930 35.930 -0.053
2 2 37 234.629 234.629 38.700 38.700 0.038
2 2 38 291.124 291.124 50.918 50.918 -0.026
2 2 39 200.486 200.486 27.681 27.681 0.048
2 2 40 211.143 211.143 31.245 31.245 -0.098
2 2 41 246.324 246.324 39.985 39.985 -0.050
2 2 42 221.392 221.392 33.331 33.331 0.037
2 2 43 204.742 204.742 28.851 28.851 0.065
2 2 44 262.625 262.625 40.824 40.824 -0.095
2 2 45 220.427 220.427 35.109 35.109 -0.055
2 2 46 240.343 240.343 39.136 39.136 0.006
2 2 47 249.075 249.075 37.598 37.598 -0.065
2 2 48 261.039 261.039 44.442 44.442 -0.087
2 2 49 255.248 255.248 43.154 43.154 -0.060
2 2 50 280.893 280.893 46.225 46.225 -0.073
2 2 51 313.543 313.543 53.340 53.340 0.002
2 2 52 297.140 297.140 53.220 53.220 -0.102
2 2 53 295.435 295.435 51.321 51.321 -0.103
2 2 54 284.882 284.882 49.509 49.509 0.063
2 2 55 231.797 231.797 47.653 47.653 0.045
2 2 56 314.486 314.486 63.304 63.304 0.025
2 2 57 277.178 277.178 62.496 62.496 -0.002
2 2 58 211.578 211.578 38.576 38.576 0.027
2 2 59 220.516 220.516 44.586 44.586 -0.013
2 2 60 254.346 254.346 54.752 54.752 0.117
2 2 61 269.302 269.302 54.295 54.295 -0.040
2 2 62 281.944 281.944 52.330 52.330 0.107
2 3 1 200.783 200.783 36.324 36.324 -0.650
2 3 2 240.639 240.639 30.202 30.202 -0.024
2 3 3 224.877 224.877 42.732 42.732 -0.195
2 3 4 208.680 208.680 75.919 75.919 0.712
2 3 5 224.742 224.742 111.114 111.114 -0.670
3 1 1 119.341 119.341 144.077 144.077 0.375
3 1 2 128.712 128.712 73.461 73.461 -0.196
3 1 3 91.550 91.550 33.430 33.430 -0.027
3 1 4 122.829 122.829 43.192 43.192 -0.076
3 1 5 84.251 84.251 18.267 18.267 -0.492
3 1 6 87.028 87.028 19.007 19.007 0.180
3 1 7 116.095 116.095 47.378 47.378 -1.041
3 1 8 147.851 147.851 32.610 32.610 -0.175
3 1 9 135.651 135.651 25.259 25.259 -0.142
3 1 10 134.441 134.441 23.058 23.058 0.103
3 1 11 102.771 102.771 14.363 14.363 0.046
3 1 12 134.778 134.778 19.434 19.434 -0.105
3 1 13 138.281 138.281 18.697 18.697 -0.241
3 1 14 151.061 151.061 20.010 20.010 0.361
3 1 15 167.342 167.342 25.474 25.474 -0.743
3 1 16 164.470 164.470 20.799 20.799 0.058
3 1 17 155.116 155.116 22.354 22.354 0.869
3 1 18 202.565 202.565 25.688 25.688 0.361
3 1 19 179.119 179.119 23.355 23.355 0.048
3 1 20 168.473 168.473 20.781 20.781 -0.245
3 1 21 187.244 187.244 26.331 26.331 0.368
3 1 22 191.452 191.452 24.442 24.442 0.541
3 1 23 197.140 197.140 48.166 48.166 -0.124
3 2 1 68.957 68.957 282.179 282.179 0.240
3 2 2 103.263 103.263 569.689 569.689 0.000
3 2 3 340.815 340.815 1700.737 1700.737 -0.084
3 2 4 194.815 194.815 181.613 181.613 0.064
3 2 5 130.349 130.349 90.899 90.899 -0.230
3 2 6 128.776 128.776 75.913 75.913 -0.033
3 2 7 167.513 167.513 92.126 92.126 -0.096
3 2 8 168.265 168.265 86.485 86.485 -0.050
3 2 9 124.608 124.608 49.263 49.263 -0.179
3 2 10 166.458 166.458 70.846 70.846 -0.053
3 2 11 180.121 180.121 73.693 73.693 -0.090
3 2 12 189.158 189.158 71.843 71.843 -0.189
3 2 13 149.371 149.371 47.567 47.567 -0.192
3 2 14 161.881 161.881 51.194 51.194 -0.047
3 2 15 186.197 186.197 60.277 60.277 -0.027
3 2 16 135.409 135.409 34.697 34.697 0.040
3 2 17 184.743 184.743 53.185 53.185 -0.049
3 2 18 149.352 149.352 35.148 35.148 0.152
3 2 19 196.898 196.898 51.851 51.851 0.047
3 2 20 187.754 187.754 46.568 46.568 -0.050
3 2 21 130.833 130.833 25.148 25.148 -0.157
3 2 22 179.083 179.083 39.757 39.757 -0.007
3 2 23 155.155 155.155 31.008 31.008 0.024
3 2 24 166.989 166.989 32.358 32.358 -0.122
3 2 25 166.034 166.034 31.307 31.307 -0.058
3 2 26 176.542 176.542 33.279 33.279 -0.120
3 2 27 170.448 170.448 29.990 29.990 0.066
3 2 28 159.112 159.112 26.393 26.393 -0.004
3 2 29 137.270 137.270 20.862 20.862 -0.231
3 2 30 170.548 170.548 27.325 27.325 0.102
3 2 31 159.898 159.898 25.405 25.405 0.112
3 2 32 259.086 259.086 49.363 49.363 -0.077
3 2 33 198.178 198.178 31.538 31.538 0.086
3 2 34 252.348 252.348 44.015 44.015 0.021
3 2 35 215.203 215.203 34.514 34.514 -0.040
3 2 36 228.974 228.974 35.838 35.838 0.103
3 2 37 231.104 231.104 36.907 36.907 0.143
3 2 38 290.158 290.158 49.280 49.280 -0.019
3 2 39 247.714 247.714 39.009 39.009 0.144
3 2 40 286.410 286.410 47.179 47.179 0.043
3 2 41 218.509 218.509 34.671 34.671 -0.031
3 2 42 220.275 220.275 31.159 31.159 0.010
3 2 43 248.163 248.163 38.408 38.408 0.104
3 2 44 255.560 255.560 38.960 38.960 0.043
3 2 45 234.954 234.954 36.150 36.150 -0.023
3 2 46 199.005 199.005 29.262 29.262 0.078
3 2 47 278.474 278.474 42.673 42.673 0.034
3 2 48 218.920 218.920 31.547 31.547 -0.032
3 2 49 194.916 194.916 27.072 27.072 0.060
3 2 50 187.895 187.895 26.312 26.312 0.288
3 2 51 203.198 203.198 28.987 28.987 -0.003
3 2 52 327.611 327.611 55.849 55.849 -0.007
3 2 53 205.837 205.837 31.956 31.956 -0.146
3 2 54 252.356 252.356 37.795 37.795 0.066
3 2 55 253.796 253.796 41.588 41.588 -0.021
3 2 56 337.194 337.194 60.238 60.238 -0.022
3 2 57 229.591 229.591 40.170 40.170 -0.034
3 2 58 216.917 216.917 36.390 36.390 -0.086
3 2 59 243.500 243.500 46.627 46.627 -0.024
3 2 60 260.775 260.775 52.824 52.824 -0.070
3 2 61 231.180 231.180 45.167 45.167 -0.044
3 2 62 262.371 262.371 49.543 49.543 -0.014
3 3 1 215.876 215.876 88.787 88.787 1.090
3 3 2 250.064 250.064 32.393 32.393 0.008
3 3 3 235.218 235.218 46.670 46.670 0.441
3 3 4 213.248 213.248 103.946 103.946 0.386
3 3 5 217.960 217.960 108.849 108.849 0.185
4 1 1 109.345 109.345 83.592 83.592 -0.120
4 1 2 106.588 106.588 98.275 98.275 -0.539
4 1 3 121.487 121.487 47.788 47.788 -0.240
4 1 4 122.190 122.190 42.034 42.034 0.152
4 1 5 82.519 82.519 18.709 18.709 0.271
4 1 6 93.098 93.098 22.235 22.235 -0.094
4 1 7 139.604 139.604 33.098 33.098 -0.155
4 1 8 128.094 128.094 26.413 26.413 0.153
4 1 9 146.521 146.521 28.393 28.393 0.109
4 1 10 147.260 147.260 26.022 26.022 -0.244
4 1 11 112.405 112.405 17.751 17.751 -0.243
4 1 12 182.525 182.525 30.128 30.128 0.250
4 1 13 164.849 164.849 24.555 24.555 -0.009
4 1 14 140.881 140.881 18.993 18.993 0.204
4 1 15 141.140 141.140 17.953 17.953 -0.476
4 1 16 165.300 165.300 21.309 21.309 -0.473
4 1 17 184.073 184.073 25.571 25.571 0.142
4 1 18 200.629 200.629 26.941 26.941 -0.108
4 1 19 199.266 199.266 28.549 28.549 -0.171
4 1 20 149.989 149.989 30.187 30.187 -0.075
4 1 21 176.238 176.238 30.030 30.030 0.027
4 1 22 204.920 204.920 30.713 30.713 -0.181
4 1 23 207.313 207.313 26.178 26.178 0.120
4 2 1 112.866 112.866 186.231 186.231 0.067
4 2 2 121.601 121.601 160.412 160.412 0.127
4 2 3 144.075 144.075 232.311 232.311 0.157
4 2 4 121.054 121.054 86.126 86.126 -0.014
4 2 5 136.109 136.109 90.743 90.743 -0.046
4 2 6 131.032 131.032 73.778 73.778 0.144
4 2 7 169.833 169.833 95.139 95.139 -0.029
4 2 8 114.030 114.030 48.189 48.189 -0.054
4 2 9 132.124 132.124 53.073 53.073 -0.199
4 2 10 178.176 178.176 75.836 75.836 -0.150
4 2 11 148.520 148.520 55.639 55.639 -0.078
4 2 12 187.412 187.412 73.311 73.311 -0.112
4 2 13 176.829 176.829 61.208 61.208 -0.056
4 2 14 149.240 149.240 45.456 45.456 0.008
4 2 15 174.176 174.176 54.603 54.603 0.006
4 2 16 152.041 152.041 41.158 41.158 0.084
4 2 17 171.349 171.349 47.249 47.249 -0.054
4 2 18 152.972 152.972 36.214 36.214 0.181
4 2 19 194.036 194.036 50.790 50.790 -0.011
4 2 20 157.008 157.008 35.406 35.406 -0.159
4 2 21 135.956 135.956 26.742 26.742 0.085
4 2 22 182.200 182.200 40.723 40.723 -0.015
4 2 23 199.979 199.979 45.380 45.380 -0.016
4 2 24 189.556 189.556 39.379 39.379 0.032
4 2 25 167.610 167.610 31.790 31.790 -0.036
4 2 26 186.307 186.307 36.775 36.775 -0.036
4 2 27 191.215 191.215 35.592 35.592 -0.078
4 2 28 196.910 196.910 36.316 36.316 -0.032
4 2 29 158.994 158.994 25.549 25.549 -0.100
4 2 30 160.062 160.062 26.871 26.871 0.004
4 2 31 153.374 153.374 23.266 23.266 0.016
4 2 32 318.936 318.936 66.653 66.653 0.009
4 2 33 192.065 192.065 30.767 30.767 0.025
4 2 34 257.275 257.275 45.553 45.553 -0.088
4 2 35 294.408 294.408 55.117 55.117 -0.038
4 2 36 248.823 248.823 41.460 41.460 -0.091
4 2 37 307.380 307.380 55.913 55.913 -0.048
4 2 38 314.906 314.906 57.424 57.424 -0.083
4 2 39 268.454 268.454 43.935 43.935 -0.001
4 2 40 267.077 267.077 46.326 46.326 0.101
4 2 41 274.982 274.982 45.986 45.986 -0.013
4 2 42 283.231 283.231 46.494 46.494 -0.033
4 2 43 244.640 244.640 37.960 37.960 -0.093
4 2 44 279.322 279.322 49.108 49.108 -0.032
4 2 45 269.285 269.285 42.800 42.800 -0.022
4 2 46 237.733 237.733 39.420 39.420 0.084
4 2 47 240.140 240.140 36.739 36.739 -0.054
4 2 48 309.886 309.886 62.739 62.739 -0.001
4 2 49 188.810 188.810 31.011 31.011 -0.025
4 2 50 268.036 268.036 45.942 45.942 0.020
4 2 51 310.948 310.948 58.597 58.597 -0.034
4 2 52 270.498 270.498 49.731 49.731 0.026
4 2 53 283.765 283.765 50.572 50.572 -0.027
4 2 54 259.758 259.758 45.431 45.431 0.055
4 2 55 226.073 226.073 38.968 38.968 -0.063
4 2 56 324.090 324.090 66.279 66.279 -0.020
4 2 57 205.310 205.310 38.270 38.270 0.033
4 2 58 226.446 226.446 35.712 35.712 0.016
4 2 59 215.731 215.731 36.206 36.206 0.113
4 2 60 223.251 223.251 46.762 46.762 -0.094
4 2 61 235.871 235.871 56.088 56.088 -0.109
4 2 62 306.970 306.970 65.235 65.235 0.068
4 3 1 207.125 207.125 39.812 39.812 -0.256
4 3 2 223.460 223.460 31.005 31.005 -0.061
4 3 3 234.096 234.096 44.747 44.747 0.305
4 3 4 215.407 215.407 91.659 91.659 -0.708
4 3 5 251.136 251.136 91.248 91.248 -0.047
5 1 1 123.423 123.423 99.735 99.735 0.086
5 1 2 111.472 111.472 60.794 60.794 -0.256
5 1 3 169.184 169.184 78.557 78.557 0.175
5 1 4 143.331 143.331 54.322 54.322 -0.091
5 1 5 96.194 96.194 24.044 24.044 -0.045
5 1 6 103.900 103.900 21.313 21.313 -0.698
5 1 7 105.937 105.937 21.904 21.904 0.221
5 1 8 117.019 117.019 22.551 22.551 -0.284
5 1 9 142.215 142.215 27.271 27.271 -0.068
5 1 10 145.149 145.149 24.891 24.891 -0.362
5 1 11 147.263 147.263 24.093 24.093 -0.020
5 1 12 165.144 165.144 26.408 26.408 -0.012
5 1 13 178.056 178.056 26.965 26.965 -0.272
5 1 14 140.082 140.082 17.894 17.894 -0.204
5 1 15 186.788 186.788 26.126 26.126 0.251
5 1 16 165.750 165.750 22.402 22.402 -1.032
5 1 17 169.859 169.859 21.202 21.202 0.040
5 1 18 203.267 203.267 26.188 26.188 -0.097
5 1 19 206.867 206.867 25.830 25.830 0.249
5 1 20 192.206 192.206 23.721 23.721 0.298
5 1 21 199.333 199.333 29.053 29.053 -0.127
5 1 22 188.237 188.237 24.712 24.712 0.022
5 1 23 180.919 180.919 31.553 31.553 0.157
5 2 1 68.954 68.954 416.906 416.906 -0.300
5 2 2 100.353 100.353 93.302 93.302 0.149
5 2 3 185.915 185.915 210.295 210.295 -0.006
5 2 4 139.400 139.400 99.744 99.744 -0.117
5 2 5 110.973 110.973 67.320 67.320 0.011
5 2 6 114.216 114.216 59.736 59.736 -0.171
5 2 7 144.751 144.751 74.403 74.403 -0.084
5 2 8 149.408 149.408 72.584 72.584 -0.003
5 2 9 145.232 145.232 64.217 64.217 -0.064
5 2 10 176.016 176.016 74.604 74.604 -0.122
5 2 11 194.253 194.253 83.395 83.395 -0.054
5 2 12 213.556 213.556 90.045 90.045 -0.064
5 2 13 182.201 182.201 64.141 64.141 -0.046
5 2 14 170.211 170.211 54.973 54.973 -0.071
5 2 15 163.643 163.643 49.530 49.530 -0.058
5 2 16 151.625 151.625 40.029 40.029 -0.281
5 2 17 159.369 159.369 42.435 42.435 -0.048
5 2 18 142.645 142.645 33.217 33.217 -0.066
5 2 19 174.116 174.116 41.593 41.593 -0.234
5 2 20 182.310 182.310 44.586 44.586 -0.036
5 2 21 129.624 129.624 24.943 24.943 -0.067
5 2 22 154.649 154.649 31.863 31.863 0.014
5 2 23 190.948 190.948 42.300 42.300 -0.039
5 2 24 150.495 150.495 27.710 27.710 -0.119
5 2 25 166.687 166.687 31.089 31.089 -0.181
5 2 26 166.571 166.571 30.556 30.556 -0.104
5 2 27 201.761 201.761 38.307 38.307 -0.128
5 2 28 157.487 157.487 25.677 25.677 -0.231
5 2 29 141.587 141.587 21.414 21.414 -0.154
5 2 30 208.803 208.803 36.726 36.726 -0.156
5 2 31 139.647 139.647 20.422 20.422 -0.180
5 2 32 274.565 274.565 51.777 51.777 -0.120
5 2 33 218.690 218.690 36.225 36.225 -0.185
5 2 34 264.834 264.834 48.131 48.131 -0.059
5 2 35 256.066 256.066 43.221 43.221 -0.102
5 2 36 260.257 260.257 43.590 43.590 0.024
5 2 37 265.750 265.750 44.115 44.115 -0.029
5 2 38 336.043 336.043 60.860 60.860 0.021
5 2 39 195.620 195.620 27.185 27.185 -0.051
5 2 40 258.793 258.793 40.248 40.248 -0.057
5 2 41 249.877 249.877 38.245 38.245 -0.119
5 2 42 233.395 233.395 34.426 34.426 -0.153
5 2 43 228.283 228.283 33.633 33.633 -0.139
5 2 44 287.380 287.380 47.742 47.742 -0.086
5 2 45 253.027 253.027 40.243 40.243 -0.135
5 2 46 226.503 226.503 35.085 35.085 -0.017
5 2 47 230.034 230.034 33.817 33.817 0.000
5 2 48 278.341 278.341 44.764 44.764 0.007
5 2 49 219.111 219.111 33.085 33.085 0.020
5 2 50 284.967 284.967 47.245 47.245 -0.072
5 2 51 305.997 305.997 50.861 50.861 -0.068
5 2 52 312.410 312.410 56.881 56.881 -0.030
5 2 53 265.783 265.783 41.695 41.695 -0.064
5 2 54 243.036 243.036 39.921 39.921 -0.104
5 2 55 254.875 254.875 41.203 41.203 0.033
5 2 56 207.198 207.198 32.304 32.304 -0.139
5 2 57 195.354 195.354 36.310 36.310 0.048
5 2 58 226.412 226.412 42.424 42.424 0.066
5 2 59 192.375 192.375 34.123 34.123 0.143
5 2 60 263.956 263.956 54.390 54.390 0.113
5 2 61 225.909 225.909 48.698 48.698 -0.040
5 2 62 266.868 266.868 55.798 55.798 0.126
5 3 1 202.559 202.559 24.795 24.795 0.078
5 3 2 227.063 227.063 28.183 28.183 -0.234
5 3 3 239.195 239.195 62.354 62.354 -0.250
5 3 4 242.310 242.310 152.156 152.156 0.170
5 3 5 243.630 243.630 122.903 122.903 0.483
6 1 1 42.221 42.221 106.635 106.635 -1.105
6 1 2 113.930 113.930 61.749 61.749 -0.244
6 1 3 135.281 135.281 53.293 53.293 0.327
6 1 4 130.759 130.759 46.435 46.435 -0.183
6 1 5 122.464 122.464 34.556 34.556 -0.023
6 1 6 99.347 99.347 21.605 21.605 0.503
6 1 7 119.879 119.879 26.668 26.668 0.029
6 1 8 157.358 157.358 33.215 33.215 -0.447
6 1 9 132.967 132.967 23.574 23.574 -0.364
6 1 10 133.575 133.575 22.459 22.459 0.262
6 1 11 139.448 139.448 22.191 22.191 0.044
6 1 12 148.689 148.689 22.573 22.573 0.026
6 1 13 147.325 147.325 20.542 20.542 -0.219
6 1 14 153.036 153.036 19.957 19.957 0.709
6 1 15 162.142 162.142 22.014 22.014 0.258
6 1 16 171.900 171.900 21.840 21.840 0.091
6 1 17 171.575 171.575 21.414 21.414 -0.146
6 1 18 205.618 205.618 26.154 26.154 0.149
6 1 19 188.834 188.834 23.635 23.635 0.156
6 1 20 197.089 197.089 25.743 25.743 -0.026
6 1 21 188.887 188.887 2125.197 2125.197 0.000
6 1 22 169.191 169.191 24.882 24.882 0.478
6 1 23 182.750 182.750 30.412 30.412 -0.106
6 2 1 128.889 128.889 1363.921 1363.921 0.177
6 2 2 110.985 110.985 113.510 113.510 -0.013
6 2 3 148.996 148.996 148.797 148.797 -0.003
6 2 4 148.257 148.257 166.194 166.194 -0.214
6 2 5 126.713 126.713 78.909 78.909 -0.121
6 2 6 128.583 128.583 72.109 72.109 -0.143
6 2 7 177.212 177.212 101.144 101.144 0.049
6 2 8 129.311 129.311 55.058 55.058 0.203
6 2 9 159.762 159.762 74.206 74.206 0.039
6 2 10 183.768 183.768 81.946 81.946 -0.009
6 2 11 166.307 166.307 66.320 66.320 -0.036
6 2 12 197.785 197.785 80.591 80.591 -0.075
6 2 13 173.251 173.251 59.662 59.662 0.019
6 2 14 139.533 139.533 40.994 40.994 0.035
6 2 15 165.925 165.925 50.718 50.718 0.029
6 2 16 155.080 155.080 42.154 42.154 0.130
6 2 17 151.830 151.830 39.108 39.108 0.126
6 2 18 135.549 135.549 30.724 30.724 0.059
6 2 19 153.370 153.370 35.443 35.443 -0.131
6 2 20 162.854 162.854 37.549 37.549 0.127
6 2 21 134.591 134.591 26.464 26.464 -0.007
6 2 22 173.319 173.319 37.816 37.816 0.005
6 2 23 164.572 164.572 33.780 33.780 0.090
6 2 24 145.469 145.469 26.892 26.892 -0.060
6 2 25 164.076 164.076 30.814 30.814 -0.001
6 2 26 165.526 165.526 30.373 30.373 0.045
6 2 27 199.432 199.432 38.013 38.013 0.010
6 2 28 142.544 142.544 22.942 22.942 -0.036
6 2 29 134.957 134.957 19.767 19.767 0.007
6 2 30 180.835 180.835 29.886 29.886 0.054
6 2 31 126.589 126.589 17.330 17.330 0.024
6 2 32 302.454 302.454 60.278 60.278 0.045
6 2 33 205.707 205.707 34.852 34.852 0.133
6 2 34 266.762 266.762 48.442 48.442 0.071
6 2 35 231.552 231.552 38.879 38.879 0.043
6 2 36 248.966 248.966 42.233 42.233 0.024
6 2 37 221.364 221.364 33.697 33.697 0.092
6 2 38 291.871 291.871 53.985 53.985 0.154
6 2 39 310.199 310.199 55.985 55.985 0.090
6 2 40 265.762 265.762 45.072 45.072 0.057
6 2 41 214.112 214.112 35.077 35.077 -0.026
6 2 42 218.768 218.768 33.544 33.544 -0.006
6 2 43 200.777 200.777 29.270 29.270 0.118
6 2 44 220.690 220.690 39.218 39.218 0.046
6 2 45 186.501 186.501 28.485 28.485 0.039
6 2 46 216.813 216.813 39.530 39.530 -0.008
6 2 47 198.548 198.548 31.402 31.402 0.054
6 2 48 315.093 315.093 65.306 65.306 0.046
6 2 49 258.988 258.988 40.758 40.758 -0.042
6 2 50 265.700 265.700 43.158 43.158 -0.046
6 2 51 300.442 300.442 50.757 50.757 -0.057
6 2 52 285.690 285.690 50.179 50.179 0.041
6 2 53 308.129 308.129 61.417 61.417 -0.066
6 2 54 229.963 229.963 45.363 45.363 -0.051
6 2 55 264.910 264.910 48.453 48.453 -0.052
6 2 56 227.671 227.671 43.396 43.396 -0.103
6 2 57 196.749 196.749 35.951 35.951 -0.113
6 2 58 230.189 230.189 40.835 40.835 -0.028
6 2 59 241.363 241.363 52.075 52.075 0.008
6 2 60 252.302 252.302 55.334 55.334 -0.027
6 2 61 261.724 261.724 63.620 63.620 -0.051
6 2 62 302.724 302.724 71.679 71.679 -0.009
6 3 1 198.151 198.151 24.977 24.977 0.140
6 3 2 223.003 223.003 29.303 29.303 0.147
6 3 3 354.081 354.081 6589.053 6589.053 -1.856
6 3 4 247.025 247.025 106.565 106.565 0.687
6 3 5 279.118 279.118 94.684 94.684 -0.085
