1 1 1 80.767 80.767 54.547 54.547 0.022
1 1 2 110.824 110.824 63.080 63.080 0.044
1 1 3 111.017 111.017 41.496 41.496 -0.315
1 1 4 116.758 116.758 40.211 40.211 -0.016
1 1 5 129.036 129.036 37.340 37.340 0.044
1 1 6 82.736 82.736 15.561 15.561 -0.957
1 1 7 116.418 116.418 25.498 25.498 -0.070
1 1 8 117.801 117.801 23.513 23.513 0.035
1 1 9 136.381 136.381 25.270 25.270 0.212
1 1 10 120.544 120.544 19.570 19.570 -0.147
1 1 11 137.339 137.339 19.480 19.480 -0.925
1 1 12 131.903 131.903 18.587 18.587 -0.263
1 1 13 119.888 119.888 14.437 14.437 0.601
1 1 14 154.212 154.212 20.367 20.367 -0.084
1 1 15 161.104 161.104 20.489 20.489 -0.190
1 1 16 165.327 165.327 19.394 19.394 -0.419
1 1 17 146.405 146.405 15.657 15.657 0.281
1 1 18 177.393 177.393 19.783 19.783 -0.259
1 1 19 143.334 143.334 13.713 13.713 0.026
1 1 20 182.499 182.499 18.812 18.812 -0.112
1 1 21 196.115 196.115 19.888 19.888 -0.085
1 1 22 170.757 170.757 15.466 15.466 -0.140
1 1 23 176.912 176.912 15.562 15.562 -0.047
1 2 1 113.012 113.012 178.624 178.624 -0.047
1 2 2 116.041 116.041 114.187 114.187 -0.107
1 2 3 106.383 106.383 93.414 93.414 -0.177
1 2 4 111.058 111.058 74.329 74.329 -0.072
1 2 5 116.645 116.645 81.721 81.721 -0.066
1 2 6 128.580 128.580 72.105 72.105 0.143
1 2 7 163.531 163.531 86.379 86.379 0.119
1 2 8 139.244 139.244 63.851 63.851 0.110
1 2 9 157.657 157.657 71.168 71.168 0.117
1 2 10 139.844 139.844 53.634 53.634 -0.093
1 2 11 170.366 170.366 68.112 68.112 -0.089
1 2 12 194.334 194.334 75.368 75.368 -0.158
1 2 13 133.166 133.166 39.285 39.285 -0.179
1 2 14 150.161 150.161 45.739 45.739 0.049
1 2 15 154.856 154.856 45.579 45.579 -0.074
1 2 16 162.406 162.406 45.606 45.606 0.013
1 2 17 167.343 167.343 45.789 45.789 -0.036
1 2 18 123.442 123.442 26.406 26.406 -0.168
1 2 19 142.850 142.850 32.094 32.094 -0.014
1 2 20 145.467 145.467 31.855 31.855 -0.012
1 2 21 120.401 120.401 22.380 22.380 0.021
1 2 22 155.782 155.782 32.214 32.214 -0.017
1 2 23 140.730 140.730 26.459 26.459 0.192
1 2 24 161.010 161.010 30.761 30.761 -0.095
1 2 25 180.554 180.554 35.611 35.611 -0.050
1 2 26 169.848 169.848 31.489 31.489 -0.065
1 2 27 208.822 208.822 40.779 40.779 -0.016
1 2 28 150.630 150.630 24.302 24.302 0.063
1 2 29 146.734 146.734 22.382 22.382 0.061
1 2 30 163.284 163.284 25.668 25.668 0.031
1 2 31 128.724 128.724 17.529 17.529 -0.082
1 2 32 298.680 298.680 58.588 58.588 -0.125
1 2 33 212.065 212.065 34.483 34.483 -0.109
1 2 34 276.629 276.629 50.517 50.517 0.015
1 2 35 237.273 237.273 38.752 38.752 0.037
1 2 36 236.571 236.571 37.786 37.786 -0.039
1 2 37 250.163 250.163 40.233 40.233 0.046
1 2 38 318.945 318.945 55.553 55.553 0.067
1 2 39 223.199 223.199 31.939 31.939 0.085
1 2 40 229.117 229.117 32.501 32.501 0.131
1 2 41 272.370 272.370 41.100 41.100 -0.041
1 2 42 200.332 200.332 25.459 25.459 0.062
1 2 43 199.197 199.197 24.391 24.391 -0.033
1 2 44 214.291 214.291 26.769 26.769 0.000
1 2 45 250.319 250.319 32.899 32.899 0.187
1 2 46 214.483 214.483 25.497 25.497 -0.076
1 2 47 226.570 226.570 27.420 27.420 -0.027
1 2 48 286.146 286.146 38.395 38.395 0.009
1 2 49 221.197 221.197 25.288 25.288 -0.013
1 2 50 308.404 308.404 41.076 41.076 0.111
1 2 51 353.759 353.759 49.538 49.538 0.068
1 2 52 269.279 269.279 31.904 31.904 0.125
1 2 53 287.722 287.722 34.834 34.834 -0.036
1 2 54 196.405 196.405 20.268 20.268 0.164
1 2 55 231.371 231.371 24.725 24.725 0.054
1 2 56 313.337 313.337 37.853 37.853 0.083
1 2 57 228.786 228.786 23.430 23.430 0.087
1 2 58 248.248 248.248 26.347 26.347 0.014
1 2 59 255.143 255.143 28.390 28.390 0.109
1 2 60 267.168 267.168 28.085 28.085 0.027
1 2 61 242.192 242.192 24.304 24.304 -0.093
1 2 62 252.779 252.779 25.162 25.162 0.066
1 3 1 176.810 176.810 18.084 18.084 -0.734
1 3 2 225.977 225.977 22.586 22.586 0.328
1 3 3 211.955 211.955 20.000 20.000 0.698
1 3 4 278.828 278.828 31.860 31.860 0.517
1 3 5 267.657 267.657 27.582 27.582 0.333
2 1 1 70.617 70.617 267.261 267.261 0.755
2 1 2 92.757 92.757 44.490 44.490 -0.305
2 1 3 63.636 63.636 19.212 19.212 -0.133
2 1 4 103.198 103.198 31.770 31.770 0.268
2 1 5 85.545 85.545 19.200 19.200 0.392
2 1 6 151.704 151.704 1323.614 1323.614 0.000
2 1 7 115.550 115.550 25.126 25.126 0.199
2 1 8 123.703 123.703 24.531 24.531 0.312
2 1 9 122.577 122.577 21.581 21.581 0.208
2 1 10 167.617 167.617 1642.694 1642.694 0.000
2 1 11 137.154 137.154 21.631 21.631 0.075
2 1 12 88.729 88.729 10.289 10.289 -0.392
2 1 13 128.836 128.836 16.962 16.962 0.071
2 1 14 130.731 130.731 15.788 15.788 -0.220
2 1 15 122.690 122.690 13.706 13.706 0.028
2 1 16 138.251 138.251 15.208 15.208 -0.062
2 1 17 135.130 135.130 13.361 13.361 -0.637
2 1 18 185.520 185.520 21.348 21.348 0.115
2 1 19 155.765 155.765 54.678 54.678 2.291
2 1 20 162.837 162.837 15.578 15.578 -0.393
2 1 21 167.005 167.005 15.224 15.224 0.510
2 1 22 172.616 172.616 15.671 15.671 -0.219
2 1 23 169.434 169.434 14.605 14.605 0.399
2 2 1 29.746 29.746 57.344 57.344 0.315
2 2 2 189.916 189.916 281.627 281.627 -0.086
2 2 3 135.573 135.573 129.217 129.217 -0.007
2 2 4 159.209 159.209 132.880 132.880 -0.094
2 2 5 131.983 131.983 86.207 86.207 0.073
2 2 6 143.601 143.601 84.317 84.317 0.154
2 2 7 138.771 138.771 67.954 67.954 -0.133
2 2 8 113.981 113.981 47.701 47.701 0.098
2 2 9 140.925 140.925 63.790 63.790 0.075
2 2 10 172.087 172.087 69.081 69.081 -0.186
2 2 11 154.631 154.631 59.060 59.060 -0.075
2 2 12 182.175 182.175 68.999 68.999 -0.145
2 2 13 151.772 151.772 48.830 48.830 0.050
2 2 14 121.596 121.596 33.257 33.257 0.092
2 2 15 134.599 134.599 36.937 36.937 -0.086
2 2 16 156.735 156.735 43.234 43.234 -0.017
2 2 17 164.242 164.242 44.482 44.482 -0.012
2 2 18 116.489 116.489 24.465 24.465 0.085
2 2 19 118.508 118.508 24.203 24.203 0.079
2 2 20 158.145 158.145 35.706 35.706 0.136
2 2 21 124.045 124.045 23.314 23.314 0.088
2 2 22 166.379 166.379 35.535 35.535 0.074
2 2 23 152.480 152.480 30.224 30.224 -0.013
2 2 24 128.314 128.314 21.925 21.925 0.084
2 2 25 154.609 154.609 28.191 28.191 0.005
2 2 26 165.809 165.809 30.436 30.436 0.005
2 2 27 193.252 193.252 36.253 36.253 -0.004
2 2 28 171.007 171.007 29.264 29.264 -0.142
2 2 29 147.368 147.368 22.518 22.518 -0.086
2 2 30 152.907 152.907 23.205 23.205 -0.133
2 2 31 122.615 122.615 16.252 16.252 0.143
2 2 32 227.609 227.609 39.767 39.767 -0.090
2 2 33 217.217 217.217 35.947 35.947 0.004
2 2 34 264.309 264.309 47.136 47.136 0.049
2 2 35 244.408 244.408 40.560 40.560 0.015
2 2 36 215.344 215.344 32.820 32.820 -0.064
2 2 37 228.527 228.527 34.804 34.804 0.162
2 2 38 287.671 287.671 47.669 47.669 0.075
2 2 39 191.300 191.300 25.414 25.414 -0.077
2 2 40 208.741 208.741 28.175 28.175 -0.169
2 2 41 236.568 236.568 32.886 32.886 -0.185
2 2 42 212.146 212.146 27.731 27.731 0.068
2 2 43 198.128 198.128 24.200 24.200 0.023
2 2 44 258.941 258.941 35.333 35.333 -0.126
2 2 45 211.482 211.482 25.807 25.807 -0.067
2 2 46 230.231 230.231 28.387 28.387 -0.042
2 2 47 242.710 242.710 30.073 30.073 -0.201
2 2 48 253.817 253.817 31.769 31.769 -0.188
2 2 49 256.002 256.002 31.456 31.456 -0.047
2 2 50 273.243 273.243 34.139 34.139 -0.048
2 2 51 316.948 316.948 42.047 42.047 0.055
2 2 52 292.534 292.534 36.130 36.130 -0.096
2 2 53 287.633 287.633 34.840 34.840 -0.028
2 2 54 277.509 277.509 32.633 32.633 0.119
2 2 55 251.617 251.617 27.960 27.960 0.095
2 2 56 318.653 318.653 38.432 38.432 0.126
2 2 57 265.521 265.521 28.752 28.752 0.069
2 2 58 203.972 203.972 19.369 19.369 0.032
2 2 59 212.563 212.563 20.254 20.254 -0.039
2 2 60 245.762 245.762 24.716 24.716 0.148
2 2 61 270.214 270.214 27.704 27.704 -0.061
2 2 62 277.255 277.255 28.755 28.755 0.135
2 3 1 197.173 197.173 20.105 20.105 -0.724
2 3 2 232.034 232.034 22.685 22.685 -0.175
2 3 3 201.437 201.437 18.070 18.070 -0.097
2 3 4 462.199 462.199 74.453 74.453 0.259
2 3 5 204.296 204.296 18.689 18.689 -0.485
3 1 1 136.872 136.872 128.744 128.744 0.217
3 1 2 110.472 110.472 58.538 58.538 -0.197
3 1 3 81.442 81.442 27.692 27.692 -0.123
3 1 4 116.946 116.946 39.540 39.540 -0.142
3 1 5 76.970 76.970 15.230 15.230 -0.705
3 1 6 79.895 79.895 16.837 16.837 0.088
3 1 7 153.911 153.911 77.850 77.850 -1.016
3 1 8 137.920 137.920 29.278 29.278 -0.179
3 1 9 125.432 125.432 22.543 22.543 -0.110
3 1 10 123.818 123.818 20.339 20.339 -0.155
3 1 11 95.704 95.704 12.628 12.628 0.056
3 1 12 125.916 125.916 17.584 17.584 -0.078
3 1 13 128.490 128.490 16.703 16.703 -0.255
3 1 14 138.644 138.644 16.915 16.915 0.409
3 1 15 158.982 158.982 19.447 19.447 -0.999
3 1 16 155.534 155.534 18.128 18.128 -0.030
3 1 17 149.715 149.715 17.976 17.976 0.757
3 1 18 196.795 196.795 23.167 23.167 0.221
3 1 19 171.677 171.677 17.898 17.898 0.152
3 1 20 158.221 158.221 15.111 15.111 -0.219
3 1 21 173.769 173.769 15.889 15.889 0.610
3 1 22 185.595 185.595 16.628 16.628 0.668
3 1 23 171.816 171.816 14.883 14.883 -0.115
3 2 1 121.738 121.738 905.620 905.620 -0.017
3 2 2 143.139 143.139 1166.603 1166.603 0.000
3 2 3 151.516 151.516 375.540 375.540 -0.225
3 2 4 176.643 176.643 148.109 148.109 0.061
3 2 5 130.717 130.717 89.797 89.797 -0.267
3 2 6 119.060 119.060 65.382 65.382 0.119
3 2 7 157.952 157.952 85.140 85.140 -0.077
3 2 8 175.040 175.040 91.697 91.697 -0.034
3 2 9 122.449 122.449 48.207 48.207 -0.177
3 2 10 164.499 164.499 69.659 69.659 -0.050
3 2 11 173.469 173.469 70.174 70.174 -0.070
3 2 12 187.018 187.018 73.208 73.208 -0.097
3 2 13 144.054 144.054 41.842 41.842 -0.292
3 2 14 159.877 159.877 49.817 49.817 -0.102
3 2 15 179.787 179.787 57.213 57.213 0.022
3 2 16 126.037 126.037 31.188 31.188 0.035
3 2 17 172.301 172.301 47.462 47.462 -0.087
3 2 18 144.536 144.536 33.919 33.919 0.009
3 2 19 192.198 192.198 50.040 50.040 0.029
3 2 20 178.574 178.574 42.647 42.647 -0.147
3 2 21 122.762 122.762 22.559 22.559 -0.269
3 2 22 167.092 167.092 34.729 34.729 -0.246
3 2 23 150.348 150.348 29.547 29.547 -0.068
3 2 24 158.462 158.462 28.463 28.463 -0.397
3 2 25 156.868 156.868 28.746 28.746 -0.067
3 2 26 173.513 173.513 31.263 31.263 -0.314
3 2 27 164.221 164.221 28.434 28.434 -0.014
3 2 28 150.984 150.984 24.291 24.291 -0.130
3 2 29 129.967 129.967 18.268 18.268 -0.328
3 2 30 164.468 164.468 25.961 25.961 0.037
3 2 31 157.189 157.189 23.728 23.728 0.106
3 2 32 257.078 257.078 46.695 46.695 -0.143
3 2 33 194.634 194.634 30.469 30.469 0.040
3 2 34 244.562 244.562 41.991 41.991 -0.033
3 2 35 212.294 212.294 32.696 32.696 -0.086
3 2 36 223.188 223.188 34.585 34.585 0.058
3 2 37 223.159 223.159 33.939 33.939 0.009
3 2 38 283.005 283.005 46.589 46.589 -0.031
3 2 39 242.407 242.407 36.111 36.111 0.117
3 2 40 295.057 295.057 47.868 47.868 -0.014
3 2 41 209.226 209.226 27.680 27.680 -0.018
3 2 42 214.199 214.199 28.207 28.207 -0.048
3 2 43 240.558 240.558 32.333 32.333 0.096
3 2 44 250.199 250.199 33.795 33.795 -0.007
3 2 45 230.123 230.123 29.201 29.201 -0.113
3 2 46 196.959 196.959 22.445 22.445 0.072
3 2 47 272.948 272.948 36.297 36.297 0.033
3 2 48 214.717 214.717 24.934 24.934 0.012
3 2 49 189.273 189.273 19.996 19.996 0.020
3 2 50 181.372 181.372 18.334 18.334 0.329
3 2 51 196.893 196.893 20.504 20.504 0.163
3 2 52 330.016 330.016 43.691 43.691 0.044
3 2 53 200.618 200.618 20.265 20.265 -0.186
3 2 54 250.992 250.992 27.614 27.614 0.247
3 2 55 252.194 252.194 27.551 27.551 0.096
3 2 56 343.942 343.942 43.350 43.350 0.004
3 2 57 227.365 227.365 23.353 23.353 0.065
3 2 58 208.730 208.730 20.053 20.053 0.054
3 2 59 379.404 379.404 49.008 49.008 0.079
3 2 60 379.593 379.593 333.522 333.522 0.000
3 2 61 233.139 233.139 22.065 22.065 0.320
3 2 62 261.124 261.124 25.899 25.899 0.306
3 3 1 232.382 232.382 26.098 26.098 0.666
3 3 2 241.871 241.871 24.298 24.298 -0.084
3 3 3 220.171 220.171 20.224 20.224 0.609
3 3 4 207.858 207.858 18.306 18.306 0.215
3 3 5 231.936 231.936 3300.752 3300.752 0.000
4 1 1 68.029 68.029 41.743 41.743 0.224
4 1 2 101.695 101.695 82.728 82.728 -0.491
4 1 3 104.931 104.931 38.800 38.800 -0.259
4 1 4 111.815 111.815 36.142 36.142 0.232
4 1 5 73.923 73.923 15.748 15.748 0.309
4 1 6 89.448 89.448 20.991 20.991 -0.040
4 1 7 129.395 129.395 29.271 29.271 -0.197
4 1 8 118.771 118.771 23.781 23.781 0.115
4 1 9 136.202 136.202 25.574 25.574 0.033
4 1 10 134.813 134.813 22.190 22.190 -0.404
4 1 11 91.429 91.429 11.452 11.452 -0.511
4 1 12 160.023 160.023 25.032 25.032 0.188
4 1 13 149.674 149.674 21.253 21.253 -0.067
4 1 14 127.991 127.991 15.357 15.357 0.132
4 1 15 128.148 128.148 13.989 13.989 -0.588
4 1 16 151.277 151.277 15.872 15.872 -0.887
4 1 17 164.767 164.767 18.834 18.834 0.122
4 1 18 187.058 187.058 21.514 21.514 -0.201
4 1 19 179.317 179.317 19.041 19.041 -0.275
4 1 20 138.682 138.682 12.493 12.493 -0.102
4 1 21 160.273 160.273 14.691 14.691 -0.032
4 1 22 192.296 192.296 18.359 18.359 -0.263
4 1 23 201.069 201.069 18.754 18.754 0.232
4 2 1 91.987 91.987 133.043 133.043 0.090
4 2 2 105.304 105.304 112.684 112.684 0.144
4 2 3 115.626 115.626 140.945 140.945 0.201
4 2 4 111.042 111.042 73.754 73.754 0.122
4 2 5 129.938 129.938 85.569 85.569 0.002
4 2 6 127.180 127.180 70.926 70.926 0.144
4 2 7 157.516 157.516 84.510 84.510 -0.059
4 2 8 110.253 110.253 45.949 45.949 -0.029
4 2 9 123.978 123.978 48.118 48.118 -0.219
4 2 10 163.712 163.712 66.861 66.861 -0.130
4 2 11 140.942 140.942 51.635 51.635 -0.053
4 2 12 171.380 171.380 61.881 61.881 -0.201
4 2 13 169.474 169.474 57.588 57.588 -0.061
4 2 14 141.530 141.530 41.798 41.798 0.086
4 2 15 172.710 172.710 53.902 53.902 0.052
4 2 16 140.796 140.796 36.780 36.780 0.059
4 2 17 163.063 163.063 43.513 43.513 -0.110
4 2 18 144.653 144.653 33.233 33.233 0.190
4 2 19 190.638 190.638 49.416 49.416 -0.062
4 2 20 144.753 144.753 31.268 31.268 -0.137
4 2 21 127.293 127.293 24.296 24.296 0.039
4 2 22 171.161 171.161 37.051 37.051 -0.079
4 2 23 189.295 189.295 41.420 41.420 -0.135
4 2 24 181.376 181.376 36.843 36.843 0.039
4 2 25 162.587 162.587 30.331 30.331 -0.066
4 2 26 176.253 176.253 33.341 33.341 -0.032
4 2 27 186.268 186.268 34.239 34.239 -0.106
4 2 28 191.204 191.204 34.745 34.745 -0.035
4 2 29 149.346 149.346 22.984 22.984 -0.078
4 2 30 154.650 154.650 23.639 23.639 0.065
4 2 31 145.692 145.692 21.130 21.130 -0.025
4 2 32 317.651 317.651 64.942 64.942 0.012
4 2 33 188.680 188.680 29.100 29.100 0.024
4 2 34 250.878 250.878 43.358 43.358 -0.110
4 2 35 296.566 296.566 54.161 54.161 -0.011
4 2 36 241.948 241.948 38.875 38.875 -0.132
4 2 37 302.198 302.198 53.371 53.371 -0.050
4 2 38 314.914 314.914 54.423 54.423 -0.081
4 2 39 261.497 261.497 40.598 40.598 -0.071
4 2 40 261.079 261.079 39.615 39.615 0.116
4 2 41 268.713 268.713 40.190 40.190 -0.071
4 2 42 274.686 274.686 40.897 40.897 -0.042
4 2 43 243.343 243.343 33.018 33.018 -0.010
4 2 44 265.754 265.754 36.961 36.961 -0.045
4 2 45 266.578 266.578 36.552 36.552 0.029
4 2 46 233.622 233.622 28.898 28.898 0.132
4 2 47 235.439 235.439 28.989 28.989 -0.089
4 2 48 300.187 300.187 41.173 41.173 0.016
4 2 49 180.851 180.851 18.948 18.948 -0.075
4 2 50 264.314 264.314 32.554 32.554 0.001
4 2 51 306.378 306.378 39.865 39.865 -0.133
4 2 52 258.082 258.082 30.237 30.237 0.020
4 2 53 277.252 277.252 33.104 33.104 -0.077
4 2 54 247.896 247.896 27.452 27.452 0.050
4 2 55 222.557 222.557 23.022 23.022 -0.275
4 2 56 315.298 315.298 38.025 38.025 -0.088
4 2 57 212.267 212.267 21.070 21.070 -0.008
4 2 58 222.757 222.757 22.144 22.144 -0.030
4 2 59 207.742 207.742 20.169 20.169 0.032
4 2 60 211.221 211.221 19.971 19.971 -0.139
4 2 61 231.935 231.935 23.199 23.199 -0.201
4 2 62 330.341 330.341 38.803 38.803 0.042
4 3 1 184.898 184.898 16.925 16.925 -0.120
4 3 2 212.662 212.662 19.945 19.945 -0.162
4 3 3 237.136 237.136 22.088 22.088 0.671
4 3 4 207.108 207.108 19.393 19.393 -0.663
4 3 5 254.739 254.739 24.075 24.075 -0.032
5 1 1 125.608 125.608 102.981 102.981 0.136
5 1 2 105.971 105.971 52.114 52.114 -0.258
5 1 3 156.826 156.826 72.067 72.067 0.135
5 1 4 133.489 133.489 48.851 48.851 -0.115
5 1 5 87.174 87.174 20.772 20.772 -0.046
5 1 6 92.833 92.833 18.826 18.826 -0.618
5 1 7 96.537 96.537 18.735 18.735 0.340
5 1 8 103.713 103.713 18.938 18.938 -0.311
5 1 9 135.235 135.235 25.202 25.202 -0.182
5 1 10 135.972 135.972 22.950 22.950 -0.296
5 1 11 138.825 138.825 22.039 22.039 -0.034
5 1 12 155.120 155.120 23.999 23.999 -0.125
5 1 13 169.781 169.781 25.294 25.294 -0.302
5 1 14 131.217 131.217 15.812 15.812 -0.291
5 1 15 181.443 181.443 24.458 24.458 0.223
5 1 16 160.823 160.823 19.187 19.187 -1.117
5 1 17 163.762 163.762 18.689 18.689 -0.044
5 1 18 198.716 198.716 23.770 23.770 -0.019
5 1 19 200.132 200.132 22.461 22.461 0.215
5 1 20 177.866 177.866 17.810 17.810 0.360
5 1 21 185.463 185.463 18.282 18.282 -0.033
5 1 22 189.039 189.039 18.051 18.051 0.128
5 1 23 168.841 168.841 14.419 14.419 0.265
5 2 1 90.000 90.000 414.463 414.463 -0.149
5 2 2 104.244 104.244 99.265 99.265 0.144
5 2 3 161.372 161.372 172.097 172.097 -0.032
5 2 4 134.134 134.134 94.977 94.977 -0.197
5 2 5 114.312 114.312 70.505 70.505 0.002
5 2 6 125.494 125.494 69.684 69.684 -0.150
5 2 7 136.535 136.535 67.256 67.256 -0.104
5 2 8 147.285 147.285 71.043 71.043 0.008
5 2 9 135.194 135.194 57.975 57.975 -0.012
5 2 10 165.036 165.036 69.155 69.155 -0.074
5 2 11 190.957 190.957 81.801 81.801 -0.038
5 2 12 216.268 216.268 92.607 92.607 -0.024
5 2 13 178.192 178.192 62.239 62.239 -0.017
5 2 14 163.343 163.343 52.016 52.016 -0.014
5 2 15 159.425 159.425 47.818 47.818 -0.017
5 2 16 145.423 145.423 34.289 34.289 -0.442
5 2 17 151.049 151.049 39.240 39.240 -0.007
5 2 18 131.699 131.699 29.481 29.481 0.034
5 2 19 161.639 161.639 37.545 37.545 -0.222
5 2 20 175.284 175.284 41.969 41.969 0.079
5 2 21 118.355 118.355 21.765 21.765 0.093
5 2 22 142.363 142.363 27.990 27.990 0.118
5 2 23 183.054 183.054 39.684 39.684 -0.048
5 2 24 143.536 143.536 25.904 25.904 -0.067
5 2 25 159.746 159.746 29.438 29.438 -0.153
5 2 26 160.884 160.884 29.048 29.048 -0.093
5 2 27 195.338 195.338 36.519 36.519 -0.122
5 2 28 148.479 148.479 23.459 23.459 -0.212
5 2 29 135.350 135.350 19.828 19.828 -0.096
5 2 30 204.813 204.813 35.462 35.462 -0.205
5 2 31 261.366 261.366 380.387 380.387 0.000
5 2 32 273.992 273.992 51.855 51.855 -0.079
5 2 33 210.641 210.641 34.187 34.187 -0.091
5 2 34 263.532 263.532 46.858 46.858 -0.112
5 2 35 251.668 251.668 42.361 42.361 0.002
5 2 36 254.610 254.610 42.134 42.134 0.072
5 2 37 256.130 256.130 41.715 41.715 0.049
5 2 38 335.434 335.434 60.142 60.142 0.007
5 2 39 190.906 190.906 25.255 25.255 0.102
5 2 40 248.802 248.802 36.982 36.982 -0.035
5 2 41 242.163 242.163 34.282 34.282 -0.132
5 2 42 227.086 227.086 30.612 30.612 -0.121
5 2 43 225.688 225.688 29.017 29.017 -0.223
5 2 44 284.075 284.075 40.868 40.868 -0.049
5 2 45 245.747 245.747 32.006 32.006 -0.178
5 2 46 222.019 222.019 26.907 26.907 0.002
5 2 47 226.853 226.853 27.487 27.487 0.009
5 2 48 272.986 272.986 35.717 35.717 0.072
5 2 49 210.770 210.770 23.469 23.469 0.088
5 2 50 285.777 285.777 36.287 36.287 0.161
5 2 51 306.171 306.171 39.688 39.688 -0.150
5 2 52 307.002 307.002 38.952 38.952 0.038
5 2 53 265.959 265.959 30.953 30.953 -0.062
5 2 54 241.914 241.914 26.270 26.270 -0.165
5 2 55 249.060 249.060 27.015 27.015 0.081
5 2 56 203.971 203.971 19.775 19.775 -0.243
5 2 57 188.405 188.405 17.298 17.298 0.083
5 2 58 221.408 221.408 21.685 21.685 -0.017
5 2 59 185.761 185.761 16.745 16.745 0.032
5 2 60 257.394 257.394 25.989 25.989 0.135
5 2 61 223.351 223.351 21.107 21.107 -0.264
5 2 62 259.778 259.778 26.388 26.388 0.162
5 3 1 198.257 198.257 18.757 18.757 0.208
5 3 2 218.830 218.830 20.838 20.838 -0.118
5 3 3 239.563 239.563 23.158 23.158 -0.229
5 3 4 237.072 237.072 23.369 23.369 0.592
5 3 5 490.890 490.890 180.909 180.909 0.307
6 1 1 52.731 52.731 58.693 58.693 -1.057
6 1 2 117.946 117.946 69.179 69.179 -0.044
6 1 3 136.440 136.440 56.047 56.047 0.263
6 1 4 129.823 129.823 46.511 46.511 -0.112
6 1 5 115.968 115.968 31.997 31.997 -0.001
6 1 6 94.621 94.621 20.626 20.626 0.465
6 1 7 109.183 109.183 23.189 23.189 -0.016
6 1 8 159.054 159.054 34.584 34.584 -0.388
6 1 9 129.349 129.349 22.542 22.542 -0.381
6 1 10 128.155 128.155 21.394 21.394 0.207
6 1 11 131.122 131.122 20.252 20.252 -0.032
6 1 12 140.722 140.722 20.805 20.805 0.044
6 1 13 139.716 139.716 19.040 19.040 -0.164
6 1 14 155.287 155.287 20.744 20.744 0.597
6 1 15 152.032 152.032 18.871 18.871 0.097
6 1 16 164.350 164.350 19.634 19.634 0.111
6 1 17 160.377 160.377 18.006 18.006 -0.186
6 1 18 199.866 199.866 23.620 23.620 0.238
6 1 19 179.543 179.543 19.065 19.065 0.223
6 1 20 185.626 185.626 19.193 19.193 0.195
6 1 21 211.379 211.379 2705.928 2705.928 0.000
6 1 22 174.297 174.297 15.975 15.975 0.505
6 1 23 175.385 175.385 15.321 15.321 0.177
6 2 1 182.298 182.298 2551.398 2551.398 -0.011
6 2 2 112.267 112.267 116.098 116.098 -0.025
6 2 3 144.269 144.269 135.988 135.988 -0.105
6 2 4 136.287 136.287 126.515 126.515 -0.083
6 2 5 139.466 139.466 93.214 93.214 -0.122
6 2 6 152.384 152.384 95.643 95.643 -0.086
6 2 7 180.040 180.040 103.791 103.791 0.029
6 2 8 193.618 193.618 103.573 103.573 0.137
6 2 9 161.550 161.550 75.681 75.681 -0.029
6 2 10 174.300 174.300 75.577 75.577 -0.027
6 2 11 155.915 155.915 59.486 59.486 -0.088
6 2 12 200.289 200.289 78.862 78.862 -0.163
6 2 13 171.816 171.816 58.936 58.936 0.034
6 2 14 135.855 135.855 38.582 38.582 -0.159
6 2 15 157.685 157.685 46.931 46.931 0.051
6 2 16 146.794 146.794 39.162 39.162 0.040
6 2 17 140.967 140.967 35.316 35.316 0.049
6 2 18 125.390 125.390 27.361 27.361 -0.050
6 2 19 145.860 145.860 32.205 32.205 -0.247
6 2 20 148.711 148.711 32.998 32.998 0.049
6 2 21 127.894 127.894 24.470 24.470 -0.028
6 2 22 162.007 162.007 34.067 34.067 -0.091
6 2 23 158.501 158.501 31.961 31.961 0.061
6 2 24 139.850 139.850 24.909 24.909 -0.073
6 2 25 152.266 152.266 27.463 27.463 -0.090
6 2 26 156.570 156.570 27.988 27.988 -0.029
6 2 27 187.117 187.117 34.609 34.609 -0.022
6 2 28 132.146 132.146 19.736 19.736 -0.251
6 2 29 253.212 253.212 490.757 490.757 0.000
6 2 30 174.236 174.236 28.116 28.116 -0.126
6 2 31 261.366 261.366 3367.798 3367.798 0.000
6 2 32 287.627 287.627 56.054 56.054 -0.039
6 2 33 202.636 202.636 32.365 32.365 0.080
6 2 34 266.974 266.974 47.916 47.916 -0.049
6 2 35 224.590 224.590 35.646 35.646 -0.051
6 2 36 243.087 243.087 39.239 39.239 -0.079
6 2 37 216.781 216.781 32.506 32.506 0.027
6 2 38 283.436 283.436 46.078 46.078 0.161
6 2 39 309.941 309.941 52.407 52.407 0.053
6 2 40 268.021 268.021 41.334 41.334 -0.059
6 2 41 203.915 203.915 26.549 26.549 -0.121
6 2 42 210.644 210.644 27.321 27.321 -0.163
6 2 43 193.073 193.073 23.218 23.218 0.145
6 2 44 213.822 213.822 26.520 26.520 -0.167
6 2 45 179.063 179.063 20.106 20.106 0.049
6 2 46 201.964 201.964 23.174 23.174 -0.186
6 2 47 189.292 189.292 20.961 20.961 0.023
6 2 48 315.607 315.607 44.398 44.398 0.041
6 2 49 256.224 256.224 31.702 31.702 -0.060
6 2 50 256.369 256.369 31.047 31.047 0.017
6 2 51 302.099 302.099 39.151 39.151 -0.007
6 2 52 278.855 278.855 33.676 33.676 0.089
6 2 53 307.103 307.103 38.427 38.427 -0.027
6 2 54 229.050 229.050 24.372 24.372 0.060
6 2 55 275.572 275.572 31.416 31.416 0.096
6 2 56 224.575 224.575 22.874 22.874 -0.044
6 2 57 193.254 193.254 17.882 17.882 0.069
6 2 58 371.439 371.439 9200.517 9200.517 0.000
6 2 59 230.413 230.413 22.590 22.590 0.172
6 2 60 249.069 249.069 24.972 24.972 0.060
6 2 61 247.221 247.221 24.423 24.423 0.100
6 2 62 302.452 302.452 32.467 32.467 0.154
6 3 1 189.207 189.207 17.543 17.543 0.080
6 3 2 219.537 219.537 20.951 20.951 -0.116
6 3 3 228.512 228.512 32.103 32.103 -1.448
6 3 4 270.180 270.180 30.047 30.047 0.288
6 3 5 293.847 293.847 30.610 30.610 -0.163
