1 1 1 12.500 12.500 0.000 0.000 0.327 0.002
1 1 2 12.500 12.500 0.000 0.000 0.035 0.002
1 1 3 12.500 12.500 0.000 0.000 0.145 0.004
1 1 4 12.500 12.500 0.000 0.000 0.121 0.003
1 1 5 12.500 12.500 0.000 0.000 0.017 0.003
1 1 6 12.500 12.500 0.000 0.000 -0.138 0.004
1 1 7 12.500 12.500 0.000 0.000 -0.071 0.004
1 1 8 12.500 12.500 0.000 0.000 -0.034 0.005
1 1 9 12.500 12.500 0.000 0.000 0.037 0.005
1 1 10 12.500 12.500 0.000 0.000 0.048 0.006
1 1 11 12.500 12.500 0.000 0.000 -0.233 0.006
1 1 12 12.500 12.500 0.000 0.000 -0.034 0.006
1 1 13 12.500 12.500 0.000 0.000 0.127 0.008
1 1 14 12.500 12.500 0.000 0.000 -0.024 0.006
1 1 15 12.500 12.500 0.000 0.000 -0.033 0.007
1 1 16 12.500 12.500 0.000 0.000 -0.055 0.008
1 1 17 12.500 12.500 0.000 0.000 -0.099 0.009
1 1 18 12.500 12.500 0.000 0.000 -0.030 0.008
1 1 19 12.500 12.500 0.000 0.000 0.008 0.010
1 1 20 12.500 12.500 0.000 0.000 0.004 0.008
1 1 21 12.500 12.500 0.000 0.000 -0.043 0.009
1 1 22 12.500 12.500 0.000 0.000 -0.249 0.011
1 1 23 12.500 12.500 0.000 0.000 -0.040 0.013
1 2 1 12.500 12.500 0.000 0.000 -0.035 0.004
1 2 2 12.500 12.500 0.000 0.000 -0.014 0.004
1 2 3 12.500 12.500 0.000 0.000 0.032 0.004
1 2 4 12.500 12.500 0.000 0.000 0.054 0.004
1 2 5 12.500 12.500 0.000 0.000 0.131 0.003
1 2 6 12.500 12.500 0.000 0.000 0.078 0.004
1 2 7 12.500 12.500 0.000 0.000 0.033 0.002
1 2 8 12.500 12.500 0.000 0.000 0.041 0.003
1 2 9 12.500 12.500 0.000 0.000 -0.011 0.003
1 2 10 12.500 12.500 0.000 0.000 0.014 0.004
1 2 11 12.500 12.500 0.000 0.000 -0.012 0.003
1 2 12 12.500 12.500 0.000 0.000 -0.010 0.003
1 2 13 12.500 12.500 0.000 0.000 -0.123 0.004
1 2 14 12.500 12.500 0.000 0.000 -0.031 0.004
1 2 15 12.500 12.500 0.000 0.000 -0.009 0.003
1 2 16 12.500 12.500 0.000 0.000 -0.079 0.004
1 2 17 12.500 12.500 0.000 0.000 0.015 0.004
1 2 18 12.500 12.500 0.000 0.000 0.011 0.005
1 2 19 12.500 12.500 0.000 0.000 -0.009 0.005
1 2 20 12.500 12.500 0.000 0.000 0.022 0.005
1 2 21 12.500 12.500 0.000 0.000 0.055 0.007
1 2 22 12.500 12.500 0.000 0.000 -0.039 0.005
1 2 23 12.500 12.500 0.000 0.000 0.093 0.006
1 2 24 12.500 12.500 0.000 0.000 -0.038 0.006
1 2 25 12.500 12.500 0.000 0.000 0.022 0.005
1 2 26 12.500 12.500 0.000 0.000 -0.024 0.006
1 2 27 12.500 12.500 0.000 0.000 0.047 0.005
1 2 28 12.500 12.500 0.000 0.000 0.194 0.007
1 2 29 12.500 12.500 0.000 0.000 0.050 0.007
1 2 30 12.500 12.500 0.000 0.000 0.053 0.007
1 2 31 12.500 12.500 0.000 0.000 -0.029 0.009
1 2 32 12.500 12.500 0.000 0.000 -0.047 0.004
1 2 33 12.500 12.500 0.000 0.000 0.029 0.006
1 2 34 12.500 12.500 0.000 0.000 0.026 0.005
1 2 35 12.500 12.500 0.000 0.000 0.010 0.006
1 2 36 12.500 12.500 0.000 0.000 -0.054 0.006
1 2 37 12.500 12.500 0.000 0.000 0.003 0.006
1 2 38 12.500 12.500 0.000 0.000 0.048 0.005
1 2 39 12.500 12.500 0.000 0.000 0.002 0.007
1 2 40 12.500 12.500 0.000 0.000 0.051 0.007
1 2 41 12.500 12.500 0.000 0.000 0.018 0.006
1 2 42 12.500 12.500 0.000 0.000 0.092 0.009
1 2 43 12.500 12.500 0.000 0.000 0.013 0.009
1 2 44 12.500 12.500 0.000 0.000 0.028 0.008
1 2 45 12.500 12.500 0.000 0.000 0.128 0.007
1 2 46 12.500 12.500 0.000 0.000 -0.024 0.009
1 2 47 12.500 12.500 0.000 0.000 -0.008 0.009
1 2 48 12.500 12.500 0.000 0.000 0.093 0.007
1 2 49 12.500 12.500 0.000 0.000 0.078 0.009
1 2 50 12.500 12.500 0.000 0.000 0.111 0.007
1 2 51 12.500 12.500 0.000 0.000 0.076 0.006
1 2 52 12.500 12.500 0.000 0.000 0.114 0.008
1 2 53 12.500 12.500 0.000 0.000 0.003 0.009
1 2 54 12.500 12.500 0.000 0.000 0.062 0.012
1 2 55 12.500 12.500 0.000 0.000 0.060 0.011
1 2 56 12.500 12.500 0.000 0.000 0.083 0.009
1 2 57 12.500 12.500 0.000 0.000 0.099 0.012
1 2 58 12.500 12.500 0.000 0.000 0.028 0.012
1 2 59 12.500 12.500 0.000 0.000 -0.005 0.011
1 2 60 12.500 12.500 0.000 0.000 0.040 0.012
1 2 61 12.500 12.500 0.000 0.000 -0.004 0.013
1 2 62 12.500 12.500 0.000 0.000 0.081 0.013
1 3 1 12.500 12.500 0.000 0.000 0.182 0.009
1 3 2 12.500 12.500 0.000 0.000 -0.162 0.009
1 3 3 12.500 12.500 0.000 0.000 0.067 0.009
1 3 4 12.500 12.500 0.000 0.000 0.043 0.010
1 3 5 12.500 12.500 0.000 0.000 0.349 0.013
2 1 1 12.500 12.500 0.000 0.000 0.172 0.002
2 1 2 12.500 12.500 0.000 0.000 0.044 0.002
2 1 3 12.500 12.500 0.000 0.000 0.149 0.004
2 1 4 12.500 12.500 0.000 0.000 -0.075 0.003
2 1 5 12.500 12.500 0.000 0.000 0.228 0.004
2 1 6 12.500 12.500 0.000 0.000 0.000 0.000
2 1 7 12.500 12.500 0.000 0.000 0.167 0.004
2 1 8 12.500 12.500 0.000 0.000 0.130 0.005
2 1 9 12.500 12.500 0.000 0.000 0.179 0.005
2 1 10 12.500 12.500 0.000 0.000 0.000 0.000
2 1 11 12.500 12.500 0.000 0.000 0.089 0.006
2 1 12 12.500 12.500 0.000 0.000 0.014 0.009
2 1 13 12.500 12.500 0.000 0.000 0.130 0.007
2 1 14 12.500 12.500 0.000 0.000 -0.018 0.008
2 1 15 12.500 12.500 0.000 0.000 0.019 0.009
2 1 16 12.500 12.500 0.000 0.000 -0.134 0.009
2 1 17 12.500 12.500 0.000 0.000 -0.061 0.010
2 1 18 12.500 12.500 0.000 0.000 -0.053 0.008
2 1 19 12.500 12.500 0.000 0.000 2.717 0.026
2 1 20 12.500 12.500 0.000 0.000 -0.150 0.010
2 1 21 12.500 12.500 0.000 0.000 -0.012 0.010
2 1 22 12.500 12.500 0.000 0.000 -0.085 0.010
2 1 23 12.500 12.500 0.000 0.000 0.231 0.014
2 2 1 12.500 12.500 0.000 0.000 -0.025 0.003
2 2 2 12.500 12.500 0.000 0.000 -0.009 0.003
2 2 3 12.500 12.500 0.000 0.000 0.053 0.002
2 2 4 12.500 12.500 0.000 0.000 0.056 0.003
2 2 5 12.500 12.500 0.000 0.000 0.050 0.002
2 2 6 12.500 12.500 0.000 0.000 -0.020 0.002
2 2 7 12.500 12.500 0.000 0.000 -0.005 0.002
2 2 8 12.500 12.500 0.000 0.000 0.009 0.003
2 2 9 12.500 12.500 0.000 0.000 0.167 0.003
2 2 10 12.500 12.500 0.000 0.000 -0.023 0.002
2 2 11 12.500 12.500 0.000 0.000 0.083 0.002
2 2 12 12.500 12.500 0.000 0.000 -0.030 0.002
2 2 13 12.500 12.500 0.000 0.000 0.032 0.003
2 2 14 12.500 12.500 0.000 0.000 0.151 0.004
2 2 15 12.500 12.500 0.000 0.000 -0.071 0.004
2 2 16 12.500 12.500 0.000 0.000 0.074 0.003
2 2 17 12.500 12.500 0.000 0.000 0.074 0.003
2 2 18 12.500 12.500 0.000 0.000 0.150 0.005
2 2 19 12.500 12.500 0.000 0.000 0.101 0.005
2 2 20 12.500 12.500 0.000 0.000 0.136 0.004
2 2 21 12.500 12.500 0.000 0.000 0.077 0.006
2 2 22 12.500 12.500 0.000 0.000 0.102 0.004
2 2 23 12.500 12.500 0.000 0.000 0.004 0.005
2 2 24 12.500 12.500 0.000 0.000 0.069 0.007
2 2 25 12.500 12.500 0.000 0.000 0.040 0.006
2 2 26 12.500 12.500 0.000 0.000 0.074 0.006
2 2 27 12.500 12.500 0.000 0.000 0.125 0.005
2 2 28 12.500 12.500 0.000 0.000 -0.029 0.006
2 2 29 12.500 12.500 0.000 0.000 0.103 0.007
2 2 30 12.500 12.500 0.000 0.000 0.072 0.007
2 2 31 12.500 12.500 0.000 0.000 0.156 0.010
2 2 32 12.500 12.500 0.000 0.000 0.078 0.005
2 2 33 12.500 12.500 0.000 0.000 0.036 0.006
2 2 34 12.500 12.500 0.000 0.000 0.067 0.005
2 2 35 12.500 12.500 0.000 0.000 0.038 0.005
2 2 36 12.500 12.500 0.000 0.000 -0.043 0.006
2 2 37 12.500 12.500 0.000 0.000 0.103 0.006
2 2 38 12.500 12.500 0.000 0.000 0.082 0.005
2 2 39 12.500 12.500 0.000 0.000 -0.051 0.008
2 2 40 12.500 12.500 0.000 0.000 -0.114 0.008
2 2 41 12.500 12.500 0.000 0.000 -0.067 0.007
2 2 42 12.500 12.500 0.000 0.000 0.074 0.008
2 2 43 12.500 12.500 0.000 0.000 0.039 0.009
2 2 44 12.500 12.500 0.000 0.000 -0.044 0.007
2 2 45 12.500 12.500 0.000 0.000 -0.008 0.008
2 2 46 12.500 12.500 0.000 0.000 -0.015 0.008
2 2 47 12.500 12.500 0.000 0.000 -0.175 0.008
2 2 48 12.500 12.500 0.000 0.000 -0.060 0.008
2 2 49 12.500 12.500 0.000 0.000 0.028 0.008
2 2 50 12.500 12.500 0.000 0.000 0.036 0.008
2 2 51 12.500 12.500 0.000 0.000 0.047 0.007
2 2 52 12.500 12.500 0.000 0.000 -0.029 0.007
2 2 53 12.500 12.500 0.000 0.000 0.037 0.008
2 2 54 12.500 12.500 0.000 0.000 0.071 0.008
2 2 55 12.500 12.500 0.000 0.000 0.075 0.010
2 2 56 12.500 12.500 0.000 0.000 0.135 0.009
2 2 57 12.500 12.500 0.000 0.000 0.104 0.010
2 2 58 12.500 12.500 0.000 0.000 0.064 0.013
2 2 59 12.500 12.500 0.000 0.000 0.090 0.014
2 2 60 12.500 12.500 0.000 0.000 0.121 0.013
2 2 61 12.500 12.500 0.000 0.000 0.033 0.012
2 2 62 12.500 12.500 0.000 0.000 0.100 0.011
2 3 1 12.500 12.500 0.000 0.000 0.031 0.010
2 3 2 12.500 12.500 0.000 0.000 -0.137 0.008
2 3 3 12.500 12.500 0.000 0.000 -0.076 0.010
2 3 4 12.500 12.500 0.000 0.000 -0.221 0.012
2 3 5 12.500 12.500 0.000 0.000 0.051 0.010
3 1 1 12.500 12.500 0.000 0.000 0.104 0.001
3 1 2 12.500 12.500 0.000 0.000 0.071 0.002
3 1 3 12.500 12.500 0.000 0.000 -0.003 0.003
3 1 4 12.500 12.500 0.000 0.000 0.006 0.003
3 1 5 12.500 12.500 0.000 0.000 -0.287 0.004
3 1 6 12.500 12.500 0.000 0.000 0.048 0.005
3 1 7 12.500 12.500 0.000 0.000 -0.135 0.004
3 1 8 12.500 12.500 0.000 0.000 -0.128 0.004
3 1 9 12.500 12.500 0.000 0.000 -0.029 0.005
3 1 10 12.500 12.500 0.000 0.000 -0.120 0.006
3 1 11 12.500 12.500 0.000 0.000 -0.123 0.008
3 1 12 12.500 12.500 0.000 0.000 0.072 0.006
3 1 13 12.500 12.500 0.000 0.000 -0.061 0.007
3 1 14 12.500 12.500 0.000 0.000 0.111 0.007
3 1 15 12.500 12.500 0.000 0.000 -0.121 0.007
3 1 16 12.500 12.500 0.000 0.000 0.084 0.008
3 1 17 12.500 12.500 0.000 0.000 -0.113 0.009
3 1 18 12.500 12.500 0.000 0.000 0.042 0.007
3 1 19 12.500 12.500 0.000 0.000 0.093 0.009
3 1 20 12.500 12.500 0.000 0.000 -0.005 0.009
3 1 21 12.500 12.500 0.000 0.000 0.346 0.010
3 1 22 12.500 12.500 0.000 0.000 0.330 0.009
3 1 23 12.500 12.500 0.000 0.000 -0.002 0.013
3 2 1 12.500 12.500 0.000 0.000 -0.034 0.003
3 2 2 12.500 12.500 0.000 0.000 0.008 0.003
3 2 3 12.500 12.500 0.000 0.000 0.038 0.002
3 2 4 12.500 12.500 0.000 0.000 -0.024 0.002
3 2 5 12.500 12.500 0.000 0.000 -0.084 0.002
3 2 6 12.500 12.500 0.000 0.000 0.074 0.002
3 2 7 12.500 12.500 0.000 0.000 -0.034 0.002
3 2 8 12.500 12.500 0.000 0.000 -0.000 0.002
3 2 9 12.500 12.500 0.000 0.000 0.010 0.003
3 2 10 12.500 12.500 0.000 0.000 -0.009 0.003
3 2 11 12.500 12.500 0.000 0.000 -0.024 0.002
3 2 12 12.500 12.500 0.000 0.000 -0.000 0.002
3 2 13 12.500 12.500 0.000 0.000 -0.098 0.003
3 2 14 12.500 12.500 0.000 0.000 -0.093 0.003
3 2 15 12.500 12.500 0.000 0.000 0.059 0.003
3 2 16 12.500 12.500 0.000 0.000 0.012 0.004
3 2 17 12.500 12.500 0.000 0.000 -0.031 0.003
3 2 18 12.500 12.500 0.000 0.000 -0.158 0.004
3 2 19 12.500 12.500 0.000 0.000 -0.024 0.003
3 2 20 12.500 12.500 0.000 0.000 -0.107 0.004
3 2 21 12.500 12.500 0.000 0.000 -0.104 0.006
3 2 22 12.500 12.500 0.000 0.000 -0.230 0.004
3 2 23 12.500 12.500 0.000 0.000 -0.079 0.005
3 2 24 12.500 12.500 0.000 0.000 -0.268 0.005
3 2 25 12.500 12.500 0.000 0.000 0.026 0.005
3 2 26 12.500 12.500 0.000 0.000 -0.190 0.005
3 2 27 12.500 12.500 0.000 0.000 -0.067 0.006
3 2 28 12.500 12.500 0.000 0.000 -0.090 0.007
3 2 29 12.500 12.500 0.000 0.000 -0.038 0.008
3 2 30 12.500 12.500 0.000 0.000 -0.067 0.007
3 2 31 12.500 12.500 0.000 0.000 0.048 0.007
3 2 32 12.500 12.500 0.000 0.000 -0.036 0.004
3 2 33 12.500 12.500 0.000 0.000 0.040 0.006
3 2 34 12.500 12.500 0.000 0.000 -0.013 0.005
3 2 35 12.500 12.500 0.000 0.000 -0.001 0.006
3 2 36 12.500 12.500 0.000 0.000 -0.004 0.006
3 2 37 12.500 12.500 0.000 0.000 -0.058 0.006
3 2 38 12.500 12.500 0.000 0.000 0.020 0.005
3 2 39 12.500 12.500 0.000 0.000 0.024 0.006
3 2 40 12.500 12.500 0.000 0.000 -0.023 0.005
3 2 41 12.500 12.500 0.000 0.000 0.047 0.008
3 2 42 12.500 12.500 0.000 0.000 0.061 0.008
3 2 43 12.500 12.500 0.000 0.000 0.044 0.007
3 2 44 12.500 12.500 0.000 0.000 0.085 0.007
3 2 45 12.500 12.500 0.000 0.000 -0.030 0.008
3 2 46 12.500 12.500 0.000 0.000 0.087 0.009
3 2 47 12.500 12.500 0.000 0.000 0.069 0.007
3 2 48 12.500 12.500 0.000 0.000 0.087 0.009
3 2 49 12.500 12.500 0.000 0.000 -0.012 0.010
3 2 50 12.500 12.500 0.000 0.000 0.122 0.011
3 2 51 12.500 12.500 0.000 0.000 0.187 0.011
3 2 52 12.500 12.500 0.000 0.000 0.075 0.007
3 2 53 12.500 12.500 0.000 0.000 -0.012 0.012
3 2 54 12.500 12.500 0.000 0.000 0.216 0.009
3 2 55 12.500 12.500 0.000 0.000 0.141 0.010
3 2 56 12.500 12.500 0.000 0.000 0.046 0.008
3 2 57 12.500 12.500 0.000 0.000 0.143 0.012
3 2 58 12.500 12.500 0.000 0.000 0.070 0.014
3 2 59 12.500 12.500 0.000 0.000 0.116 0.013
3 2 60 12.500 12.500 0.000 0.000 0.079 0.013
3 2 61 12.500 12.500 0.000 0.000 0.297 0.013
3 2 62 12.500 12.500 0.000 0.000 0.000 0.000
3 3 1 12.500 12.500 0.000 0.000 0.367 0.014
3 3 2 12.500 12.500 0.000 0.000 -0.052 0.007
3 3 3 12.500 12.500 0.000 0.000 0.159 0.009
3 3 4 12.500 12.500 0.000 0.000 -0.036 0.010
3 3 5 12.500 12.500 0.000 0.000 0.000 0.000
4 1 1 12.500 12.500 0.000 0.000 0.517 0.002
4 1 2 12.500 12.500 0.000 0.000 0.003 0.002
4 1 3 12.500 12.500 0.000 0.000 -0.030 0.003
4 1 4 12.500 12.500 0.000 0.000 0.018 0.003
4 1 5 12.500 12.500 0.000 0.000 0.168 0.005
4 1 6 12.500 12.500 0.000 0.000 0.619 0.004
4 1 7 12.500 12.500 0.000 0.000 -0.039 0.004
4 1 8 12.500 12.500 0.000 0.000 -0.021 0.005
4 1 9 12.500 12.500 0.000 0.000 -0.085 0.005
4 1 10 12.500 12.500 0.000 0.000 -0.270 0.005
4 1 11 12.500 12.500 0.000 0.000 -0.031 0.009
4 1 12 12.500 12.500 0.000 0.000 0.100 0.005
4 1 13 12.500 12.500 0.000 0.000 -0.027 0.006
4 1 14 12.500 12.500 0.000 0.000 -2.433 0.028
4 1 15 12.500 12.500 0.000 0.000 -0.100 0.008
4 1 16 12.500 12.500 0.000 0.000 -0.623 0.007
4 1 17 12.500 12.500 0.000 0.000 -0.079 0.008
4 1 18 12.500 12.500 0.000 0.000 -0.106 0.007
4 1 19 12.500 12.500 0.000 0.000 -0.242 0.008
4 1 20 12.500 12.500 0.000 0.000 -0.046 0.011
4 1 21 12.500 12.500 0.000 0.000 -0.014 0.010
4 1 22 12.500 12.500 0.000 0.000 -0.083 0.010
4 1 23 12.500 12.500 0.000 0.000 0.232 0.011
4 2 1 12.500 12.500 0.000 0.000 0.040 0.003
4 2 2 12.500 12.500 0.000 0.000 -0.035 0.003
4 2 3 12.500 12.500 0.000 0.000 -0.012 0.003
4 2 4 12.500 12.500 0.000 0.000 0.117 0.003
4 2 5 12.500 12.500 0.000 0.000 0.036 0.002
4 2 6 12.500 12.500 0.000 0.000 -0.018 0.002
4 2 7 12.500 12.500 0.000 0.000 -0.042 0.002
4 2 8 12.500 12.500 0.000 0.000 0.016 0.003
4 2 9 12.500 12.500 0.000 0.000 0.010 0.003
4 2 10 12.500 12.500 0.000 0.000 -0.025 0.002
4 2 11 12.500 12.500 0.000 0.000 0.068 0.003
4 2 12 12.500 12.500 0.000 0.000 -0.092 0.002
4 2 13 12.500 12.500 0.000 0.000 -0.007 0.003
4 2 14 12.500 12.500 0.000 0.000 0.102 0.003
4 2 15 12.500 12.500 0.000 0.000 0.066 0.003
4 2 16 12.500 12.500 0.000 0.000 -0.052 0.004
4 2 17 12.500 12.500 0.000 0.000 -0.046 0.003
4 2 18 12.500 12.500 0.000 0.000 0.039 0.004
4 2 19 12.500 12.500 0.000 0.000 -0.049 0.003
4 2 20 12.500 12.500 0.000 0.000 0.036 0.005
4 2 21 12.500 12.500 0.000 0.000 0.026 0.006
4 2 22 12.500 12.500 0.000 0.000 -0.022 0.005
4 2 23 12.500 12.500 0.000 0.000 -0.106 0.004
4 2 24 12.500 12.500 0.000 0.000 0.015 0.005
4 2 25 12.500 12.500 0.000 0.000 -0.001 0.005
4 2 26 12.500 12.500 0.000 0.000 0.044 0.005
4 2 27 12.500 12.500 0.000 0.000 -0.006 0.005
4 2 28 12.500 12.500 0.000 0.000 0.007 0.005
4 2 29 12.500 12.500 0.000 0.000 0.050 0.007
4 2 30 12.500 12.500 0.000 0.000 0.098 0.007
4 2 31 12.500 12.500 0.000 0.000 -0.017 0.008
4 2 32 12.500 12.500 0.000 0.000 -0.015 0.004
4 2 33 12.500 12.500 0.000 0.000 -0.018 0.006
4 2 34 12.500 12.500 0.000 0.000 -0.049 0.005
4 2 35 12.500 12.500 0.000 0.000 0.028 0.004
4 2 36 12.500 12.500 0.000 0.000 -0.031 0.005
4 2 37 12.500 12.500 0.000 0.000 -0.025 0.005
4 2 38 12.500 12.500 0.000 0.000 -0.023 0.005
4 2 39 12.500 12.500 0.000 0.000 -0.054 0.006
4 2 40 12.500 12.500 0.000 0.000 0.014 0.006
4 2 41 12.500 12.500 0.000 0.000 -0.045 0.006
4 2 42 12.500 12.500 0.000 0.000 0.019 0.006
4 2 43 12.500 12.500 0.000 0.000 0.049 0.007
4 2 44 12.500 12.500 0.000 0.000 -0.002 0.007
4 2 45 12.500 12.500 0.000 0.000 0.082 0.007
4 2 46 12.500 12.500 0.000 0.000 0.073 0.008
4 2 47 12.500 12.500 0.000 0.000 -0.025 0.008
4 2 48 12.500 12.500 0.000 0.000 0.019 0.007
4 2 49 12.500 12.500 0.000 0.000 0.043 0.011
4 2 50 12.500 12.500 0.000 0.000 -0.001 0.008
4 2 51 12.500 12.500 0.000 0.000 -0.073 0.007
4 2 52 12.500 12.500 0.000 0.000 0.038 0.009
4 2 53 12.500 12.500 0.000 0.000 0.009 0.009
4 2 54 12.500 12.500 0.000 0.000 0.069 0.010
4 2 55 12.500 12.500 0.000 0.000 -0.197 0.012
4 2 56 12.500 12.500 0.000 0.000 -0.043 0.009
4 2 57 12.500 12.500 0.000 0.000 0.009 0.014
4 2 58 12.500 12.500 0.000 0.000 -0.021 0.013
4 2 59 12.500 12.500 0.000 0.000 0.159 0.013
4 2 60 12.500 12.500 0.000 0.000 -0.029 0.015
4 2 61 12.500 12.500 0.000 0.000 -0.103 0.014
4 2 62 12.500 12.500 0.000 0.000 -0.017 0.011
4 3 1 12.500 12.500 0.000 0.000 0.045 0.010
4 3 2 12.500 12.500 0.000 0.000 -0.011 0.008
4 3 3 12.500 12.500 0.000 0.000 0.330 0.009
4 3 4 12.500 12.500 0.000 0.000 -0.021 0.010
4 3 5 12.500 12.500 0.000 0.000 0.134 0.008
5 1 1 12.500 12.500 0.000 0.000 0.016 0.001
5 1 2 12.500 12.500 0.000 0.000 0.060 0.002
5 1 3 12.500 12.500 0.000 0.000 0.070 0.002
5 1 4 12.500 12.500 0.000 0.000 -0.082 0.002
5 1 5 12.500 12.500 0.000 0.000 -0.022 0.004
5 1 6 12.500 12.500 0.000 0.000 -0.044 0.004
5 1 7 12.500 12.500 0.000 0.000 0.017 0.005
5 1 8 12.500 12.500 0.000 0.000 -0.172 0.005
5 1 9 12.500 12.500 0.000 0.000 0.004 0.004
5 1 10 12.500 12.500 0.000 0.000 -0.085 0.005
5 1 11 12.500 12.500 0.000 0.000 -0.107 0.005
5 1 12 12.500 12.500 0.000 0.000 -0.210 0.005
5 1 13 12.500 12.500 0.000 0.000 -0.062 0.005
5 1 14 12.500 12.500 0.000 0.000 -0.131 0.007
5 1 15 12.500 12.500 0.000 0.000 -0.113 0.006
5 1 16 12.500 12.500 0.000 0.000 -0.175 0.007
5 1 17 12.500 12.500 0.000 0.000 0.186 0.007
5 1 18 12.500 12.500 0.000 0.000 -0.018 0.006
5 1 19 12.500 12.500 0.000 0.000 0.012 0.007
5 1 20 12.500 12.500 0.000 0.000 0.323 0.008
5 1 21 12.500 12.500 0.000 0.000 -0.024 0.009
5 1 22 12.500 12.500 0.000 0.000 0.055 0.009
5 1 23 12.500 12.500 0.000 0.000 0.229 0.013
5 2 1 12.500 12.500 0.000 0.000 0.063 0.003
5 2 2 12.500 12.500 0.000 0.000 0.034 0.003
5 2 3 12.500 12.500 0.000 0.000 -0.020 0.002
5 2 4 12.500 12.500 0.000 0.000 -0.044 0.002
5 2 5 12.500 12.500 0.000 0.000 0.010 0.003
5 2 6 12.500 12.500 0.000 0.000 0.042 0.002
5 2 7 12.500 12.500 0.000 0.000 -0.005 0.002
5 2 8 12.500 12.500 0.000 0.000 0.044 0.002
5 2 9 12.500 12.500 0.000 0.000 0.076 0.003
5 2 10 12.500 12.500 0.000 0.000 0.051 0.002
5 2 11 12.500 12.500 0.000 0.000 -0.012 0.002
5 2 12 12.500 12.500 0.000 0.000 0.035 0.002
5 2 13 12.500 12.500 0.000 0.000 0.023 0.003
5 2 14 12.500 12.500 0.000 0.000 0.051 0.003
5 2 15 12.500 12.500 0.000 0.000 0.043 0.003
5 2 16 12.500 12.500 0.000 0.000 -0.145 0.003
5 2 17 12.500 12.500 0.000 0.000 -0.002 0.004
5 2 18 12.500 12.500 0.000 0.000 0.080 0.005
5 2 19 12.500 12.500 0.000 0.000 -0.040 0.004
5 2 20 12.500 12.500 0.000 0.000 0.078 0.004
5 2 21 12.500 12.500 0.000 0.000 0.121 0.006
5 2 22 12.500 12.500 0.000 0.000 0.072 0.005
5 2 23 12.500 12.500 0.000 0.000 -0.059 0.004
5 2 24 12.500 12.500 0.000 0.000 -0.003 0.006
5 2 25 12.500 12.500 0.000 0.000 0.004 0.005
5 2 26 12.500 12.500 0.000 0.000 -0.049 0.006
5 2 27 12.500 12.500 0.000 0.000 -0.013 0.005
5 2 28 12.500 12.500 0.000 0.000 -0.018 0.007
5 2 29 12.500 12.500 0.000 0.000 0.043 0.007
5 2 30 12.500 12.500 0.000 0.000 -0.113 0.005
5 2 31 12.500 12.500 0.000 0.000 0.062 0.008
5 2 32 12.500 12.500 0.000 0.000 -0.033 0.004
5 2 33 12.500 12.500 0.000 0.000 0.010 0.005
5 2 34 12.500 12.500 0.000 0.000 -0.060 0.004
5 2 35 12.500 12.500 0.000 0.000 0.032 0.005
5 2 36 12.500 12.500 0.000 0.000 0.023 0.005
5 2 37 12.500 12.500 0.000 0.000 0.047 0.005
5 2 38 12.500 12.500 0.000 0.000 -0.027 0.004
5 2 39 12.500 12.500 0.000 0.000 0.016 0.008
5 2 40 12.500 12.500 0.000 0.000 -0.013 0.006
5 2 41 12.500 12.500 0.000 0.000 -0.082 0.006
5 2 42 12.500 12.500 0.000 0.000 -0.025 0.007
5 2 43 12.500 12.500 0.000 0.000 -0.138 0.008
5 2 44 12.500 12.500 0.000 0.000 0.002 0.006
5 2 45 12.500 12.500 0.000 0.000 -0.027 0.007
5 2 46 12.500 12.500 0.000 0.000 0.023 0.008
5 2 47 12.500 12.500 0.000 0.000 0.043 0.008
5 2 48 12.500 12.500 0.000 0.000 0.036 0.007
5 2 49 12.500 12.500 0.000 0.000 0.044 0.009
5 2 50 12.500 12.500 0.000 0.000 0.154 0.007
5 2 51 12.500 12.500 0.000 0.000 -0.091 0.007
5 2 52 12.500 12.500 0.000 0.000 0.029 0.007
5 2 53 12.500 12.500 0.000 0.000 -0.039 0.008
5 2 54 12.500 12.500 0.000 0.000 -0.067 0.009
5 2 55 12.500 12.500 0.000 0.000 0.043 0.009
5 2 56 12.500 12.500 0.000 0.000 -0.083 0.012
5 2 57 12.500 12.500 0.000 0.000 0.080 0.013
5 2 58 12.500 12.500 0.000 0.000 0.026 0.011
5 2 59 12.500 12.500 0.000 0.000 -0.021 0.014
5 2 60 12.500 12.500 0.000 0.000 0.150 0.012
5 2 61 12.500 12.500 0.000 0.000 -0.136 0.014
5 2 62 12.500 12.500 0.000 0.000 0.084 0.012
5 3 1 12.500 12.500 0.000 0.000 0.184 0.009
5 3 2 12.500 12.500 0.000 0.000 -0.011 0.008
5 3 3 12.500 12.500 0.000 0.000 -0.008 0.008
5 3 4 12.500 12.500 0.000 0.000 0.337 0.010
5 3 5 12.500 12.500 0.000 0.000 0.063 0.010
6 1 1 12.500 12.500 0.000 0.000 -0.241 0.002
6 1 2 12.500 12.500 0.000 0.000 -0.001 0.002
6 1 3 12.500 12.500 0.000 0.000 -0.087 0.002
6 1 4 12.500 12.500 0.000 0.000 0.129 0.003
6 1 5 12.500 12.500 0.000 0.000 0.247 0.003
6 1 6 12.500 12.500 0.000 0.000 0.141 0.004
6 1 7 12.500 12.500 0.000 0.000 -0.010 0.004
6 1 8 12.500 12.500 0.000 0.000 -0.035 0.003
6 1 9 12.500 12.500 0.000 0.000 -0.103 0.005
6 1 10 12.500 12.500 0.000 0.000 0.198 0.005
6 1 11 12.500 12.500 0.000 0.000 -0.090 0.006
6 1 12 12.500 12.500 0.000 0.000 0.045 0.006
6 1 13 12.500 12.500 0.000 0.000 0.065 0.006
6 1 14 12.500 12.500 0.000 0.000 0.027 0.006
6 1 15 12.500 12.500 0.000 0.000 -0.166 0.007
6 1 16 12.500 12.500 0.000 0.000 0.116 0.008
6 1 17 12.500 12.500 0.000 0.000 0.205 0.008
6 1 18 12.500 12.500 0.000 0.000 0.243 0.007
6 1 19 12.500 12.500 0.000 0.000 0.218 0.007
6 1 20 12.500 12.500 0.000 0.000 0.409 0.008
6 1 21 12.500 12.500 0.000 0.000 0.000 0.000
6 1 22 12.500 12.500 0.000 0.000 0.158 0.011
6 1 23 12.500 12.500 0.000 0.000 0.116 0.012
6 2 1 12.500 12.500 0.000 0.000 -0.019 0.003
6 2 2 12.500 12.500 0.000 0.000 -0.010 0.003
6 2 3 12.500 12.500 0.000 0.000 -0.071 0.003
6 2 4 12.500 12.500 0.000 0.000 0.076 0.002
6 2 5 12.500 12.500 0.000 0.000 0.031 0.002
6 2 6 12.500 12.500 0.000 0.000 0.076 0.002
6 2 7 12.500 12.500 0.000 0.000 -0.019 0.002
6 2 8 12.500 12.500 0.000 0.000 0.008 0.003
6 2 9 12.500 12.500 0.000 0.000 -0.043 0.002
6 2 10 12.500 12.500 0.000 0.000 0.019 0.002
6 2 11 12.500 12.500 0.000 0.000 -0.008 0.003
6 2 12 12.500 12.500 0.000 0.000 -0.062 0.002
6 2 13 12.500 12.500 0.000 0.000 0.044 0.003
6 2 14 12.500 12.500 0.000 0.000 -0.104 0.003
6 2 15 12.500 12.500 0.000 0.000 0.067 0.003
6 2 16 12.500 12.500 0.000 0.000 -0.055 0.004
6 2 17 12.500 12.500 0.000 0.000 -0.044 0.004
6 2 18 12.500 12.500 0.000 0.000 -0.036 0.005
6 2 19 12.500 12.500 0.000 0.000 -0.089 0.004
6 2 20 12.500 12.500 0.000 0.000 -0.034 0.005
6 2 21 12.500 12.500 0.000 0.000 0.099 0.006
6 2 22 12.500 12.500 0.000 0.000 -0.054 0.004
6 2 23 12.500 12.500 0.000 0.000 0.050 0.005
6 2 24 12.500 12.500 0.000 0.000 0.090 0.006
6 2 25 12.500 12.500 0.000 0.000 -0.001 0.005
6 2 26 12.500 12.500 0.000 0.000 0.017 0.006
6 2 27 12.500 12.500 0.000 0.000 0.040 0.005
6 2 28 12.500 12.500 0.000 0.000 -0.187 0.008
6 2 29 12.500 12.500 0.000 0.000 0.157 0.008
6 2 30 12.500 12.500 0.000 0.000 -0.098 0.006
6 2 31 12.500 12.500 0.000 0.000 -0.079 0.010
6 2 32 12.500 12.500 0.000 0.000 -0.002 0.004
6 2 33 12.500 12.500 0.000 0.000 0.016 0.006
6 2 34 12.500 12.500 0.000 0.000 -0.038 0.005
6 2 35 12.500 12.500 0.000 0.000 -0.028 0.006
6 2 36 12.500 12.500 0.000 0.000 -0.015 0.005
6 2 37 12.500 12.500 0.000 0.000 0.020 0.006
6 2 38 12.500 12.500 0.000 0.000 0.072 0.005
6 2 39 12.500 12.500 0.000 0.000 0.027 0.005
6 2 40 12.500 12.500 0.000 0.000 -0.006 0.006
6 2 41 12.500 12.500 0.000 0.000 0.063 0.008
6 2 42 12.500 12.500 0.000 0.000 -0.051 0.008
6 2 43 12.500 12.500 0.000 0.000 0.124 0.008
6 2 44 12.500 12.500 0.000 0.000 -0.129 0.008
6 2 45 12.500 12.500 0.000 0.000 0.086 0.010
6 2 46 12.500 12.500 0.000 0.000 -0.105 0.009
6 2 47 12.500 12.500 0.000 0.000 0.038 0.010
6 2 48 12.500 12.500 0.000 0.000 0.047 0.006
6 2 49 12.500 12.500 0.000 0.000 -0.023 0.008
6 2 50 12.500 12.500 0.000 0.000 0.123 0.008
6 2 51 12.500 12.500 0.000 0.000 0.041 0.007
6 2 52 12.500 12.500 0.000 0.000 0.086 0.007
6 2 53 12.500 12.500 0.000 0.000 0.059 0.007
6 2 54 12.500 12.500 0.000 0.000 0.139 0.010
6 2 55 12.500 12.500 0.000 0.000 0.249 0.009
6 2 56 12.500 12.500 0.000 0.000 0.031 0.011
6 2 57 12.500 12.500 0.000 0.000 0.160 0.013
6 2 58 12.500 12.500 0.000 0.000 0.156 0.012
6 2 59 12.500 12.500 0.000 0.000 0.177 0.012
6 2 60 12.500 12.500 0.000 0.000 0.095 0.012
6 2 61 12.500 12.500 0.000 0.000 0.194 0.012
6 2 62 12.500 12.500 0.000 0.000 0.157 0.010
6 3 1 12.500 12.500 0.000 0.000 -0.061 0.009
6 3 2 12.500 12.500 0.000 0.000 0.172 0.008
6 3 3 12.500 12.500 0.000 0.000 -0.586 0.016
6 3 4 12.500 12.500 0.000 0.000 -0.239 0.009
6 3 5 12.500 12.500 0.000 0.000 0.025 0.008
