1 1 1 12.500 12.500 0.000 0.000 0.298 0.003
1 1 2 12.500 12.500 0.000 0.000 0.018 0.003
1 1 3 12.500 12.500 0.000 0.000 0.153 0.004
1 1 4 12.500 12.500 0.000 0.000 0.037 0.003
1 1 5 12.500 12.500 0.000 0.000 0.009 0.004
1 1 6 12.500 12.500 0.000 0.000 -0.046 0.006
1 1 7 12.500 12.500 0.000 0.000 -0.046 0.005
1 1 8 12.500 12.500 0.000 0.000 -0.050 0.006
1 1 9 12.500 12.500 0.000 0.000 0.053 0.006
1 1 10 12.500 12.500 0.000 0.000 0.113 0.007
1 1 11 12.500 12.500 0.000 0.000 -0.045 0.007
1 1 12 12.500 12.500 0.000 0.000 -0.079 0.007
1 1 13 12.500 12.500 0.000 0.000 0.032 0.009
1 1 14 12.500 12.500 0.000 0.000 0.033 0.008
1 1 15 12.500 12.500 0.000 0.000 0.057 0.008
1 1 16 12.500 12.500 0.000 0.000 -0.041 0.009
1 1 17 12.500 12.500 0.000 0.000 -0.063 0.010
1 1 18 12.500 12.500 0.000 0.000 0.010 0.008
1 1 19 12.500 12.500 0.000 0.000 -0.012 0.010
1 1 20 12.500 12.500 0.000 0.000 0.039 0.009
1 1 21 12.500 12.500 0.000 0.000 -0.020 0.010
1 1 22 12.500 12.500 0.000 0.000 -0.112 0.013
1 1 23 12.500 12.500 0.000 0.000 0.037 0.014
1 2 1 12.500 12.500 0.000 0.000 -0.022 0.004
1 2 2 12.500 12.500 0.000 0.000 -0.005 0.005
1 2 3 12.500 12.500 0.000 0.000 0.003 0.005
1 2 4 12.500 12.500 0.000 0.000 0.037 0.004
1 2 5 12.500 12.500 0.000 0.000 0.046 0.004
1 2 6 12.500 12.500 0.000 0.000 0.031 0.004
1 2 7 12.500 12.500 0.000 0.000 0.027 0.003
1 2 8 12.500 12.500 0.000 0.000 0.027 0.004
1 2 9 12.500 12.500 0.000 0.000 0.020 0.004
1 2 10 12.500 12.500 0.000 0.000 0.027 0.005
1 2 11 12.500 12.500 0.000 0.000 -0.015 0.004
1 2 12 12.500 12.500 0.000 0.000 -0.016 0.003
1 2 13 12.500 12.500 0.000 0.000 -0.095 0.005
1 2 14 12.500 12.500 0.000 0.000 -0.049 0.005
1 2 15 12.500 12.500 0.000 0.000 0.011 0.004
1 2 16 12.500 12.500 0.000 0.000 -0.040 0.005
1 2 17 12.500 12.500 0.000 0.000 -0.001 0.005
1 2 18 12.500 12.500 0.000 0.000 -0.007 0.007
1 2 19 12.500 12.500 0.000 0.000 0.025 0.006
1 2 20 12.500 12.500 0.000 0.000 0.004 0.007
1 2 21 12.500 12.500 0.000 0.000 0.012 0.008
1 2 22 12.500 12.500 0.000 0.000 0.003 0.007
1 2 23 12.500 12.500 0.000 0.000 0.009 0.007
1 2 24 12.500 12.500 0.000 0.000 -0.017 0.007
1 2 25 12.500 12.500 0.000 0.000 0.013 0.006
1 2 26 12.500 12.500 0.000 0.000 -0.001 0.007
1 2 27 12.500 12.500 0.000 0.000 -0.002 0.006
1 2 28 12.500 12.500 0.000 0.000 0.073 0.008
1 2 29 12.500 12.500 0.000 0.000 0.041 0.009
1 2 30 12.500 12.500 0.000 0.000 0.027 0.008
1 2 31 12.500 12.500 0.000 0.000 -0.019 0.011
1 2 32 12.500 12.500 0.000 0.000 -0.026 0.005
1 2 33 12.500 12.500 0.000 0.000 -0.011 0.007
1 2 34 12.500 12.500 0.000 0.000 0.013 0.006
1 2 35 12.500 12.500 0.000 0.000 0.020 0.007
1 2 36 12.500 12.500 0.000 0.000 0.033 0.007
1 2 37 12.500 12.500 0.000 0.000 0.032 0.007
1 2 38 12.500 12.500 0.000 0.000 0.041 0.006
1 2 39 12.500 12.500 0.000 0.000 0.023 0.009
1 2 40 12.500 12.500 0.000 0.000 0.060 0.008
1 2 41 12.500 12.500 0.000 0.000 0.047 0.008
1 2 42 12.500 12.500 0.000 0.000 0.063 0.010
1 2 43 12.500 12.500 0.000 0.000 0.059 0.010
1 2 44 12.500 12.500 0.000 0.000 0.063 0.010
1 2 45 12.500 12.500 0.000 0.000 0.265 0.009
1 2 46 12.500 12.500 0.000 0.000 0.033 0.010
1 2 47 12.500 12.500 0.000 0.000 0.040 0.010
1 2 48 12.500 12.500 0.000 0.000 0.025 0.008
1 2 49 12.500 12.500 0.000 0.000 0.004 0.010
1 2 50 12.500 12.500 0.000 0.000 0.077 0.008
1 2 51 12.500 12.500 0.000 0.000 0.057 0.007
1 2 52 12.500 12.500 0.000 0.000 0.083 0.009
1 2 53 12.500 12.500 0.000 0.000 0.057 0.010
1 2 54 12.500 12.500 0.000 0.000 -0.120 0.014
1 2 55 12.500 12.500 0.000 0.000 0.031 0.012
1 2 56 12.500 12.500 0.000 0.000 0.069 0.010
1 2 57 12.500 12.500 0.000 0.000 0.068 0.015
1 2 58 12.500 12.500 0.000 0.000 0.061 0.015
1 2 59 12.500 12.500 0.000 0.000 -0.114 0.016
1 2 60 12.500 12.500 0.000 0.000 0.025 0.013
1 2 61 12.500 12.500 0.000 0.000 -0.068 0.013
1 2 62 12.500 12.500 0.000 0.000 0.041 0.015
1 3 1 12.500 12.500 0.000 0.000 0.096 0.011
1 3 2 12.500 12.500 0.000 0.000 -0.051 0.009
1 3 3 12.500 12.500 0.000 0.000 -0.070 0.008
1 3 4 12.500 12.500 0.000 0.000 0.085 0.010
1 3 5 12.500 12.500 0.000 0.000 0.662 0.016
2 1 1 12.500 12.500 0.000 0.000 0.168 0.002
2 1 2 12.500 12.500 0.000 0.000 0.131 0.002
2 1 3 12.500 12.500 0.000 0.000 0.143 0.005
2 1 4 12.500 12.500 0.000 0.000 -0.120 0.004
2 1 5 12.500 12.500 0.000 0.000 0.076 0.005
2 1 6 12.500 12.500 0.000 0.000 0.000 0.000
2 1 7 12.500 12.500 0.000 0.000 0.190 0.005
2 1 8 12.500 12.500 0.000 0.000 0.123 0.006
2 1 9 12.500 12.500 0.000 0.000 0.101 0.006
2 1 10 12.500 12.500 0.000 0.000 0.000 0.000
2 1 11 12.500 12.500 0.000 0.000 0.060 0.007
2 1 12 12.500 12.500 0.000 0.000 -0.003 0.011
2 1 13 12.500 12.500 0.000 0.000 0.070 0.008
2 1 14 12.500 12.500 0.000 0.000 -0.070 0.009
2 1 15 12.500 12.500 0.000 0.000 -0.059 0.010
2 1 16 12.500 12.500 0.000 0.000 -0.160 0.010
2 1 17 12.500 12.500 0.000 0.000 0.001 0.011
2 1 18 12.500 12.500 0.000 0.000 -0.107 0.008
2 1 19 12.500 12.500 0.000 0.000 0.000 0.000
2 1 20 12.500 12.500 0.000 0.000 -0.089 0.011
2 1 21 12.500 12.500 0.000 0.000 -0.048 0.011
2 1 22 12.500 12.500 0.000 0.000 -0.042 0.012
2 1 23 12.500 12.500 0.000 0.000 0.144 0.014
2 2 1 12.500 12.500 0.000 0.000 0.002 0.004
2 2 2 12.500 12.500 0.000 0.000 0.154 0.004
2 2 3 12.500 12.500 0.000 0.000 0.036 0.003
2 2 4 12.500 12.500 0.000 0.000 -0.000 0.004
2 2 5 12.500 12.500 0.000 0.000 0.038 0.003
2 2 6 12.500 12.500 0.000 0.000 0.011 0.002
2 2 7 12.500 12.500 0.000 0.000 0.017 0.002
2 2 8 12.500 12.500 0.000 0.000 0.024 0.004
2 2 9 12.500 12.500 0.000 0.000 0.082 0.003
2 2 10 12.500 12.500 0.000 0.000 -0.029 0.003
2 2 11 12.500 12.500 0.000 0.000 0.041 0.003
2 2 12 12.500 12.500 0.000 0.000 0.009 0.003
2 2 13 12.500 12.500 0.000 0.000 0.048 0.004
2 2 14 12.500 12.500 0.000 0.000 0.114 0.005
2 2 15 12.500 12.500 0.000 0.000 0.017 0.005
2 2 16 12.500 12.500 0.000 0.000 0.050 0.004
2 2 17 12.500 12.500 0.000 0.000 0.057 0.004
2 2 18 12.500 12.500 0.000 0.000 0.108 0.007
2 2 19 12.500 12.500 0.000 0.000 0.102 0.006
2 2 20 12.500 12.500 0.000 0.000 0.112 0.005
2 2 21 12.500 12.500 0.000 0.000 0.081 0.007
2 2 22 12.500 12.500 0.000 0.000 0.068 0.006
2 2 23 12.500 12.500 0.000 0.000 0.025 0.007
2 2 24 12.500 12.500 0.000 0.000 0.050 0.008
2 2 25 12.500 12.500 0.000 0.000 0.074 0.007
2 2 26 12.500 12.500 0.000 0.000 0.062 0.007
2 2 27 12.500 12.500 0.000 0.000 0.061 0.006
2 2 28 12.500 12.500 0.000 0.000 0.006 0.007
2 2 29 12.500 12.500 0.000 0.000 0.021 0.009
2 2 30 12.500 12.500 0.000 0.000 0.013 0.010
2 2 31 12.500 12.500 0.000 0.000 0.077 0.010
2 2 32 12.500 12.500 0.000 0.000 0.010 0.006
2 2 33 12.500 12.500 0.000 0.000 0.019 0.007
2 2 34 12.500 12.500 0.000 0.000 0.034 0.006
2 2 35 12.500 12.500 0.000 0.000 0.030 0.007
2 2 36 12.500 12.500 0.000 0.000 -0.006 0.008
2 2 37 12.500 12.500 0.000 0.000 0.049 0.008
2 2 38 12.500 12.500 0.000 0.000 0.030 0.007
2 2 39 12.500 12.500 0.000 0.000 -0.015 0.010
2 2 40 12.500 12.500 0.000 0.000 -0.059 0.010
2 2 41 12.500 12.500 0.000 0.000 -0.048 0.009
2 2 42 12.500 12.500 0.000 0.000 0.015 0.009
2 2 43 12.500 12.500 0.000 0.000 0.019 0.011
2 2 44 12.500 12.500 0.000 0.000 -0.040 0.009
2 2 45 12.500 12.500 0.000 0.000 -0.030 0.011
2 2 46 12.500 12.500 0.000 0.000 -0.015 0.010
2 2 47 12.500 12.500 0.000 0.000 -0.063 0.009
2 2 48 12.500 12.500 0.000 0.000 -0.062 0.010
2 2 49 12.500 12.500 0.000 0.000 0.012 0.011
2 2 50 12.500 12.500 0.000 0.000 -0.021 0.010
2 2 51 12.500 12.500 0.000 0.000 0.048 0.009
2 2 52 12.500 12.500 0.000 0.000 0.013 0.009
2 2 53 12.500 12.500 0.000 0.000 0.013 0.009
2 2 54 12.500 12.500 0.000 0.000 0.045 0.010
2 2 55 12.500 12.500 0.000 0.000 -0.031 0.013
2 2 56 12.500 12.500 0.000 0.000 0.074 0.010
2 2 57 12.500 12.500 0.000 0.000 0.060 0.011
2 2 58 12.500 12.500 0.000 0.000 0.065 0.015
2 2 59 12.500 12.500 0.000 0.000 0.100 0.017
2 2 60 12.500 12.500 0.000 0.000 0.099 0.014
2 2 61 12.500 12.500 0.000 0.000 0.023 0.014
2 2 62 12.500 12.500 0.000 0.000 0.083 0.014
2 3 1 12.500 12.500 0.000 0.000 0.066 0.011
2 3 2 12.500 12.500 0.000 0.000 0.006 0.009
2 3 3 12.500 12.500 0.000 0.000 -0.208 0.011
2 3 4 12.500 12.500 0.000 0.000 -0.461 0.012
2 3 5 12.500 12.500 0.000 0.000 -0.040 0.012
3 1 1 12.500 12.500 0.000 0.000 0.068 0.002
3 1 2 12.500 12.500 0.000 0.000 0.105 0.002
3 1 3 12.500 12.500 0.000 0.000 -0.030 0.004
3 1 4 12.500 12.500 0.000 0.000 0.026 0.003
3 1 5 12.500 12.500 0.000 0.000 -0.119 0.005
3 1 6 12.500 12.500 0.000 0.000 0.038 0.006
3 1 7 12.500 12.500 0.000 0.000 -0.053 0.005
3 1 8 12.500 12.500 0.000 0.000 -0.068 0.005
3 1 9 12.500 12.500 0.000 0.000 -0.066 0.006
3 1 10 12.500 12.500 0.000 0.000 -0.068 0.007
3 1 11 12.500 12.500 0.000 0.000 -0.040 0.009
3 1 12 12.500 12.500 0.000 0.000 0.042 0.008
3 1 13 12.500 12.500 0.000 0.000 -0.046 0.008
3 1 14 12.500 12.500 0.000 0.000 0.125 0.009
3 1 15 12.500 12.500 0.000 0.000 -0.009 0.008
3 1 16 12.500 12.500 0.000 0.000 0.064 0.010
3 1 17 12.500 12.500 0.000 0.000 -0.098 0.010
3 1 18 12.500 12.500 0.000 0.000 -0.058 0.008
3 1 19 12.500 12.500 0.000 0.000 0.164 0.010
3 1 20 12.500 12.500 0.000 0.000 0.052 0.010
3 1 21 12.500 12.500 0.000 0.000 0.235 0.010
3 1 22 12.500 12.500 0.000 0.000 0.271 0.011
3 1 23 12.500 12.500 0.000 0.000 0.005 0.013
3 2 1 12.500 12.500 0.000 0.000 -0.035 0.003
3 2 2 12.500 12.500 0.000 0.000 -0.001 0.003
3 2 3 12.500 12.500 0.000 0.000 -0.022 0.003
3 2 4 12.500 12.500 0.000 0.000 -0.019 0.002
3 2 5 12.500 12.500 0.000 0.000 -0.067 0.002
3 2 6 12.500 12.500 0.000 0.000 0.009 0.003
3 2 7 12.500 12.500 0.000 0.000 0.009 0.002
3 2 8 12.500 12.500 0.000 0.000 -0.024 0.002
3 2 9 12.500 12.500 0.000 0.000 -0.003 0.004
3 2 10 12.500 12.500 0.000 0.000 -0.025 0.003
3 2 11 12.500 12.500 0.000 0.000 -0.017 0.003
3 2 12 12.500 12.500 0.000 0.000 -0.029 0.003
3 2 13 12.500 12.500 0.000 0.000 -0.067 0.004
3 2 14 12.500 12.500 0.000 0.000 -0.060 0.004
3 2 15 12.500 12.500 0.000 0.000 -0.007 0.003
3 2 16 12.500 12.500 0.000 0.000 -0.022 0.005
3 2 17 12.500 12.500 0.000 0.000 -0.038 0.004
3 2 18 12.500 12.500 0.000 0.000 -0.081 0.005
3 2 19 12.500 12.500 0.000 0.000 -0.012 0.004
3 2 20 12.500 12.500 0.000 0.000 -0.050 0.005
3 2 21 12.500 12.500 0.000 0.000 -0.063 0.007
3 2 22 12.500 12.500 0.000 0.000 -0.105 0.006
3 2 23 12.500 12.500 0.000 0.000 -0.056 0.007
3 2 24 12.500 12.500 0.000 0.000 -0.127 0.006
3 2 25 12.500 12.500 0.000 0.000 -0.021 0.007
3 2 26 12.500 12.500 0.000 0.000 -0.070 0.007
3 2 27 12.500 12.500 0.000 0.000 -0.029 0.007
3 2 28 12.500 12.500 0.000 0.000 -0.040 0.009
3 2 29 12.500 12.500 0.000 0.000 -0.071 0.009
3 2 30 12.500 12.500 0.000 0.000 -0.001 0.009
3 2 31 12.500 12.500 0.000 0.000 0.015 0.009
3 2 32 12.500 12.500 0.000 0.000 -0.059 0.006
3 2 33 12.500 12.500 0.000 0.000 -0.015 0.008
3 2 34 12.500 12.500 0.000 0.000 0.040 0.007
3 2 35 12.500 12.500 0.000 0.000 -0.029 0.008
3 2 36 12.500 12.500 0.000 0.000 0.015 0.008
3 2 37 12.500 12.500 0.000 0.000 -0.022 0.008
3 2 38 12.500 12.500 0.000 0.000 0.001 0.007
3 2 39 12.500 12.500 0.000 0.000 0.006 0.008
3 2 40 12.500 12.500 0.000 0.000 0.009 0.007
3 2 41 12.500 12.500 0.000 0.000 -0.003 0.010
3 2 42 12.500 12.500 0.000 0.000 0.027 0.010
3 2 43 12.500 12.500 0.000 0.000 0.073 0.010
3 2 44 12.500 12.500 0.000 0.000 0.041 0.009
3 2 45 12.500 12.500 0.000 0.000 -0.001 0.010
3 2 46 12.500 12.500 0.000 0.000 0.033 0.011
3 2 47 12.500 12.500 0.000 0.000 0.026 0.008
3 2 48 12.500 12.500 0.000 0.000 0.064 0.011
3 2 49 12.500 12.500 0.000 0.000 0.008 0.012
3 2 50 12.500 12.500 0.000 0.000 0.110 0.012
3 2 51 12.500 12.500 0.000 0.000 0.093 0.012
3 2 52 12.500 12.500 0.000 0.000 0.069 0.008
3 2 53 12.500 12.500 0.000 0.000 -0.003 0.013
3 2 54 12.500 12.500 0.000 0.000 0.158 0.010
3 2 55 12.500 12.500 0.000 0.000 0.033 0.011
3 2 56 12.500 12.500 0.000 0.000 0.049 0.010
3 2 57 12.500 12.500 0.000 0.000 0.069 0.015
3 2 58 12.500 12.500 0.000 0.000 0.139 0.016
3 2 59 12.500 12.500 0.000 0.000 -0.118 0.015
3 2 60 12.500 12.500 0.000 0.000 0.036 0.014
3 2 61 12.500 12.500 0.000 0.000 0.123 0.017
3 2 62 12.500 12.500 0.000 0.000 0.193 0.015
3 3 1 12.500 12.500 0.000 0.000 0.522 0.013
3 3 2 12.500 12.500 0.000 0.000 -0.068 0.008
3 3 3 12.500 12.500 0.000 0.000 0.037 0.011
3 3 4 12.500 12.500 0.000 0.000 -0.075 0.011
3 3 5 12.500 12.500 0.000 0.000 -0.319 0.010
4 1 1 12.500 12.500 0.000 0.000 0.335 0.002
4 1 2 12.500 12.500 0.000 0.000 -0.059 0.003
4 1 3 12.500 12.500 0.000 0.000 -0.052 0.003
4 1 4 12.500 12.500 0.000 0.000 -0.058 0.004
4 1 5 12.500 12.500 0.000 0.000 0.076 0.006
4 1 6 12.500 12.500 0.000 0.000 0.333 0.006
4 1 7 12.500 12.500 0.000 0.000 -0.174 0.005
4 1 8 12.500 12.500 0.000 0.000 -0.051 0.006
4 1 9 12.500 12.500 0.000 0.000 -0.097 0.006
4 1 10 12.500 12.500 0.000 0.000 -0.188 0.007
4 1 11 12.500 12.500 0.000 0.000 -0.087 0.010
4 1 12 12.500 12.500 0.000 0.000 -0.012 0.006
4 1 13 12.500 12.500 0.000 0.000 -0.079 0.007
4 1 14 12.500 12.500 0.000 0.000 -0.053 0.009
4 1 15 12.500 12.500 0.000 0.000 -0.128 0.009
4 1 16 12.500 12.500 0.000 0.000 -0.033 0.009
4 1 17 12.500 12.500 0.000 0.000 -0.085 0.009
4 1 18 12.500 12.500 0.000 0.000 -0.075 0.008
4 1 19 12.500 12.500 0.000 0.000 -0.140 0.010
4 1 20 12.500 12.500 0.000 0.000 -0.080 0.012
4 1 21 12.500 12.500 0.000 0.000 0.022 0.012
4 1 22 12.500 12.500 0.000 0.000 -0.051 0.011
4 1 23 12.500 12.500 0.000 0.000 0.093 0.013
4 2 1 12.500 12.500 0.000 0.000 -0.000 0.004
4 2 2 12.500 12.500 0.000 0.000 -0.020 0.004
4 2 3 12.500 12.500 0.000 0.000 -0.007 0.003
4 2 4 12.500 12.500 0.000 0.000 0.057 0.004
4 2 5 12.500 12.500 0.000 0.000 0.008 0.002
4 2 6 12.500 12.500 0.000 0.000 -0.011 0.003
4 2 7 12.500 12.500 0.000 0.000 -0.018 0.002
4 2 8 12.500 12.500 0.000 0.000 0.002 0.004
4 2 9 12.500 12.500 0.000 0.000 0.002 0.004
4 2 10 12.500 12.500 0.000 0.000 -0.003 0.003
4 2 11 12.500 12.500 0.000 0.000 0.038 0.004
4 2 12 12.500 12.500 0.000 0.000 -0.039 0.003
4 2 13 12.500 12.500 0.000 0.000 -0.008 0.003
4 2 14 12.500 12.500 0.000 0.000 0.016 0.004
4 2 15 12.500 12.500 0.000 0.000 0.023 0.004
4 2 16 12.500 12.500 0.000 0.000 -0.030 0.005
4 2 17 12.500 12.500 0.000 0.000 -0.033 0.004
4 2 18 12.500 12.500 0.000 0.000 0.011 0.005
4 2 19 12.500 12.500 0.000 0.000 -0.016 0.004
4 2 20 12.500 12.500 0.000 0.000 -0.027 0.006
4 2 21 12.500 12.500 0.000 0.000 0.021 0.007
4 2 22 12.500 12.500 0.000 0.000 -0.018 0.006
4 2 23 12.500 12.500 0.000 0.000 -0.039 0.006
4 2 24 12.500 12.500 0.000 0.000 0.011 0.006
4 2 25 12.500 12.500 0.000 0.000 0.022 0.007
4 2 26 12.500 12.500 0.000 0.000 0.022 0.006
4 2 27 12.500 12.500 0.000 0.000 -0.019 0.007
4 2 28 12.500 12.500 0.000 0.000 -0.010 0.007
4 2 29 12.500 12.500 0.000 0.000 -0.019 0.008
4 2 30 12.500 12.500 0.000 0.000 0.043 0.008
4 2 31 12.500 12.500 0.000 0.000 -0.028 0.009
4 2 32 12.500 12.500 0.000 0.000 0.009 0.005
4 2 33 12.500 12.500 0.000 0.000 0.006 0.008
4 2 34 12.500 12.500 0.000 0.000 -0.037 0.006
4 2 35 12.500 12.500 0.000 0.000 0.001 0.006
4 2 36 12.500 12.500 0.000 0.000 -0.028 0.007
4 2 37 12.500 12.500 0.000 0.000 -0.019 0.006
4 2 38 12.500 12.500 0.000 0.000 -0.025 0.006
4 2 39 12.500 12.500 0.000 0.000 -0.045 0.007
4 2 40 12.500 12.500 0.000 0.000 0.019 0.008
4 2 41 12.500 12.500 0.000 0.000 -0.017 0.008
4 2 42 12.500 12.500 0.000 0.000 0.001 0.007
4 2 43 12.500 12.500 0.000 0.000 -0.003 0.009
4 2 44 12.500 12.500 0.000 0.000 0.012 0.008
4 2 45 12.500 12.500 0.000 0.000 0.002 0.009
4 2 46 12.500 12.500 0.000 0.000 0.047 0.010
4 2 47 12.500 12.500 0.000 0.000 -0.002 0.009
4 2 48 12.500 12.500 0.000 0.000 0.024 0.008
4 2 49 12.500 12.500 0.000 0.000 0.017 0.013
4 2 50 12.500 12.500 0.000 0.000 0.010 0.009
4 2 51 12.500 12.500 0.000 0.000 -0.000 0.009
4 2 52 12.500 12.500 0.000 0.000 0.015 0.010
4 2 53 12.500 12.500 0.000 0.000 -0.006 0.010
4 2 54 12.500 12.500 0.000 0.000 -0.000 0.012
4 2 55 12.500 12.500 0.000 0.000 -0.061 0.013
4 2 56 12.500 12.500 0.000 0.000 -0.002 0.011
4 2 57 12.500 12.500 0.000 0.000 -0.012 0.014
4 2 58 12.500 12.500 0.000 0.000 0.023 0.015
4 2 59 12.500 12.500 0.000 0.000 -0.119 0.017
4 2 60 12.500 12.500 0.000 0.000 0.018 0.017
4 2 61 12.500 12.500 0.000 0.000 -0.055 0.016
4 2 62 12.500 12.500 0.000 0.000 -0.018 0.013
4 3 1 12.500 12.500 0.000 0.000 -0.146 0.010
4 3 2 12.500 12.500 0.000 0.000 -0.034 0.008
4 3 3 12.500 12.500 0.000 0.000 0.318 0.008
4 3 4 12.500 12.500 0.000 0.000 -0.172 0.009
4 3 5 12.500 12.500 0.000 0.000 0.123 0.007
5 1 1 12.500 12.500 0.000 0.000 0.006 0.002
5 1 2 12.500 12.500 0.000 0.000 0.022 0.002
5 1 3 12.500 12.500 0.000 0.000 0.039 0.002
5 1 4 12.500 12.500 0.000 0.000 -0.028 0.002
5 1 5 12.500 12.500 0.000 0.000 -0.020 0.005
5 1 6 12.500 12.500 0.000 0.000 -0.080 0.005
5 1 7 12.500 12.500 0.000 0.000 -0.027 0.006
5 1 8 12.500 12.500 0.000 0.000 -0.195 0.007
5 1 9 12.500 12.500 0.000 0.000 0.039 0.006
5 1 10 12.500 12.500 0.000 0.000 -0.035 0.006
5 1 11 12.500 12.500 0.000 0.000 -0.099 0.007
5 1 12 12.500 12.500 0.000 0.000 -0.136 0.007
5 1 13 12.500 12.500 0.000 0.000 -0.060 0.006
5 1 14 12.500 12.500 0.000 0.000 -0.059 0.009
5 1 15 12.500 12.500 0.000 0.000 -0.148 0.008
5 1 16 12.500 12.500 0.000 0.000 -0.108 0.008
5 1 17 12.500 12.500 0.000 0.000 0.101 0.009
5 1 18 12.500 12.500 0.000 0.000 -0.069 0.008
5 1 19 12.500 12.500 0.000 0.000 -0.031 0.008
5 1 20 12.500 12.500 0.000 0.000 0.161 0.010
5 1 21 12.500 12.500 0.000 0.000 -0.024 0.010
5 1 22 12.500 12.500 0.000 0.000 0.043 0.011
5 1 23 12.500 12.500 0.000 0.000 0.202 0.014
5 2 1 12.500 12.500 0.000 0.000 0.071 0.004
5 2 2 12.500 12.500 0.000 0.000 0.026 0.004
5 2 3 12.500 12.500 0.000 0.000 -0.001 0.003
5 2 4 12.500 12.500 0.000 0.000 -0.014 0.003
5 2 5 12.500 12.500 0.000 0.000 0.019 0.003
5 2 6 12.500 12.500 0.000 0.000 0.042 0.003
5 2 7 12.500 12.500 0.000 0.000 0.007 0.003
5 2 8 12.500 12.500 0.000 0.000 0.025 0.003
5 2 9 12.500 12.500 0.000 0.000 0.047 0.004
5 2 10 12.500 12.500 0.000 0.000 0.039 0.003
5 2 11 12.500 12.500 0.000 0.000 0.009 0.003
5 2 12 12.500 12.500 0.000 0.000 0.013 0.003
5 2 13 12.500 12.500 0.000 0.000 0.008 0.003
5 2 14 12.500 12.500 0.000 0.000 0.044 0.004
5 2 15 12.500 12.500 0.000 0.000 0.038 0.004
5 2 16 12.500 12.500 0.000 0.000 -0.065 0.004
5 2 17 12.500 12.500 0.000 0.000 0.025 0.005
5 2 18 12.500 12.500 0.000 0.000 0.041 0.006
5 2 19 12.500 12.500 0.000 0.000 -0.001 0.005
5 2 20 12.500 12.500 0.000 0.000 0.028 0.005
5 2 21 12.500 12.500 0.000 0.000 0.035 0.008
5 2 22 12.500 12.500 0.000 0.000 0.049 0.007
5 2 23 12.500 12.500 0.000 0.000 -0.025 0.006
5 2 24 12.500 12.500 0.000 0.000 -0.017 0.007
5 2 25 12.500 12.500 0.000 0.000 0.016 0.007
5 2 26 12.500 12.500 0.000 0.000 0.025 0.007
5 2 27 12.500 12.500 0.000 0.000 0.011 0.006
5 2 28 12.500 12.500 0.000 0.000 -0.030 0.008
5 2 29 12.500 12.500 0.000 0.000 -0.016 0.010
5 2 30 12.500 12.500 0.000 0.000 -0.054 0.007
5 2 31 12.500 12.500 0.000 0.000 0.002 0.010
5 2 32 12.500 12.500 0.000 0.000 -0.011 0.006
5 2 33 12.500 12.500 0.000 0.000 -0.007 0.007
5 2 34 12.500 12.500 0.000 0.000 -0.024 0.006
5 2 35 12.500 12.500 0.000 0.000 0.006 0.007
5 2 36 12.500 12.500 0.000 0.000 0.108 0.008
5 2 37 12.500 12.500 0.000 0.000 0.018 0.007
5 2 38 12.500 12.500 0.000 0.000 0.004 0.006
5 2 39 12.500 12.500 0.000 0.000 0.013 0.010
5 2 40 12.500 12.500 0.000 0.000 -0.018 0.008
5 2 41 12.500 12.500 0.000 0.000 -0.055 0.008
5 2 42 12.500 12.500 0.000 0.000 -0.060 0.009
5 2 43 12.500 12.500 0.000 0.000 -0.077 0.009
5 2 44 12.500 12.500 0.000 0.000 -0.024 0.008
5 2 45 12.500 12.500 0.000 0.000 -0.067 0.009
5 2 46 12.500 12.500 0.000 0.000 -0.026 0.010
5 2 47 12.500 12.500 0.000 0.000 0.002 0.011
5 2 48 12.500 12.500 0.000 0.000 -0.002 0.009
5 2 49 12.500 12.500 0.000 0.000 0.017 0.010
5 2 50 12.500 12.500 0.000 0.000 0.046 0.009
5 2 51 12.500 12.500 0.000 0.000 -0.081 0.008
5 2 52 12.500 12.500 0.000 0.000 -0.026 0.009
5 2 53 12.500 12.500 0.000 0.000 0.004 0.010
5 2 54 12.500 12.500 0.000 0.000 -0.059 0.011
5 2 55 12.500 12.500 0.000 0.000 0.063 0.012
5 2 56 12.500 12.500 0.000 0.000 -0.048 0.015
5 2 57 12.500 12.500 0.000 0.000 0.059 0.014
5 2 58 12.500 12.500 0.000 0.000 -0.010 0.013
5 2 59 12.500 12.500 0.000 0.000 -0.015 0.017
5 2 60 12.500 12.500 0.000 0.000 0.057 0.013
5 2 61 12.500 12.500 0.000 0.000 -0.128 0.014
5 2 62 12.500 12.500 0.000 0.000 0.027 0.014
5 3 1 12.500 12.500 0.000 0.000 0.072 0.010
5 3 2 12.500 12.500 0.000 0.000 0.126 0.010
5 3 3 12.500 12.500 0.000 0.000 0.068 0.009
5 3 4 12.500 12.500 0.000 0.000 0.193 0.011
5 3 5 12.500 12.500 0.000 0.000 0.073 0.011
6 1 1 12.500 12.500 0.000 0.000 -0.141 0.002
6 1 2 12.500 12.500 0.000 0.000 -0.023 0.002
6 1 3 12.500 12.500 0.000 0.000 -0.154 0.002
6 1 4 12.500 12.500 0.000 0.000 0.055 0.003
6 1 5 12.500 12.500 0.000 0.000 0.048 0.004
6 1 6 12.500 12.500 0.000 0.000 0.128 0.006
6 1 7 12.500 12.500 0.000 0.000 0.011 0.005
6 1 8 12.500 12.500 0.000 0.000 0.073 0.004
6 1 9 12.500 12.500 0.000 0.000 -0.011 0.006
6 1 10 12.500 12.500 0.000 0.000 0.106 0.006
6 1 11 12.500 12.500 0.000 0.000 -0.082 0.007
6 1 12 12.500 12.500 0.000 0.000 -0.005 0.007
6 1 13 12.500 12.500 0.000 0.000 0.108 0.008
6 1 14 12.500 12.500 0.000 0.000 0.042 0.008
6 1 15 12.500 12.500 0.000 0.000 -0.127 0.009
6 1 16 12.500 12.500 0.000 0.000 0.114 0.009
6 1 17 12.500 12.500 0.000 0.000 0.116 0.009
6 1 18 12.500 12.500 0.000 0.000 0.119 0.008
6 1 19 12.500 12.500 0.000 0.000 0.101 0.009
6 1 20 12.500 12.500 0.000 0.000 0.278 0.010
6 1 21 12.500 12.500 0.000 0.000 0.000 0.000
6 1 22 12.500 12.500 0.000 0.000 0.062 0.014
6 1 23 12.500 12.500 0.000 0.000 0.063 0.014
6 2 1 12.500 12.500 0.000 0.000 -0.024 0.003
6 2 2 12.500 12.500 0.000 0.000 -0.015 0.005
6 2 3 12.500 12.500 0.000 0.000 -0.045 0.003
6 2 4 12.500 12.500 0.000 0.000 0.034 0.002
6 2 5 12.500 12.500 0.000 0.000 0.018 0.003
6 2 6 12.500 12.500 0.000 0.000 0.047 0.002
6 2 7 12.500 12.500 0.000 0.000 -0.012 0.002
6 2 8 12.500 12.500 0.000 0.000 0.002 0.003
6 2 9 12.500 12.500 0.000 0.000 -0.011 0.003
6 2 10 12.500 12.500 0.000 0.000 0.018 0.003
6 2 11 12.500 12.500 0.000 0.000 -0.002 0.003
6 2 12 12.500 12.500 0.000 0.000 -0.035 0.003
6 2 13 12.500 12.500 0.000 0.000 0.028 0.003
6 2 14 12.500 12.500 0.000 0.000 -0.046 0.004
6 2 15 12.500 12.500 0.000 0.000 0.020 0.004
6 2 16 12.500 12.500 0.000 0.000 -0.007 0.005
6 2 17 12.500 12.500 0.000 0.000 -0.016 0.005
6 2 18 12.500 12.500 0.000 0.000 -0.012 0.006
6 2 19 12.500 12.500 0.000 0.000 -0.059 0.006
6 2 20 12.500 12.500 0.000 0.000 -0.017 0.006
6 2 21 12.500 12.500 0.000 0.000 0.039 0.007
6 2 22 12.500 12.500 0.000 0.000 -0.016 0.006
6 2 23 12.500 12.500 0.000 0.000 0.026 0.006
6 2 24 12.500 12.500 0.000 0.000 0.027 0.008
6 2 25 12.500 12.500 0.000 0.000 0.023 0.007
6 2 26 12.500 12.500 0.000 0.000 0.042 0.007
6 2 27 12.500 12.500 0.000 0.000 0.017 0.006
6 2 28 12.500 12.500 0.000 0.000 -0.047 0.009
6 2 29 12.500 12.500 0.000 0.000 0.073 0.010
6 2 30 12.500 12.500 0.000 0.000 -0.015 0.008
6 2 31 12.500 12.500 0.000 0.000 -0.032 0.012
6 2 32 12.500 12.500 0.000 0.000 0.006 0.005
6 2 33 12.500 12.500 0.000 0.000 0.017 0.008
6 2 34 12.500 12.500 0.000 0.000 -0.003 0.006
6 2 35 12.500 12.500 0.000 0.000 -0.004 0.008
6 2 36 12.500 12.500 0.000 0.000 -0.019 0.007
6 2 37 12.500 12.500 0.000 0.000 0.006 0.008
6 2 38 12.500 12.500 0.000 0.000 0.061 0.007
6 2 39 12.500 12.500 0.000 0.000 0.010 0.006
6 2 40 12.500 12.500 0.000 0.000 -0.012 0.007
6 2 41 12.500 12.500 0.000 0.000 0.028 0.010
6 2 42 12.500 12.500 0.000 0.000 -0.011 0.009
6 2 43 12.500 12.500 0.000 0.000 0.074 0.011
6 2 44 12.500 12.500 0.000 0.000 -0.001 0.010
6 2 45 12.500 12.500 0.000 0.000 0.054 0.011
6 2 46 12.500 12.500 0.000 0.000 -0.015 0.011
6 2 47 12.500 12.500 0.000 0.000 0.033 0.012
6 2 48 12.500 12.500 0.000 0.000 0.052 0.008
6 2 49 12.500 12.500 0.000 0.000 -0.005 0.008
6 2 50 12.500 12.500 0.000 0.000 0.039 0.010
6 2 51 12.500 12.500 0.000 0.000 0.032 0.008
6 2 52 12.500 12.500 0.000 0.000 0.069 0.009
6 2 53 12.500 12.500 0.000 0.000 0.029 0.009
6 2 54 12.500 12.500 0.000 0.000 0.086 0.012
6 2 55 12.500 12.500 0.000 0.000 0.172 0.011
6 2 56 12.500 12.500 0.000 0.000 0.027 0.012
6 2 57 12.500 12.500 0.000 0.000 0.169 0.016
6 2 58 12.500 12.500 0.000 0.000 0.172 0.015
6 2 59 12.500 12.500 0.000 0.000 0.116 0.013
6 2 60 12.500 12.500 0.000 0.000 0.140 0.013
6 2 61 12.500 12.500 0.000 0.000 0.124 0.013
6 2 62 12.500 12.500 0.000 0.000 0.120 0.013
6 3 1 12.500 12.500 0.000 0.000 -0.073 0.010
6 3 2 12.500 12.500 0.000 0.000 -0.011 0.009
6 3 3 12.500 12.500 0.000 0.000 -0.788 0.014
6 3 4 12.500 12.500 0.000 0.000 -0.164 0.010
6 3 5 12.500 12.500 0.000 0.000 -0.078 0.010
