1 1 1 1.058 0.575 -24.048
1 1 2 -0.510 0.105 -18.036
1 1 3 2.359 -0.912 -8.016
1 1 4 0.737 0.272 -24.048
1 1 5 -0.731 -0.509 -18.036
1 1 6 3.311 -0.655 -12.024
1 1 7 -0.660 -0.351 4.008
1 1 8 -0.713 0.310 -0.000
1 1 9 -1.925 0.623 -16.032
1 1 10 1.007 -0.730 6.012
1 1 11 4.346 -0.306 -2.004
1 1 12 2.090 -0.204 2.004
1 1 13 -2.834 -0.551 2.004
1 1 14 0.009 -0.656 -6.012
1 1 15 0.876 0.594 -6.012
1 1 16 1.513 0.753 -4.008
1 1 17 -4.058 0.406 6.012
1 1 18 1.653 0.474 10.020
1 1 19 -0.592 0.569 8.016
1 1 20 0.329 0.180 6.012
1 1 21 0.345 -0.674 10.020
1 1 22 -2.231 -0.764 12.024
1 1 23 -0.286 -0.028 -2.004
1 2 1 0.128 0.447 8.016
1 2 2 0.534 -0.446 14.028
1 2 3 1.193 0.876 8.016
1 2 4 0.818 0.018 10.020
1 2 5 1.307 -0.115 -4.008
1 2 6 -0.976 0.402 -6.012
1 2 7 -1.377 0.830 -0.000
1 2 8 -1.045 0.289 -0.000
1 2 9 -2.226 -0.963 -6.012
1 2 10 0.125 0.274 -4.008
1 2 11 0.335 0.325 12.024
1 2 12 1.250 0.669 12.024
1 2 13 -0.133 -0.121 -0.000
1 2 14 -0.515 -0.921 -0.000
1 2 15 0.103 -0.161 6.012
1 2 16 -1.506 -0.699 2.004
1 2 17 0.298 -0.299 2.004
1 2 18 0.851 0.166 4.008
1 2 19 -0.879 -0.732 6.012
1 2 20 -0.180 0.672 -4.008
1 2 21 -0.241 -0.705 8.016
1 2 22 -0.982 -0.601 2.004
1 2 23 -1.019 -0.555 2.004
1 2 24 0.466 -0.137 6.012
1 2 25 0.867 -0.202 10.020
1 2 26 0.356 0.232 18.036
1 2 27 0.927 0.334 14.028
1 2 28 1.991 0.540 20.040
1 2 29 -0.090 0.687 22.044
1 2 30 0.060 -0.803 22.044
1 2 31 0.478 0.540 20.040
1 2 32 0.741 0.312 10.020
1 2 33 1.441 0.889 4.008
1 2 34 0.247 0.579 18.036
1 2 35 -0.831 0.678 20.040
1 2 36 -0.998 -0.049 8.016
1 2 37 -1.092 0.718 8.016
1 2 38 -0.642 0.976 12.024
1 2 39 -1.780 0.408 8.016
1 2 40 -1.795 -0.840 8.016
1 2 41 0.713 0.609 26.052
1 2 42 -0.375 0.046 6.012
1 2 43 0.138 -0.584 12.024
1 2 44 -0.525 0.995 18.036
1 2 45 -0.786 -0.432 14.028
1 2 46 -0.132 0.756 14.028
1 2 47 0.151 0.674 24.048
1 2 48 1.170 -0.108 14.028
1 2 49 1.497 0.542 6.012
1 2 50 -0.728 0.770 18.036
1 2 51 0.524 -0.537 16.032
1 2 52 -0.503 -1.020 6.012
1 2 53 -0.580 0.212 12.024
1 2 54 -0.861 -0.236 20.040
1 2 55 -0.349 0.516 20.040
1 2 56 0.126 -1.027 12.024
1 2 57 -0.279 0.570 22.044
1 2 58 -0.295 0.225 22.044
1 2 59 -0.890 -0.060 26.052
1 2 60 -0.108 -0.671 20.040
1 2 61 1.502 0.612 22.044
1 2 62 0.170 -0.642 28.056
1 3 1 11.963 -0.149 -12.024
1 3 2 -8.491 -0.073 -10.020
1 3 3 -9.541 -0.663 0.000
1 3 4 -7.322 -0.998 0.000
1 3 5 0.413 -1.047 -4.008
2 1 1 -3.613 0.091 14.028
2 1 2 1.620 0.083 -0.000
2 1 3 1.136 0.069 20.040
2 1 4 -1.945 -0.829 2.004
2 1 5 -0.126 -0.173 10.020
2 1 6 0.000 0.000 0.000
2 1 7 0.109 0.524 8.016
2 1 8 -0.859 -0.739 24.048
2 1 9 0.572 -0.574 6.012
2 1 10 0.000 0.000 0.000
2 1 11 1.018 0.779 10.020
2 1 12 2.115 1.046 28.056
2 1 13 0.985 -0.711 18.036
2 1 14 2.062 0.792 16.032
2 1 15 0.427 -0.856 16.032
2 1 16 0.407 -0.170 30.060
2 1 17 4.504 0.449 28.056
2 1 18 -0.881 0.370 24.048
2 1 19 -7.964 -0.527 12.024
2 1 20 1.120 0.726 24.048
2 1 21 -5.069 -0.080 30.060
2 1 22 -0.878 -1.488 30.060
2 1 23 -2.174 -0.177 22.044
2 2 1 -1.678 -1.461 28.056
2 2 2 0.190 0.533 26.052
2 2 3 0.446 0.594 34.068
2 2 4 1.607 0.447 34.068
2 2 5 -0.322 0.357 16.032
2 2 6 -1.602 -0.032 36.072
2 2 7 0.911 0.342 28.056
2 2 8 -0.517 -0.930 18.036
2 2 9 2.323 -0.618 26.052
2 2 10 1.546 0.078 26.052
2 2 11 1.845 0.375 40.080
2 2 12 0.778 -0.832 38.076
2 2 13 -0.542 0.795 40.080
2 2 14 0.471 0.235 44.088
2 2 15 -0.340 1.000 26.052
2 2 16 0.883 -0.237 26.052
2 2 17 0.785 0.520 38.076
2 2 18 0.492 0.608 38.076
2 2 19 0.031 0.532 32.064
2 2 20 0.143 0.249 24.048
2 2 21 -0.148 0.722 24.048
2 2 22 0.038 -0.835 40.080
2 2 23 -0.219 -0.769 40.080
2 2 24 -0.211 -0.090 40.080
2 2 25 0.068 -0.025 38.076
2 2 26 0.488 -0.527 30.060
2 2 27 1.960 -0.859 28.056
2 2 28 0.680 0.081 46.092
2 2 29 1.802 -0.258 28.056
2 2 30 1.988 -0.372 44.088
2 2 31 0.511 -0.465 44.088
2 2 32 2.721 -0.718 44.088
2 2 33 0.156 -0.098 30.060
2 2 34 0.462 -0.121 30.060
2 2 35 0.647 0.337 36.072
2 2 36 0.281 0.868 42.084
2 2 37 -0.538 -0.256 30.060
2 2 38 0.667 -0.125 48.096
2 2 39 -0.124 0.234 32.064
2 2 40 0.343 -0.069 48.096
2 2 41 2.097 0.986 46.092
2 2 42 0.640 -0.666 34.068
2 2 43 0.458 -0.762 34.068
2 2 44 1.119 -0.938 38.076
2 2 45 1.257 -0.363 38.076
2 2 46 0.316 -0.032 38.076
2 2 47 0.140 -0.950 42.084
2 2 48 1.981 0.402 50.100
2 2 49 1.421 0.810 44.088
2 2 50 1.078 0.740 52.104
2 2 51 -0.573 0.284 34.068
2 2 52 0.920 -0.119 38.076
2 2 53 1.027 -0.384 30.060
2 2 54 -1.204 -0.413 46.092
2 2 55 -0.945 -0.412 56.112
2 2 56 -0.726 0.489 48.096
2 2 57 0.182 0.059 46.092
2 2 58 -0.195 -0.173 38.076
2 2 59 1.183 0.501 40.080
2 2 60 -0.311 0.022 46.092
2 2 61 1.231 0.706 40.080
2 2 62 -0.828 0.406 38.076
2 3 1 9.189 -0.860 24.048
2 3 2 -1.504 -2.261 20.040
2 3 3 0.148 0.512 22.044
2 3 4 -9.966 -0.812 0.000
2 3 5 7.231 0.000 0.000
3 1 1 -0.743 -0.217 -14.028
3 1 2 1.147 -0.965 -28.056
3 1 3 0.314 0.748 -10.020
3 1 4 0.246 -0.501 -28.056
3 1 5 0.915 -0.150 -24.048
3 1 6 -1.226 -0.056 -24.048
3 1 7 6.269 -0.613 -8.016
3 1 8 -0.915 -0.651 -4.008
3 1 9 0.618 0.669 -24.048
3 1 10 -0.100 -0.177 -18.036
3 1 11 -1.579 -0.462 -18.036
3 1 12 0.802 0.394 -8.016
3 1 13 1.497 0.858 -16.032
3 1 14 -3.359 -0.564 -18.036
3 1 15 6.682 0.128 -8.016
3 1 16 1.227 -0.597 -6.012
3 1 17 -7.958 -0.975 -0.000
3 1 18 -1.238 -0.864 -6.012
3 1 19 -0.310 0.090 -10.020
3 1 20 2.138 0.188 -0.000
3 1 21 -0.903 0.134 -0.000
3 1 22 -3.276 -0.493 -2.004
3 1 23 2.030 0.020 -4.008
3 2 1 -1.704 0.017 6.012
3 2 2 5.237 -0.467 -12.024
3 2 3 2.356 0.536 -14.028
3 2 4 -1.655 0.363 -12.024
3 2 5 1.091 -0.495 -12.024
3 2 6 -0.256 0.250 6.012
3 2 7 0.055 -0.069 6.012
3 2 8 0.064 -0.296 6.012
3 2 9 0.830 0.314 4.008
3 2 10 -0.149 -0.514 6.012
3 2 11 0.236 0.031 6.012
3 2 12 0.773 0.796 -10.020
3 2 13 1.214 0.202 -10.020
3 2 14 -0.356 0.277 -8.016
3 2 15 0.223 -0.704 -2.004
3 2 16 -0.680 0.364 12.024
3 2 17 -0.005 -0.086 -8.016
3 2 18 -2.201 -0.857 -8.016
3 2 19 -1.077 -0.140 -6.012
3 2 20 -0.316 -0.260 -8.016
3 2 21 0.589 0.077 -6.012
3 2 22 -0.684 -0.219 -8.016
3 2 23 -0.081 0.100 -2.004
3 2 24 0.271 0.082 -6.012
3 2 25 0.967 -0.740 -2.004
3 2 26 0.738 0.098 -2.004
3 2 27 -1.022 0.116 -2.004
3 2 28 -0.088 0.714 -2.004
3 2 29 1.985 0.790 8.016
3 2 30 -0.987 0.917 14.028
3 2 31 -0.560 -0.308 8.016
3 2 32 1.080 0.757 6.012
3 2 33 0.115 -0.683 -2.004
3 2 34 0.041 0.030 4.008
3 2 35 1.211 0.252 8.016
3 2 36 -1.080 0.996 -0.000
3 2 37 -1.199 -0.783 18.036
3 2 38 0.492 -0.120 4.008
3 2 39 -1.211 -0.646 12.024
3 2 40 -0.982 0.269 12.024
3 2 41 1.923 0.581 4.008
3 2 42 1.027 -0.390 10.020
3 2 43 -0.809 -0.468 10.020
3 2 44 1.122 0.864 8.016
3 2 45 0.783 0.688 10.020
3 2 46 0.477 -1.111 22.044
3 2 47 0.606 0.925 12.024
3 2 48 0.624 0.435 12.024
3 2 49 -0.664 0.643 6.012
3 2 50 -2.518 1.000 16.032
3 2 51 0.292 -0.847 14.028
3 2 52 0.396 0.445 16.032
3 2 53 1.444 -0.369 16.032
3 2 54 -0.250 -0.542 8.016
3 2 55 1.441 0.903 8.016
3 2 56 1.018 -0.487 14.028
3 2 57 0.282 -0.126 8.016
3 2 58 0.035 -1.209 8.016
3 2 59 -1.305 -0.042 16.032
3 2 60 -0.226 -0.231 12.024
3 2 61 -0.658 0.324 16.032
3 2 62 -0.120 0.359 18.036
3 3 1 0.942 -0.155 -14.028
3 3 2 1.422 -0.386 -6.012
3 3 3 -4.282 0.914 -2.004
3 3 4 -1.301 0.454 -10.020
3 3 5 -6.272 -0.437 0.000
4 1 1 1.248 -0.851 -38.076
4 1 2 2.385 0.021 -38.076
4 1 3 0.788 0.983 -36.072
4 1 4 -1.716 0.223 -14.028
4 1 5 -1.084 -0.079 -26.052
4 1 6 1.662 -0.025 -30.060
4 1 7 0.162 -0.766 -20.040
4 1 8 -1.118 -0.486 -20.040
4 1 9 -0.870 0.790 -22.044
4 1 10 0.301 0.492 -26.052
4 1 11 2.484 0.699 -18.036
4 1 12 -1.206 -0.658 -20.040
4 1 13 -0.185 0.644 -16.032
4 1 14 -0.671 0.605 -14.028
4 1 15 2.958 0.151 -12.024
4 1 16 0.299 -0.018 -12.024
4 1 17 -2.775 0.721 -14.028
4 1 18 0.000 0.000 0.000
4 1 19 -0.801 -0.531 -14.028
4 1 20 0.510 0.671 -10.020
4 1 21 -0.983 -0.255 -6.012
4 1 22 -0.076 -0.673 -6.012
4 1 23 1.117 0.729 8.016
4 2 1 -0.603 -0.731 -22.044
4 2 2 -1.197 0.183 -22.044
4 2 3 -2.080 -0.228 -20.040
4 2 4 -0.162 -0.936 -22.044
4 2 5 -0.021 -0.055 -10.020
4 2 6 -1.840 0.176 -20.040
4 2 7 -0.756 -0.802 -20.040
4 2 8 0.089 0.117 -20.040
4 2 9 1.496 -0.427 -12.024
4 2 10 0.662 -0.978 6.012
4 2 11 0.547 0.701 -12.024
4 2 12 0.790 -0.469 -2.004
4 2 13 0.120 -0.501 -2.004
4 2 14 0.381 0.773 -14.028
4 2 15 0.381 -0.032 -4.008
4 2 16 -1.217 -0.312 -10.020
4 2 17 0.361 -0.648 -10.020
4 2 18 -1.456 -0.542 -12.024
4 2 19 -0.372 -0.887 -16.032
4 2 20 1.846 0.590 -6.012
4 2 21 -0.478 -0.432 -4.008
4 2 22 0.131 -0.408 -14.028
4 2 23 -0.044 0.264 -4.008
4 2 24 -0.040 -0.665 -4.008
4 2 25 0.555 -0.803 -4.008
4 2 26 0.771 0.298 4.008
4 2 27 1.398 0.041 -2.004
4 2 28 0.473 0.335 -0.000
4 2 29 1.048 -0.201 2.004
4 2 30 0.781 -0.820 -0.000
4 2 31 0.179 0.775 -0.000
4 2 32 0.001 0.450 -2.004
4 2 33 -0.528 -0.709 -0.000
4 2 34 0.439 -0.825 -2.004
4 2 35 0.764 -0.414 -0.000
4 2 36 1.401 0.457 -6.012
4 2 37 0.685 -0.248 -0.000
4 2 38 1.007 -0.621 4.008
4 2 39 -0.300 0.136 6.012
4 2 40 -1.820 0.155 4.008
4 2 41 0.486 0.159 2.004
4 2 42 0.710 -0.734 2.004
4 2 43 0.811 0.616 -0.000
4 2 44 1.158 0.327 2.004
4 2 45 1.344 -0.141 2.004
4 2 46 -0.790 0.663 -0.000
4 2 47 0.623 -0.709 2.004
4 2 48 0.008 0.509 -0.000
4 2 49 1.073 -0.611 -0.000
4 2 50 -0.318 -0.569 8.016
4 2 51 0.694 0.058 4.008
4 2 52 -0.359 -0.362 2.004
4 2 53 0.656 0.725 4.008
4 2 54 -0.025 0.236 24.048
4 2 55 -0.129 -0.193 8.016
4 2 56 -0.159 0.565 6.012
4 2 57 -0.596 0.561 2.004
4 2 58 -0.538 0.771 26.052
4 2 59 0.233 -0.323 24.048
4 2 60 1.775 0.049 10.020
4 2 61 1.234 -0.786 26.052
4 2 62 -1.182 0.827 4.008
4 3 1 3.486 0.369 -38.076
4 3 2 2.104 -0.806 0.000
4 3 3 -3.473 0.000 0.000
4 3 4 11.869 0.000 0.000
4 3 5 0.000 0.000 0.000
5 1 1 -0.820 -0.507 -28.056
5 1 2 2.474 0.379 -54.108
5 1 3 -0.239 -0.771 -20.040
5 1 4 0.066 0.083 -52.104
5 1 5 0.035 0.682 -20.040
5 1 6 3.592 -0.834 -20.040
5 1 7 -1.442 0.556 -22.044
5 1 8 1.123 0.503 -16.032
5 1 9 1.018 0.596 -18.036
5 1 10 1.798 0.587 -12.024
5 1 11 -0.334 -0.852 -14.028
5 1 12 -1.102 -0.455 -14.028
5 1 13 2.072 0.788 -12.024
5 1 14 1.158 -0.115 -10.020
5 1 15 -3.650 0.545 -10.020
5 1 16 8.282 1.073 -4.008
5 1 17 3.117 0.327 -12.024
5 1 18 0.319 0.518 -10.020
5 1 19 -0.971 0.382 -8.016
5 1 20 0.574 -0.061 -4.008
5 1 21 -0.269 -0.282 -2.004
5 1 22 -0.899 -0.802 -6.012
5 1 23 -0.563 0.719 -14.028
5 2 1 1.826 0.982 -6.012
5 2 2 -0.904 0.136 -14.028
5 2 3 0.115 0.314 -12.024
5 2 4 1.014 -0.037 -38.076
5 2 5 0.102 -0.702 -22.044
5 2 6 1.479 -0.105 -36.072
5 2 7 1.032 -0.070 -36.072
5 2 8 0.388 0.192 -36.072
5 2 9 0.719 0.606 -8.016
5 2 10 1.351 0.472 -10.020
5 2 11 0.173 0.292 -28.056
5 2 12 0.651 0.831 -28.056
5 2 13 0.426 0.194 -16.032
5 2 14 0.678 0.769 -32.064
5 2 15 0.656 -0.694 2.004
5 2 16 2.230 -0.574 2.004
5 2 17 -0.136 0.376 -34.068
5 2 18 0.463 -0.586 -0.000
5 2 19 1.383 0.397 -0.000
5 2 20 0.297 -0.153 -24.048
5 2 21 0.508 0.540 4.008
5 2 22 -0.528 0.045 -0.000
5 2 23 -0.375 -0.888 -0.000
5 2 24 0.554 0.046 -12.024
5 2 25 1.262 0.233 -0.000
5 2 26 0.195 -0.885 6.012
5 2 27 1.173 -0.791 4.008
5 2 28 1.739 -0.848 6.012
5 2 29 1.226 -0.351 6.012
5 2 30 0.770 -0.151 -2.004
5 2 31 1.291 -0.210 6.012
5 2 32 0.153 0.811 16.032
5 2 33 1.375 0.532 4.008
5 2 34 -0.021 -0.808 2.004
5 2 35 0.268 0.422 4.008
5 2 36 -0.598 -0.162 4.008
5 2 37 0.219 0.300 4.008
5 2 38 -1.394 0.384 4.008
5 2 39 -0.627 0.034 8.016
5 2 40 0.186 0.935 8.016
5 2 41 0.925 0.971 8.016
5 2 42 1.424 -0.017 8.016
5 2 43 0.439 -0.795 6.012
5 2 44 0.722 -0.354 -0.000
5 2 45 1.602 -0.897 4.008
5 2 46 0.431 -0.266 10.020
5 2 47 0.846 -0.622 26.052
5 2 48 0.015 -1.019 2.004
5 2 49 -0.591 -0.568 6.012
5 2 50 1.157 -0.721 12.024
5 2 51 0.608 0.745 14.028
5 2 52 0.070 -0.225 12.024
5 2 53 0.133 -0.795 12.024
5 2 54 0.953 0.317 24.048
5 2 55 -0.882 -0.293 8.016
5 2 56 1.329 -0.348 18.036
5 2 57 -0.867 0.061 10.020
5 2 58 0.050 0.447 4.008
5 2 59 -0.789 -0.188 10.020
5 2 60 -0.050 -1.824 10.020
5 2 61 0.910 -1.003 30.060
5 2 62 -0.857 0.136 88.176
5 3 1 -0.015 -1.080 -14.028
5 3 2 0.494 0.169 -24.048
5 3 3 2.789 -1.062 -16.032
5 3 4 0.237 -0.887 -4.008
5 3 5 -9.091 0.000 0.000
6 1 1 3.813 0.431 -22.044
6 1 2 0.248 0.173 -26.052
6 1 3 -2.010 -0.945 -26.052
6 1 4 2.628 0.667 -26.052
6 1 5 3.179 -0.949 -16.032
6 1 6 -1.414 -0.178 -20.040
6 1 7 0.950 0.517 -20.040
6 1 8 3.022 0.600 -20.040
6 1 9 2.175 -0.062 -14.028
6 1 10 1.147 -0.251 -10.020
6 1 11 0.006 -0.422 -10.020
6 1 12 1.393 0.796 -14.028
6 1 13 2.722 -0.045 -10.020
6 1 14 -4.228 0.743 -12.024
6 1 15 -1.720 0.913 -8.016
6 1 16 1.046 0.787 -10.020
6 1 17 4.013 -0.052 -12.024
6 1 18 1.782 0.409 -14.028
6 1 19 1.716 0.594 -6.012
6 1 20 3.827 -0.597 -10.020
6 1 21 0.000 0.000 0.000
6 1 22 -1.108 0.074 -10.020
6 1 23 0.060 0.398 -6.012
6 2 1 -1.538 -0.020 -8.016
6 2 2 0.083 -0.020 -8.016
6 2 3 0.170 -0.145 8.016
6 2 4 2.478 0.665 -12.024
6 2 5 1.312 0.902 -8.016
6 2 6 1.953 -0.951 -8.016
6 2 7 -0.140 -0.478 -10.020
6 2 8 -1.320 -0.929 12.024
6 2 9 -0.211 0.959 8.016
6 2 10 0.819 -0.297 -10.020
6 2 11 0.981 -0.605 -10.020
6 2 12 1.415 0.536 10.020
6 2 13 0.495 0.338 -6.012
6 2 14 0.738 0.284 2.004
6 2 15 0.679 0.697 2.004
6 2 16 -0.445 0.333 -2.004
6 2 17 -0.835 -0.096 -2.004
6 2 18 0.304 -0.395 12.024
6 2 19 1.999 -0.978 -4.008
6 2 20 -0.431 -0.888 -2.004
6 2 21 1.369 -0.788 4.008
6 2 22 0.480 0.147 2.004
6 2 23 0.179 0.881 -0.000
6 2 24 1.748 0.387 -2.004
6 2 25 1.430 -0.116 2.004
6 2 26 0.661 0.847 6.012
6 2 27 1.066 -0.868 8.016
6 2 28 0.140 0.803 22.044
6 2 29 1.377 0.248 6.012
6 2 30 0.370 -0.431 8.016
6 2 31 0.574 0.774 6.012
6 2 32 0.757 -0.919 -0.000
6 2 33 -0.760 -0.139 2.004
6 2 34 0.449 -0.825 -0.000
6 2 35 0.469 -0.771 18.036
6 2 36 0.617 0.735 4.008
6 2 37 0.525 -0.218 6.012
6 2 38 -1.070 -0.690 10.020
6 2 39 -0.208 0.890 8.016
6 2 40 0.723 0.133 10.020
6 2 41 2.698 0.650 18.036
6 2 42 1.463 -0.558 22.044
6 2 43 0.796 0.526 8.016
6 2 44 0.071 0.327 10.020
6 2 45 0.899 -0.997 20.040
6 2 46 0.391 -0.512 26.052
6 2 47 0.734 0.162 24.048
6 2 48 0.414 -0.649 14.028
6 2 49 -0.056 0.468 6.012
6 2 50 2.160 0.076 8.016
6 2 51 1.238 0.490 10.020
6 2 52 -0.323 0.699 8.016
6 2 53 1.017 0.116 10.020
6 2 54 1.279 0.827 10.020
6 2 55 1.345 -0.652 4.008
6 2 56 0.558 0.320 14.028
6 2 57 0.424 -0.536 20.040
6 2 58 -0.378 -0.850 14.028
6 2 59 0.694 -0.851 16.032
6 2 60 0.170 -0.520 28.056
6 2 61 0.491 -0.711 36.072
6 2 62 -0.395 -0.435 8.016
6 3 1 -0.621 -0.167 2.004
6 3 2 3.760 0.296 -30.060
6 3 3 5.366 0.450 -28.056
6 3 4 -9.033 -0.634 0.000
6 3 5 4.903 0.000 0.000
