1 1 1 16.23 16.06 10.00
1 1 2 16.58 16.02 10.00
1 1 3 16.37 15.85 10.00
1 1 4 17.04 15.71 10.00
1 1 5 15.57 16.16 10.00
1 1 6 16.23 15.46 10.00
1 1 7 14.66 15.85 10.00
1 1 8 16.83 16.13 10.00
1 1 9 15.81 14.73 10.00
1 1 10 15.25 14.55 10.00
1 1 11 15.74 14.06 10.00
1 1 12 14.45 13.99 10.00
1 1 13 13.40 14.03 10.00
1 1 14 14.45 14.31 10.00
1 1 15 14.90 14.66 10.00
1 1 16 14.17 14.41 10.00
1 1 17 14.55 14.24 10.00
1 1 18 14.48 13.64 10.00
1 1 19 14.24 13.64 10.00
1 1 20 13.92 12.45 10.00
1 1 21 14.48 13.92 10.00
1 1 22 13.01 13.99 10.00
1 1 23 14.59 13.99 10.00
1 2 1 -0.32 -0.32 10.00
1 2 2 0.94 0.66 10.00
1 2 3 0.66 -0.32 10.00
1 2 4 1.32 -0.11 10.00
1 2 5 -0.46 0.41 10.00
1 2 6 0.06 0.31 10.00
1 2 7 -0.01 0.59 10.00
1 2 8 0.24 1.04 10.00
1 2 9 1.01 -0.78 10.00
1 2 10 0.69 -0.92 10.00
1 2 11 0.62 -0.25 10.00
1 2 12 0.24 -0.29 10.00
1 2 13 -0.32 -0.32 10.00
1 2 14 -0.32 -0.99 10.00
1 2 15 0.27 -0.64 10.00
1 2 16 -0.18 -1.16 10.00
1 2 17 0.59 -0.53 10.00
1 2 18 0.06 -0.81 10.00
1 2 19 -0.01 -0.95 10.00
1 2 20 -0.25 -0.36 10.00
1 2 21 -0.99 -1.20 10.00
1 2 22 -0.53 -0.53 10.00
1 2 23 -1.02 -0.81 10.00
1 2 24 -1.30 -0.04 10.00
1 2 25 0.24 -1.09 10.00
1 2 26 -0.22 -1.27 10.00
1 2 27 -0.25 -1.09 10.00
1 2 28 -1.41 -1.90 10.00
1 2 29 -1.30 -1.76 10.00
1 2 30 -2.25 -1.23 10.00
1 2 31 -0.99 -1.79 10.00
1 2 32 -2.00 -1.55 10.00
1 2 33 -0.92 -0.64 10.00
1 2 34 0.10 -0.25 10.00
1 2 35 -0.57 -1.51 10.00
1 2 36 -0.11 -1.06 10.00
1 2 37 -1.23 -1.23 10.00
1 2 38 -0.92 -0.81 10.00
1 2 39 -1.13 -0.53 10.00
1 2 40 -0.78 -0.57 10.00
1 2 41 -0.57 -1.44 10.00
1 2 42 -1.16 -2.04 10.00
1 2 43 -1.02 -1.93 10.00
1 2 44 -1.02 -2.14 10.00
1 2 45 -1.58 -1.34 10.00
1 2 46 -1.44 -2.28 10.00
1 2 47 -2.21 -2.11 10.00
1 2 48 -2.18 -1.93 10.00
1 2 49 5.24 5.14 10.00
1 2 50 4.79 5.14 10.00
1 2 51 5.73 5.42 10.00
1 2 52 5.17 4.58 10.00
1 2 53 4.58 4.02 10.00
1 2 54 4.19 3.91 10.00
1 2 55 3.95 4.79 10.00
1 2 56 4.58 4.89 10.00
1 2 57 3.04 3.07 10.00
1 2 58 3.60 3.11 10.00
1 2 59 4.26 3.35 10.00
1 2 60 3.95 3.32 10.00
1 2 61 2.76 3.39 10.00
1 2 62 2.79 3.04 10.00
1 3 1 13.19 13.12 10.00
1 3 2 14.59 14.03 10.00
1 3 3 14.03 12.52 10.00
1 3 4 13.15 13.22 10.00
1 3 5 12.91 11.61 10.00
2 1 1 27.43 27.50 10.00
2 1 2 27.54 27.19 10.00
2 1 3 26.91 26.63 10.00
2 1 4 27.99 26.80 10.00
2 1 5 25.40 26.84 10.00
2 1 6 0.00 0.00 10.00
2 1 7 26.14 26.91 10.00
2 1 8 27.01 27.92 10.00
2 1 9 27.57 26.70 10.00
2 1 10 0.00 0.00 10.00
2 1 11 26.91 26.49 10.00
2 1 12 26.98 24.81 10.00
2 1 13 26.14 26.03 10.00
2 1 14 25.68 25.33 10.00
2 1 15 26.17 25.26 10.00
2 1 16 25.79 25.96 10.00
2 1 17 26.56 24.25 10.00
2 1 18 26.00 25.12 10.00
2 1 19 0.00 0.00 10.00
2 1 20 25.12 23.90 10.00
2 1 21 25.51 25.19 10.00
2 1 22 24.81 25.47 10.00
2 1 23 25.19 25.44 10.00
2 2 1 11.96 10.53 10.00
2 2 2 12.10 11.19 10.00
2 2 3 11.72 11.09 10.00
2 2 4 11.96 11.61 10.00
2 2 5 10.95 11.16 10.00
2 2 6 11.12 11.05 10.00
2 2 7 12.03 11.89 10.00
2 2 8 11.33 12.28 10.00
2 2 9 12.17 11.65 10.00
2 2 10 12.00 10.63 10.00
2 2 11 12.17 10.28 10.00
2 2 12 11.72 10.07 10.00
2 2 13 11.26 10.88 10.00
2 2 14 10.95 9.69 10.00
2 2 15 10.28 10.35 10.00
2 2 16 10.49 10.18 10.00
2 2 17 12.38 11.44 10.00
2 2 18 12.00 11.58 10.00
2 2 19 11.75 11.02 10.00
2 2 20 12.31 12.10 10.00
2 2 21 10.88 10.84 10.00
2 2 22 11.47 11.30 10.00
2 2 23 11.37 11.05 10.00
2 2 24 10.67 12.10 10.00
2 2 25 12.10 11.02 10.00
2 2 26 11.65 10.49 10.00
2 2 27 11.65 10.98 10.00
2 2 28 11.19 10.25 10.00
2 2 29 10.70 10.95 10.00
2 2 30 9.86 9.97 10.00
2 2 31 10.46 10.53 10.00
2 2 32 10.00 9.93 10.00
2 2 33 10.70 10.60 10.00
2 2 34 11.72 11.51 10.00
2 2 35 11.23 10.88 10.00
2 2 36 11.26 10.95 10.00
2 2 37 9.97 10.53 10.00
2 2 38 10.95 11.40 10.00
2 2 39 10.04 10.46 10.00
2 2 40 10.39 11.16 10.00
2 2 41 10.88 10.32 10.00
2 2 42 10.32 9.34 10.00
2 2 43 10.35 9.30 10.00
2 2 44 9.97 9.83 10.00
2 2 45 9.83 9.65 10.00
2 2 46 9.97 9.20 10.00
2 2 47 10.07 9.30 10.00
2 2 48 9.62 9.62 10.00
2 2 49 11.40 10.98 10.00
2 2 50 10.74 10.77 10.00
2 2 51 11.26 10.42 10.00
2 2 52 11.05 10.39 10.00
2 2 53 10.11 9.97 10.00
2 2 54 9.90 10.21 10.00
2 2 55 10.74 9.62 10.00
2 2 56 10.07 10.39 10.00
2 2 57 9.55 8.57 10.00
2 2 58 9.27 8.43 10.00
2 2 59 9.51 8.71 10.00
2 2 60 9.55 8.95 10.00
2 2 61 8.99 8.46 10.00
2 2 62 8.46 8.43 10.00
2 3 1 24.70 26.10 10.00
2 3 2 25.37 24.84 10.00
2 3 3 24.32 24.91 10.00
2 3 4 24.56 23.58 10.00
2 3 5 23.83 25.16 10.00
3 1 1 14.94 14.34 10.00
3 1 2 15.08 14.45 10.00
3 1 3 13.92 13.57 10.00
3 1 4 14.69 13.61 10.00
3 1 5 13.40 14.03 10.00
3 1 6 14.38 13.43 10.00
3 1 7 19.38 14.52 10.00
3 1 8 14.69 14.31 10.00
3 1 9 14.17 14.55 10.00
3 1 10 13.78 12.52 10.00
3 1 11 14.83 13.40 10.00
3 1 12 13.12 12.03 10.00
3 1 13 12.87 13.33 10.00
3 1 14 13.89 13.05 10.00
3 1 15 14.34 13.12 10.00
3 1 16 13.01 12.63 10.00
3 1 17 13.12 13.12 10.00
3 1 18 12.24 12.28 10.00
3 1 19 13.40 12.49 10.00
3 1 20 12.14 11.58 10.00
3 1 21 11.61 12.49 10.00
3 1 22 11.86 12.17 10.00
3 1 23 11.93 13.12 10.00
3 2 1 -1.41 -2.98 10.00
3 2 2 -0.53 -3.33 10.00
3 2 3 -1.55 -1.51 10.00
3 2 4 -1.13 -2.14 10.00
3 2 5 -0.78 -1.30 10.00
3 2 6 -0.78 -1.69 10.00
3 2 7 -1.51 -0.81 10.00
3 2 8 -0.43 -0.50 10.00
3 2 9 -0.18 -1.44 10.00
3 2 10 -0.46 -1.72 10.00
3 2 11 -0.57 -1.76 10.00
3 2 12 -1.37 -2.39 10.00
3 2 13 -1.79 -2.25 10.00
3 2 14 -2.04 -1.97 10.00
3 2 15 -1.37 -2.00 10.00
3 2 16 -1.90 -2.14 10.00
3 2 17 -0.43 -0.95 10.00
3 2 18 -0.78 -1.02 10.00
3 2 19 -0.32 -1.13 10.00
3 2 20 -0.15 -1.48 10.00
3 2 21 -2.07 -1.37 10.00
3 2 22 -0.43 -0.88 10.00
3 2 23 -1.79 -1.06 10.00
3 2 24 -0.81 -0.99 10.00
3 2 25 -0.81 -1.16 10.00
3 2 26 -0.81 -1.83 10.00
3 2 27 -0.74 -2.28 10.00
3 2 28 -1.20 -2.95 10.00
3 2 29 -2.21 -3.12 10.00
3 2 30 -1.97 -2.39 10.00
3 2 31 -2.32 -2.07 10.00
3 2 32 -2.60 -2.95 10.00
3 2 33 -1.69 -2.77 10.00
3 2 34 -1.16 -1.76 10.00
3 2 35 -2.49 -2.35 10.00
3 2 36 -1.51 -2.39 10.00
3 2 37 -2.74 -2.95 10.00
3 2 38 -1.97 -2.25 10.00
3 2 39 -3.47 -2.53 10.00
3 2 40 -1.13 -1.83 10.00
3 2 41 -2.42 -3.26 10.00
3 2 42 -2.53 -3.65 10.00
3 2 43 -2.11 -3.72 10.00
3 2 44 -2.70 -3.44 10.00
3 2 45 -3.47 -4.31 10.00
3 2 46 -3.23 -3.54 10.00
3 2 47 -3.54 -3.33 10.00
3 2 48 -3.82 -4.87 10.00
3 2 49 -1.27 -2.11 10.00
3 2 50 -2.49 -2.32 10.00
3 2 51 -2.11 -2.18 10.00
3 2 52 -1.30 -2.32 10.00
3 2 53 -2.63 -2.98 10.00
3 2 54 -2.70 -2.74 10.00
3 2 55 -2.11 -2.67 10.00
3 2 56 -2.18 -1.93 10.00
3 2 57 -3.75 -3.30 10.00
3 2 58 -3.72 -3.79 10.00
3 2 59 -3.30 -3.61 10.00
3 2 60 -3.02 -3.33 10.00
3 2 61 -4.73 -4.49 10.00
3 2 62 -4.07 -4.14 10.00
3 3 1 12.87 11.72 10.00
3 3 2 12.63 11.12 10.00
3 3 3 10.95 11.33 10.00
3 3 4 11.33 11.33 10.00
3 3 5 10.67 10.63 10.00
4 1 1 15.32 14.87 10.00
4 1 2 16.16 14.80 10.00
4 1 3 14.76 14.20 10.00
4 1 4 13.92 15.04 10.00
4 1 5 14.24 13.89 10.00
4 1 6 13.99 12.73 10.00
4 1 7 13.96 14.76 10.00
4 1 8 13.68 14.20 10.00
4 1 9 14.59 13.29 10.00
4 1 10 14.48 13.33 10.00
4 1 11 15.81 14.17 10.00
4 1 12 14.38 13.26 10.00
4 1 13 14.27 13.71 10.00
4 1 14 14.17 13.50 10.00
4 1 15 13.50 12.70 10.00
4 1 16 15.18 12.91 10.00
4 1 17 13.99 13.47 10.00
4 1 18 14.34 12.56 10.00
4 1 19 14.94 14.34 10.00
4 1 20 13.40 13.08 10.00
4 1 21 14.27 13.68 10.00
4 1 22 12.84 12.56 10.00
4 1 23 13.43 13.50 10.00
4 2 1 -0.46 -1.23 10.00
4 2 2 -0.50 -0.71 10.00
4 2 3 -0.01 -1.27 10.00
4 2 4 0.38 -0.99 10.00
4 2 5 -0.95 -1.30 10.00
4 2 6 -0.43 -0.08 10.00
4 2 7 -0.22 -1.09 10.00
4 2 8 -0.25 0.13 10.00
4 2 9 -0.36 -2.04 10.00
4 2 10 -0.01 -1.51 10.00
4 2 11 0.17 -1.72 10.00
4 2 12 -0.50 -1.79 10.00
4 2 13 -1.23 -1.90 10.00
4 2 14 -2.07 -2.00 10.00
4 2 15 -2.28 -0.78 10.00
4 2 16 -1.86 -2.39 10.00
4 2 17 -0.29 -0.46 10.00
4 2 18 0.03 -0.99 10.00
4 2 19 -0.53 -1.51 10.00
4 2 20 -0.60 -0.57 10.00
4 2 21 -1.06 -1.34 10.00
4 2 22 -0.99 -0.11 10.00
4 2 23 -0.95 -0.57 10.00
4 2 24 0.17 0.31 10.00
4 2 25 0.17 -0.92 10.00
4 2 26 -0.74 -1.16 10.00
4 2 27 -0.50 -1.51 10.00
4 2 28 -0.81 -1.76 10.00
4 2 29 -0.88 -1.83 10.00
4 2 30 -1.44 -1.86 10.00
4 2 31 -1.27 -1.13 10.00
4 2 32 -2.32 -2.25 10.00
4 2 33 -0.78 -1.34 10.00
4 2 34 -0.22 -0.85 10.00
4 2 35 -0.92 -0.36 10.00
4 2 36 -0.95 -1.20 10.00
4 2 37 -2.11 -1.44 10.00
4 2 38 -1.62 -1.23 10.00
4 2 39 -1.83 -0.92 10.00
4 2 40 -1.51 -0.64 10.00
4 2 41 -0.74 -1.55 10.00
4 2 42 -1.41 -2.67 10.00
4 2 43 -1.41 -1.83 10.00
4 2 44 -1.62 -2.49 10.00
4 2 45 -2.00 -2.35 10.00
4 2 46 -2.28 -2.77 10.00
4 2 47 -2.39 -2.74 10.00
4 2 48 -2.81 -2.67 10.00
4 2 49 -0.57 -0.32 10.00
4 2 50 -0.60 -0.99 10.00
4 2 51 -0.95 -0.88 10.00
4 2 52 -1.30 -1.48 10.00
4 2 53 -1.69 -1.23 10.00
4 2 54 -1.83 -1.30 10.00
4 2 55 -1.79 -1.58 10.00
4 2 56 -1.86 -1.79 10.00
4 2 57 -2.63 -2.70 10.00
4 2 58 -2.88 -3.19 10.00
4 2 59 -2.70 -3.30 10.00
4 2 60 -3.02 -4.63 10.00
4 2 61 -3.30 -3.26 10.00
4 2 62 -3.86 -2.70 10.00
4 3 1 13.15 12.52 10.00
4 3 2 12.87 12.24 10.00
4 3 3 12.63 13.19 10.00
4 3 4 12.63 13.40 10.00
4 3 5 12.84 11.44 10.00
5 1 1 13.26 13.57 10.00
5 1 2 12.42 12.52 10.00
5 1 3 13.22 13.22 10.00
5 1 4 13.08 12.98 10.00
5 1 5 11.47 12.31 10.00
5 1 6 12.63 12.87 10.00
5 1 7 11.65 12.70 10.00
5 1 8 11.79 13.40 10.00
5 1 9 13.57 12.17 10.00
5 1 10 12.07 11.51 10.00
5 1 11 12.31 11.05 10.00
5 1 12 12.52 12.00 10.00
5 1 13 11.58 11.47 10.00
5 1 14 11.12 10.74 10.00
5 1 15 11.40 12.00 10.00
5 1 16 11.16 11.19 10.00
5 1 17 12.52 11.89 10.00
5 1 18 11.05 10.77 10.00
5 1 19 10.74 11.65 10.00
5 1 20 11.05 10.70 10.00
5 1 21 11.05 11.05 10.00
5 1 22 9.86 10.04 10.00
5 1 23 11.51 10.81 10.00
5 2 1 -3.40 -2.60 10.00
5 2 2 -3.33 -3.26 10.00
5 2 3 -4.56 -5.12 10.00
5 2 4 -4.52 -2.84 10.00
5 2 5 -3.65 -4.00 10.00
5 2 6 -3.54 -2.91 10.00
5 2 7 -3.82 -3.40 10.00
5 2 8 -3.65 -2.32 10.00
5 2 9 -2.74 -3.30 10.00
5 2 10 -2.42 -3.75 10.00
5 2 11 -2.77 -3.09 10.00
5 2 12 -2.98 -3.68 10.00
5 2 13 -3.40 -3.37 10.00
5 2 14 -3.61 -3.82 10.00
5 2 15 -3.51 -2.91 10.00
5 2 16 -4.10 -3.75 10.00
5 2 17 -2.56 -3.33 10.00
5 2 18 -1.93 -2.42 10.00
5 2 19 -2.88 -3.40 10.00
5 2 20 -1.90 -2.53 10.00
5 2 21 -4.17 -3.40 10.00
5 2 22 -2.46 -2.98 10.00
5 2 23 -3.30 -3.19 10.00
5 2 24 -2.98 -2.42 10.00
5 2 25 -2.91 -3.30 10.00
5 2 26 -2.74 -3.82 10.00
5 2 27 -2.63 -3.58 10.00
5 2 28 -3.37 -4.03 10.00
5 2 29 -4.10 -3.82 10.00
5 2 30 -3.75 -4.21 10.00
5 2 31 -4.10 -3.82 10.00
5 2 32 -4.28 -4.07 10.00
5 2 33 -3.68 -4.00 10.00
5 2 34 -2.95 -3.37 10.00
5 2 35 -3.30 -3.96 10.00
5 2 36 -3.12 -4.00 10.00
5 2 37 -4.52 -4.28 10.00
5 2 38 -3.96 -3.47 10.00
5 2 39 -4.52 -4.14 10.00
5 2 40 -3.93 -3.09 10.00
5 2 41 -4.21 -4.28 10.00
5 2 42 -4.49 -4.80 10.00
5 2 43 -4.03 -4.84 10.00
5 2 44 -4.35 -4.77 10.00
5 2 45 -4.45 -4.98 10.00
5 2 46 -4.91 -5.33 10.00
5 2 47 -5.12 -4.94 10.00
5 2 48 -5.57 -5.26 10.00
5 2 49 -3.26 -3.93 10.00
5 2 50 -3.30 -4.52 10.00
5 2 51 -3.26 -3.61 10.00
5 2 52 -3.65 -3.93 10.00
5 2 53 -4.52 -4.77 10.00
5 2 54 -4.45 -4.17 10.00
5 2 55 -3.65 -4.21 10.00
5 2 56 -4.56 -4.24 10.00
5 2 57 -5.05 -5.92 10.00
5 2 58 -5.68 -5.36 10.00
5 2 59 -5.15 -5.96 10.00
5 2 60 -4.70 -5.89 10.00
5 2 61 -6.27 -5.68 10.00
5 2 62 -5.61 -5.68 10.00
5 3 1 10.84 10.25 10.00
5 3 2 9.62 9.37 10.00
5 3 3 11.30 10.42 10.00
5 3 4 9.34 9.58 10.00
5 3 5 9.93 9.90 10.00
6 1 1 15.74 15.22 10.00
6 1 2 15.29 15.18 10.00
6 1 3 15.15 15.36 10.00
6 1 4 15.67 14.62 10.00
6 1 5 14.59 14.87 10.00
6 1 6 14.90 14.62 10.00
6 1 7 14.66 14.69 10.00
6 1 8 14.94 15.25 10.00
6 1 9 15.53 14.06 10.00
6 1 10 13.96 14.06 10.00
6 1 11 14.83 13.92 10.00
6 1 12 13.61 13.01 10.00
6 1 13 13.71 13.22 10.00
6 1 14 12.91 14.03 10.00
6 1 15 13.64 14.48 10.00
6 1 16 13.47 13.47 10.00
6 1 17 19.52 18.05 10.00
6 1 18 18.96 18.40 10.00
6 1 19 18.09 19.21 10.00
6 1 20 19.21 18.12 10.00
6 1 21 0.00 0.00 10.00
6 1 22 17.18 18.05 10.00
6 1 23 17.53 17.74 10.00
6 2 1 0.38 -0.92 10.00
6 2 2 -0.18 -0.32 10.00
6 2 3 0.03 -0.53 10.00
6 2 4 -0.32 -0.53 10.00
6 2 5 -0.53 -0.32 10.00
6 2 6 -1.02 -0.36 10.00
6 2 7 -0.64 -0.39 10.00
6 2 8 -0.95 -0.60 10.00
6 2 9 0.20 -1.30 10.00
6 2 10 -0.78 -1.41 10.00
6 2 11 -0.39 -1.37 10.00
6 2 12 -0.88 -1.86 10.00
6 2 13 -0.74 -1.48 10.00
6 2 14 -1.44 -2.07 10.00
6 2 15 -0.78 -1.51 10.00
6 2 16 -1.51 -2.00 10.00
6 2 17 -0.15 -0.78 10.00
6 2 18 -0.15 -0.57 10.00
6 2 19 -0.64 -0.64 10.00
6 2 20 -0.11 -1.44 10.00
6 2 21 -1.58 -2.18 10.00
6 2 22 -0.57 -0.71 10.00
6 2 23 -1.55 -0.22 10.00
6 2 24 -0.78 -0.71 10.00
6 2 25 0.20 -0.78 10.00
6 2 26 -0.85 -1.72 10.00
6 2 27 -0.11 -1.06 10.00
6 2 28 -1.37 -2.46 10.00
6 2 29 -1.51 -1.86 10.00
6 2 30 -2.04 -2.07 10.00
6 2 31 -1.55 -1.90 10.00
6 2 32 -2.28 -2.49 10.00
6 2 33 -0.99 -1.69 10.00
6 2 34 -1.16 -0.67 10.00
6 2 35 -1.62 -2.11 10.00
6 2 36 -0.39 -1.65 10.00
6 2 37 -2.25 -2.35 10.00
6 2 38 -1.37 -1.13 10.00
6 2 39 -1.72 -1.30 10.00
6 2 40 -1.09 -0.85 10.00
6 2 41 -1.65 -2.49 10.00
6 2 42 -2.11 -3.16 10.00
6 2 43 -1.79 -2.53 10.00
6 2 44 -2.21 -2.98 10.00
6 2 45 -2.49 -3.05 10.00
6 2 46 -2.77 -3.05 10.00
6 2 47 -2.70 -2.70 10.00
6 2 48 -2.77 -3.09 10.00
6 2 49 4.58 3.42 10.00
6 2 50 4.05 3.77 10.00
6 2 51 4.54 4.30 10.00
6 2 52 3.67 3.81 10.00
6 2 53 3.25 3.14 10.00
6 2 54 3.07 3.39 10.00
6 2 55 3.39 3.74 10.00
6 2 56 3.67 3.74 10.00
6 2 57 2.58 2.06 10.00
6 2 58 2.79 1.67 10.00
6 2 59 2.58 2.20 10.00
6 2 60 2.86 1.99 10.00
6 2 61 1.53 1.95 10.00
6 2 62 1.67 2.27 10.00
6 3 1 17.21 17.21 10.00
6 3 2 16.41 15.95 10.00
6 3 3 0.00 0.00 10.00
6 3 4 18.68 16.13 10.00
6 3 5 17.53 17.21 10.00
