1 1 1 54.736 0.500 0.000 66.676 0.500 0.000
1 1 2 52.338 0.500 0.000 68.103 0.500 0.000
1 1 3 63.102 0.500 0.000 70.668 0.500 0.000
1 1 4 51.684 0.500 0.000 72.232 0.500 0.000
1 1 5 83.249 0.500 0.000 67.633 0.500 0.000
1 1 6 67.364 0.500 0.000 52.527 0.500 0.000
1 1 7 61.589 0.500 0.000 56.463 0.500 0.000
1 1 8 53.834 0.500 0.000 82.131 0.500 0.000
1 1 9 60.180 0.500 0.000 101.345 0.500 0.000
1 1 10 37.114 0.500 0.000 89.226 0.500 0.000
1 1 11 20.325 0.500 0.000 97.193 0.500 0.000
1 1 12 22.252 0.500 0.000 86.920 0.500 0.000
1 1 13 39.534 0.500 0.000 36.495 0.500 0.000
1 1 14 145.555 0.500 0.000 111.940 0.500 0.000
1 1 15 0.000 0.500 0.000 95.450 0.500 0.000
1 1 16 33.225 0.500 0.000 94.470 0.500 0.000
1 1 17 0.000 0.500 0.000 42.630 0.500 0.000
1 1 18 98.988 0.500 0.000 37.853 0.500 0.000
1 1 19 40.000 0.500 0.000 40.000 0.500 0.000
1 1 20 46.873 0.500 0.000 42.019 0.500 0.000
1 1 21 40.000 0.500 0.000 40.000 0.500 0.000
1 1 22 40.000 0.500 0.000 40.000 0.500 0.000
1 1 23 28.271 0.500 0.000 40.000 0.500 0.000
1 2 1 40.000 0.500 0.000 40.000 0.500 0.000
1 2 2 41.135 0.500 0.000 40.000 0.500 0.000
1 2 3 51.830 0.500 0.000 41.240 0.500 0.000
1 2 4 50.902 0.500 0.000 51.950 0.500 0.000
1 2 5 53.978 0.500 0.000 39.073 0.500 0.000
1 2 6 53.979 0.500 0.000 54.368 0.500 0.000
1 2 7 51.921 0.500 0.000 41.185 0.500 0.000
1 2 8 52.527 0.500 0.000 49.624 0.500 0.000
1 2 9 44.940 0.500 0.000 73.941 0.500 0.000
1 2 10 51.841 0.500 0.000 41.366 0.500 0.000
1 2 11 44.865 0.500 0.000 49.175 0.500 0.000
1 2 12 53.501 0.500 0.000 48.986 0.500 0.000
1 2 13 63.776 0.500 0.000 60.860 0.500 0.000
1 2 14 44.922 0.500 0.000 54.979 0.500 0.000
1 2 15 56.792 0.500 0.000 48.109 0.500 0.000
1 2 16 49.509 0.500 0.000 61.423 0.500 0.000
1 2 17 53.884 0.500 0.000 51.492 0.500 0.000
1 2 18 65.730 0.500 0.000 59.357 0.500 0.000
1 2 19 47.554 0.500 0.000 60.490 0.500 0.000
1 2 20 62.767 0.500 0.000 65.383 0.500 0.000
1 2 21 29.849 0.500 0.000 67.505 0.500 0.000
1 2 22 46.032 0.500 0.000 68.819 0.500 0.000
1 2 23 47.464 0.500 0.000 69.010 0.500 0.000
1 2 24 55.004 0.500 0.000 48.521 0.500 0.000
1 2 25 46.869 0.500 0.000 24.139 0.500 0.000
1 2 26 52.967 0.500 0.000 44.892 0.500 0.000
1 2 27 24.376 0.500 0.000 121.890 0.500 0.000
1 2 28 54.663 0.500 0.000 49.984 0.500 0.000
1 2 29 90.177 0.500 0.000 87.494 0.500 0.000
1 2 30 125.819 0.500 0.000 22.625 0.500 0.000
1 2 31 45.030 0.500 0.000 59.648 0.500 0.000
1 2 32 81.346 0.500 0.000 0.000 0.500 0.000
1 2 33 0.000 0.500 0.000 0.001 0.500 0.000
1 2 34 46.941 0.500 0.000 62.244 0.500 0.000
1 2 35 0.000 0.500 0.000 81.466 0.500 0.000
1 2 36 75.870 0.500 0.000 124.529 0.500 0.000
1 2 37 0.000 0.500 0.000 0.000 0.500 0.000
1 2 38 0.000 0.500 0.000 64.633 0.500 0.000
1 2 39 83.540 0.500 0.000 150.561 0.500 0.000
1 2 40 41.302 0.500 0.000 39.634 0.500 0.000
1 2 41 47.910 0.500 0.000 156.972 0.500 0.000
1 2 42 110.525 0.500 0.000 0.000 0.500 0.000
1 2 43 37.058 0.500 0.000 38.556 0.500 0.000
1 2 44 43.813 0.500 0.000 41.182 0.500 0.000
1 2 45 40.000 0.500 0.000 46.877 0.500 0.000
1 2 46 34.532 0.500 0.000 0.000 0.500 0.000
1 2 47 5.973 0.500 0.000 40.000 0.500 0.000
1 2 48 43.160 0.500 0.000 40.000 0.500 0.000
1 2 49 40.000 0.500 0.000 40.000 0.500 0.000
1 2 50 47.185 0.500 0.000 40.000 0.500 0.000
1 2 51 22.263 0.500 0.000 40.000 0.500 0.000
1 2 52 40.000 0.500 0.000 40.000 0.500 0.000
1 2 53 40.000 0.500 0.000 40.000 0.500 0.000
1 2 54 40.000 0.500 0.000 40.000 0.500 0.000
1 2 55 40.000 0.500 0.000 40.000 0.500 0.000
1 2 56 40.000 0.500 0.000 40.000 0.500 0.000
1 2 57 40.000 0.500 0.000 40.000 0.500 0.000
1 2 58 40.000 0.500 0.000 40.000 0.500 0.000
1 2 59 40.000 0.500 0.000 40.000 0.500 0.000
1 2 60 40.000 0.500 0.000 40.000 0.500 0.000
1 2 61 40.000 0.500 0.000 40.000 0.500 0.000
1 2 62 40.000 0.500 0.000 40.000 0.500 0.000
1 3 1 40.000 0.500 0.000 40.000 0.500 0.000
1 3 2 40.000 0.500 0.000 40.000 0.500 0.000
1 3 3 40.000 0.500 0.000 40.000 0.500 0.000
1 3 4 40.000 0.500 0.000 40.000 0.500 0.000
1 3 5 40.000 0.500 0.000 40.000 0.500 0.000
2 1 1 59.227 0.500 0.000 66.339 0.500 0.000
2 1 2 48.778 0.500 0.000 51.583 0.500 0.000
2 1 3 57.570 0.500 0.000 54.150 0.500 0.000
2 1 4 64.653 0.500 0.000 53.920 0.500 0.000
2 1 5 48.883 0.500 0.000 43.891 0.500 0.000
2 1 6 40.000 0.500 0.000 40.000 0.500 0.000
2 1 7 41.952 0.500 0.000 43.277 0.500 0.000
2 1 8 51.134 0.500 0.000 52.752 0.500 0.000
2 1 9 61.806 0.500 0.000 43.603 0.500 0.000
2 1 10 40.000 0.500 0.000 40.000 0.500 0.000
2 1 11 65.094 0.500 0.000 91.378 0.500 0.000
2 1 12 29.970 0.500 0.000 30.651 0.500 0.000
2 1 13 66.207 0.500 0.000 43.509 0.500 0.000
2 1 14 75.186 0.500 0.000 0.000 0.500 0.000
2 1 15 116.565 0.500 0.000 20.418 0.500 0.000
2 1 16 106.680 0.500 0.000 0.000 0.500 0.000
2 1 17 41.966 0.500 0.000 0.000 0.500 0.000
2 1 18 59.986 0.500 0.000 29.619 0.500 0.000
2 1 19 118.635 0.500 0.000 40.000 0.500 0.000
2 1 20 40.000 0.500 0.000 26.622 0.500 0.000
2 1 21 40.000 0.500 0.000 40.000 0.500 0.000
2 1 22 40.000 0.500 0.000 40.000 0.500 0.000
2 1 23 40.000 0.500 0.000 40.000 0.500 0.000
2 2 1 29.347 0.500 0.000 40.000 0.500 0.000
2 2 2 35.488 0.500 0.000 44.245 0.500 0.000
2 2 3 51.823 0.500 0.000 58.067 0.500 0.000
2 2 4 40.330 0.500 0.000 45.622 0.500 0.000
2 2 5 50.054 0.500 0.000 49.535 0.500 0.000
2 2 6 41.908 0.500 0.000 50.697 0.500 0.000
2 2 7 45.876 0.500 0.000 48.199 0.500 0.000
2 2 8 42.429 0.500 0.000 42.057 0.500 0.000
2 2 9 55.195 0.500 0.000 37.280 0.500 0.000
2 2 10 49.870 0.500 0.000 48.965 0.500 0.000
2 2 11 42.154 0.500 0.000 43.577 0.500 0.000
2 2 12 37.012 0.500 0.000 46.018 0.500 0.000
2 2 13 47.656 0.500 0.000 53.582 0.500 0.000
2 2 14 54.653 0.500 0.000 50.482 0.500 0.000
2 2 15 39.753 0.500 0.000 57.212 0.500 0.000
2 2 16 51.949 0.500 0.000 48.867 0.500 0.000
2 2 17 43.727 0.500 0.000 33.054 0.500 0.000
2 2 18 54.109 0.500 0.000 60.636 0.500 0.000
2 2 19 42.822 0.500 0.000 47.875 0.500 0.000
2 2 20 40.217 0.500 0.000 38.843 0.500 0.000
2 2 21 27.036 0.500 0.000 40.850 0.500 0.000
2 2 22 32.831 0.500 0.000 27.337 0.500 0.000
2 2 23 24.002 0.500 0.000 49.370 0.500 0.000
2 2 24 53.682 0.500 0.000 68.613 0.500 0.000
2 2 25 22.478 0.500 0.000 45.136 0.500 0.000
2 2 26 8.883 0.500 0.000 53.443 0.500 0.000
2 2 27 0.000 0.500 0.000 7.113 0.500 0.000
2 2 28 45.104 0.500 0.000 17.746 0.500 0.000
2 2 29 61.173 0.500 0.000 53.758 0.500 0.000
2 2 30 0.002 0.500 0.000 77.657 0.500 0.000
2 2 31 50.526 0.500 0.000 60.778 0.500 0.000
2 2 32 64.279 0.500 0.000 0.000 0.500 0.000
2 2 33 92.812 0.500 0.000 106.021 0.500 0.000
2 2 34 60.315 0.500 0.000 52.450 0.500 0.000
2 2 35 199.993 0.500 0.000 21.859 0.500 0.000
2 2 36 21.979 0.500 0.000 74.308 0.500 0.000
2 2 37 19.461 0.500 0.000 56.181 0.500 0.000
2 2 38 200.000 0.500 0.000 71.609 0.500 0.000
2 2 39 163.837 0.500 0.000 103.398 0.500 0.000
2 2 40 189.063 0.500 0.000 42.308 0.500 0.000
2 2 41 29.711 0.500 0.000 41.326 0.500 0.000
2 2 42 41.366 0.500 0.000 40.000 0.500 0.000
2 2 43 23.390 0.500 0.000 40.000 0.500 0.000
2 2 44 0.000 0.500 0.000 0.000 0.500 0.000
2 2 45 0.000 0.500 0.000 92.345 0.500 0.000
2 2 46 0.000 0.500 0.000 43.075 0.500 0.000
2 2 47 40.437 0.500 0.000 200.000 0.500 0.000
2 2 48 35.616 0.500 0.000 39.552 0.500 0.000
2 2 49 40.000 0.500 0.000 40.000 0.500 0.000
2 2 50 40.000 0.500 0.000 40.000 0.500 0.000
2 2 51 38.520 0.500 0.000 40.000 0.500 0.000
2 2 52 40.000 0.500 0.000 40.000 0.500 0.000
2 2 53 40.000 0.500 0.000 40.000 0.500 0.000
2 2 54 36.255 0.500 0.000 40.000 0.500 0.000
2 2 55 40.000 0.500 0.000 40.000 0.500 0.000
2 2 56 40.000 0.500 0.000 40.000 0.500 0.000
2 2 57 40.000 0.500 0.000 40.000 0.500 0.000
2 2 58 40.000 0.500 0.000 40.000 0.500 0.000
2 2 59 40.000 0.500 0.000 40.000 0.500 0.000
2 2 60 40.000 0.500 0.000 40.000 0.500 0.000
2 2 61 40.000 0.500 0.000 40.000 0.500 0.000
2 2 62 40.000 0.500 0.000 40.000 0.500 0.000
2 3 1 40.000 0.500 0.000 40.000 0.500 0.000
2 3 2 40.000 0.500 0.000 40.000 0.500 0.000
2 3 3 40.000 0.500 0.000 40.000 0.500 0.000
2 3 4 40.000 0.500 0.000 40.000 0.500 0.000
2 3 5 40.000 0.500 0.000 40.000 0.500 0.000
3 1 1 51.461 0.500 0.000 112.433 0.500 0.000
3 1 2 67.582 0.500 0.000 63.400 0.500 0.000
3 1 3 50.986 0.500 0.000 38.544 0.500 0.000
3 1 4 49.074 0.500 0.000 58.380 0.500 0.000
3 1 5 77.114 0.500 0.000 55.280 0.500 0.000
3 1 6 65.209 0.500 0.000 58.574 0.500 0.000
3 1 7 49.748 0.500 0.000 61.770 0.500 0.000
3 1 8 44.118 0.500 0.000 59.004 0.500 0.000
3 1 9 87.052 0.500 0.000 93.942 0.500 0.000
3 1 10 66.434 0.500 0.000 69.250 0.500 0.000
3 1 11 47.390 0.500 0.000 46.203 0.500 0.000
3 1 12 49.749 0.500 0.000 0.000 0.500 0.000
3 1 13 80.523 0.500 0.000 156.292 0.500 0.000
3 1 14 145.405 0.500 0.000 200.000 0.500 0.000
3 1 15 0.000 0.500 0.000 67.741 0.500 0.000
3 1 16 73.713 0.500 0.000 153.420 0.500 0.000
3 1 17 41.534 0.500 0.000 0.000 0.500 0.000
3 1 18 31.064 0.500 0.000 0.000 0.500 0.000
3 1 19 40.000 0.500 0.000 40.000 0.500 0.000
3 1 20 40.000 0.500 0.000 40.000 0.500 0.000
3 1 21 42.125 0.500 0.000 40.000 0.500 0.000
3 1 22 40.000 0.500 0.000 40.000 0.500 0.000
3 1 23 40.000 0.500 0.000 40.000 0.500 0.000
3 2 1 40.000 0.500 0.000 35.059 0.500 0.000
3 2 2 51.426 0.500 0.000 28.470 0.500 0.000
3 2 3 53.374 0.500 0.000 36.875 0.500 0.000
3 2 4 43.593 0.500 0.000 59.026 0.500 0.000
3 2 5 33.631 0.500 0.000 40.494 0.500 0.000
3 2 6 48.982 0.500 0.000 61.601 0.500 0.000
3 2 7 40.443 0.500 0.000 40.889 0.500 0.000
3 2 8 47.498 0.500 0.000 39.653 0.500 0.000
3 2 9 48.291 0.500 0.000 45.157 0.500 0.000
3 2 10 44.887 0.500 0.000 44.429 0.500 0.000
3 2 11 51.413 0.500 0.000 41.344 0.500 0.000
3 2 12 52.029 0.500 0.000 39.389 0.500 0.000
3 2 13 51.213 0.500 0.000 41.622 0.500 0.000
3 2 14 47.331 0.500 0.000 56.516 0.500 0.000
3 2 15 54.811 0.500 0.000 33.825 0.500 0.000
3 2 16 47.083 0.500 0.000 53.138 0.500 0.000
3 2 17 49.229 0.500 0.000 48.285 0.500 0.000
3 2 18 32.935 0.500 0.000 54.367 0.500 0.000
3 2 19 42.847 0.500 0.000 54.215 0.500 0.000
3 2 20 35.396 0.500 0.000 47.345 0.500 0.000
3 2 21 60.833 0.500 0.000 47.482 0.500 0.000
3 2 22 29.492 0.500 0.000 50.638 0.500 0.000
3 2 23 44.038 0.500 0.000 47.355 0.500 0.000
3 2 24 36.367 0.500 0.000 32.023 0.500 0.000
3 2 25 61.413 0.500 0.000 62.591 0.500 0.000
3 2 26 17.649 0.500 0.000 35.867 0.500 0.000
3 2 27 101.081 0.500 0.000 9.649 0.500 0.000
3 2 28 68.224 0.500 0.000 42.069 0.500 0.000
3 2 29 21.517 0.500 0.000 66.427 0.500 0.000
3 2 30 0.000 0.500 0.000 200.000 0.500 0.000
3 2 31 69.607 0.500 0.000 55.862 0.500 0.000
3 2 32 10.883 0.500 0.000 174.935 0.500 0.000
3 2 33 0.001 0.500 0.000 14.736 0.500 0.000
3 2 34 3.911 0.500 0.000 0.000 0.500 0.000
3 2 35 76.944 0.500 0.000 0.000 0.500 0.000
3 2 36 199.999 0.500 0.000 0.000 0.500 0.000
3 2 37 22.221 0.500 0.000 48.463 0.500 0.000
3 2 38 61.607 0.500 0.000 200.000 0.500 0.000
3 2 39 0.000 0.500 0.000 193.925 0.500 0.000
3 2 40 0.000 0.500 0.000 85.085 0.500 0.000
3 2 41 107.773 0.500 0.000 120.341 0.500 0.000
3 2 42 0.000 0.500 0.000 40.479 0.500 0.000
3 2 43 40.529 0.500 0.000 0.001 0.500 0.000
3 2 44 43.472 0.500 0.000 40.000 0.500 0.000
3 2 45 40.000 0.500 0.000 40.000 0.500 0.000
3 2 46 53.741 0.500 0.000 36.966 0.500 0.000
3 2 47 48.093 0.500 0.000 40.000 0.500 0.000
3 2 48 40.000 0.500 0.000 40.000 0.500 0.000
3 2 49 40.000 0.500 0.000 40.000 0.500 0.000
3 2 50 40.000 0.500 0.000 40.000 0.500 0.000
3 2 51 38.173 0.500 0.000 40.000 0.500 0.000
3 2 52 40.000 0.500 0.000 40.000 0.500 0.000
3 2 53 40.000 0.500 0.000 40.000 0.500 0.000
3 2 54 40.000 0.500 0.000 40.000 0.500 0.000
3 2 55 40.000 0.500 0.000 40.000 0.500 0.000
3 2 56 40.000 0.500 0.000 40.000 0.500 0.000
3 2 57 40.000 0.500 0.000 40.000 0.500 0.000
3 2 58 40.000 0.500 0.000 40.000 0.500 0.000
3 2 59 40.000 0.500 0.000 40.000 0.500 0.000
3 2 60 40.000 0.500 0.000 40.000 0.500 0.000
3 2 61 40.000 0.500 0.000 40.000 0.500 0.000
3 2 62 40.000 0.500 0.000 40.000 0.500 0.000
3 3 1 40.000 0.500 0.000 40.000 0.500 0.000
3 3 2 40.000 0.500 0.000 40.000 0.500 0.000
3 3 3 40.000 0.500 0.000 40.000 0.500 0.000
3 3 4 40.000 0.500 0.000 40.000 0.500 0.000
3 3 5 40.000 0.500 0.000 40.000 0.500 0.000
4 1 1 58.275 0.500 0.000 54.409 0.500 0.000
4 1 2 61.873 0.500 0.000 67.060 0.500 0.000
4 1 3 61.039 0.500 0.000 54.606 0.500 0.000
4 1 4 40.832 0.500 0.000 63.489 0.500 0.000
4 1 5 53.894 0.500 0.000 56.252 0.500 0.000
4 1 6 52.609 0.500 0.000 124.363 0.500 0.000
4 1 7 73.496 0.500 0.000 57.314 0.500 0.000
4 1 8 56.636 0.500 0.000 56.806 0.500 0.000
4 1 9 92.571 0.500 0.000 64.488 0.500 0.000
4 1 10 94.137 0.500 0.000 85.129 0.500 0.000
4 1 11 82.087 0.500 0.000 53.132 0.500 0.000
4 1 12 51.957 0.500 0.000 78.212 0.500 0.000
4 1 13 111.976 0.500 0.000 23.462 0.500 0.000
4 1 14 61.416 0.500 0.000 51.830 0.500 0.000
4 1 15 0.000 0.500 0.000 58.499 0.500 0.000
4 1 16 38.933 0.500 0.000 58.304 0.500 0.000
4 1 17 69.740 0.500 0.000 71.958 0.500 0.000
4 1 18 40.000 0.500 0.000 109.914 0.500 0.000
4 1 19 40.000 0.500 0.000 40.000 0.500 0.000
4 1 20 31.371 0.500 0.000 43.098 0.500 0.000
4 1 21 40.000 0.500 0.000 40.000 0.500 0.000
4 1 22 40.000 0.500 0.000 40.000 0.500 0.000
4 1 23 40.000 0.500 0.000 40.000 0.500 0.000
4 2 1 40.000 0.500 0.000 40.000 0.500 0.000
4 2 2 47.787 0.500 0.000 48.009 0.500 0.000
4 2 3 45.452 0.500 0.000 41.956 0.500 0.000
4 2 4 43.914 0.500 0.000 49.297 0.500 0.000
4 2 5 45.595 0.500 0.000 41.530 0.500 0.000
4 2 6 43.840 0.500 0.000 58.904 0.500 0.000
4 2 7 45.113 0.500 0.000 46.271 0.500 0.000
4 2 8 53.632 0.500 0.000 52.867 0.500 0.000
4 2 9 47.566 0.500 0.000 54.031 0.500 0.000
4 2 10 45.037 0.500 0.000 48.509 0.500 0.000
4 2 11 52.726 0.500 0.000 54.573 0.500 0.000
4 2 12 51.673 0.500 0.000 47.455 0.500 0.000
4 2 13 47.669 0.500 0.000 49.369 0.500 0.000
4 2 14 61.585 0.500 0.000 51.141 0.500 0.000
4 2 15 54.130 0.500 0.000 48.086 0.500 0.000
4 2 16 43.589 0.500 0.000 49.526 0.500 0.000
4 2 17 55.186 0.500 0.000 44.752 0.500 0.000
4 2 18 50.247 0.500 0.000 61.363 0.500 0.000
4 2 19 49.224 0.500 0.000 57.323 0.500 0.000
4 2 20 71.017 0.500 0.000 50.854 0.500 0.000
4 2 21 46.881 0.500 0.000 62.439 0.500 0.000
4 2 22 51.872 0.500 0.000 46.669 0.500 0.000
4 2 23 45.090 0.500 0.000 41.121 0.500 0.000
4 2 24 57.540 0.500 0.000 43.967 0.500 0.000
4 2 25 53.746 0.500 0.000 35.292 0.500 0.000
4 2 26 47.634 0.500 0.000 37.650 0.500 0.000
4 2 27 45.054 0.500 0.000 13.038 0.500 0.000
4 2 28 100.959 0.500 0.000 1.899 0.500 0.000
4 2 29 0.001 0.500 0.000 0.000 0.500 0.000
4 2 30 35.023 0.500 0.000 78.564 0.500 0.000
4 2 31 111.096 0.500 0.000 12.951 0.500 0.000
4 2 32 102.940 0.500 0.000 52.885 0.500 0.000
4 2 33 26.221 0.500 0.000 71.738 0.500 0.000
4 2 34 110.970 0.500 0.000 51.757 0.500 0.000
4 2 35 10.039 0.500 0.000 24.317 0.500 0.000
4 2 36 22.414 0.500 0.000 66.709 0.500 0.000
4 2 37 39.880 0.500 0.000 55.652 0.500 0.000
4 2 38 0.001 0.500 0.000 42.144 0.500 0.000
4 2 39 52.347 0.500 0.000 33.473 0.500 0.000
4 2 40 77.524 0.500 0.000 0.000 0.500 0.000
4 2 41 35.988 0.500 0.000 97.346 0.500 0.000
4 2 42 41.326 0.500 0.000 40.391 0.500 0.000
4 2 43 0.000 0.500 0.000 44.276 0.500 0.000
4 2 44 17.406 0.500 0.000 0.001 0.500 0.000
4 2 45 78.777 0.500 0.000 200.000 0.500 0.000
4 2 46 40.000 0.500 0.000 29.595 0.500 0.000
4 2 47 82.810 0.500 0.000 40.000 0.500 0.000
4 2 48 40.000 0.500 0.000 40.000 0.500 0.000
4 2 49 40.000 0.500 0.000 40.000 0.500 0.000
4 2 50 40.000 0.500 0.000 40.000 0.500 0.000
4 2 51 40.000 0.500 0.000 40.000 0.500 0.000
4 2 52 40.465 0.500 0.000 40.492 0.500 0.000
4 2 53 25.673 0.500 0.000 40.000 0.500 0.000
4 2 54 40.000 0.500 0.000 40.000 0.500 0.000
4 2 55 40.000 0.500 0.000 40.000 0.500 0.000
4 2 56 40.000 0.500 0.000 40.000 0.500 0.000
4 2 57 40.000 0.500 0.000 40.000 0.500 0.000
4 2 58 40.000 0.500 0.000 40.000 0.500 0.000
4 2 59 40.000 0.500 0.000 40.000 0.500 0.000
4 2 60 40.000 0.500 0.000 40.000 0.500 0.000
4 2 61 40.000 0.500 0.000 40.000 0.500 0.000
4 2 62 40.000 0.500 0.000 40.000 0.500 0.000
4 3 1 40.000 0.500 0.000 40.000 0.500 0.000
4 3 2 40.000 0.500 0.000 40.000 0.500 0.000
4 3 3 40.000 0.500 0.000 40.000 0.500 0.000
4 3 4 40.000 0.500 0.000 40.000 0.500 0.000
4 3 5 40.000 0.500 0.000 40.000 0.500 0.000
5 1 1 55.035 0.500 0.000 76.473 0.500 0.000
5 1 2 52.258 0.500 0.000 48.292 0.500 0.000
5 1 3 63.766 0.500 0.000 69.965 0.500 0.000
5 1 4 66.121 0.500 0.000 62.030 0.500 0.000
5 1 5 52.467 0.500 0.000 55.488 0.500 0.000
5 1 6 66.088 0.500 0.000 62.239 0.500 0.000
5 1 7 57.787 0.500 0.000 65.555 0.500 0.000
5 1 8 57.424 0.500 0.000 61.532 0.500 0.000
5 1 9 32.994 0.500 0.000 62.900 0.500 0.000
5 1 10 33.217 0.500 0.000 53.928 0.500 0.000
5 1 11 93.359 0.500 0.000 72.214 0.500 0.000
5 1 12 66.652 0.500 0.000 87.435 0.500 0.000
5 1 13 90.508 0.500 0.000 102.062 0.500 0.000
5 1 14 0.000 0.500 0.000 39.013 0.500 0.000
5 1 15 162.098 0.500 0.000 90.800 0.500 0.000
5 1 16 53.086 0.500 0.000 122.942 0.500 0.000
5 1 17 24.674 0.500 0.000 40.000 0.500 0.000
5 1 18 199.999 0.500 0.000 118.565 0.500 0.000
5 1 19 35.303 0.500 0.000 22.898 0.500 0.000
5 1 20 40.000 0.500 0.000 40.000 0.500 0.000
5 1 21 40.000 0.500 0.000 40.000 0.500 0.000
5 1 22 40.000 0.500 0.000 40.000 0.500 0.000
5 1 23 40.000 0.500 0.000 40.000 0.500 0.000
5 2 1 40.000 0.500 0.000 41.812 0.500 0.000
5 2 2 48.381 0.500 0.000 59.616 0.500 0.000
5 2 3 53.812 0.500 0.000 37.424 0.500 0.000
5 2 4 45.975 0.500 0.000 54.546 0.500 0.000
5 2 5 57.499 0.500 0.000 46.251 0.500 0.000
5 2 6 45.093 0.500 0.000 48.122 0.500 0.000
5 2 7 44.656 0.500 0.000 45.722 0.500 0.000
5 2 8 52.553 0.500 0.000 48.696 0.500 0.000
5 2 9 45.609 0.500 0.000 45.644 0.500 0.000
5 2 10 33.312 0.500 0.000 43.945 0.500 0.000
5 2 11 48.064 0.500 0.000 46.613 0.500 0.000
5 2 12 41.449 0.500 0.000 42.017 0.500 0.000
5 2 13 54.915 0.500 0.000 43.053 0.500 0.000
5 2 14 49.268 0.500 0.000 54.094 0.500 0.000
5 2 15 53.078 0.500 0.000 47.164 0.500 0.000
5 2 16 53.187 0.500 0.000 52.549 0.500 0.000
5 2 17 50.192 0.500 0.000 60.712 0.500 0.000
5 2 18 56.133 0.500 0.000 62.071 0.500 0.000
5 2 19 58.074 0.500 0.000 40.865 0.500 0.000
5 2 20 46.867 0.500 0.000 42.770 0.500 0.000
5 2 21 62.634 0.500 0.000 44.263 0.500 0.000
5 2 22 51.415 0.500 0.000 56.077 0.500 0.000
5 2 23 33.236 0.500 0.000 43.954 0.500 0.000
5 2 24 63.314 0.500 0.000 47.633 0.500 0.000
5 2 25 35.350 0.500 0.000 44.766 0.500 0.000
5 2 26 46.922 0.500 0.000 39.544 0.500 0.000
5 2 27 33.811 0.500 0.000 35.400 0.500 0.000
5 2 28 64.585 0.500 0.000 65.601 0.500 0.000
5 2 29 32.095 0.500 0.000 42.608 0.500 0.000
5 2 30 69.580 0.500 0.000 88.972 0.500 0.000
5 2 31 34.592 0.500 0.000 68.182 0.500 0.000
5 2 32 0.000 0.500 0.000 128.079 0.500 0.000
5 2 33 0.000 0.500 0.000 54.923 0.500 0.000
5 2 34 31.557 0.500 0.000 78.992 0.500 0.000
5 2 35 37.406 0.500 0.000 200.000 0.500 0.000
5 2 36 79.157 0.500 0.000 100.098 0.500 0.000
5 2 37 0.000 0.500 0.000 0.000 0.500 0.000
5 2 38 42.873 0.500 0.000 15.953 0.500 0.000
5 2 39 75.028 0.500 0.000 0.000 0.500 0.000
5 2 40 26.951 0.500 0.000 0.000 0.500 0.000
5 2 41 0.000 0.500 0.000 200.000 0.500 0.000
5 2 42 36.706 0.500 0.000 39.552 0.500 0.000
5 2 43 200.000 0.500 0.000 26.858 0.500 0.000
5 2 44 40.000 0.500 0.000 44.646 0.500 0.000
5 2 45 34.696 0.500 0.000 40.000 0.500 0.000
5 2 46 186.097 0.500 0.000 35.194 0.500 0.000
5 2 47 39.628 0.500 0.000 32.936 0.500 0.000
5 2 48 200.000 0.500 0.000 43.267 0.500 0.000
5 2 49 40.000 0.500 0.000 40.000 0.500 0.000
5 2 50 40.000 0.500 0.000 40.000 0.500 0.000
5 2 51 40.000 0.500 0.000 40.000 0.500 0.000
5 2 52 40.000 0.500 0.000 40.000 0.500 0.000
5 2 53 41.449 0.500 0.000 40.000 0.500 0.000
5 2 54 40.000 0.500 0.000 40.000 0.500 0.000
5 2 55 40.000 0.500 0.000 40.000 0.500 0.000
5 2 56 40.000 0.500 0.000 40.000 0.500 0.000
5 2 57 40.000 0.500 0.000 40.000 0.500 0.000
5 2 58 40.000 0.500 0.000 40.000 0.500 0.000
5 2 59 40.000 0.500 0.000 40.000 0.500 0.000
5 2 60 40.000 0.500 0.000 40.000 0.500 0.000
5 2 61 40.000 0.500 0.000 40.000 0.500 0.000
5 2 62 40.000 0.500 0.000 40.000 0.500 0.000
5 3 1 40.000 0.500 0.000 40.000 0.500 0.000
5 3 2 40.000 0.500 0.000 40.000 0.500 0.000
5 3 3 40.000 0.500 0.000 40.000 0.500 0.000
5 3 4 40.000 0.500 0.000 40.000 0.500 0.000
5 3 5 40.000 0.500 0.000 40.000 0.500 0.000
6 1 1 88.141 0.500 0.000 65.479 0.500 0.000
6 1 2 48.395 0.500 0.000 53.838 0.500 0.000
6 1 3 46.543 0.500 0.000 53.995 0.500 0.000
6 1 4 63.672 0.500 0.000 52.380 0.500 0.000
6 1 5 60.071 0.500 0.000 70.166 0.500 0.000
6 1 6 53.262 0.500 0.000 46.050 0.500 0.000
6 1 7 58.788 0.500 0.000 60.348 0.500 0.000
6 1 8 60.101 0.500 0.000 47.289 0.500 0.000
6 1 9 72.865 0.500 0.000 69.227 0.500 0.000
6 1 10 10.984 0.500 0.000 66.690 0.500 0.000
6 1 11 54.144 0.500 0.000 55.125 0.500 0.000
6 1 12 84.386 0.500 0.000 88.392 0.500 0.000
6 1 13 0.000 0.500 0.000 86.937 0.500 0.000
6 1 14 97.982 0.500 0.000 96.675 0.500 0.000
6 1 15 73.587 0.500 0.000 71.552 0.500 0.000
6 1 16 0.000 0.500 0.000 0.000 0.500 0.000
6 1 17 81.183 0.500 0.000 200.000 0.500 0.000
6 1 18 153.885 0.500 0.000 44.895 0.500 0.000
6 1 19 33.857 0.500 0.000 40.000 0.500 0.000
6 1 20 111.383 0.500 0.000 40.000 0.500 0.000
6 1 21 40.000 0.500 0.000 40.000 0.500 0.000
6 1 22 40.000 0.500 0.000 40.000 0.500 0.000
6 1 23 40.000 0.500 0.000 40.000 0.500 0.000
6 2 1 41.024 0.500 0.000 24.650 0.500 0.000
6 2 2 48.961 0.500 0.000 43.858 0.500 0.000
6 2 3 50.762 0.500 0.000 34.299 0.500 0.000
6 2 4 47.090 0.500 0.000 42.520 0.500 0.000
6 2 5 48.986 0.500 0.000 38.875 0.500 0.000
6 2 6 51.778 0.500 0.000 45.503 0.500 0.000
6 2 7 46.487 0.500 0.000 54.378 0.500 0.000
6 2 8 45.801 0.500 0.000 46.491 0.500 0.000
6 2 9 40.137 0.500 0.000 52.374 0.500 0.000
6 2 10 43.657 0.500 0.000 48.564 0.500 0.000
6 2 11 52.160 0.500 0.000 54.727 0.500 0.000
6 2 12 45.193 0.500 0.000 45.967 0.500 0.000
6 2 13 51.739 0.500 0.000 42.974 0.500 0.000
6 2 14 58.045 0.500 0.000 53.310 0.500 0.000
6 2 15 62.297 0.500 0.000 49.603 0.500 0.000
6 2 16 41.766 0.500 0.000 66.711 0.500 0.000
6 2 17 34.085 0.500 0.000 57.549 0.500 0.000
6 2 18 63.423 0.500 0.000 64.072 0.500 0.000
6 2 19 73.569 0.500 0.000 42.015 0.500 0.000
6 2 20 56.383 0.500 0.000 74.401 0.500 0.000
6 2 21 49.261 0.500 0.000 25.758 0.500 0.000
6 2 22 38.694 0.500 0.000 57.068 0.500 0.000
6 2 23 38.705 0.500 0.000 43.732 0.500 0.000
6 2 24 39.730 0.500 0.000 34.888 0.500 0.000
6 2 25 16.330 0.500 0.000 31.834 0.500 0.000
6 2 26 1.011 0.500 0.000 80.302 0.500 0.000
6 2 27 39.189 0.500 0.000 34.050 0.500 0.000
6 2 28 0.000 0.500 0.000 7.294 0.500 0.000
6 2 29 32.512 0.500 0.000 22.129 0.500 0.000
6 2 30 9.930 0.500 0.000 0.000 0.500 0.000
6 2 31 0.000 0.500 0.000 49.250 0.500 0.000
6 2 32 200.000 0.500 0.000 49.018 0.500 0.000
6 2 33 50.032 0.500 0.000 0.000 0.500 0.000
6 2 34 44.331 0.500 0.000 100.223 0.500 0.000
6 2 35 55.028 0.500 0.000 31.430 0.500 0.000
6 2 36 40.451 0.500 0.000 21.188 0.500 0.000
6 2 37 20.852 0.500 0.000 195.107 0.500 0.000
6 2 38 0.001 0.500 0.000 35.417 0.500 0.000
6 2 39 51.737 0.500 0.000 51.668 0.500 0.000
6 2 40 42.157 0.500 0.000 35.467 0.500 0.000
6 2 41 21.659 0.500 0.000 40.000 0.500 0.000
6 2 42 125.719 0.500 0.000 32.999 0.500 0.000
6 2 43 0.000 0.500 0.000 40.000 0.500 0.000
6 2 44 40.000 0.500 0.000 48.690 0.500 0.000
6 2 45 40.000 0.500 0.000 40.000 0.500 0.000
6 2 46 27.535 0.500 0.000 41.182 0.500 0.000
6 2 47 40.000 0.500 0.000 40.000 0.500 0.000
6 2 48 31.068 0.500 0.000 24.966 0.500 0.000
6 2 49 40.000 0.500 0.000 40.000 0.500 0.000
6 2 50 40.000 0.500 0.000 40.000 0.500 0.000
6 2 51 40.000 0.500 0.000 40.000 0.500 0.000
6 2 52 40.000 0.500 0.000 40.000 0.500 0.000
6 2 53 40.000 0.500 0.000 40.000 0.500 0.000
6 2 54 40.000 0.500 0.000 40.000 0.500 0.000
6 2 55 40.000 0.500 0.000 40.000 0.500 0.000
6 2 56 40.000 0.500 0.000 40.000 0.500 0.000
6 2 57 40.000 0.500 0.000 40.000 0.500 0.000
6 2 58 40.000 0.500 0.000 40.000 0.500 0.000
6 2 59 40.000 0.500 0.000 40.000 0.500 0.000
6 2 60 40.000 0.500 0.000 40.000 0.500 0.000
6 2 61 40.000 0.500 0.000 40.000 0.500 0.000
6 2 62 40.000 0.500 0.000 40.000 0.500 0.000
6 3 1 40.000 0.500 0.000 40.000 0.500 0.000
6 3 2 40.000 0.500 0.000 40.000 0.500 0.000
6 3 3 40.000 0.500 0.000 40.000 0.500 0.000
6 3 4 40.000 0.500 0.000 40.000 0.500 0.000
6 3 5 40.000 0.500 0.000 40.000 0.500 0.000
