1 1 1 96.793 96.793 70.349 70.349 -0.069
1 1 2 125.944 125.944 76.441 76.441 0.037
1 1 3 101.015 101.015 33.574 33.574 -0.450
1 1 4 122.743 122.743 41.112 41.112 0.263
1 1 5 134.239 134.239 38.233 38.233 0.225
1 1 6 96.090 96.090 18.993 18.993 -0.706
1 1 7 124.994 124.994 28.412 28.412 -0.001
1 1 8 124.674 124.674 25.578 25.578 0.061
1 1 9 141.208 141.208 25.696 25.696 0.363
1 1 10 129.029 129.029 21.512 21.512 -0.208
1 1 11 133.836 133.836 19.074 19.074 -0.631
1 1 12 140.560 140.560 20.527 20.527 -0.217
1 1 13 126.080 126.080 15.844 15.844 0.473
1 1 14 159.811 159.811 21.457 21.457 -0.076
1 1 15 167.630 167.630 21.833 21.833 -0.104
1 1 16 165.541 165.541 19.877 19.877 -0.073
1 1 17 155.843 155.843 17.186 17.186 0.238
1 1 18 183.739 183.739 20.838 20.838 -0.253
1 1 19 150.724 150.724 14.750 14.750 -0.127
1 1 20 186.492 186.492 19.252 19.252 -0.237
1 1 21 201.823 201.823 20.643 20.643 -0.165
1 1 22 179.954 179.954 16.737 16.737 -0.100
1 1 23 177.432 177.432 15.550 15.550 -0.217
1 2 1 127.089 127.089 219.493 219.493 -0.002
1 2 2 110.447 110.447 108.248 108.248 -0.083
1 2 3 100.159 100.159 76.894 76.894 -0.190
1 2 4 134.947 134.947 93.581 93.581 -0.170
1 2 5 128.693 128.693 79.445 79.445 -0.145
1 2 6 132.897 132.897 77.071 77.071 0.108
1 2 7 175.565 175.565 96.820 96.820 0.104
1 2 8 156.806 156.806 76.577 76.577 0.106
1 2 9 164.499 164.499 74.654 74.654 0.153
1 2 10 147.056 147.056 58.351 58.351 -0.074
1 2 11 174.240 174.240 70.864 70.864 -0.061
1 2 12 200.178 200.178 80.873 80.873 -0.128
1 2 13 141.256 141.256 43.516 43.516 -0.110
1 2 14 153.376 153.376 47.048 47.048 0.078
1 2 15 169.561 169.561 52.443 52.443 -0.019
1 2 16 167.717 167.717 47.840 47.840 0.022
1 2 17 172.808 172.808 47.991 47.991 -0.019
1 2 18 133.604 133.604 29.925 29.925 -0.128
1 2 19 150.627 150.627 34.710 34.710 0.042
1 2 20 153.606 153.606 34.509 34.509 -0.022
1 2 21 128.430 128.430 24.632 24.632 0.030
1 2 22 163.415 163.415 34.578 34.578 0.047
1 2 23 147.145 147.145 28.304 28.304 0.170
1 2 24 166.534 166.534 32.421 32.421 -0.026
1 2 25 182.763 182.763 36.213 36.213 -0.026
1 2 26 172.765 172.765 32.352 32.352 -0.032
1 2 27 210.074 210.074 41.089 41.089 -0.023
1 2 28 158.431 158.431 26.009 26.009 -0.160
1 2 29 153.510 153.510 23.970 23.970 0.035
1 2 30 169.801 169.801 27.214 27.214 0.037
1 2 31 136.461 136.461 19.159 19.159 0.008
1 2 32 302.188 302.188 60.153 60.153 -0.046
1 2 33 217.793 217.793 35.927 35.927 -0.099
1 2 34 279.007 279.007 51.170 51.170 -0.009
1 2 35 241.045 241.045 39.605 39.605 0.072
1 2 36 242.766 242.766 39.242 39.242 0.045
1 2 37 255.458 255.458 41.563 41.563 0.014
1 2 38 316.600 316.600 55.114 55.114 0.017
1 2 39 225.522 225.522 32.440 32.440 0.090
1 2 40 233.687 233.687 33.580 33.580 0.086
1 2 41 273.420 273.420 41.233 41.233 -0.080
1 2 42 206.045 206.045 26.577 26.577 -0.004
1 2 43 206.175 206.175 25.664 25.664 -0.066
1 2 44 219.227 219.227 27.700 27.700 -0.044
1 2 45 255.595 255.595 34.155 34.155 0.125
1 2 46 214.578 214.578 25.520 25.520 -0.055
1 2 47 232.797 232.797 28.545 28.545 -0.050
1 2 48 284.402 284.402 37.788 37.788 -0.106
1 2 49 223.533 223.533 25.519 25.519 -0.148
1 2 50 306.170 306.170 40.527 40.527 -0.005
1 2 51 341.804 341.804 47.094 47.094 -0.012
1 2 52 268.313 268.313 31.830 31.830 -0.024
1 2 53 286.975 286.975 34.690 34.690 -0.052
1 2 54 202.755 202.755 20.286 20.286 0.043
1 2 55 235.124 235.124 24.803 24.803 -0.077
1 2 56 311.483 311.483 37.314 37.314 -0.045
1 2 57 232.345 232.345 23.424 23.424 -0.060
1 2 58 246.590 246.590 25.270 25.270 -0.089
1 2 59 257.153 257.153 26.593 26.593 -0.042
1 2 60 268.356 268.356 27.738 27.738 -0.063
1 2 61 244.881 244.881 23.752 23.752 -0.183
1 2 62 254.891 254.891 25.034 25.034 -0.108
1 3 1 194.987 194.987 19.186 19.186 -0.839
1 3 2 217.873 217.873 20.059 20.059 0.486
1 3 3 219.696 219.696 21.038 21.038 0.499
1 3 4 214.824 214.824 19.086 19.086 0.625
1 3 5 197.379 197.379 18.285 18.285 0.897
2 1 1 76.057 76.057 131.160 131.160 0.828
2 1 2 112.518 112.518 59.173 59.173 -0.221
2 1 3 73.629 73.629 23.793 23.793 -0.161
2 1 4 111.306 111.306 35.807 35.807 0.237
2 1 5 93.137 93.137 22.894 22.894 0.088
2 1 6 105.912 105.912 602.568 602.568 0.000
2 1 7 122.383 122.383 27.425 27.425 0.086
2 1 8 128.871 128.871 26.411 26.411 0.235
2 1 9 130.933 130.933 24.087 24.087 0.047
2 1 10 128.039 128.039 914.729 914.729 0.000
2 1 11 142.320 142.320 22.883 22.883 0.041
2 1 12 97.228 97.228 11.788 11.788 -0.354
2 1 13 133.022 133.022 17.792 17.792 -0.042
2 1 14 135.901 135.901 16.673 16.673 -0.272
2 1 15 128.718 128.718 14.720 14.720 0.029
2 1 16 144.116 144.116 16.167 16.167 0.018
2 1 17 142.520 142.520 14.744 14.744 -0.483
2 1 18 185.913 185.913 21.280 21.280 0.227
2 1 19 122.868 122.868 272.772 272.772 3.611
2 1 20 169.032 169.032 16.614 16.614 -0.270
2 1 21 174.362 174.362 16.252 16.252 0.454
2 1 22 179.533 179.533 16.369 16.369 -0.415
2 1 23 173.341 173.341 14.940 14.940 0.340
2 2 1 47.056 47.056 129.357 129.357 0.327
2 2 2 129.116 129.116 141.039 141.039 -0.034
2 2 3 170.316 170.316 179.536 179.536 -0.031
2 2 4 89.350 89.350 50.568 50.568 -0.239
2 2 5 126.378 126.378 81.173 81.173 0.049
2 2 6 149.129 149.129 88.629 88.629 0.134
2 2 7 147.091 147.091 74.747 74.747 -0.120
2 2 8 119.619 119.619 51.417 51.417 0.086
2 2 9 128.235 128.235 50.827 50.827 -0.203
2 2 10 174.579 174.579 71.269 71.269 -0.191
2 2 11 174.895 174.895 69.757 69.757 -0.133
2 2 12 182.235 182.235 69.411 69.411 -0.140
2 2 13 159.639 159.639 52.780 52.780 0.019
2 2 14 129.858 129.858 36.825 36.825 -0.031
2 2 15 143.011 143.011 40.561 40.561 -0.052
2 2 16 160.535 160.535 44.612 44.612 -0.071
2 2 17 166.357 166.357 44.843 44.843 -0.115
2 2 18 126.097 126.097 27.594 27.594 -0.049
2 2 19 127.966 127.966 27.191 27.191 -0.044
2 2 20 162.438 162.438 37.542 37.542 -0.008
2 2 21 132.777 132.777 25.881 25.881 -0.034
2 2 22 171.348 171.348 37.153 37.153 -0.008
2 2 23 161.332 161.332 32.814 32.814 -0.085
2 2 24 138.021 138.021 24.472 24.472 -0.011
2 2 25 160.496 160.496 29.762 29.762 -0.060
2 2 26 166.190 166.190 30.501 30.501 -0.064
2 2 27 195.687 195.687 36.683 36.683 -0.123
2 2 28 174.674 174.674 30.157 30.157 -0.126
2 2 29 155.370 155.370 24.182 24.182 -0.189
2 2 30 155.827 155.827 23.680 23.680 -0.197
2 2 31 130.657 130.657 17.950 17.950 -0.015
2 2 32 233.944 233.944 40.422 40.422 -0.164
2 2 33 221.198 221.198 36.832 36.832 -0.077
2 2 34 266.109 266.109 47.669 47.669 -0.016
2 2 35 248.533 248.533 41.529 41.529 -0.014
2 2 36 220.445 220.445 33.955 33.955 -0.056
2 2 37 234.355 234.355 36.495 36.495 0.048
2 2 38 289.985 289.985 48.309 48.309 -0.024
2 2 39 197.568 197.568 26.662 26.662 0.050
2 2 40 212.223 212.223 29.065 29.065 -0.097
2 2 41 238.897 238.897 33.741 33.741 -0.046
2 2 42 219.075 219.075 29.118 29.118 0.047
2 2 43 199.741 199.741 24.472 24.472 0.069
2 2 44 258.630 258.630 35.380 35.380 -0.098
2 2 45 215.832 215.832 26.601 26.601 -0.046
2 2 46 234.458 234.458 29.177 29.177 0.009
2 2 47 247.542 247.542 31.286 31.286 -0.057
2 2 48 253.370 253.370 31.887 31.887 -0.082
2 2 49 249.663 249.663 30.243 30.243 -0.078
2 2 50 271.163 271.163 33.707 33.707 -0.075
2 2 51 313.421 313.421 41.367 41.367 -0.003
2 2 52 291.299 291.299 35.905 35.905 -0.095
2 2 53 290.776 290.776 35.274 35.274 -0.117
2 2 54 277.470 277.470 32.457 32.457 0.060
2 2 55 229.483 229.483 23.917 23.917 0.056
2 2 56 310.363 310.363 37.136 37.136 0.026
2 2 57 267.414 267.414 28.938 28.938 0.005
2 2 58 206.442 206.442 19.371 19.371 0.035
2 2 59 215.290 215.290 20.376 20.376 -0.006
2 2 60 242.807 242.807 23.840 23.840 0.118
2 2 61 269.007 269.007 27.533 27.533 -0.032
2 2 62 275.117 275.117 28.033 28.033 0.124
2 3 1 191.739 191.739 17.936 17.936 -0.687
2 3 2 237.764 237.764 23.647 23.647 -0.025
2 3 3 211.501 211.501 19.213 19.213 -0.213
2 3 4 196.547 196.547 17.871 17.871 0.763
2 3 5 205.207 205.207 17.898 17.898 -0.750
3 1 1 124.004 124.004 154.200 154.200 0.371
3 1 2 126.557 126.557 71.463 71.463 -0.193
3 1 3 90.594 90.594 32.886 32.886 -0.032
3 1 4 122.303 122.303 42.917 42.917 -0.063
3 1 5 86.759 86.759 18.980 18.980 -0.497
3 1 6 87.672 87.672 19.220 19.220 0.177
3 1 7 138.634 138.634 48.555 48.555 -0.963
3 1 8 142.982 142.982 30.991 30.991 -0.172
3 1 9 135.696 135.696 25.240 25.240 -0.134
3 1 10 130.680 130.680 22.074 22.074 0.136
3 1 11 101.429 101.429 13.766 13.766 0.057
3 1 12 132.270 132.270 18.884 18.884 -0.104
3 1 13 135.665 135.665 18.164 18.164 -0.248
3 1 14 146.340 146.340 18.318 18.318 0.403
3 1 15 158.508 158.508 18.912 18.912 -0.813
3 1 16 160.586 160.586 19.008 19.008 0.051
3 1 17 149.798 149.798 15.875 15.875 0.915
3 1 18 199.825 199.825 23.145 23.145 0.401
3 1 19 177.302 177.302 18.853 18.853 0.037
3 1 20 162.575 162.575 15.708 15.708 -0.224
3 1 21 181.050 181.050 17.340 17.340 0.370
3 1 22 188.534 188.534 17.259 17.259 0.589
3 1 23 184.685 184.685 16.568 16.568 -0.126
3 2 1 38.104 38.104 48.264 48.264 0.336
3 2 2 103.263 103.263 569.689 569.689 0.000
3 2 3 310.258 310.258 1024.239 1024.239 -0.095
3 2 4 199.693 199.693 177.620 177.620 0.069
3 2 5 119.595 119.595 69.801 69.801 -0.246
3 2 6 127.638 127.638 74.595 74.595 -0.023
3 2 7 164.634 164.634 89.628 89.628 -0.101
3 2 8 168.265 168.265 86.485 86.485 -0.050
3 2 9 123.786 123.786 48.720 48.720 -0.182
3 2 10 167.011 167.011 70.937 70.937 -0.058
3 2 11 185.395 185.395 77.030 77.030 -0.086
3 2 12 191.996 191.996 72.999 72.999 -0.195
3 2 13 153.248 153.248 47.734 47.734 -0.192
3 2 14 166.042 166.042 53.177 53.177 -0.061
3 2 15 184.532 184.532 59.503 59.503 -0.022
3 2 16 134.642 134.642 34.394 34.394 0.045
3 2 17 183.127 183.127 52.243 52.243 -0.053
3 2 18 149.285 149.285 35.135 35.135 0.151
3 2 19 199.836 199.836 52.987 52.987 0.041
3 2 20 185.360 185.360 45.717 45.717 -0.046
3 2 21 131.520 131.520 25.277 25.277 -0.167
3 2 22 174.869 174.869 38.308 38.308 -0.015
3 2 23 156.644 156.644 31.465 31.465 0.018
3 2 24 167.271 167.271 32.490 32.490 -0.112
3 2 25 164.628 164.628 30.941 30.941 -0.047
3 2 26 177.454 177.454 33.483 33.483 -0.128
3 2 27 169.471 169.471 29.725 29.725 0.068
3 2 28 158.774 158.774 26.309 26.309 -0.003
3 2 29 136.977 136.977 19.957 19.957 -0.231
3 2 30 170.159 170.159 27.239 27.239 0.090
3 2 31 160.630 160.630 24.369 24.369 0.128
3 2 32 250.321 250.321 45.296 45.296 -0.074
3 2 33 197.841 197.841 31.140 31.140 0.090
3 2 34 245.623 245.623 42.269 42.269 0.021
3 2 35 211.512 211.512 32.574 32.574 -0.049
3 2 36 227.101 227.101 35.429 35.429 0.099
3 2 37 229.230 229.230 35.069 35.069 0.148
3 2 38 281.541 281.541 46.231 46.231 -0.008
3 2 39 242.690 242.690 36.021 36.021 0.148
3 2 40 285.160 285.160 45.335 45.335 0.052
3 2 41 212.145 212.145 28.252 28.252 -0.039
3 2 42 218.394 218.394 29.003 29.003 0.016
3 2 43 243.397 243.397 32.805 32.805 0.115
3 2 44 250.613 250.613 33.841 33.841 0.056
3 2 45 231.962 231.962 29.645 29.645 -0.030
3 2 46 198.560 198.560 22.703 22.703 0.079
3 2 47 271.715 271.715 36.015 36.015 0.032
3 2 48 214.016 214.016 24.787 24.787 -0.022
3 2 49 193.828 193.828 20.701 20.701 0.069
3 2 50 187.029 187.029 19.091 19.091 0.298
3 2 51 201.601 201.601 21.340 21.340 0.004
3 2 52 321.887 321.887 41.819 41.819 -0.001
3 2 53 203.521 203.521 20.657 20.657 -0.155
3 2 54 250.827 250.827 27.897 27.897 0.054
3 2 55 252.080 252.080 27.551 27.551 -0.014
3 2 56 328.897 328.897 40.511 40.511 -0.021
3 2 57 227.602 227.602 22.713 22.713 -0.040
3 2 58 212.558 212.558 20.221 20.221 -0.084
3 2 59 227.931 227.931 22.199 22.199 -0.005
3 2 60 255.035 255.035 25.697 25.697 -0.077
3 2 61 226.390 226.390 21.245 21.245 -0.053
3 2 62 258.618 258.618 25.639 25.639 0.004
3 3 1 197.754 197.754 17.551 17.551 1.160
3 3 2 247.048 247.048 25.051 25.051 0.017
3 3 3 217.284 217.284 19.495 19.495 0.479
3 3 4 202.668 202.668 17.167 17.167 0.407
3 3 5 207.953 207.953 17.558 17.558 0.176
4 1 1 106.462 106.462 79.474 79.474 -0.104
4 1 2 126.981 126.981 117.215 117.215 -0.519
4 1 3 120.904 120.904 47.625 47.625 -0.231
4 1 4 117.856 117.856 40.183 40.183 0.144
4 1 5 82.569 82.569 18.636 18.636 0.281
4 1 6 92.062 92.062 20.755 20.755 -0.101
4 1 7 139.720 139.720 33.240 33.240 -0.144
4 1 8 126.457 126.457 25.901 25.901 0.161
4 1 9 147.638 147.638 28.718 28.718 0.107
4 1 10 143.990 143.990 25.098 25.098 -0.266
4 1 11 109.878 109.878 15.370 15.370 -0.222
4 1 12 176.487 176.487 28.522 28.522 0.258
4 1 13 162.527 162.527 24.042 24.042 -0.007
4 1 14 140.111 140.111 17.526 17.526 0.195
4 1 15 137.306 137.306 15.741 15.741 -0.474
4 1 16 162.555 162.555 18.574 18.574 -0.494
4 1 17 179.376 179.376 21.352 21.352 0.151
4 1 18 195.694 195.694 23.147 23.147 -0.111
4 1 19 192.369 192.369 21.189 21.189 -0.182
4 1 20 151.513 151.513 14.228 14.228 -0.073
4 1 21 175.414 175.414 16.808 16.808 0.030
4 1 22 197.751 197.751 19.238 19.238 -0.167
4 1 23 205.142 205.142 19.380 19.380 0.145
4 2 1 130.457 130.457 259.541 259.541 0.095
4 2 2 109.410 109.410 107.275 107.275 0.139
4 2 3 117.853 117.853 117.744 117.744 0.192
4 2 4 124.523 124.523 89.824 89.824 -0.015
4 2 5 139.268 139.268 93.980 93.980 -0.044
4 2 6 127.571 127.571 71.258 71.258 0.144
4 2 7 163.470 163.470 89.914 89.914 -0.029
4 2 8 119.433 119.433 51.612 51.612 -0.054
4 2 9 127.948 127.948 50.642 50.642 -0.204
4 2 10 173.450 173.450 72.235 72.235 -0.146
4 2 11 152.595 152.595 57.780 57.780 -0.082
4 2 12 186.013 186.013 72.184 72.184 -0.126
4 2 13 175.414 175.414 60.527 60.527 -0.053
4 2 14 148.346 148.346 44.998 44.998 0.001
4 2 15 173.284 173.284 54.177 54.177 0.001
4 2 16 149.113 149.113 39.954 39.954 0.087
4 2 17 167.908 167.908 45.794 45.794 -0.067
4 2 18 153.380 153.380 36.332 36.332 0.189
4 2 19 192.818 192.818 50.315 50.315 -0.010
4 2 20 154.682 154.682 34.549 34.549 -0.139
4 2 21 137.221 137.221 27.136 27.136 0.090
4 2 22 177.357 177.357 39.123 39.123 -0.015
4 2 23 202.109 202.109 46.085 46.085 -0.023
4 2 24 187.775 187.775 38.795 38.795 0.037
4 2 25 167.625 167.625 31.809 31.809 -0.037
4 2 26 185.659 185.659 36.032 36.032 -0.040
4 2 27 188.570 188.570 34.863 34.863 -0.069
4 2 28 199.563 199.563 37.059 37.059 -0.023
4 2 29 155.481 155.481 24.384 24.384 -0.092
4 2 30 158.794 158.794 24.628 24.628 0.021
4 2 31 153.984 153.984 22.962 22.962 0.014
4 2 32 311.261 311.261 62.961 62.961 0.015
4 2 33 191.732 191.732 29.800 29.800 0.021
4 2 34 257.713 257.713 45.254 45.254 -0.093
4 2 35 292.980 292.980 53.087 53.087 -0.036
4 2 36 247.448 247.448 40.240 40.240 -0.098
4 2 37 303.583 303.583 53.752 53.752 -0.043
4 2 38 308.458 308.458 52.825 52.825 -0.071
4 2 39 262.315 262.315 40.811 40.811 0.001
4 2 40 260.496 260.496 39.449 39.449 0.120
4 2 41 273.090 273.090 41.278 41.278 -0.010
4 2 42 283.325 283.325 42.844 42.844 -0.037
4 2 43 240.780 240.780 32.331 32.331 -0.095
4 2 44 270.628 270.628 37.982 37.982 -0.031
4 2 45 266.598 266.598 36.533 36.533 -0.013
4 2 46 232.359 232.359 28.735 28.735 0.086
4 2 47 242.078 242.078 30.262 30.262 -0.054
4 2 48 299.947 299.947 41.132 41.132 0.005
4 2 49 186.891 186.891 19.616 19.616 -0.028
4 2 50 265.950 265.950 32.804 32.804 0.028
4 2 51 303.668 303.668 39.420 39.420 -0.046
4 2 52 261.642 261.642 30.645 30.645 0.016
4 2 53 275.556 275.556 32.656 32.656 -0.029
4 2 54 250.982 250.982 27.929 27.929 0.046
4 2 55 225.704 225.704 23.328 23.328 -0.062
4 2 56 315.516 315.516 38.068 38.068 -0.015
4 2 57 200.196 200.196 18.738 18.738 0.040
4 2 58 225.800 225.800 22.162 22.162 0.022
4 2 59 211.933 211.933 19.870 19.870 0.103
4 2 60 217.040 217.040 20.164 20.164 -0.101
4 2 61 235.522 235.522 22.520 22.520 -0.110
4 2 62 303.770 303.770 32.601 32.601 0.075
4 3 1 199.246 199.246 18.807 18.807 -0.244
4 3 2 223.986 223.986 21.609 21.609 -0.065
4 3 3 221.864 221.864 20.437 20.437 0.336
4 3 4 220.424 220.424 20.685 20.685 -0.685
4 3 5 241.203 241.203 21.989 21.989 -0.050
5 1 1 130.289 130.289 106.813 106.813 0.109
5 1 2 109.624 109.624 55.790 55.790 -0.259
5 1 3 167.406 167.406 77.984 77.984 0.185
5 1 4 143.431 143.431 54.187 54.187 -0.096
5 1 5 95.245 95.245 23.681 23.681 -0.060
5 1 6 104.997 104.997 21.849 21.849 -0.700
5 1 7 104.344 104.344 21.366 21.366 0.231
5 1 8 111.518 111.518 21.162 21.162 -0.273
5 1 9 139.943 139.943 26.582 26.582 -0.060
5 1 10 145.181 145.181 24.814 24.814 -0.370
5 1 11 147.671 147.671 24.177 24.177 -0.017
5 1 12 158.833 158.833 24.908 24.908 -0.001
5 1 13 172.824 172.824 25.793 25.793 -0.258
5 1 14 136.899 136.899 16.928 16.928 -0.202
5 1 15 184.423 184.423 24.763 24.763 0.295
5 1 16 163.529 163.529 18.684 18.684 -1.061
5 1 17 167.284 167.284 19.285 19.285 0.035
5 1 18 197.625 197.625 23.489 23.489 -0.112
5 1 19 199.857 199.857 22.304 22.304 0.269
5 1 20 184.644 184.644 18.865 18.865 0.317
5 1 21 196.618 196.618 19.904 19.904 -0.109
5 1 22 179.192 179.192 16.654 16.654 0.043
5 1 23 176.741 176.741 15.495 15.495 0.169
5 2 1 30.834 30.834 33.375 33.375 -0.420
5 2 2 100.353 100.353 93.302 93.302 0.149
5 2 3 195.527 195.527 226.159 226.159 -0.008
5 2 4 136.711 136.711 96.381 96.381 -0.125
5 2 5 110.973 110.973 67.320 67.320 0.011
5 2 6 112.438 112.438 58.283 58.283 -0.174
5 2 7 147.976 147.976 76.405 76.405 -0.087
5 2 8 154.330 154.330 76.189 76.189 0.001
5 2 9 145.232 145.232 64.217 64.217 -0.064
5 2 10 172.185 172.185 72.258 72.258 -0.122
5 2 11 188.476 188.476 79.814 79.814 -0.055
5 2 12 212.873 212.873 89.781 89.781 -0.060
5 2 13 181.682 181.682 63.814 63.814 -0.050
5 2 14 170.161 170.161 54.907 54.907 -0.075
5 2 15 163.947 163.947 49.742 49.742 -0.064
5 2 16 149.822 149.822 38.414 38.414 -0.278
5 2 17 159.495 159.495 42.517 42.517 -0.041
5 2 18 140.370 140.370 32.386 32.386 -0.066
5 2 19 166.893 166.893 39.016 39.016 -0.239
5 2 20 182.921 182.921 44.835 44.835 -0.030
5 2 21 127.093 127.093 24.219 24.219 -0.056
5 2 22 153.291 153.291 31.443 31.443 0.008
5 2 23 188.031 188.031 41.337 41.337 -0.033
5 2 24 150.409 150.409 27.703 27.703 -0.113
5 2 25 166.378 166.378 31.097 31.097 -0.180
5 2 26 166.190 166.190 30.433 30.433 -0.094
5 2 27 197.824 197.824 37.241 37.241 -0.127
5 2 28 157.977 157.977 25.738 25.738 -0.211
5 2 29 142.765 142.765 21.370 21.370 -0.159
5 2 30 208.830 208.830 36.767 36.767 -0.166
5 2 31 139.193 139.193 19.575 19.575 -0.192
5 2 32 275.092 275.092 51.862 51.862 -0.122
5 2 33 215.384 215.384 34.938 34.938 -0.179
5 2 34 262.317 262.317 46.551 46.551 -0.065
5 2 35 251.910 251.910 42.153 42.153 -0.108
5 2 36 256.328 256.328 42.604 42.604 0.030
5 2 37 263.252 263.252 43.444 43.444 -0.037
5 2 38 327.038 327.038 57.859 57.859 0.022
5 2 39 193.943 193.943 25.929 25.929 -0.042
5 2 40 253.901 253.901 38.082 38.082 -0.052
5 2 41 243.477 243.477 34.533 34.533 -0.131
5 2 42 230.679 230.679 31.253 31.253 -0.161
5 2 43 227.278 227.278 29.567 29.567 -0.146
5 2 44 282.505 282.505 40.416 40.416 -0.074
5 2 45 246.499 246.499 32.279 32.279 -0.141
5 2 46 226.613 226.613 27.720 27.720 -0.015
5 2 47 230.352 230.352 28.120 28.120 0.009
5 2 48 272.783 272.783 35.668 35.668 0.004
5 2 49 213.443 213.443 23.941 23.941 0.015
5 2 50 281.546 281.546 35.707 35.707 -0.053
5 2 51 303.464 303.464 39.325 39.325 -0.073
5 2 52 308.041 308.041 39.142 39.142 -0.025
5 2 53 263.093 263.093 30.448 30.448 -0.067
5 2 54 241.322 241.322 26.267 26.267 -0.108
5 2 55 250.350 250.350 27.267 27.267 0.042
5 2 56 204.960 204.960 19.890 19.890 -0.126
5 2 57 192.043 192.043 17.602 17.602 0.061
5 2 58 223.857 223.857 21.858 21.858 0.072
5 2 59 192.491 192.491 17.187 17.187 0.153
5 2 60 257.229 257.229 25.988 25.988 0.114
5 2 61 217.663 217.663 20.028 20.028 -0.051
5 2 62 256.278 256.278 25.214 25.214 0.136
5 3 1 201.375 201.375 19.256 19.256 0.073
5 3 2 227.080 227.080 21.880 21.880 -0.225
5 3 3 234.467 234.467 22.354 22.354 -0.249
5 3 4 216.617 216.617 19.103 19.103 0.286
5 3 5 217.169 217.169 21.463 21.463 0.561
6 1 1 69.107 69.107 105.130 105.130 -0.964
6 1 2 122.053 122.053 73.323 73.323 -0.273
6 1 3 133.145 133.145 53.263 53.263 0.357
6 1 4 128.731 128.731 45.230 45.230 -0.171
6 1 5 122.327 122.327 34.504 34.504 -0.019
6 1 6 99.198 99.198 21.541 21.541 0.507
6 1 7 119.487 119.487 26.541 26.541 0.018
6 1 8 159.682 159.682 33.374 33.374 -0.463
6 1 9 131.575 131.575 23.241 23.241 -0.376
6 1 10 133.925 133.925 22.544 22.544 0.262
6 1 11 136.902 136.902 21.585 21.585 0.044
6 1 12 147.509 147.509 22.302 22.302 0.030
6 1 13 144.799 144.799 19.993 19.993 -0.225
6 1 14 151.777 151.777 18.090 18.090 0.738
6 1 15 158.041 158.041 19.763 19.763 0.277
6 1 16 170.395 170.395 20.751 20.751 0.084
6 1 17 170.890 170.890 19.824 19.824 -0.154
6 1 18 203.076 203.076 24.391 24.391 0.157
6 1 19 182.318 182.318 19.590 19.590 0.180
6 1 20 189.844 189.844 19.964 19.964 -0.016
6 1 21 188.887 188.887 2125.197 2125.197 0.000
6 1 22 165.418 165.418 14.483 14.483 0.455
6 1 23 179.052 179.052 15.823 15.823 -0.107
6 2 1 44.832 44.832 63.077 63.077 0.279
6 2 2 110.517 110.517 112.742 112.742 -0.008
6 2 3 132.607 132.607 124.927 124.927 -0.002
6 2 4 122.008 122.008 92.965 92.965 -0.244
6 2 5 121.879 121.879 74.176 74.176 -0.128
6 2 6 132.725 132.725 75.760 75.760 -0.138
6 2 7 174.120 174.120 98.447 98.447 0.051
6 2 8 127.030 127.030 53.562 53.562 0.206
6 2 9 156.132 156.132 71.811 71.811 0.035
6 2 10 181.595 181.595 80.541 80.541 -0.015
6 2 11 161.484 161.484 63.427 63.427 -0.041
6 2 12 195.950 195.950 79.533 79.533 -0.050
6 2 13 175.160 175.160 60.614 60.614 0.024
6 2 14 140.122 140.122 41.237 41.237 0.038
6 2 15 165.725 165.725 50.621 50.621 0.031
6 2 16 155.251 155.251 42.154 42.154 0.133
6 2 17 149.955 149.955 38.364 38.364 0.129
6 2 18 134.932 134.932 30.544 30.544 0.046
6 2 19 151.041 151.041 34.531 34.531 -0.131
6 2 20 159.164 159.164 36.169 36.169 0.124
6 2 21 136.281 136.281 26.924 26.924 -0.009
6 2 22 173.368 173.368 37.818 37.818 0.015
6 2 23 164.846 164.846 33.840 33.840 0.094
6 2 24 145.797 145.797 26.558 26.558 -0.063
6 2 25 160.177 160.177 29.727 29.727 -0.006
6 2 26 162.569 162.569 29.533 29.533 0.042
6 2 27 193.043 193.043 36.201 36.201 0.011
6 2 28 140.842 140.842 21.978 21.978 -0.025
6 2 29 134.296 134.296 19.621 19.621 0.009
6 2 30 178.306 178.306 29.287 29.287 0.060
6 2 31 125.853 125.853 16.966 16.966 0.022
6 2 32 293.545 293.545 57.627 57.627 0.043
6 2 33 202.582 202.582 32.168 32.168 0.122
6 2 34 262.940 262.940 46.639 46.639 0.077
6 2 35 229.126 229.126 36.727 36.727 0.045
6 2 36 247.693 247.693 40.479 40.479 0.027
6 2 37 220.200 220.200 33.162 33.162 0.094
6 2 38 281.341 281.341 45.488 45.488 0.164
6 2 39 308.283 308.283 51.730 51.730 0.091
6 2 40 261.250 261.250 39.800 39.800 0.067
6 2 41 210.159 210.159 27.861 27.861 -0.019
6 2 42 214.247 214.247 28.178 28.178 -0.022
6 2 43 195.156 195.156 23.578 23.578 0.130
6 2 44 217.807 217.807 27.423 27.423 0.033
6 2 45 185.240 185.240 21.163 21.163 0.039
6 2 46 209.317 209.317 24.608 24.608 -0.004
6 2 47 194.935 194.935 21.868 21.868 0.067
6 2 48 309.756 309.756 43.103 43.103 0.053
6 2 49 255.465 255.465 31.344 31.344 -0.026
6 2 50 257.248 257.248 31.203 31.203 -0.021
6 2 51 295.536 295.536 37.839 37.839 -0.047
6 2 52 281.864 281.864 34.252 34.252 0.049
6 2 53 305.965 305.965 38.166 38.166 -0.064
6 2 54 228.156 228.156 24.205 24.205 -0.038
6 2 55 261.662 261.662 29.124 29.124 -0.058
6 2 56 223.129 223.129 22.590 22.590 -0.112
6 2 57 195.404 195.404 18.048 18.048 -0.099
6 2 58 222.997 222.997 21.750 21.750 -0.021
6 2 59 238.881 238.881 23.815 23.815 0.008
6 2 60 248.416 248.416 24.732 24.732 -0.018
6 2 61 247.676 247.676 24.303 24.303 -0.059
6 2 62 291.682 291.682 30.714 30.714 0.007
6 3 1 192.506 192.506 17.967 17.967 0.163
6 3 2 220.316 220.316 20.979 20.979 0.205
6 3 3 240.325 240.325 54.815 54.815 -2.199
6 3 4 218.320 218.320 20.722 20.722 0.747
6 3 5 257.285 257.285 24.368 24.368 -0.092
