1 1 1 -0.664 0.080
1 1 2 1.019 0.098
1 1 3 0.148 0.091
1 1 4 -0.806 0.107
1 1 5 0.176 0.102
1 1 6 -1.893 0.107
1 1 7 -1.494 0.113
1 1 8 -0.790 0.118
1 1 9 -0.577 0.135
1 1 10 0.222 0.129
1 1 11 -1.372 0.135
1 1 12 0.952 0.140
1 1 13 0.456 0.145
1 1 14 0.736 0.616
1 1 15 1.255 0.165
1 1 16 1.763 0.177
1 1 17 -0.861 0.561
1 1 18 0.914 0.996
1 1 19 1.648 0.238
1 1 20 1.213 0.590
1 1 21 1.428 0.755
1 1 22 -0.357 0.579
1 1 23 -1.236 0.572
1 2 1 1.419 0.866
1 2 2 0.338 0.607
1 2 3 1.870 0.032
1 2 4 1.108 0.048
1 2 5 -0.999 0.079
1 2 6 1.482 0.056
1 2 7 0.066 0.060
1 2 8 -0.524 0.058
1 2 9 -1.790 0.057
1 2 10 -0.619 0.064
1 2 11 -0.440 0.054
1 2 12 -0.080 0.061
1 2 13 -0.839 0.076
1 2 14 0.603 0.061
1 2 15 1.032 0.063
1 2 16 0.548 0.072
1 2 17 0.801 0.064
1 2 18 -0.650 0.068
1 2 19 0.468 0.065
1 2 20 -0.254 0.047
1 2 21 0.377 0.054
1 2 22 0.658 0.067
1 2 23 0.761 0.050
1 2 24 1.058 0.051
1 2 25 1.000 0.052
1 2 26 1.456 0.053
1 2 27 1.575 0.053
1 2 28 1.905 0.054
1 2 29 1.817 0.055
1 2 30 -1.722 0.056
1 2 31 1.571 0.057
1 2 32 1.544 0.058
1 2 33 0.046 0.059
1 2 34 -0.297 0.060
1 2 35 -0.149 0.061
1 2 36 -0.677 0.485
1 2 37 -0.184 0.062
1 2 38 -0.112 0.407
1 2 39 -0.327 0.428
1 2 40 0.196 0.065
1 2 41 -0.226 0.066
1 2 42 -0.859 0.067
1 2 43 -1.103 0.320
1 2 44 0.268 0.456
1 2 45 -1.565 0.356
1 2 46 1.923 0.071
1 2 47 -0.458 0.988
1 2 48 0.843 0.072
1 2 49 1.866 0.371
1 2 50 0.027 0.777
1 2 51 -1.377 0.791
1 2 52 1.888 0.644
1 2 53 -0.953 0.077
1 2 54 -1.477 1.000
1 2 55 -0.463 0.079
1 2 56 1.154 0.985
1 2 57 -0.221 0.524
1 2 58 -0.960 0.958
1 2 59 0.941 0.792
1 2 60 0.356 0.083
1 2 61 0.170 0.443
1 2 62 0.345 0.085
1 3 1 -2.034 0.803
1 3 2 -1.688 0.186
1 3 3 -0.042 0.160
1 3 4 -1.974 0.996
1 3 5 0.000 0.100
2 1 1 -1.141 0.080
2 1 2 1.006 0.099
2 1 3 -0.953 0.094
2 1 4 -1.818 0.101
2 1 5 0.768 0.102
2 1 6 0.000 0.100
2 1 7 -0.482 0.113
2 1 8 -1.683 0.118
2 1 9 -1.672 0.124
2 1 10 0.000 0.100
2 1 11 1.256 0.472
2 1 12 0.164 0.384
2 1 13 -1.561 0.425
2 1 14 -0.350 0.494
2 1 15 -0.005 0.214
2 1 16 -1.147 0.396
2 1 17 1.662 0.445
2 1 18 -1.542 1.000
2 1 19 1.915 0.906
2 1 20 -2.770 0.999
2 1 21 1.392 0.809
2 1 22 -1.369 0.547
2 1 23 -0.679 0.654
2 2 1 -1.806 0.998
2 2 2 1.752 0.031
2 2 3 1.728 0.032
2 2 4 1.742 0.033
2 2 5 -0.469 0.062
2 2 6 -0.801 0.048
2 2 7 -0.316 0.039
2 2 8 -1.611 0.052
2 2 9 -1.323 0.063
2 2 10 -0.698 0.061
2 2 11 -0.341 0.056
2 2 12 0.426 0.063
2 2 13 0.082 0.069
2 2 14 -0.553 0.068
2 2 15 0.318 0.073
2 2 16 1.057 0.044
2 2 17 -0.207 0.062
2 2 18 1.951 0.054
2 2 19 -0.242 0.046
2 2 20 -0.494 0.047
2 2 21 0.019 0.048
2 2 22 0.265 0.049
2 2 23 0.580 0.050
2 2 24 -0.905 0.051
2 2 25 -0.759 0.052
2 2 26 0.777 0.053
2 2 27 0.469 0.053
2 2 28 1.299 0.054
2 2 29 1.068 0.055
2 2 30 0.939 0.056
2 2 31 0.855 0.057
2 2 32 0.480 0.058
2 2 33 -0.843 0.059
2 2 34 -0.895 0.060
2 2 35 -0.482 0.061
2 2 36 -1.898 0.974
2 2 37 -1.061 0.062
2 2 38 -0.954 0.063
2 2 39 -0.714 0.376
2 2 40 -0.921 0.367
2 2 41 -1.881 0.066
2 2 42 -1.699 0.067
2 2 43 -1.635 0.068
2 2 44 0.021 0.069
2 2 45 -1.006 0.070
2 2 46 1.376 0.280
2 2 47 -0.161 0.071
2 2 48 -0.434 0.072
2 2 49 0.182 1.000
2 2 50 0.044 0.074
2 2 51 -0.716 0.212
2 2 52 -0.229 0.999
2 2 53 -0.376 0.697
2 2 54 0.892 0.297
2 2 55 0.561 0.305
2 2 56 1.328 0.541
2 2 57 1.842 0.987
2 2 58 0.859 0.081
2 2 59 -1.934 0.390
2 2 60 1.585 0.083
2 2 61 1.692 0.994
2 2 62 -1.487 0.175
2 3 1 -1.782 0.713
2 3 2 1.143 1.000
2 3 3 -0.626 0.160
2 3 4 -1.838 0.304
2 3 5 0.000 0.100
3 1 1 -1.498 0.080
3 1 2 -0.062 0.085
3 1 3 1.650 0.091
3 1 4 -1.587 0.096
3 1 5 -1.407 0.102
3 1 6 -1.112 0.107
3 1 7 0.330 0.113
3 1 8 0.190 0.118
3 1 9 1.368 0.124
3 1 10 -1.451 0.129
3 1 11 -1.744 0.159
3 1 12 -0.912 0.207
3 1 13 2.057 0.438
3 1 14 0.354 0.169
3 1 15 1.369 0.534
3 1 16 -1.437 0.603
3 1 17 -0.327 0.457
3 1 18 -2.215 0.997
3 1 19 1.336 0.583
3 1 20 1.291 0.422
3 1 21 -0.488 0.189
3 1 22 0.651 0.997
3 1 23 -1.846 0.748
3 2 1 1.732 0.037
3 2 2 -1.265 0.031
3 2 3 -5.658 0.979
3 2 4 1.372 0.033
3 2 5 -1.346 0.058
3 2 6 1.414 0.035
3 2 7 -0.808 0.048
3 2 8 -1.100 0.064
3 2 9 1.554 0.058
3 2 10 -1.246 0.066
3 2 11 -0.732 0.047
3 2 12 -0.062 0.060
3 2 13 -0.593 0.071
3 2 14 -0.449 0.066
3 2 15 0.535 0.081
3 2 16 -0.411 0.067
3 2 17 -0.841 0.066
3 2 18 -1.632 0.051
3 2 19 -0.953 0.050
3 2 20 -0.954 0.047
3 2 21 -0.821 0.060
3 2 22 -0.898 0.058
3 2 23 -0.686 0.050
3 2 24 -0.713 0.075
3 2 25 -1.577 0.052
3 2 26 -0.515 0.053
3 2 27 -0.643 0.053
3 2 28 0.086 0.054
3 2 29 -0.049 0.055
3 2 30 0.220 0.408
3 2 31 0.899 0.057
3 2 32 0.074 0.058
3 2 33 -1.399 0.635
3 2 34 -0.854 0.060
3 2 35 -0.619 0.061
3 2 36 -1.910 0.062
3 2 37 -1.690 0.062
3 2 38 -1.028 0.063
3 2 39 0.455 0.064
3 2 40 -0.487 0.304
3 2 41 1.762 0.066
3 2 42 -1.049 0.067
3 2 43 -1.380 0.068
3 2 44 0.168 0.312
3 2 45 1.846 0.070
3 2 46 -0.155 0.328
3 2 47 0.195 0.906
3 2 48 -0.300 0.072
3 2 49 2.051 0.073
3 2 50 0.311 0.482
3 2 51 -2.162 0.075
3 2 52 -0.587 0.995
3 2 53 -1.416 0.077
3 2 54 0.733 0.318
3 2 55 0.027 0.821
3 2 56 0.619 0.995
3 2 57 0.877 0.737
3 2 58 -1.187 0.100
3 2 59 -0.807 0.100
3 2 60 0.805 0.975
3 2 61 0.755 0.856
3 2 62 1.143 0.800
3 3 1 2.026 0.880
3 3 2 -0.758 0.285
3 3 3 -1.912 0.999
3 3 4 -1.558 0.165
3 3 5 0.000 0.100
4 1 1 -0.031 0.080
4 1 2 -1.139 0.085
4 1 3 0.079 0.530
4 1 4 1.213 0.303
4 1 5 -1.103 0.448
4 1 6 0.074 0.107
4 1 7 -1.862 0.113
4 1 8 -1.607 0.118
4 1 9 -0.396 0.124
4 1 10 -0.770 0.156
4 1 11 1.592 0.135
4 1 12 0.187 0.146
4 1 13 -0.346 0.145
4 1 14 -0.683 0.446
4 1 15 -1.056 0.156
4 1 16 -1.562 0.609
4 1 17 1.871 0.420
4 1 18 -1.669 0.542
4 1 19 -1.890 0.556
4 1 20 -0.300 0.203
4 1 21 4.442 0.189
4 1 22 0.433 0.509
4 1 23 -1.301 0.996
4 2 1 0.315 0.030
4 2 2 -0.726 0.031
4 2 3 0.545 0.032
4 2 4 -0.133 0.065
4 2 5 1.282 0.080
4 2 6 1.465 0.080
4 2 7 -1.686 0.063
4 2 8 1.299 0.093
4 2 9 0.876 0.082
4 2 10 -1.701 0.061
4 2 11 -2.004 0.094
4 2 12 -1.309 0.110
4 2 13 -1.293 0.064
4 2 14 1.957 0.055
4 2 15 -0.756 0.107
4 2 16 -1.062 0.059
4 2 17 -1.308 0.083
4 2 18 0.761 0.085
4 2 19 -1.695 0.084
4 2 20 1.810 0.078
4 2 21 -1.201 0.080
4 2 22 -1.149 0.076
4 2 23 -0.551 0.057
4 2 24 -1.500 0.072
4 2 25 -1.574 0.096
4 2 26 -0.495 0.053
4 2 27 -0.732 0.053
4 2 28 -0.457 0.054
4 2 29 -1.005 0.055
4 2 30 0.362 0.056
4 2 31 0.018 0.057
4 2 32 0.065 0.058
4 2 33 0.534 0.101
4 2 34 -1.926 0.060
4 2 35 -1.850 0.061
4 2 36 1.230 0.062
4 2 37 -1.777 0.062
4 2 38 -1.897 0.586
4 2 39 -1.246 0.064
4 2 40 -1.064 0.065
4 2 41 1.064 0.066
4 2 42 3.008 0.230
4 2 43 1.432 0.068
4 2 44 -0.741 0.248
4 2 45 0.429 0.070
4 2 46 -0.122 0.601
4 2 47 0.703 0.083
4 2 48 -0.985 0.997
4 2 49 1.401 0.991
4 2 50 -1.731 0.999
4 2 51 0.964 0.075
4 2 52 -1.456 1.000
4 2 53 1.688 0.077
4 2 54 -1.216 0.576
4 2 55 -1.538 0.079
4 2 56 -0.857 0.382
4 2 57 -0.459 0.223
4 2 58 -0.716 0.840
4 2 59 -0.458 0.982
4 2 60 -0.784 0.972
4 2 61 -0.102 1.000
4 2 62 -0.452 0.987
4 3 1 -0.914 0.162
4 3 2 0.925 0.991
4 3 3 -1.568 0.160
4 3 4 -1.027 0.443
4 3 5 0.000 0.100
5 1 1 0.390 0.080
5 1 2 1.217 0.099
5 1 3 -0.022 0.091
5 1 4 1.397 0.096
5 1 5 -0.389 0.138
5 1 6 0.297 0.112
5 1 7 -0.518 0.113
5 1 8 -0.489 0.118
5 1 9 1.645 0.310
5 1 10 -0.361 0.129
5 1 11 -1.607 0.135
5 1 12 -1.281 0.420
5 1 13 -0.394 0.150
5 1 14 0.785 0.151
5 1 15 1.785 0.855
5 1 16 -0.527 0.540
5 1 17 1.403 0.572
5 1 18 -0.309 0.468
5 1 19 -0.983 0.526
5 1 20 -1.805 0.751
5 1 21 -2.605 0.189
5 1 22 1.646 1.000
5 1 23 -1.934 0.200
5 2 1 -1.913 0.030
5 2 2 1.916 0.031
5 2 3 1.298 0.032
5 2 4 0.872 0.033
5 2 5 -1.527 0.062
5 2 6 -1.130 0.080
5 2 7 -0.920 0.071
5 2 8 -0.719 0.060
5 2 9 1.921 0.071
5 2 10 -0.356 0.076
5 2 11 -0.607 0.089
5 2 12 -0.047 0.070
5 2 13 -0.632 0.091
5 2 14 0.090 0.086
5 2 15 0.491 0.068
5 2 16 0.632 0.054
5 2 17 -0.593 0.073
5 2 18 1.187 0.070
5 2 19 -0.395 0.046
5 2 20 -0.916 0.057
5 2 21 -0.201 0.049
5 2 22 -0.722 0.049
5 2 23 0.265 0.076
5 2 24 -0.853 0.051
5 2 25 -0.537 0.052
5 2 26 0.321 0.059
5 2 27 0.361 0.053
5 2 28 0.444 0.075
5 2 29 0.821 0.055
5 2 30 0.886 0.056
5 2 31 1.040 0.057
5 2 32 0.036 0.058
5 2 33 -0.322 0.059
5 2 34 -1.826 0.708
5 2 35 -0.424 0.061
5 2 36 -0.936 0.062
5 2 37 -0.634 0.062
5 2 38 -0.394 0.371
5 2 39 -0.847 0.064
5 2 40 -0.169 0.065
5 2 41 -1.885 0.066
5 2 42 1.034 0.083
5 2 43 -1.463 0.068
5 2 44 0.862 0.069
5 2 45 -1.706 0.070
5 2 46 0.811 0.071
5 2 47 0.255 0.071
5 2 48 -0.115 0.100
5 2 49 -1.569 0.073
5 2 50 -3.221 0.079
5 2 51 -0.130 0.075
5 2 52 0.863 0.954
5 2 53 0.355 0.184
5 2 54 1.121 0.078
5 2 55 -1.005 0.121
5 2 56 0.202 0.080
5 2 57 0.812 0.080
5 2 58 -1.423 0.586
5 2 59 0.963 0.868
5 2 60 -1.728 0.100
5 2 61 0.610 0.825
5 2 62 -0.258 0.997
5 3 1 -1.809 1.000
5 3 2 -0.037 0.993
5 3 3 -0.847 0.160
5 3 4 0.000 0.100
5 3 5 0.000 0.100
6 1 1 1.243 0.080
6 1 2 0.893 0.094
6 1 3 1.949 0.091
6 1 4 1.469 0.103
6 1 5 1.881 0.108
6 1 6 -1.157 0.107
6 1 7 -0.661 0.113
6 1 8 -0.553 0.118
6 1 9 0.701 0.124
6 1 10 0.822 0.143
6 1 11 3.732 0.135
6 1 12 1.879 0.514
6 1 13 1.070 0.387
6 1 14 -0.701 0.151
6 1 15 -0.654 0.209
6 1 16 1.816 0.453
6 1 17 -1.619 0.573
6 1 18 1.603 0.687
6 1 19 0.584 1.000
6 1 20 0.267 0.416
6 1 21 0.000 0.100
6 1 22 -0.424 0.992
6 1 23 -0.920 0.983
6 2 1 -15.109 0.148
6 2 2 -0.946 0.031
6 2 3 -1.271 0.032
6 2 4 -0.198 0.033
6 2 5 0.031 0.076
6 2 6 0.295 0.050
6 2 7 0.781 0.066
6 2 8 0.196 0.072
6 2 9 0.098 0.072
6 2 10 0.899 0.065
6 2 11 0.577 0.080
6 2 12 1.680 0.068
6 2 13 1.525 0.065
6 2 14 1.491 0.086
6 2 15 1.925 0.073
6 2 16 1.524 0.063
6 2 17 0.999 0.087
6 2 18 -1.144 0.056
6 2 19 0.246 0.076
6 2 20 0.358 0.064
6 2 21 -1.578 0.077
6 2 22 1.376 0.049
6 2 23 1.950 0.050
6 2 24 1.412 0.051
6 2 25 1.008 0.052
6 2 26 -2.017 0.053
6 2 27 -1.756 0.302
6 2 28 1.989 0.054
6 2 29 1.371 0.055
6 2 30 -1.289 0.056
6 2 31 -2.223 0.389
6 2 32 -1.683 0.058
6 2 33 0.781 0.059
6 2 34 0.194 0.060
6 2 35 0.392 0.061
6 2 36 -0.518 0.406
6 2 37 0.910 0.062
6 2 38 0.365 0.063
6 2 39 2.035 0.064
6 2 40 1.291 0.641
6 2 41 4.256 0.824
6 2 42 0.413 0.067
6 2 43 -0.501 0.068
6 2 44 1.601 0.069
6 2 45 0.047 0.070
6 2 46 -1.124 0.403
6 2 47 1.357 0.071
6 2 48 -1.602 0.072
6 2 49 -0.331 0.725
6 2 50 -1.060 1.000
6 2 51 -1.598 0.701
6 2 52 -0.163 0.590
6 2 53 0.575 0.322
6 2 54 1.665 1.000
6 2 55 -0.034 0.234
6 2 56 -1.890 0.987
6 2 57 -0.965 0.357
6 2 58 0.973 0.323
6 2 59 2.020 0.986
6 2 60 -0.897 0.100
6 2 61 -2.257 1.000
6 2 62 -1.878 0.998
6 3 1 -1.680 1.000
6 3 2 1.425 1.000
6 3 3 0.000 0.100
6 3 4 0.000 0.100
6 3 5 -0.686 0.170
