1 1 1 -1.544 0.173
1 1 2 0.215 0.130
1 1 3 -0.485 0.174
1 1 4 -1.568 0.271
1 1 5 0.045 0.185
1 1 6 1.298 0.240
1 1 7 1.905 0.150
1 1 8 -1.745 0.183
1 1 9 -0.720 0.173
1 1 10 -0.148 0.185
1 1 11 1.961 0.206
1 1 12 0.105 0.196
1 1 13 -0.237 0.203
1 1 14 -0.478 0.218
1 1 15 0.961 0.181
1 1 16 0.605 0.254
1 1 17 -1.077 0.234
1 1 18 0.727 0.241
1 1 19 0.575 0.257
1 1 20 0.689 0.222
1 1 21 -1.112 0.377
1 1 22 -0.771 0.362
1 1 23 -1.827 0.296
1 2 1 1.483 0.063
1 2 2 0.657 0.054
1 2 3 1.837 0.058
1 2 4 1.046 0.054
1 2 5 -1.062 0.073
1 2 6 1.504 0.059
1 2 7 -0.191 0.069
1 2 8 -0.734 0.070
1 2 9 -1.867 0.096
1 2 10 -0.765 0.075
1 2 11 -0.643 0.071
1 2 12 -0.438 0.074
1 2 13 -1.155 0.071
1 2 14 0.195 0.077
1 2 15 0.725 0.074
1 2 16 0.347 0.092
1 2 17 0.626 0.076
1 2 18 -0.930 0.073
1 2 19 0.228 0.083
1 2 20 -0.559 0.082
1 2 21 0.356 0.081
1 2 22 0.493 0.080
1 2 23 0.563 0.075
1 2 24 0.756 0.083
1 2 25 0.729 0.081
1 2 26 1.125 0.082
1 2 27 1.387 0.083
1 2 28 1.538 0.085
1 2 29 1.691 0.083
1 2 30 -1.982 0.087
1 2 31 1.233 0.085
1 2 32 1.112 0.090
1 2 33 -0.147 0.100
1 2 34 -0.633 0.090
1 2 35 -0.361 0.102
1 2 36 -1.234 0.106
1 2 37 -0.532 0.102
1 2 38 -0.306 0.097
1 2 39 -0.867 0.101
1 2 40 -0.134 0.111
1 2 41 -0.576 0.102
1 2 42 -1.289 0.108
1 2 43 -1.893 0.113
1 2 44 -0.167 0.117
1 2 45 -1.691 0.109
1 2 46 1.534 0.113
1 2 47 -0.432 0.115
1 2 48 0.716 0.120
1 2 49 1.227 0.123
1 2 50 -0.231 0.113
1 2 51 -1.733 0.116
1 2 52 1.864 0.118
1 2 53 -0.648 0.124
1 2 54 -1.232 0.114
1 2 55 -0.518 0.116
1 2 56 -0.054 0.109
1 2 57 -0.484 0.119
1 2 58 0.036 0.121
1 2 59 1.119 0.126
1 2 60 0.212 0.123
1 2 61 -0.375 0.121
1 2 62 0.622 0.120
1 3 1 0.121 0.287
1 3 2 -1.814 0.418
1 3 3 0.648 0.410
1 3 4 -1.599 0.604
1 3 5 1.053 0.342
2 1 1 -0.934 0.151
2 1 2 1.112 0.116
2 1 3 -0.684 0.100
2 1 4 -1.393 0.113
2 1 5 0.959 0.151
2 1 6 0.000 0.100
2 1 7 -0.249 0.135
2 1 8 -1.411 0.154
2 1 9 -1.623 0.155
2 1 10 0.000 0.100
2 1 11 -1.716 0.171
2 1 12 0.007 0.200
2 1 13 -1.333 0.185
2 1 14 -0.134 0.208
2 1 15 0.113 0.214
2 1 16 -1.344 0.236
2 1 17 1.644 0.250
2 1 18 -0.775 0.260
2 1 19 1.148 0.357
2 1 20 1.951 0.220
2 1 21 0.402 0.323
2 1 22 -1.406 0.264
2 1 23 0.043 0.319
2 2 1 -1.212 0.056
2 2 2 1.977 0.057
2 2 3 -1.954 0.059
2 2 4 1.831 0.064
2 2 5 -0.052 0.063
2 2 6 -0.316 0.067
2 2 7 0.073 0.069
2 2 8 -1.209 0.064
2 2 9 -0.837 0.076
2 2 10 -0.178 0.070
2 2 11 0.186 0.068
2 2 12 1.013 0.074
2 2 13 0.587 0.078
2 2 14 0.019 0.071
2 2 15 0.798 0.073
2 2 16 1.608 0.073
2 2 17 0.385 0.074
2 2 18 -1.460 0.078
2 2 19 0.341 0.082
2 2 20 0.222 0.081
2 2 21 0.551 0.082
2 2 22 0.875 0.078
2 2 23 1.273 0.091
2 2 24 -0.281 0.084
2 2 25 -0.199 0.084
2 2 26 1.416 0.082
2 2 27 0.894 0.081
2 2 28 1.927 0.085
2 2 29 1.627 0.082
2 2 30 1.623 0.085
2 2 31 1.422 0.092
2 2 32 1.127 0.094
2 2 33 -0.348 0.099
2 2 34 -0.425 0.094
2 2 35 0.085 0.098
2 2 36 -1.445 0.103
2 2 37 -0.576 0.101
2 2 38 -0.487 0.098
2 2 39 -0.130 0.106
2 2 40 -0.525 0.105
2 2 41 -1.473 0.105
2 2 42 -1.153 0.111
2 2 43 -1.037 0.110
2 2 44 0.648 0.108
2 2 45 -0.874 0.110
2 2 46 1.582 0.118
2 2 47 0.707 0.123
2 2 48 -0.077 0.117
2 2 49 0.414 0.118
2 2 50 0.456 0.127
2 2 51 -0.006 0.125
2 2 52 -0.580 0.124
2 2 53 1.291 0.114
2 2 54 1.177 0.125
2 2 55 0.935 0.135
2 2 56 -1.733 0.132
2 2 57 -1.448 0.125
2 2 58 1.371 0.126
2 2 59 -1.867 0.128
2 2 60 -1.812 0.130
2 2 61 -1.788 0.128
2 2 62 1.924 0.129
2 3 1 1.313 0.306
2 3 2 0.478 0.291
2 3 3 1.607 0.292
2 3 4 -1.573 0.363
2 3 5 0.889 0.200
3 1 1 -1.120 0.165
3 1 2 0.167 0.133
3 1 3 1.853 0.104
3 1 4 -1.339 0.105
3 1 5 -1.126 0.120
3 1 6 -0.831 0.137
3 1 7 0.528 0.132
3 1 8 0.405 0.132
3 1 9 1.687 0.166
3 1 10 -0.826 0.151
3 1 11 -1.312 0.221
3 1 12 -0.525 0.167
3 1 13 -1.827 0.188
3 1 14 0.329 0.208
3 1 15 1.009 0.243
3 1 16 2.019 0.264
3 1 17 0.032 0.292
3 1 18 -1.367 0.224
3 1 19 1.048 0.285
3 1 20 1.141 0.207
3 1 21 0.423 0.295
3 1 22 0.621 0.283
3 1 23 -1.873 0.377
3 2 1 1.310 0.084
3 2 2 -1.204 0.079
3 2 3 1.798 0.189
3 2 4 1.675 0.108
3 2 5 -0.943 0.103
3 2 6 1.840 0.083
3 2 7 -0.404 0.090
3 2 8 -0.743 0.089
3 2 9 -1.996 0.078
3 2 10 -0.761 0.086
3 2 11 -0.231 0.089
3 2 12 0.459 0.084
3 2 13 -0.049 0.085
3 2 14 0.029 0.136
3 2 15 1.026 0.083
3 2 16 0.082 0.085
3 2 17 -0.372 0.079
3 2 18 -1.045 0.080
3 2 19 -0.486 0.071
3 2 20 -0.232 0.083
3 2 21 -0.383 0.077
3 2 22 -0.505 0.077
3 2 23 -0.147 0.084
3 2 24 -0.395 0.081
3 2 25 -1.049 0.082
3 2 26 -0.069 0.080
3 2 27 -0.111 0.090
3 2 28 0.802 0.084
3 2 29 0.570 0.083
3 2 30 0.456 0.180
3 2 31 1.444 0.091
3 2 32 0.439 0.095
3 2 33 -0.935 0.094
3 2 34 -0.288 0.093
3 2 35 -0.132 0.103
3 2 36 -1.344 0.098
3 2 37 -1.116 0.101
3 2 38 -0.385 0.100
3 2 39 1.054 0.102
3 2 40 -0.239 0.108
3 2 41 -1.802 0.105
3 2 42 -0.804 0.109
3 2 43 -1.033 0.109
3 2 44 0.520 0.112
3 2 45 -1.838 0.122
3 2 46 0.467 0.120
3 2 47 0.460 0.122
3 2 48 -0.190 0.122
3 2 49 -1.683 0.124
3 2 50 0.529 0.115
3 2 51 -1.191 0.114
3 2 52 0.255 0.110
3 2 53 -0.776 0.120
3 2 54 1.094 0.120
3 2 55 0.723 0.119
3 2 56 1.294 0.116
3 2 57 1.617 0.121
3 2 58 0.773 0.111
3 2 59 1.522 0.121
3 2 60 1.508 0.131
3 2 61 1.314 0.130
3 2 62 1.408 0.119
3 3 1 1.653 0.324
3 3 2 -1.506 0.262
3 3 3 -0.852 0.259
3 3 4 -0.187 0.444
3 3 5 0.205 0.432
4 1 1 -1.047 0.129
4 1 2 -1.719 0.121
4 1 3 -0.761 0.146
4 1 4 0.606 0.134
4 1 5 -1.710 0.127
4 1 6 -0.740 0.226
4 1 7 1.115 0.283
4 1 8 1.505 0.178
4 1 9 -0.860 0.174
4 1 10 -0.955 0.185
4 1 11 -0.354 0.307
4 1 12 -0.879 0.213
4 1 13 -1.445 0.282
4 1 14 -1.698 0.267
4 1 15 -1.943 0.246
4 1 16 0.923 0.282
4 1 17 0.250 0.294
4 1 18 1.807 0.252
4 1 19 1.011 0.341
4 1 20 1.465 0.342
4 1 21 0.706 0.379
4 1 22 -0.155 0.274
4 1 23 -1.782 0.241
4 2 1 0.266 0.084
4 2 2 -0.376 0.066
4 2 3 0.900 0.081
4 2 4 0.094 0.070
4 2 5 1.353 0.076
4 2 6 1.740 0.088
4 2 7 -1.599 0.085
4 2 8 1.586 0.079
4 2 9 0.852 0.082
4 2 10 -1.823 0.094
4 2 11 -1.772 0.099
4 2 12 -1.252 0.100
4 2 13 -1.031 0.099
4 2 14 -1.882 0.087
4 2 15 -0.540 0.094
4 2 16 -1.059 0.095
4 2 17 -1.005 0.096
4 2 18 0.670 0.095
4 2 19 -1.775 0.085
4 2 20 1.991 0.096
4 2 21 -0.995 0.086
4 2 22 -0.949 0.087
4 2 23 -0.393 0.081
4 2 24 -1.282 0.084
4 2 25 -1.629 0.081
4 2 26 -0.534 0.083
4 2 27 -0.482 0.083
4 2 28 -0.375 0.082
4 2 29 -1.153 0.084
4 2 30 0.357 0.085
4 2 31 0.088 0.089
4 2 32 -0.322 0.092
4 2 33 1.972 0.099
4 2 34 -1.809 0.092
4 2 35 -1.618 0.094
4 2 36 1.353 0.102
4 2 37 -1.667 0.100
4 2 38 -1.664 0.099
4 2 39 -0.956 0.100
4 2 40 -0.938 0.101
4 2 41 1.213 0.108
4 2 42 -1.643 0.110
4 2 43 1.690 0.114
4 2 44 -0.545 0.112
4 2 45 0.870 0.116
4 2 46 -0.455 0.115
4 2 47 -1.749 0.116
4 2 48 -0.600 0.113
4 2 49 0.192 0.124
4 2 50 -1.881 0.124
4 2 51 1.281 0.118
4 2 52 -0.943 0.119
4 2 53 1.468 0.132
4 2 54 -0.764 0.127
4 2 55 -0.689 0.121
4 2 56 0.177 0.120
4 2 57 0.009 0.122
4 2 58 0.330 0.132
4 2 59 -0.740 0.115
4 2 60 -0.317 0.116
4 2 61 0.823 0.123
4 2 62 0.473 0.118
4 3 1 0.704 0.551
4 3 2 -0.281 0.278
4 3 3 0.669 0.418
4 3 4 0.803 0.435
4 3 5 -0.817 0.977
5 1 1 -1.742 0.147
5 1 2 -0.563 0.115
5 1 3 -1.703 0.166
5 1 4 -0.767 0.121
5 1 5 1.738 0.117
5 1 6 -1.479 0.168
5 1 7 1.634 0.149
5 1 8 1.699 0.143
5 1 9 -0.111 0.157
5 1 10 1.831 0.149
5 1 11 0.474 0.171
5 1 12 0.580 0.200
5 1 13 1.778 0.192
5 1 14 -1.085 0.177
5 1 15 -0.454 0.243
5 1 16 1.987 0.210
5 1 17 -0.431 0.256
5 1 18 1.469 0.263
5 1 19 1.434 0.237
5 1 20 1.103 0.235
5 1 21 1.650 0.302
5 1 22 -0.214 0.281
5 1 23 0.900 0.302
5 2 1 0.018 0.086
5 2 2 0.071 0.071
5 2 3 -0.556 0.099
5 2 4 -0.823 0.105
5 2 5 0.863 0.094
5 2 6 1.173 0.095
5 2 7 1.330 0.083
5 2 8 1.739 0.082
5 2 9 0.240 0.078
5 2 10 -1.980 0.099
5 2 11 1.708 0.098
5 2 12 -1.701 0.090
5 2 13 1.660 0.088
5 2 14 -1.259 0.083
5 2 15 -1.164 0.079
5 2 16 -1.155 0.084
5 2 17 1.951 0.091
5 2 18 -0.441 0.078
5 2 19 -1.853 0.083
5 2 20 1.554 0.083
5 2 21 -1.647 0.080
5 2 22 1.755 0.084
5 2 23 -1.234 0.083
5 2 24 1.503 0.081
5 2 25 -1.822 0.082
5 2 26 -1.173 0.090
5 2 27 -1.098 0.085
5 2 28 -0.985 0.090
5 2 29 -0.676 0.085
5 2 30 -0.753 0.090
5 2 31 -0.259 0.098
5 2 32 -1.677 0.096
5 2 33 -1.857 0.098
5 2 34 0.727 0.092
5 2 35 -1.927 0.097
5 2 36 1.301 0.104
5 2 37 1.867 0.100
5 2 38 1.899 0.098
5 2 39 1.668 0.105
5 2 40 -1.505 0.106
5 2 41 0.632 0.108
5 2 42 1.547 0.114
5 2 43 0.837 0.119
5 2 44 -0.776 0.112
5 2 45 0.625 0.113
5 2 46 -0.557 0.117
5 2 47 -1.121 0.117
5 2 48 -1.459 0.116
5 2 49 0.966 0.135
5 2 50 -1.432 0.122
5 2 51 -1.735 0.114
5 2 52 -1.282 0.121
5 2 53 -1.293 0.131
5 2 54 0.032 0.120
5 2 55 -0.628 0.128
5 2 56 -0.938 0.129
5 2 57 -0.477 0.130
5 2 58 -0.105 0.128
5 2 59 -0.800 0.128
5 2 60 -0.815 0.132
5 2 61 -1.012 0.155
5 2 62 0.003 0.124
5 3 1 0.225 0.267
5 3 2 -1.662 0.296
5 3 3 -2.021 0.377
5 3 4 -1.032 0.317
5 3 5 1.249 0.334
6 1 1 1.482 0.111
6 1 2 1.343 0.123
6 1 3 -1.813 0.137
6 1 4 1.614 0.126
6 1 5 1.910 0.189
6 1 6 -1.052 0.156
6 1 7 -0.393 0.124
6 1 8 -0.088 0.132
6 1 9 1.167 0.149
6 1 10 0.887 0.156
6 1 11 1.028 0.162
6 1 12 1.872 0.186
6 1 13 1.390 0.180
6 1 14 0.199 0.196
6 1 15 0.069 0.210
6 1 16 1.687 0.220
6 1 17 -0.987 0.238
6 1 18 1.436 0.225
6 1 19 1.614 0.225
6 1 20 0.350 0.285
6 1 21 0.000 0.100
6 1 22 0.955 0.325
6 1 23 -0.277 0.277
6 2 1 -0.724 0.064
6 2 2 -0.562 0.057
6 2 3 -0.832 0.060
6 2 4 0.258 0.074
6 2 5 0.521 0.081
6 2 6 0.805 0.078
6 2 7 1.151 0.071
6 2 8 0.686 0.078
6 2 9 0.613 0.084
6 2 10 1.432 0.075
6 2 11 1.100 0.076
6 2 12 1.969 0.080
6 2 13 -1.957 0.078
6 2 14 -1.969 0.075
6 2 15 -1.673 0.076
6 2 16 -1.912 0.078
6 2 17 1.493 0.089
6 2 18 -0.545 0.078
6 2 19 0.819 0.086
6 2 20 0.985 0.082
6 2 21 -1.045 0.083
6 2 22 1.987 0.079
6 2 23 -1.520 0.085
6 2 24 2.015 0.088
6 2 25 1.517 0.085
6 2 26 -1.487 0.087
6 2 27 -0.982 0.085
6 2 28 -1.326 0.087
6 2 29 1.965 0.086
6 2 30 -0.765 0.092
6 2 31 -1.320 0.088
6 2 32 -1.098 0.093
6 2 33 1.518 0.096
6 2 34 0.731 0.095
6 2 35 0.994 0.105
6 2 36 0.388 0.104
6 2 37 1.400 0.108
6 2 38 0.791 0.105
6 2 39 -1.337 0.105
6 2 40 1.640 0.104
6 2 41 0.266 0.108
6 2 42 1.089 0.117
6 2 43 0.031 0.113
6 2 44 1.850 0.116
6 2 45 0.479 0.115
6 2 46 -0.835 0.118
6 2 47 1.668 0.116
6 2 48 -1.081 0.120
6 2 49 0.419 0.121
6 2 50 -0.149 0.127
6 2 51 0.751 0.120
6 2 52 0.364 0.120
6 2 53 1.688 0.119
6 2 54 -1.658 0.128
6 2 55 0.946 0.128
6 2 56 -1.529 0.127
6 2 57 -1.803 0.129
6 2 58 -1.911 0.129
6 2 59 -1.311 0.123
6 2 60 1.020 0.129
6 2 61 -0.990 0.122
6 2 62 -1.000 0.131
6 3 1 -0.293 0.287
6 3 2 1.913 0.203
6 3 3 -1.276 0.560
6 3 4 -1.975 0.341
6 3 5 -0.409 0.422
