1 1 1 835.380 835.380 3.462 3.462 -0.033 0.002
1 1 2 755.934 755.934 2.927 2.927 -0.077 0.003
1 1 3 800.000 800.000 3.296 3.296 -0.052 0.004
1 1 4 765.149 765.149 3.775 3.775 -0.138 0.004
1 1 5 790.353 790.353 3.522 3.522 -0.085 0.005
1 1 6 726.794 726.794 28.436 28.436 -0.221 0.008
1 1 7 679.805 679.805 44.570 44.570 -0.156 0.007
1 1 8 701.446 701.446 3.885 3.885 -0.125 0.008
1 1 9 730.046 730.046 4.241 4.241 -0.011 0.008
1 1 10 681.053 681.053 2.777 2.777 -0.121 0.010
1 1 11 708.063 708.063 2.468 2.468 0.023 0.010
1 1 12 697.469 697.469 2.491 2.491 -0.084 0.009
1 1 13 669.758 669.758 2.496 2.496 -0.131 0.011
1 1 14 679.528 679.528 2.349 2.349 -0.055 0.009
1 1 15 742.369 742.369 3.035 3.035 0.020 0.009
1 1 16 464.070 464.070 3.479 3.479 -0.626 0.010
1 1 17 712.283 712.283 3.333 3.333 0.010 0.011
1 1 18 738.012 738.012 3.332 3.332 -0.006 0.010
1 1 19 764.417 764.417 4.677 4.677 -0.024 0.013
1 1 20 784.065 784.065 5.044 5.044 0.007 0.011
1 1 21 726.982 726.982 4.613 4.613 -0.108 0.012
1 1 22 797.757 797.757 6.855 6.855 0.070 0.014
1 1 23 794.920 794.920 6.097 6.097 0.019 0.015
1 2 1 1619.494 1619.494 12.363 12.363 -0.023 0.003
1 2 2 1369.546 1369.546 10.885 10.885 -0.006 0.004
1 2 3 1523.137 1523.137 10.361 10.361 -0.036 0.003
1 2 4 1583.759 1583.759 11.944 11.944 -0.029 0.003
1 2 5 1536.550 1536.550 8.353 8.353 -0.059 0.003
1 2 6 1535.331 1535.331 7.805 7.805 -0.063 0.003
1 2 7 1560.496 1560.496 7.937 7.937 -0.056 0.002
1 2 8 1593.315 1593.315 7.528 7.528 -0.058 0.003
1 2 9 1574.175 1574.175 9.011 9.011 -0.051 0.003
1 2 10 1724.906 1724.906 8.388 8.388 -0.074 0.004
1 2 11 1594.426 1594.426 8.632 8.632 -0.080 0.004
1 2 12 1568.183 1568.183 7.558 7.558 -0.055 0.004
1 2 13 1546.468 1546.468 8.866 8.866 -0.140 0.006
1 2 14 1445.061 1445.061 9.375 9.375 0.114 0.005
1 2 15 1632.279 1632.279 10.140 10.140 -0.085 0.005
1 2 16 1566.002 1566.002 10.186 10.186 -0.114 0.006
1 2 17 1663.533 1663.533 9.646 9.646 -0.049 0.006
1 2 18 1614.199 1614.199 9.614 9.614 -0.123 0.009
1 2 19 1613.217 1613.217 10.397 10.397 -0.083 0.008
1 2 20 1593.233 1593.233 9.407 9.407 -0.105 0.009
1 2 21 1645.718 1645.718 9.358 9.358 -0.094 0.011
1 2 22 1640.219 1640.219 12.078 12.078 -0.122 0.008
1 2 23 1640.301 1640.301 8.056 8.056 -0.055 0.011
1 2 24 1614.452 1614.452 9.220 9.220 -0.092 0.009
1 2 25 1618.435 1618.435 9.753 9.753 -0.078 0.008
1 2 26 1607.587 1607.587 7.973 7.973 -0.060 0.009
1 2 27 1645.231 1645.231 7.970 7.970 -0.030 0.008
1 2 28 1607.014 1607.014 8.835 8.835 -0.100 0.011
1 2 29 1629.212 1629.212 7.308 7.308 -0.028 0.011
1 2 30 1654.201 1654.201 7.279 7.279 -0.021 0.010
1 2 31 1654.369 1654.369 7.399 7.399 -0.036 0.013
1 2 32 1663.559 1663.559 7.172 7.172 -0.027 0.006
1 2 33 1660.811 1660.811 6.616 6.616 -0.057 0.008
1 2 34 1691.459 1691.459 6.532 6.532 -0.031 0.007
1 2 35 1698.481 1698.481 6.312 6.312 -0.004 0.008
1 2 36 1663.878 1663.878 6.170 6.170 0.007 0.008
1 2 37 1696.437 1696.437 6.620 6.620 -0.032 0.008
1 2 38 1703.286 1703.286 6.811 6.811 0.006 0.006
1 2 39 1702.297 1702.297 7.927 7.927 0.011 0.009
1 2 40 1722.972 1722.972 8.313 8.313 -0.003 0.008
1 2 41 1715.251 1715.251 7.777 7.777 0.003 0.008
1 2 42 1754.540 1754.540 8.800 8.800 -0.017 0.010
1 2 43 1710.204 1710.204 9.093 9.093 -0.015 0.011
1 2 44 1745.554 1745.554 9.426 9.426 0.003 0.010
1 2 45 1741.854 1741.854 11.344 11.344 0.076 0.009
1 2 46 1758.042 1758.042 10.572 10.572 0.032 0.011
1 2 47 1808.354 1808.354 12.571 12.571 0.039 0.010
1 2 48 1781.030 1781.030 11.659 11.659 0.003 0.008
1 2 49 1762.714 1762.714 13.881 13.881 -0.028 0.012
1 2 50 1799.300 1799.300 13.597 13.597 0.038 0.009
1 2 51 1833.919 1833.919 15.799 15.799 0.036 0.008
1 2 52 1833.708 1833.708 15.900 15.900 0.055 0.011
1 2 53 1848.117 1848.117 15.760 15.760 0.015 0.010
1 2 54 1835.246 1835.246 18.951 18.951 0.065 0.016
1 2 55 1845.648 1845.648 23.533 23.533 0.047 0.013
1 2 56 1822.156 1822.156 16.911 16.911 0.029 0.010
1 2 57 1797.983 1797.983 20.044 20.044 0.050 0.014
1 2 58 1776.283 1776.283 20.528 20.528 0.064 0.013
1 2 59 1775.573 1775.573 20.935 20.935 0.052 0.013
1 2 60 1736.077 1736.077 21.711 21.711 0.037 0.013
1 2 61 1691.269 1691.269 21.246 21.246 0.015 0.014
1 2 62 1713.619 1713.619 26.365 26.365 0.028 0.014
1 3 1 315.796 315.796 9.906 9.906 0.047 0.012
1 3 2 244.897 244.897 15.058 15.058 0.020 0.011
1 3 3 100.882 100.882 34.473 34.473 0.001 0.013
1 3 4 376.374 376.374 13.459 13.459 0.102 0.014
1 3 5 441.794 441.794 24.164 24.164 -0.367 0.016
2 1 1 835.912 835.912 6.539 6.539 0.059 0.004
2 1 2 814.217 814.217 6.099 6.099 0.081 0.004
2 1 3 811.738 811.738 6.148 6.148 0.172 0.009
2 1 4 807.063 807.063 5.394 5.394 0.048 0.007
2 1 5 801.293 801.293 8.135 8.135 0.141 0.009
2 1 6 12.500 12.500 0.000 0.000 0.000 0.000
2 1 7 783.324 783.324 18.524 18.524 0.139 0.009
2 1 8 715.108 715.108 4.604 4.604 0.115 0.009
2 1 9 732.091 732.091 16.306 16.306 0.121 0.010
2 1 10 12.500 12.500 0.000 0.000 0.000 0.000
2 1 11 768.730 768.730 3.542 3.542 0.184 0.010
2 1 12 758.876 758.876 4.633 4.633 0.094 0.016
2 1 13 737.876 737.876 2.980 2.980 0.130 0.012
2 1 14 732.341 732.341 2.922 2.922 0.004 0.012
2 1 15 767.586 767.586 3.386 3.386 0.000 0.013
2 1 16 766.663 766.663 3.662 3.662 -0.037 0.013
2 1 17 758.815 758.815 3.614 3.614 -0.010 0.013
2 1 18 885.158 885.158 5.550 5.550 0.125 0.010
2 1 19 405.423 405.423 70.734 70.734 3.099 0.017
2 1 20 839.637 839.637 6.082 6.082 -0.117 0.012
2 1 21 964.160 964.160 8.830 8.830 0.029 0.013
2 1 22 912.572 912.572 9.307 9.307 0.064 0.013
2 1 23 739.936 739.936 7.229 7.229 0.094 0.016
2 2 1 633.611 633.611 1.414 1.414 -0.005 0.004
2 2 2 2122.005 2122.005 27.523 27.523 0.001 0.005
2 2 3 1580.513 1580.513 121.407 121.407 0.001 0.004
2 2 4 1986.458 1986.458 34.889 34.889 0.050 0.006
2 2 5 1979.360 1979.360 36.007 36.007 0.025 0.004
2 2 6 1960.201 1960.201 25.608 25.608 0.034 0.004
2 2 7 1887.722 1887.722 17.928 17.928 0.050 0.004
2 2 8 1922.575 1922.575 16.499 16.499 0.092 0.006
2 2 9 1823.087 1823.087 23.479 23.479 0.098 0.005
2 2 10 1869.123 1869.123 19.310 19.310 0.047 0.004
2 2 11 1857.044 1857.044 16.502 16.502 0.059 0.004
2 2 12 1860.909 1860.909 33.367 33.367 0.025 0.005
2 2 13 1892.729 1892.729 14.845 14.845 0.087 0.006
2 2 14 1902.300 1902.300 18.103 18.103 0.111 0.008
2 2 15 1824.520 1824.520 23.310 23.310 0.119 0.007
2 2 16 1814.806 1814.806 17.163 17.163 0.095 0.007
2 2 17 1862.558 1862.558 17.734 17.734 0.059 0.007
2 2 18 1856.727 1856.727 16.407 16.407 0.116 0.010
2 2 19 1851.841 1851.841 44.577 44.577 0.119 0.011
2 2 20 1868.443 1868.443 26.173 26.173 0.084 0.009
2 2 21 1843.065 1843.065 14.878 14.878 0.109 0.011
2 2 22 1840.071 1840.071 16.162 16.162 0.116 0.009
2 2 23 1809.857 1809.857 15.979 15.979 0.108 0.010
2 2 24 1817.678 1817.678 11.071 11.071 0.122 0.012
2 2 25 1816.048 1816.048 11.794 11.794 0.077 0.010
2 2 26 1912.500 1912.500 13.403 13.403 0.099 0.010
2 2 27 1797.276 1797.276 10.657 10.657 0.076 0.009
2 2 28 1787.448 1787.448 11.086 11.086 0.073 0.010
2 2 29 1753.002 1753.002 10.212 10.212 0.103 0.012
2 2 30 1763.691 1763.691 10.071 10.071 0.105 0.013
2 2 31 1777.407 1777.407 11.148 11.148 0.123 0.016
2 2 32 1827.967 1827.967 8.618 8.618 0.042 0.008
2 2 33 1801.530 1801.530 9.360 9.360 0.046 0.009
2 2 34 1828.550 1828.550 9.064 9.064 0.035 0.008
2 2 35 1834.848 1834.848 8.102 8.102 0.033 0.008
2 2 36 1839.059 1839.059 9.021 9.021 0.025 0.010
2 2 37 1819.349 1819.349 8.143 8.143 0.014 0.009
2 2 38 1843.472 1843.472 7.950 7.950 0.018 0.007
2 2 39 1826.138 1826.138 9.621 9.621 -0.010 0.012
2 2 40 1904.049 1904.049 11.479 11.479 -0.032 0.011
2 2 41 1845.001 1845.001 11.440 11.440 0.030 0.009
2 2 42 1849.910 1849.910 11.512 11.512 0.016 0.011
2 2 43 1884.195 1884.195 12.627 12.627 -0.014 0.012
2 2 44 1906.874 1906.874 10.904 10.904 -0.055 0.009
2 2 45 1895.800 1895.800 13.465 13.465 -0.016 0.011
2 2 46 1953.582 1953.582 15.264 15.264 0.007 0.010
2 2 47 1938.246 1938.246 13.937 13.937 -0.032 0.010
2 2 48 1962.230 1962.230 17.152 17.152 -0.022 0.010
2 2 49 2000.975 2000.975 16.609 16.609 -0.014 0.010
2 2 50 1995.277 1995.277 19.708 19.708 -0.016 0.010
2 2 51 2000.906 2000.906 16.133 16.133 -0.001 0.008
2 2 52 1970.969 1970.969 18.137 18.137 0.026 0.010
2 2 53 2018.955 2018.955 21.435 21.435 -0.002 0.009
2 2 54 2069.799 2069.799 23.360 23.360 0.047 0.011
2 2 55 1878.704 1878.704 18.219 18.219 0.076 0.013
2 2 56 1927.944 1927.944 26.692 26.692 0.052 0.010
2 2 57 1962.479 1962.479 30.689 30.689 0.077 0.012
2 2 58 1872.977 1872.977 20.364 20.364 0.057 0.016
2 2 59 1880.366 1880.366 23.390 23.390 0.051 0.015
2 2 60 1919.276 1919.276 28.591 28.591 0.122 0.015
2 2 61 1833.285 1833.285 19.293 19.293 0.045 0.013
2 2 62 1849.850 1849.850 25.260 25.260 0.015 0.012
2 3 1 284.793 284.793 56.010 56.010 0.006 0.012
2 3 2 478.272 478.272 5.732 5.732 -0.063 0.009
2 3 3 358.828 358.828 28.950 28.950 -0.128 0.012
2 3 4 438.836 438.836 3.673 3.673 -0.057 0.014
2 3 5 453.792 453.792 3.784 3.784 -0.178 0.015
3 1 1 867.750 867.750 4.711 4.711 0.016 0.002
3 1 2 827.371 827.371 3.917 3.917 -0.100 0.002
3 1 3 807.951 807.951 4.139 4.139 -0.193 0.005
3 1 4 808.861 808.861 3.982 3.982 -0.059 0.004
3 1 5 807.680 807.680 4.260 4.260 -0.321 0.007
3 1 6 817.725 817.725 4.515 4.515 -0.157 0.009
3 1 7 778.369 778.369 3.525 3.525 -0.172 0.007
3 1 8 770.526 770.526 3.697 3.697 -0.201 0.006
3 1 9 798.194 798.194 3.939 3.939 0.094 0.008
3 1 10 747.764 747.764 2.904 2.904 0.069 0.009
3 1 11 743.890 743.890 3.631 3.631 -0.086 0.013
3 1 12 730.466 730.466 2.744 2.744 0.031 0.010
3 1 13 729.825 729.825 2.677 2.677 -0.046 0.010
3 1 14 768.306 768.306 2.702 2.702 -0.077 0.010
3 1 15 744.449 744.449 2.956 2.956 -0.002 0.009
3 1 16 732.603 732.603 2.965 2.965 0.038 0.010
3 1 17 773.999 773.999 3.465 3.465 -0.038 0.011
3 1 18 791.487 791.487 3.772 3.772 0.107 0.009
3 1 19 760.220 760.220 4.210 4.210 0.110 0.010
3 1 20 821.230 821.230 5.001 5.001 0.199 0.012
3 1 21 904.661 904.661 6.986 6.986 0.334 0.012
3 1 22 909.996 909.996 8.372 8.372 0.283 0.012
3 1 23 833.707 833.707 8.166 8.166 0.205 0.015
3 2 1 -251.148 -251.148 1.414 1.414 -0.054 0.004
3 2 2 -528.670 -528.670 1.414 1.414 -0.027 0.003
3 2 3 2041.357 2041.357 23.180 23.180 -0.043 0.002
3 2 4 2031.705 2031.705 26.235 26.235 -0.067 0.001
3 2 5 1878.263 1878.263 16.144 16.144 -0.088 0.002
3 2 6 1904.807 1904.807 12.726 12.726 -0.143 0.002
3 2 7 1913.232 1913.232 11.501 11.501 -0.110 0.002
3 2 8 1886.792 1886.792 13.110 13.110 -0.094 0.002
3 2 9 1836.253 1836.253 12.255 12.255 -0.136 0.004
3 2 10 1838.503 1838.503 11.502 11.502 -0.105 0.003
3 2 11 1818.925 1818.925 12.266 12.266 -0.103 0.003
3 2 12 1880.160 1880.160 10.255 10.255 -0.087 0.003
3 2 13 1826.506 1826.506 9.880 9.880 -0.123 0.005
3 2 14 1813.386 1813.386 12.762 12.762 -0.115 0.004
3 2 15 1830.186 1830.186 11.604 11.604 -0.109 0.004
3 2 16 1809.875 1809.875 10.644 10.644 -0.136 0.006
3 2 17 1805.931 1805.931 9.009 9.009 -0.122 0.005
3 2 18 1779.087 1779.087 9.403 9.403 -0.098 0.007
3 2 19 1813.740 1813.740 9.879 9.879 -0.087 0.005
3 2 20 1763.074 1763.074 8.797 8.797 -0.104 0.006
3 2 21 1825.898 1825.898 9.357 9.357 -0.176 0.009
3 2 22 1787.500 1787.500 5.721 5.721 -0.081 0.007
3 2 23 1774.801 1774.801 8.008 8.008 -0.092 0.009
3 2 24 1790.559 1790.559 9.639 9.639 -0.086 0.008
3 2 25 1757.768 1757.768 8.234 8.234 -0.075 0.009
3 2 26 1692.031 1692.031 7.297 7.297 -0.024 0.008
3 2 27 1771.695 1771.695 8.738 8.738 -0.054 0.009
3 2 28 1729.885 1729.885 8.709 8.709 -0.043 0.010
3 2 29 1787.545 1787.545 7.687 7.687 -0.034 0.012
3 2 30 1776.805 1776.805 8.258 8.258 -0.007 0.010
3 2 31 1756.019 1756.019 8.005 8.005 -0.018 0.011
3 2 32 1762.991 1762.991 7.678 7.678 -0.034 0.007
3 2 33 1776.718 1776.718 7.697 7.697 -0.002 0.009
3 2 34 1793.242 1793.242 7.358 7.358 -0.020 0.007
3 2 35 1825.778 1825.778 7.374 7.374 -0.037 0.009
3 2 36 1829.290 1829.290 7.968 7.968 -0.016 0.008
3 2 37 1795.756 1795.756 7.211 7.211 -0.009 0.009
3 2 38 1835.524 1835.524 7.382 7.382 -0.014 0.007
3 2 39 1835.575 1835.575 8.273 8.273 -0.008 0.008
3 2 40 1820.181 1820.181 8.367 8.367 0.020 0.007
3 2 41 1835.150 1835.150 8.448 8.448 -0.014 0.009
3 2 42 1869.659 1869.659 8.855 8.855 0.014 0.009
3 2 43 1880.817 1880.817 10.203 10.203 -0.001 0.008
3 2 44 1858.051 1858.051 9.876 9.876 0.023 0.008
3 2 45 1895.696 1895.696 9.790 9.790 0.008 0.009
3 2 46 1930.760 1930.760 12.323 12.323 0.046 0.011
3 2 47 1940.293 1940.293 12.430 12.430 0.033 0.008
3 2 48 1938.993 1938.993 11.739 11.739 0.075 0.011
3 2 49 1958.746 1958.746 14.924 14.924 0.080 0.012
3 2 50 1964.653 1964.653 15.370 15.370 0.117 0.013
3 2 51 1954.243 1954.243 19.076 19.076 0.080 0.013
3 2 52 1975.469 1975.469 17.595 17.595 0.089 0.008
3 2 53 1990.592 1990.592 19.830 19.830 0.131 0.013
3 2 54 2026.989 2026.989 18.846 18.846 0.092 0.011
3 2 55 1942.016 1942.016 19.022 19.022 0.115 0.012
3 2 56 1919.324 1919.324 18.103 18.103 0.096 0.009
3 2 57 1962.892 1962.892 26.504 26.504 0.083 0.013
3 2 58 1969.942 1969.942 17.736 17.736 0.127 0.015
3 2 59 1893.219 1893.219 25.076 25.076 0.092 0.014
3 2 60 1845.948 1845.948 18.413 18.413 0.058 0.013
3 2 61 1923.917 1923.917 22.926 22.926 0.091 0.015
3 2 62 1940.823 1940.823 23.449 23.449 0.062 0.013
3 3 1 409.950 409.950 92.830 92.830 0.315 0.012
3 3 2 277.054 277.054 36.684 36.684 0.179 0.009
3 3 3 463.606 463.606 2.268 2.268 0.190 0.011
3 3 4 475.709 475.709 3.249 3.249 0.264 0.013
3 3 5 281.710 281.710 325.919 325.919 1.078 0.018
4 1 1 839.089 839.089 3.920 3.920 -0.045 0.002
4 1 2 755.391 755.391 4.056 4.056 -0.181 0.003
4 1 3 711.317 711.317 4.484 4.484 -0.089 0.004
4 1 4 708.662 708.662 4.606 4.606 -0.099 0.005
4 1 5 722.739 722.739 4.975 4.975 -0.015 0.009
4 1 6 702.084 702.084 4.126 4.126 -0.038 0.009
4 1 7 673.270 673.270 3.445 3.445 -0.181 0.007
4 1 8 689.383 689.383 3.629 3.629 -0.026 0.008
4 1 9 758.791 758.791 3.491 3.491 -0.125 0.008
4 1 10 707.644 707.644 3.187 3.187 -0.207 0.009
4 1 11 656.032 656.032 3.011 3.011 -0.182 0.013
4 1 12 684.278 684.278 2.449 2.449 -0.078 0.008
4 1 13 731.946 731.946 2.790 2.790 -0.192 0.009
4 1 14 723.909 723.909 2.582 2.582 -0.082 0.011
4 1 15 793.097 793.097 3.034 3.034 -0.191 0.011
4 1 16 896.722 896.722 5.638 5.638 -0.480 0.010
4 1 17 715.445 715.445 3.142 3.142 -0.059 0.010
4 1 18 12.500 12.500 0.000 0.000 0.000 0.000
4 1 19 762.342 762.342 4.671 4.671 -0.180 0.011
4 1 20 768.423 768.423 4.946 4.946 -0.065 0.014
4 1 21 806.434 806.434 5.743 5.743 -0.036 0.013
4 1 22 796.016 796.016 8.029 8.029 -0.097 0.012
4 1 23 735.594 735.594 5.353 5.353 0.002 0.012
4 2 1 1957.047 1957.047 19.608 19.608 -0.029 0.003
4 2 2 1729.468 1729.468 10.870 10.870 -0.025 0.002
4 2 3 1728.585 1728.585 11.508 11.508 -0.062 0.002
4 2 4 1822.463 1822.463 9.323 9.323 -0.076 0.003
4 2 5 1698.146 1698.146 10.805 10.805 -0.106 0.002
4 2 6 1656.848 1656.848 9.455 9.455 -0.062 0.002
4 2 7 1667.412 1667.412 9.695 9.695 -0.072 0.003
4 2 8 1684.544 1684.544 11.443 11.443 -0.105 0.005
4 2 9 1608.925 1608.925 10.243 10.243 -0.035 0.005
4 2 10 1633.445 1633.445 13.350 13.350 -0.084 0.004
4 2 11 1641.890 1641.890 15.647 15.647 -0.031 0.005
4 2 12 1647.293 1647.293 13.516 13.516 -0.057 0.004
4 2 13 1612.500 1612.500 7.851 7.851 -0.050 0.005
4 2 14 1692.324 1692.324 13.364 13.364 -0.093 0.006
4 2 15 1628.465 1628.465 11.602 11.602 -0.031 0.006
4 2 16 1644.798 1644.798 12.813 12.813 -0.035 0.007
4 2 17 1619.478 1619.478 11.240 11.240 -0.055 0.007
4 2 18 1615.190 1615.190 9.062 9.062 -0.041 0.008
4 2 19 1635.937 1635.937 9.326 9.326 -0.045 0.006
4 2 20 1636.509 1636.509 12.569 12.569 -0.028 0.008
4 2 21 1654.334 1654.334 10.416 10.416 -0.033 0.010
4 2 22 1629.054 1629.054 9.329 9.329 -0.056 0.008
4 2 23 1638.628 1638.628 8.902 8.902 -0.054 0.007
4 2 24 1645.988 1645.988 9.122 9.122 -0.038 0.008
4 2 25 1629.846 1629.846 9.991 9.991 -0.042 0.009
4 2 26 1633.582 1633.582 8.580 8.580 -0.022 0.009
4 2 27 1629.368 1629.368 9.187 9.187 -0.002 0.009
4 2 28 1625.456 1625.456 7.632 7.632 -0.021 0.009
4 2 29 1668.779 1668.779 7.942 7.942 -0.086 0.011
4 2 30 1650.205 1650.205 7.258 7.258 -0.055 0.011
4 2 31 1644.665 1644.665 7.380 7.380 -0.081 0.012
4 2 32 1680.472 1680.472 7.065 7.065 -0.047 0.006
4 2 33 1717.905 1717.905 7.273 7.273 -0.060 0.009
4 2 34 1686.230 1686.230 6.753 6.753 -0.071 0.007
4 2 35 1683.088 1683.088 6.260 6.260 -0.021 0.006
4 2 36 1729.745 1729.745 7.038 7.038 -0.059 0.008
4 2 37 1734.166 1734.166 7.040 7.040 -0.047 0.006
4 2 38 1701.579 1701.579 7.080 7.080 -0.057 0.006
4 2 39 1719.930 1719.930 7.694 7.694 -0.026 0.008
4 2 40 1751.301 1751.301 7.465 7.465 -0.032 0.008
4 2 41 1763.777 1763.777 8.502 8.502 -0.041 0.008
4 2 42 1773.426 1773.426 8.750 8.750 -0.040 0.007
4 2 43 1822.806 1822.806 10.112 10.112 -0.044 0.009
4 2 44 1774.475 1774.475 9.453 9.453 -0.002 0.008
4 2 45 1824.726 1824.726 11.696 11.696 -0.001 0.008
4 2 46 1819.112 1819.112 11.839 11.839 -0.013 0.010
4 2 47 1830.087 1830.087 11.609 11.609 0.007 0.010
4 2 48 1838.821 1838.821 13.034 13.034 -0.021 0.009
4 2 49 1790.581 1790.581 13.215 13.215 0.002 0.014
4 2 50 1853.246 1853.246 16.013 16.013 -0.026 0.009
4 2 51 1880.947 1880.947 15.617 15.617 -0.021 0.008
4 2 52 1878.717 1878.717 17.805 17.805 0.024 0.010
4 2 53 1860.354 1860.354 17.824 17.824 0.017 0.010
4 2 54 1843.811 1843.811 22.102 22.102 0.021 0.012
4 2 55 1797.553 1797.553 19.634 19.634 -0.033 0.013
4 2 56 1853.057 1853.057 20.405 20.405 -0.070 0.010
4 2 57 1759.117 1759.117 16.088 16.088 -0.092 0.016
4 2 58 1766.122 1766.122 22.164 22.164 -0.044 0.015
4 2 59 1747.078 1747.078 18.299 18.299 -0.039 0.016
4 2 60 1617.956 1617.956 16.203 16.203 -0.046 0.015
4 2 61 1597.412 1597.412 22.814 22.814 -0.033 0.015
4 2 62 1551.254 1551.254 16.358 16.358 -0.061 0.011
4 3 1 300.074 300.074 59.568 59.568 0.020 0.012
4 3 2 229.109 229.109 61.788 61.788 0.116 0.011
4 3 3 414.936 414.936 9.608 9.608 0.030 0.014
4 3 4 418.754 418.754 8.998 8.998 0.203 0.015
4 3 5 612.500 612.500 2610.507 2610.507 0.180 0.000
5 1 1 833.615 833.615 9.954 9.954 -0.019 0.003
5 1 2 797.386 797.386 12.361 12.361 0.069 0.005
5 1 3 716.331 716.331 38.020 38.020 0.150 0.004
5 1 4 419.863 419.863 46.935 46.935 0.124 0.004
5 1 5 484.807 484.807 38.028 38.028 0.025 0.011
5 1 6 549.244 549.244 50.515 50.515 -0.069 0.011
5 1 7 523.148 523.148 24.800 24.800 -0.010 0.012
5 1 8 698.551 698.551 7.190 7.190 -0.037 0.012
5 1 9 757.847 757.847 17.919 17.919 0.108 0.011
5 1 10 526.183 526.183 29.882 29.882 -0.047 0.010
5 1 11 697.253 697.253 3.724 3.724 -0.118 0.012
5 1 12 696.963 696.963 4.153 4.153 -0.010 0.012
5 1 13 756.017 756.017 4.412 4.412 -0.038 0.011
5 1 14 742.357 742.357 3.955 3.955 -0.069 0.014
5 1 15 728.382 728.382 4.266 4.266 0.001 0.011
5 1 16 797.235 797.235 4.993 4.993 -0.110 0.013
5 1 17 807.669 807.669 5.355 5.355 -0.057 0.013
5 1 18 763.995 763.995 5.074 5.074 -0.145 0.012
5 1 19 816.186 816.186 6.855 6.855 -0.060 0.012
5 1 20 854.248 854.248 7.657 7.657 -0.054 0.014
5 1 21 886.124 886.124 9.020 9.020 -0.109 0.014
5 1 22 930.604 930.604 11.499 11.499 -0.022 0.014
5 1 23 854.119 854.119 9.242 9.242 0.081 0.017
5 2 1 -1342.944 -1342.944 1.414 1.414 0.034 0.004
5 2 2 -793.400 -793.400 1.414 1.414 0.017 0.006
5 2 3 2082.609 2082.609 30.732 30.732 -0.019 0.005
5 2 4 1986.720 1986.720 28.996 28.996 0.033 0.005
5 2 5 1990.758 1990.758 32.866 32.866 0.043 0.006
5 2 6 1570.646 1570.646 159.886 159.886 0.035 0.006
5 2 7 2005.331 2005.331 21.258 21.258 0.061 0.005
5 2 8 1985.231 1985.231 30.172 30.172 0.035 0.005
5 2 9 1919.396 1919.396 25.616 25.616 0.042 0.007
5 2 10 1218.064 1218.064 68.420 68.420 0.024 0.005
5 2 11 1950.932 1950.932 26.762 26.762 0.006 0.005
5 2 12 1321.548 1321.548 36.520 36.520 0.004 0.005
5 2 13 1465.090 1465.090 155.216 155.216 0.013 0.006
5 2 14 1143.028 1143.028 113.361 113.361 0.012 0.007
5 2 15 1305.749 1305.749 43.358 43.358 0.022 0.008
5 2 16 1215.551 1215.551 90.364 90.364 0.027 0.009
5 2 17 1878.207 1878.207 139.513 139.513 0.023 0.009
5 2 18 1930.785 1930.785 22.788 22.788 -0.003 0.011
5 2 19 1879.819 1879.819 33.770 33.770 -0.025 0.009
5 2 20 1675.850 1675.850 32.888 32.888 0.012 0.009
5 2 21 1310.671 1310.671 298.105 298.105 0.038 0.014
5 2 22 1908.350 1908.350 23.335 23.335 0.025 0.011
5 2 23 1846.130 1846.130 16.881 16.881 0.013 0.009
5 2 24 1848.839 1848.839 30.830 30.830 -0.005 0.013
5 2 25 1824.255 1824.255 23.428 23.428 -0.013 0.011
5 2 26 1805.545 1805.545 13.839 13.839 -0.005 0.012
5 2 27 1809.616 1809.616 16.804 16.804 0.011 0.010
5 2 28 1788.304 1788.304 11.972 11.972 -0.026 0.014
5 2 29 1865.322 1865.322 14.145 14.145 0.001 0.015
5 2 30 1841.269 1841.269 16.520 16.520 -0.033 0.011
5 2 31 1835.131 1835.131 13.581 13.581 -0.002 0.017
5 2 32 1762.500 1762.500 5.180 5.180 -0.043 0.008
5 2 33 1861.019 1861.019 13.125 13.125 -0.027 0.011
5 2 34 1836.520 1836.520 11.373 11.373 -0.007 0.009
5 2 35 1839.575 1839.575 13.339 13.339 -0.042 0.010
5 2 36 1847.012 1847.012 12.751 12.751 -0.005 0.010
5 2 37 1885.598 1885.598 13.949 13.949 -0.017 0.010
5 2 38 1787.500 1787.500 11.408 11.408 -0.038 0.008
5 2 39 1871.058 1871.058 14.948 14.948 -0.057 0.014
5 2 40 1924.657 1924.657 16.708 16.708 -0.076 0.011
5 2 41 1912.872 1912.872 16.099 16.099 -0.036 0.011
5 2 42 1886.527 1886.527 16.479 16.479 -0.060 0.012
5 2 43 1919.167 1919.167 17.840 17.840 -0.066 0.013
5 2 44 1905.959 1905.959 16.837 16.837 -0.069 0.010
5 2 45 1929.714 1929.714 16.209 16.209 -0.034 0.012
5 2 46 1916.266 1916.266 19.279 19.279 -0.056 0.013
5 2 47 1950.350 1950.350 23.264 23.264 -0.079 0.013
5 2 48 1966.618 1966.618 18.889 18.889 -0.080 0.011
5 2 49 1912.967 1912.967 23.612 23.612 -0.067 0.014
5 2 50 1979.592 1979.592 24.695 24.695 -0.029 0.011
5 2 51 2002.052 2002.052 23.189 23.189 -0.065 0.010
5 2 52 2000.861 2000.861 19.402 19.402 -0.053 0.011
5 2 53 1994.191 1994.191 21.376 21.376 -0.068 0.012
5 2 54 2003.173 2003.173 18.159 18.159 -0.063 0.013
5 2 55 2043.715 2043.715 35.745 35.745 -0.021 0.014
5 2 56 2027.517 2027.517 40.669 40.669 -0.035 0.017
5 2 57 2003.697 2003.697 34.053 34.053 -0.040 0.018
5 2 58 1917.671 1917.671 29.501 29.501 -0.005 0.016
5 2 59 1925.503 1925.503 21.776 21.776 -0.065 0.019
5 2 60 1934.904 1934.904 26.824 26.824 -0.015 0.015
5 2 61 1840.804 1840.804 38.419 38.419 -0.121 0.018
5 2 62 1877.176 1877.176 25.584 25.584 -0.033 0.014
5 3 1 24.200 24.200 353.031 353.031 -0.082 0.012
5 3 2 456.361 456.361 2.223 2.223 -0.155 0.011
5 3 3 457.103 457.103 3.058 3.058 -0.146 0.012
5 3 4 681.392 681.392 5.103 5.103 -0.885 0.015
5 3 5 427.721 427.721 7.781 7.781 -0.142 0.017
6 1 1 918.709 918.709 4.830 4.830 -0.028 0.002
6 1 2 834.979 834.979 3.894 3.894 -0.108 0.002
6 1 3 862.695 862.695 3.812 3.812 0.110 0.003
6 1 4 745.337 745.337 3.865 3.865 0.203 0.004
6 1 5 820.961 820.961 3.955 3.955 0.202 0.005
6 1 6 754.297 754.297 3.963 3.963 0.297 0.007
6 1 7 762.921 762.921 3.472 3.472 0.196 0.007
6 1 8 783.370 783.370 3.320 3.320 0.092 0.006
6 1 9 782.896 782.896 3.489 3.489 0.010 0.008
6 1 10 761.324 761.324 3.082 3.082 0.214 0.009
6 1 11 759.851 759.851 3.081 3.081 0.001 0.009
6 1 12 697.301 697.301 2.486 2.486 0.047 0.009
6 1 13 717.166 717.166 2.478 2.478 0.105 0.010
6 1 14 817.992 817.992 3.054 3.054 0.286 0.009
6 1 15 747.474 747.474 3.029 3.029 0.126 0.010
6 1 16 749.421 749.421 2.757 2.757 0.247 0.010
6 1 17 782.742 782.742 3.589 3.589 0.084 0.010
6 1 18 768.056 768.056 4.055 4.055 0.093 0.009
6 1 19 827.121 827.121 6.018 6.018 0.120 0.010
6 1 20 827.678 827.678 6.231 6.231 0.204 0.011
6 1 21 12.500 12.500 0.000 0.000 0.000 0.000
6 1 22 910.587 910.587 9.552 9.552 0.371 0.015
6 1 23 841.106 841.106 8.463 8.463 0.236 0.015
6 2 1 1382.994 1382.994 159.851 159.851 -0.015 0.002
6 2 2 1993.323 1993.323 23.639 23.639 -0.009 0.002
6 2 3 2010.137 2010.137 19.043 19.043 0.005 0.002
6 2 4 1992.234 1992.234 14.300 14.300 0.059 0.001
6 2 5 1943.267 1943.267 13.757 13.757 0.054 0.002
6 2 6 1868.599 1868.599 11.933 11.933 0.047 0.002
6 2 7 1883.923 1883.923 11.589 11.589 0.046 0.002
6 2 8 1871.128 1871.128 9.440 9.440 0.042 0.003
6 2 9 1898.604 1898.604 13.419 13.419 0.044 0.003
6 2 10 1876.908 1876.908 9.796 9.796 0.042 0.003
6 2 11 1875.851 1875.851 12.281 12.281 0.043 0.003
6 2 12 1880.958 1880.958 12.621 12.621 0.050 0.003
6 2 13 1873.549 1873.549 12.179 12.179 0.060 0.004
6 2 14 1833.281 1833.281 10.217 10.217 0.098 0.005
6 2 15 1836.544 1836.544 10.075 10.075 0.078 0.005
6 2 16 1793.177 1793.177 10.927 10.927 0.093 0.005
6 2 17 1819.996 1819.996 10.264 10.264 0.082 0.006
6 2 18 1809.873 1809.873 9.582 9.582 0.094 0.007
6 2 19 1777.788 1777.788 9.159 9.159 0.108 0.007
6 2 20 1799.325 1799.325 9.117 9.117 0.093 0.007
6 2 21 1787.958 1787.958 9.672 9.672 0.102 0.009
6 2 22 1795.294 1795.294 8.558 8.558 0.068 0.007
6 2 23 1804.205 1804.205 10.750 10.750 0.066 0.008
6 2 24 1772.770 1772.770 8.918 8.918 0.107 0.009
6 2 25 1775.703 1775.703 9.190 9.190 0.110 0.009
6 2 26 1783.768 1783.768 8.231 8.231 0.075 0.009
6 2 27 1752.691 1752.691 8.663 8.663 0.059 0.008
6 2 28 1754.656 1754.656 7.416 7.416 0.053 0.011
6 2 29 1777.573 1777.573 8.202 8.202 0.067 0.013
6 2 30 1791.213 1791.213 8.073 8.073 0.042 0.010
6 2 31 1800.024 1800.024 8.265 8.265 0.044 0.014
6 2 32 1794.758 1794.758 8.019 8.019 0.042 0.006
6 2 33 1817.468 1817.468 9.194 9.194 0.041 0.009
6 2 34 1820.458 1820.458 8.573 8.573 0.063 0.007
6 2 35 1837.889 1837.889 8.407 8.407 0.048 0.009
6 2 36 1762.500 1762.500 7.437 7.437 0.026 0.008
6 2 37 1869.114 1869.114 8.831 8.831 0.047 0.009
6 2 38 1853.704 1853.704 8.739 8.739 0.048 0.007
6 2 39 1834.019 1834.019 8.020 8.020 0.032 0.007
6 2 40 1834.429 1834.429 9.402 9.402 0.049 0.008
6 2 41 1859.398 1859.398 10.115 10.115 0.080 0.011
6 2 42 1860.589 1860.589 9.697 9.697 0.039 0.010
6 2 43 1925.367 1925.367 12.567 12.567 0.083 0.012
6 2 44 1825.709 1825.709 12.335 12.335 0.149 0.011
6 2 45 1876.022 1876.022 12.368 12.368 0.054 0.013
6 2 46 1898.193 1898.193 12.648 12.648 0.069 0.012
6 2 47 1943.786 1943.786 15.063 15.063 0.111 0.013
6 2 48 1977.018 1977.018 16.566 16.566 0.061 0.008
6 2 49 1918.845 1918.845 13.242 13.242 0.050 0.010
6 2 50 1968.714 1968.714 17.970 17.970 0.083 0.010
6 2 51 1998.922 1998.922 17.721 17.721 0.068 0.009
6 2 52 2034.630 2034.630 23.861 23.861 0.081 0.010
6 2 53 2002.618 2002.618 20.081 20.081 0.072 0.009
6 2 54 2005.142 2005.142 18.820 18.820 0.137 0.013
6 2 55 1934.797 1934.797 20.744 20.744 0.116 0.012
6 2 56 1936.288 1936.288 22.392 22.392 0.102 0.014
6 2 57 1946.472 1946.472 27.345 27.345 0.152 0.016
6 2 58 1922.492 1922.492 22.888 22.888 0.140 0.015
6 2 59 1935.498 1935.498 22.644 22.644 0.154 0.014
6 2 60 1889.519 1889.519 46.992 46.992 0.202 0.014
6 2 61 1980.682 1980.682 25.477 25.477 0.162 0.014
6 2 62 1927.215 1927.215 32.317 32.317 0.154 0.012
6 3 1 506.011 506.011 2.810 2.810 0.254 0.012
6 3 2 477.033 477.033 2.291 2.291 0.434 0.011
6 3 3 479.603 479.603 5.809 5.809 0.124 0.012
6 3 4 450.205 450.205 3.942 3.942 0.301 0.015
6 3 5 476.901 476.901 2.641 2.641 0.268 0.012
