1 1 1 1.068
1 1 2 -0.520
1 1 3 2.344
1 1 4 0.726
1 1 5 -0.777
1 1 6 3.308
1 1 7 -0.740
1 1 8 -0.834
1 1 9 -1.970
1 1 10 1.098
1 1 11 4.309
1 1 12 2.003
1 1 13 -2.906
1 1 14 0.027
1 1 15 0.871
1 1 16 1.431
1 1 17 -4.083
1 1 18 1.599
1 1 19 -0.649
1 1 20 0.381
1 1 21 0.525
1 1 22 -1.999
1 1 23 -0.336
1 2 1 0.127
1 2 2 0.530
1 2 3 1.206
1 2 4 0.810
1 2 5 1.291
1 2 6 -0.988
1 2 7 -1.379
1 2 8 -1.058
1 2 9 -2.238
1 2 10 0.102
1 2 11 0.300
1 2 12 1.238
1 2 13 -0.135
1 2 14 -0.500
1 2 15 0.085
1 2 16 -1.523
1 2 17 0.240
1 2 18 0.815
1 2 19 -0.897
1 2 20 -0.188
1 2 21 -0.304
1 2 22 -1.037
1 2 23 -1.058
1 2 24 0.400
1 2 25 0.896
1 2 26 0.241
1 2 27 0.906
1 2 28 1.987
1 2 29 -0.063
1 2 30 -0.057
1 2 31 0.453
1 2 32 0.716
1 2 33 1.437
1 2 34 0.255
1 2 35 -0.872
1 2 36 -1.025
1 2 37 -1.047
1 2 38 -0.608
1 2 39 -1.748
1 2 40 -1.779
1 2 41 0.629
1 2 42 -0.402
1 2 43 0.013
1 2 44 -0.542
1 2 45 -0.714
1 2 46 -0.129
1 2 47 0.031
1 2 48 1.144
1 2 49 1.493
1 2 50 -0.856
1 2 51 0.507
1 2 52 -0.618
1 2 53 -0.490
1 2 54 -0.692
1 2 55 -0.483
1 2 56 0.303
1 2 57 -0.309
1 2 58 -0.309
1 2 59 -0.899
1 2 60 -0.071
1 2 61 1.440
1 2 62 0.213
1 3 1 11.752
1 3 2 -8.505
1 3 3 -9.733
1 3 4 -7.318
1 3 5 0.997
2 1 1 -3.637
2 1 2 1.641
2 1 3 1.117
2 1 4 -1.942
2 1 5 -0.116
2 1 6 0.000
2 1 7 0.101
2 1 8 -0.862
2 1 9 0.562
2 1 10 0.000
2 1 11 0.928
2 1 12 2.107
2 1 13 0.983
2 1 14 2.125
2 1 15 0.338
2 1 16 0.483
2 1 17 4.519
2 1 18 -0.928
2 1 19 -7.406
2 1 20 1.049
2 1 21 -5.062
2 1 22 -0.810
2 1 23 -2.134
2 2 1 -1.685
2 2 2 0.182
2 2 3 0.468
2 2 4 1.561
2 2 5 -0.341
2 2 6 -1.629
2 2 7 0.923
2 2 8 -0.476
2 2 9 2.339
2 2 10 1.566
2 2 11 1.832
2 2 12 0.750
2 2 13 -0.569
2 2 14 0.473
2 2 15 -0.345
2 2 16 0.891
2 2 17 0.824
2 2 18 0.484
2 2 19 0.029
2 2 20 0.184
2 2 21 -0.125
2 2 22 0.051
2 2 23 -0.205
2 2 24 -0.294
2 2 25 0.086
2 2 26 0.442
2 2 27 2.059
2 2 28 0.608
2 2 29 1.797
2 2 30 2.073
2 2 31 0.483
2 2 32 2.643
2 2 33 0.079
2 2 34 0.475
2 2 35 0.628
2 2 36 0.316
2 2 37 -0.607
2 2 38 0.657
2 2 39 -0.109
2 2 40 0.404
2 2 41 2.218
2 2 42 0.611
2 2 43 0.293
2 2 44 1.045
2 2 45 1.251
2 2 46 0.202
2 2 47 0.183
2 2 48 2.004
2 2 49 1.261
2 2 50 1.075
2 2 51 -0.704
2 2 52 0.962
2 2 53 1.064
2 2 54 -1.142
2 2 55 -1.058
2 2 56 -0.560
2 2 57 0.230
2 2 58 -0.085
2 2 59 1.180
2 2 60 -0.234
2 2 61 1.121
2 2 62 -1.052
2 3 1 9.368
2 3 2 -1.514
2 3 3 0.054
2 3 4 -10.045
2 3 5 7.167
3 1 1 -0.767
3 1 2 1.145
3 1 3 0.301
3 1 4 0.235
3 1 5 0.907
3 1 6 -1.230
3 1 7 6.245
3 1 8 -0.923
3 1 9 0.490
3 1 10 -0.062
3 1 11 -1.527
3 1 12 0.740
3 1 13 1.439
3 1 14 -3.439
3 1 15 6.742
3 1 16 1.244
3 1 17 -7.980
3 1 18 -1.288
3 1 19 -0.394
3 1 20 2.079
3 1 21 -0.838
3 1 22 -3.217
3 1 23 2.164
3 2 1 -1.728
3 2 2 5.224
3 2 3 2.362
3 2 4 -1.643
3 2 5 1.076
3 2 6 -0.262
3 2 7 0.046
3 2 8 0.052
3 2 9 0.821
3 2 10 -0.129
3 2 11 0.213
3 2 12 0.739
3 2 13 1.233
3 2 14 -0.370
3 2 15 0.173
3 2 16 -0.786
3 2 17 -0.027
3 2 18 -2.272
3 2 19 -1.136
3 2 20 -0.309
3 2 21 0.619
3 2 22 -0.699
3 2 23 -0.029
3 2 24 0.275
3 2 25 0.973
3 2 26 0.738
3 2 27 -1.056
3 2 28 -0.031
3 2 29 1.987
3 2 30 -0.985
3 2 31 -0.521
3 2 32 1.079
3 2 33 0.163
3 2 34 0.056
3 2 35 1.145
3 2 36 -1.110
3 2 37 -1.253
3 2 38 0.500
3 2 39 -1.081
3 2 40 -1.007
3 2 41 1.783
3 2 42 1.069
3 2 43 -0.894
3 2 44 1.114
3 2 45 0.866
3 2 46 0.385
3 2 47 0.523
3 2 48 0.568
3 2 49 -0.578
3 2 50 -2.556
3 2 51 0.165
3 2 52 0.455
3 2 53 1.519
3 2 54 -0.312
3 2 55 1.523
3 2 56 1.031
3 2 57 0.536
3 2 58 0.038
3 2 59 -1.132
3 2 60 -0.384
3 2 61 -0.620
3 2 62 -0.173
3 3 1 1.072
3 3 2 1.456
3 3 3 -4.350
3 3 4 -1.432
3 3 5 -6.036
4 1 1 1.243
4 1 2 2.362
4 1 3 0.764
4 1 4 -1.714
4 1 5 -1.066
4 1 6 1.587
4 1 7 0.177
4 1 8 -1.134
4 1 9 -0.851
4 1 10 0.316
4 1 11 2.443
4 1 12 -1.237
4 1 13 -0.240
4 1 14 -0.634
4 1 15 2.961
4 1 16 0.390
4 1 17 -2.773
4 1 18 0.000
4 1 19 -0.808
4 1 20 0.412
4 1 21 -0.932
4 1 22 -0.187
4 1 23 1.052
4 2 1 -0.607
4 2 2 -1.183
4 2 3 -2.095
4 2 4 -0.168
4 2 5 -0.025
4 2 6 -1.862
4 2 7 -0.759
4 2 8 0.068
4 2 9 1.493
4 2 10 0.660
4 2 11 0.568
4 2 12 0.779
4 2 13 0.107
4 2 14 0.353
4 2 15 0.381
4 2 16 -1.167
4 2 17 0.357
4 2 18 -1.503
4 2 19 -0.353
4 2 20 1.753
4 2 21 -0.462
4 2 22 0.139
4 2 23 -0.126
4 2 24 -0.077
4 2 25 0.595
4 2 26 0.715
4 2 27 1.368
4 2 28 0.519
4 2 29 1.096
4 2 30 0.763
4 2 31 0.170
4 2 32 -0.006
4 2 33 -0.508
4 2 34 0.429
4 2 35 0.726
4 2 36 1.365
4 2 37 0.576
4 2 38 0.963
4 2 39 -0.228
4 2 40 -1.764
4 2 41 0.460
4 2 42 0.706
4 2 43 0.707
4 2 44 1.159
4 2 45 1.267
4 2 46 -0.769
4 2 47 0.613
4 2 48 -0.072
4 2 49 0.903
4 2 50 -0.325
4 2 51 0.679
4 2 52 -0.400
4 2 53 0.592
4 2 54 0.100
4 2 55 -0.276
4 2 56 -0.055
4 2 57 -0.634
4 2 58 -0.632
4 2 59 0.230
4 2 60 1.782
4 2 61 1.231
4 2 62 -1.259
4 3 1 3.478
4 3 2 2.063
4 3 3 -3.344
4 3 4 11.932
4 3 5 0.000
5 1 1 -0.822
5 1 2 2.454
5 1 3 -0.229
5 1 4 0.085
5 1 5 0.100
5 1 6 3.456
5 1 7 -1.423
5 1 8 1.118
5 1 9 1.079
5 1 10 1.826
5 1 11 -0.281
5 1 12 -1.082
5 1 13 2.110
5 1 14 1.170
5 1 15 -3.699
5 1 16 8.239
5 1 17 3.147
5 1 18 0.248
5 1 19 -1.055
5 1 20 0.614
5 1 21 -0.271
5 1 22 -0.768
5 1 23 -0.602
5 2 1 1.816
5 2 2 -0.912
5 2 3 0.110
5 2 4 1.030
5 2 5 0.108
5 2 6 1.502
5 2 7 1.047
5 2 8 0.373
5 2 9 0.671
5 2 10 1.351
5 2 11 0.167
5 2 12 0.670
5 2 13 0.391
5 2 14 0.696
5 2 15 0.649
5 2 16 2.316
5 2 17 -0.123
5 2 18 0.457
5 2 19 1.438
5 2 20 0.277
5 2 21 0.462
5 2 22 -0.511
5 2 23 -0.342
5 2 24 0.497
5 2 25 1.277
5 2 26 0.233
5 2 27 1.172
5 2 28 1.757
5 2 29 1.360
5 2 30 0.905
5 2 31 1.231
5 2 32 0.095
5 2 33 1.387
5 2 34 -0.038
5 2 35 0.222
5 2 36 -0.562
5 2 37 0.228
5 2 38 -1.351
5 2 39 -0.631
5 2 40 0.148
5 2 41 0.874
5 2 42 1.442
5 2 43 0.257
5 2 44 0.740
5 2 45 1.539
5 2 46 0.442
5 2 47 0.809
5 2 48 -0.098
5 2 49 -0.616
5 2 50 0.969
5 2 51 0.601
5 2 52 -0.054
5 2 53 0.073
5 2 54 0.912
5 2 55 -0.949
5 2 56 1.447
5 2 57 -0.775
5 2 58 0.128
5 2 59 -0.806
5 2 60 0.135
5 2 61 0.719
5 2 62 -0.793
5 3 1 -0.147
5 3 2 0.430
5 3 3 2.774
5 3 4 0.228
5 3 5 -8.977
6 1 1 3.816
6 1 2 0.245
6 1 3 -2.014
6 1 4 2.609
6 1 5 3.201
6 1 6 -1.396
6 1 7 0.941
6 1 8 3.017
6 1 9 2.247
6 1 10 1.171
6 1 11 0.079
6 1 12 1.326
6 1 13 2.706
6 1 14 -4.250
6 1 15 -1.760
6 1 16 1.075
6 1 17 4.011
6 1 18 1.799
6 1 19 1.701
6 1 20 3.935
6 1 21 0.000
6 1 22 -1.029
6 1 23 0.159
6 2 1 -1.541
6 2 2 0.076
6 2 3 0.172
6 2 4 2.465
6 2 5 1.313
6 2 6 1.953
6 2 7 -0.163
6 2 8 -1.327
6 2 9 -0.246
6 2 10 0.795
6 2 11 0.994
6 2 12 1.403
6 2 13 0.494
6 2 14 0.756
6 2 15 0.681
6 2 16 -0.410
6 2 17 -0.809
6 2 18 0.351
6 2 19 2.054
6 2 20 -0.404
6 2 21 1.373
6 2 22 0.474
6 2 23 0.097
6 2 24 1.769
6 2 25 1.439
6 2 26 0.692
6 2 27 1.015
6 2 28 0.205
6 2 29 1.433
6 2 30 0.380
6 2 31 0.580
6 2 32 0.723
6 2 33 -0.757
6 2 34 0.461
6 2 35 0.517
6 2 36 0.643
6 2 37 0.502
6 2 38 -1.118
6 2 39 -0.278
6 2 40 0.711
6 2 41 2.655
6 2 42 1.332
6 2 43 0.727
6 2 44 0.031
6 2 45 0.901
6 2 46 0.512
6 2 47 0.886
6 2 48 0.273
6 2 49 0.006
6 2 50 2.278
6 2 51 1.192
6 2 52 -0.205
6 2 53 0.994
6 2 54 1.209
6 2 55 1.233
6 2 56 0.379
6 2 57 0.411
6 2 58 -0.432
6 2 59 0.650
6 2 60 0.075
6 2 61 0.535
6 2 62 -0.427
6 3 1 -0.682
6 3 2 3.757
6 3 3 5.160
6 3 4 -9.023
6 3 5 4.832
