1 1 1 1.058
1 1 2 -0.510
1 1 3 2.359
1 1 4 0.737
1 1 5 -0.731
1 1 6 3.311
1 1 7 -0.660
1 1 8 -0.713
1 1 9 -1.925
1 1 10 1.007
1 1 11 4.346
1 1 12 2.090
1 1 13 -2.834
1 1 14 0.009
1 1 15 0.876
1 1 16 1.513
1 1 17 -4.058
1 1 18 1.653
1 1 19 -0.592
1 1 20 0.329
1 1 21 0.345
1 1 22 -2.231
1 1 23 -0.286
1 2 1 0.128
1 2 2 0.534
1 2 3 1.193
1 2 4 0.818
1 2 5 1.307
1 2 6 -0.976
1 2 7 -1.377
1 2 8 -1.045
1 2 9 -2.226
1 2 10 0.125
1 2 11 0.335
1 2 12 1.250
1 2 13 -0.133
1 2 14 -0.515
1 2 15 0.103
1 2 16 -1.506
1 2 17 0.298
1 2 18 0.851
1 2 19 -0.879
1 2 20 -0.180
1 2 21 -0.241
1 2 22 -0.982
1 2 23 -1.019
1 2 24 0.466
1 2 25 0.867
1 2 26 0.356
1 2 27 0.927
1 2 28 1.991
1 2 29 -0.090
1 2 30 0.060
1 2 31 0.478
1 2 32 0.741
1 2 33 1.441
1 2 34 0.247
1 2 35 -0.831
1 2 36 -0.998
1 2 37 -1.092
1 2 38 -0.642
1 2 39 -1.780
1 2 40 -1.795
1 2 41 0.713
1 2 42 -0.375
1 2 43 0.138
1 2 44 -0.525
1 2 45 -0.786
1 2 46 -0.132
1 2 47 0.151
1 2 48 1.170
1 2 49 1.497
1 2 50 -0.728
1 2 51 0.524
1 2 52 -0.503
1 2 53 -0.580
1 2 54 -0.861
1 2 55 -0.349
1 2 56 0.126
1 2 57 -0.279
1 2 58 -0.295
1 2 59 -0.890
1 2 60 -0.108
1 2 61 1.502
1 2 62 0.170
1 3 1 11.963
1 3 2 -8.491
1 3 3 -9.541
1 3 4 -7.322
1 3 5 0.413
2 1 1 -3.613
2 1 2 1.620
2 1 3 1.136
2 1 4 -1.945
2 1 5 -0.126
2 1 6 0.000
2 1 7 0.109
2 1 8 -0.859
2 1 9 0.572
2 1 10 0.000
2 1 11 1.018
2 1 12 2.115
2 1 13 0.985
2 1 14 2.062
2 1 15 0.427
2 1 16 0.407
2 1 17 4.504
2 1 18 -0.881
2 1 19 -7.964
2 1 20 1.120
2 1 21 -5.069
2 1 22 -0.878
2 1 23 -2.174
2 2 1 -1.678
2 2 2 0.190
2 2 3 0.446
2 2 4 1.607
2 2 5 -0.322
2 2 6 -1.602
2 2 7 0.911
2 2 8 -0.517
2 2 9 2.323
2 2 10 1.546
2 2 11 1.845
2 2 12 0.778
2 2 13 -0.542
2 2 14 0.471
2 2 15 -0.340
2 2 16 0.883
2 2 17 0.785
2 2 18 0.492
2 2 19 0.031
2 2 20 0.143
2 2 21 -0.148
2 2 22 0.038
2 2 23 -0.219
2 2 24 -0.211
2 2 25 0.068
2 2 26 0.488
2 2 27 1.960
2 2 28 0.680
2 2 29 1.802
2 2 30 1.988
2 2 31 0.511
2 2 32 2.721
2 2 33 0.156
2 2 34 0.462
2 2 35 0.647
2 2 36 0.281
2 2 37 -0.538
2 2 38 0.667
2 2 39 -0.124
2 2 40 0.343
2 2 41 2.097
2 2 42 0.640
2 2 43 0.458
2 2 44 1.119
2 2 45 1.257
2 2 46 0.316
2 2 47 0.140
2 2 48 1.981
2 2 49 1.421
2 2 50 1.078
2 2 51 -0.573
2 2 52 0.920
2 2 53 1.027
2 2 54 -1.204
2 2 55 -0.945
2 2 56 -0.726
2 2 57 0.182
2 2 58 -0.195
2 2 59 1.183
2 2 60 -0.311
2 2 61 1.231
2 2 62 -0.828
2 3 1 9.189
2 3 2 -1.504
2 3 3 0.148
2 3 4 -9.966
2 3 5 7.231
3 1 1 -0.743
3 1 2 1.147
3 1 3 0.314
3 1 4 0.246
3 1 5 0.915
3 1 6 -1.226
3 1 7 6.269
3 1 8 -0.915
3 1 9 0.618
3 1 10 -0.100
3 1 11 -1.579
3 1 12 0.802
3 1 13 1.497
3 1 14 -3.359
3 1 15 6.682
3 1 16 1.227
3 1 17 -7.958
3 1 18 -1.238
3 1 19 -0.310
3 1 20 2.138
3 1 21 -0.903
3 1 22 -3.276
3 1 23 2.030
3 2 1 -1.704
3 2 2 5.237
3 2 3 2.356
3 2 4 -1.655
3 2 5 1.091
3 2 6 -0.256
3 2 7 0.055
3 2 8 0.064
3 2 9 0.830
3 2 10 -0.149
3 2 11 0.236
3 2 12 0.773
3 2 13 1.214
3 2 14 -0.356
3 2 15 0.223
3 2 16 -0.680
3 2 17 -0.005
3 2 18 -2.201
3 2 19 -1.077
3 2 20 -0.316
3 2 21 0.589
3 2 22 -0.684
3 2 23 -0.081
3 2 24 0.271
3 2 25 0.967
3 2 26 0.738
3 2 27 -1.022
3 2 28 -0.088
3 2 29 1.985
3 2 30 -0.987
3 2 31 -0.560
3 2 32 1.080
3 2 33 0.115
3 2 34 0.041
3 2 35 1.211
3 2 36 -1.080
3 2 37 -1.199
3 2 38 0.492
3 2 39 -1.211
3 2 40 -0.982
3 2 41 1.923
3 2 42 1.027
3 2 43 -0.809
3 2 44 1.122
3 2 45 0.783
3 2 46 0.477
3 2 47 0.606
3 2 48 0.624
3 2 49 -0.664
3 2 50 -2.518
3 2 51 0.292
3 2 52 0.396
3 2 53 1.444
3 2 54 -0.250
3 2 55 1.441
3 2 56 1.018
3 2 57 0.282
3 2 58 0.035
3 2 59 -1.305
3 2 60 -0.226
3 2 61 -0.658
3 2 62 -0.120
3 3 1 0.942
3 3 2 1.422
3 3 3 -4.282
3 3 4 -1.301
3 3 5 -6.272
4 1 1 1.248
4 1 2 2.385
4 1 3 0.788
4 1 4 -1.716
4 1 5 -1.084
4 1 6 1.662
4 1 7 0.162
4 1 8 -1.118
4 1 9 -0.870
4 1 10 0.301
4 1 11 2.484
4 1 12 -1.206
4 1 13 -0.185
4 1 14 -0.671
4 1 15 2.958
4 1 16 0.299
4 1 17 -2.775
4 1 18 0.000
4 1 19 -0.801
4 1 20 0.510
4 1 21 -0.983
4 1 22 -0.076
4 1 23 1.117
4 2 1 -0.603
4 2 2 -1.197
4 2 3 -2.080
4 2 4 -0.162
4 2 5 -0.021
4 2 6 -1.840
4 2 7 -0.756
4 2 8 0.089
4 2 9 1.496
4 2 10 0.662
4 2 11 0.547
4 2 12 0.790
4 2 13 0.120
4 2 14 0.381
4 2 15 0.381
4 2 16 -1.217
4 2 17 0.361
4 2 18 -1.456
4 2 19 -0.372
4 2 20 1.846
4 2 21 -0.478
4 2 22 0.131
4 2 23 -0.044
4 2 24 -0.040
4 2 25 0.555
4 2 26 0.771
4 2 27 1.398
4 2 28 0.473
4 2 29 1.048
4 2 30 0.781
4 2 31 0.179
4 2 32 0.001
4 2 33 -0.528
4 2 34 0.439
4 2 35 0.764
4 2 36 1.401
4 2 37 0.685
4 2 38 1.007
4 2 39 -0.300
4 2 40 -1.820
4 2 41 0.486
4 2 42 0.710
4 2 43 0.811
4 2 44 1.158
4 2 45 1.344
4 2 46 -0.790
4 2 47 0.623
4 2 48 0.008
4 2 49 1.073
4 2 50 -0.318
4 2 51 0.694
4 2 52 -0.359
4 2 53 0.656
4 2 54 -0.025
4 2 55 -0.129
4 2 56 -0.159
4 2 57 -0.596
4 2 58 -0.538
4 2 59 0.233
4 2 60 1.775
4 2 61 1.234
4 2 62 -1.182
4 3 1 3.486
4 3 2 2.104
4 3 3 -3.473
4 3 4 11.869
4 3 5 0.000
5 1 1 -0.820
5 1 2 2.474
5 1 3 -0.239
5 1 4 0.066
5 1 5 0.035
5 1 6 3.592
5 1 7 -1.442
5 1 8 1.123
5 1 9 1.018
5 1 10 1.798
5 1 11 -0.334
5 1 12 -1.102
5 1 13 2.072
5 1 14 1.158
5 1 15 -3.650
5 1 16 8.282
5 1 17 3.117
5 1 18 0.319
5 1 19 -0.971
5 1 20 0.574
5 1 21 -0.269
5 1 22 -0.899
5 1 23 -0.563
5 2 1 1.826
5 2 2 -0.904
5 2 3 0.115
5 2 4 1.014
5 2 5 0.102
5 2 6 1.479
5 2 7 1.032
5 2 8 0.388
5 2 9 0.719
5 2 10 1.351
5 2 11 0.173
5 2 12 0.651
5 2 13 0.426
5 2 14 0.678
5 2 15 0.656
5 2 16 2.230
5 2 17 -0.136
5 2 18 0.463
5 2 19 1.383
5 2 20 0.297
5 2 21 0.508
5 2 22 -0.528
5 2 23 -0.375
5 2 24 0.554
5 2 25 1.262
5 2 26 0.195
5 2 27 1.173
5 2 28 1.739
5 2 29 1.226
5 2 30 0.770
5 2 31 1.291
5 2 32 0.153
5 2 33 1.375
5 2 34 -0.021
5 2 35 0.268
5 2 36 -0.598
5 2 37 0.219
5 2 38 -1.394
5 2 39 -0.627
5 2 40 0.186
5 2 41 0.925
5 2 42 1.424
5 2 43 0.439
5 2 44 0.722
5 2 45 1.602
5 2 46 0.431
5 2 47 0.846
5 2 48 0.015
5 2 49 -0.591
5 2 50 1.157
5 2 51 0.608
5 2 52 0.070
5 2 53 0.133
5 2 54 0.953
5 2 55 -0.882
5 2 56 1.329
5 2 57 -0.867
5 2 58 0.050
5 2 59 -0.789
5 2 60 -0.050
5 2 61 0.910
5 2 62 -0.857
5 3 1 -0.015
5 3 2 0.494
5 3 3 2.789
5 3 4 0.237
5 3 5 -9.091
6 1 1 3.813
6 1 2 0.248
6 1 3 -2.010
6 1 4 2.628
6 1 5 3.179
6 1 6 -1.414
6 1 7 0.950
6 1 8 3.022
6 1 9 2.175
6 1 10 1.147
6 1 11 0.006
6 1 12 1.393
6 1 13 2.722
6 1 14 -4.228
6 1 15 -1.720
6 1 16 1.046
6 1 17 4.013
6 1 18 1.782
6 1 19 1.716
6 1 20 3.827
6 1 21 0.000
6 1 22 -1.108
6 1 23 0.060
6 2 1 -1.538
6 2 2 0.083
6 2 3 0.170
6 2 4 2.478
6 2 5 1.312
6 2 6 1.953
6 2 7 -0.140
6 2 8 -1.320
6 2 9 -0.211
6 2 10 0.819
6 2 11 0.981
6 2 12 1.415
6 2 13 0.495
6 2 14 0.738
6 2 15 0.679
6 2 16 -0.445
6 2 17 -0.835
6 2 18 0.304
6 2 19 1.999
6 2 20 -0.431
6 2 21 1.369
6 2 22 0.480
6 2 23 0.179
6 2 24 1.748
6 2 25 1.430
6 2 26 0.661
6 2 27 1.066
6 2 28 0.140
6 2 29 1.377
6 2 30 0.370
6 2 31 0.574
6 2 32 0.757
6 2 33 -0.760
6 2 34 0.449
6 2 35 0.469
6 2 36 0.617
6 2 37 0.525
6 2 38 -1.070
6 2 39 -0.208
6 2 40 0.723
6 2 41 2.698
6 2 42 1.463
6 2 43 0.796
6 2 44 0.071
6 2 45 0.899
6 2 46 0.391
6 2 47 0.734
6 2 48 0.414
6 2 49 -0.056
6 2 50 2.160
6 2 51 1.238
6 2 52 -0.323
6 2 53 1.017
6 2 54 1.279
6 2 55 1.345
6 2 56 0.558
6 2 57 0.424
6 2 58 -0.378
6 2 59 0.694
6 2 60 0.170
6 2 61 0.491
6 2 62 -0.395
6 3 1 -0.621
6 3 2 3.760
6 3 3 5.366
6 3 4 -9.033
6 3 5 4.903
