1 1 1 64.219 0.500 0.000 72.281 0.500 0.000
1 1 2 69.979 0.500 0.000 65.806 0.500 0.000
1 1 3 68.636 0.500 0.000 70.897 0.500 0.000
1 1 4 73.368 0.500 0.000 68.162 0.500 0.000
1 1 5 80.120 0.500 0.000 81.297 0.500 0.000
1 1 6 89.101 0.500 0.000 66.179 0.500 0.000
1 1 7 67.694 0.500 0.000 76.051 0.500 0.000
1 1 8 73.448 0.500 0.000 76.530 0.500 0.000
1 1 9 62.968 0.500 0.000 82.697 0.500 0.000
1 1 10 80.516 0.500 0.000 74.055 0.500 0.000
1 1 11 82.134 0.500 0.000 70.486 0.500 0.000
1 1 12 73.232 0.500 0.000 88.646 0.500 0.000
1 1 13 65.943 0.500 0.000 60.876 0.500 0.000
1 1 14 84.663 0.500 0.000 64.231 0.500 0.000
1 1 15 64.417 0.500 0.000 68.140 0.500 0.000
1 1 16 71.602 0.500 0.000 67.312 0.500 0.000
1 1 17 73.332 0.500 0.000 45.163 0.500 0.000
1 1 18 53.692 0.500 0.000 57.364 0.500 0.000
1 1 19 24.023 0.500 0.000 55.245 0.500 0.000
1 1 20 57.271 0.500 0.000 32.859 0.500 0.000
1 1 21 2.277 0.500 0.000 40.026 0.500 0.000
1 1 22 0.000 0.500 0.000 0.001 0.500 0.000
1 1 23 40.000 0.500 0.000 40.000 0.500 0.000
1 2 1 70.137 0.500 0.000 53.583 0.500 0.000
1 2 2 68.365 0.500 0.000 60.656 0.500 0.000
1 2 3 57.019 0.500 0.000 57.200 0.500 0.000
1 2 4 65.737 0.500 0.000 70.161 0.500 0.000
1 2 5 83.325 0.500 0.000 61.501 0.500 0.000
1 2 6 79.429 0.500 0.000 81.037 0.500 0.000
1 2 7 58.946 0.500 0.000 69.427 0.500 0.000
1 2 8 67.647 0.500 0.000 64.557 0.500 0.000
1 2 9 63.551 0.500 0.000 101.688 0.500 0.000
1 2 10 66.773 0.500 0.000 78.473 0.500 0.000
1 2 11 68.018 0.500 0.000 65.165 0.500 0.000
1 2 12 66.393 0.500 0.000 59.864 0.500 0.000
1 2 13 82.890 0.500 0.000 80.720 0.500 0.000
1 2 14 64.535 0.500 0.000 73.075 0.500 0.000
1 2 15 67.839 0.500 0.000 68.678 0.500 0.000
1 2 16 64.594 0.500 0.000 98.814 0.500 0.000
1 2 17 70.414 0.500 0.000 59.015 0.500 0.000
1 2 18 82.909 0.500 0.000 73.408 0.500 0.000
1 2 19 64.536 0.500 0.000 83.937 0.500 0.000
1 2 20 94.963 0.500 0.000 77.574 0.500 0.000
1 2 21 65.473 0.500 0.000 67.603 0.500 0.000
1 2 22 63.376 0.500 0.000 80.816 0.500 0.000
1 2 23 74.365 0.500 0.000 75.008 0.500 0.000
1 2 24 71.907 0.500 0.000 63.729 0.500 0.000
1 2 25 71.256 0.500 0.000 53.478 0.500 0.000
1 2 26 64.566 0.500 0.000 61.439 0.500 0.000
1 2 27 75.389 0.500 0.000 68.142 0.500 0.000
1 2 28 82.866 0.500 0.000 63.272 0.500 0.000
1 2 29 66.411 0.500 0.000 56.740 0.500 0.000
1 2 30 47.795 0.500 0.000 75.621 0.500 0.000
1 2 31 61.689 0.500 0.000 60.953 0.500 0.000
1 2 32 82.147 0.500 0.000 82.546 0.500 0.000
1 2 33 92.210 0.500 0.000 56.183 0.500 0.000
1 2 34 65.423 0.500 0.000 84.937 0.500 0.000
1 2 35 65.685 0.500 0.000 86.835 0.500 0.000
1 2 36 66.689 0.500 0.000 83.460 0.500 0.000
1 2 37 82.604 0.500 0.000 94.976 0.500 0.000
1 2 38 72.374 0.500 0.000 78.723 0.500 0.000
1 2 39 58.760 0.500 0.000 76.962 0.500 0.000
1 2 40 59.514 0.500 0.000 78.707 0.500 0.000
1 2 41 79.632 0.500 0.000 63.447 0.500 0.000
1 2 42 79.976 0.500 0.000 64.214 0.500 0.000
1 2 43 53.915 0.500 0.000 56.740 0.500 0.000
1 2 44 54.901 0.500 0.000 49.475 0.500 0.000
1 2 45 66.095 0.500 0.000 60.567 0.500 0.000
1 2 46 49.948 0.500 0.000 50.580 0.500 0.000
1 2 47 64.503 0.500 0.000 43.986 0.500 0.000
1 2 48 67.009 0.500 0.000 41.150 0.500 0.000
1 2 49 52.559 0.500 0.000 60.918 0.500 0.000
1 2 50 18.148 0.500 0.000 36.057 0.500 0.000
1 2 51 58.555 0.500 0.000 11.184 0.500 0.000
1 2 52 39.728 0.500 0.000 94.559 0.500 0.000
1 2 53 42.373 0.500 0.000 16.078 0.500 0.000
1 2 54 38.592 0.500 0.000 40.000 0.500 0.000
1 2 55 110.699 0.500 0.000 0.004 0.500 0.000
1 2 56 71.830 0.500 0.000 0.000 0.500 0.000
1 2 57 36.971 0.500 0.000 40.000 0.500 0.000
1 2 58 40.000 0.500 0.000 40.000 0.500 0.000
1 2 59 40.000 0.500 0.000 40.000 0.500 0.000
1 2 60 40.000 0.500 0.000 40.000 0.500 0.000
1 2 61 40.000 0.500 0.000 40.000 0.500 0.000
1 2 62 40.000 0.500 0.000 40.000 0.500 0.000
1 3 1 40.000 0.500 0.000 40.000 0.500 0.000
1 3 2 40.000 0.500 0.000 40.000 0.500 0.000
1 3 3 40.000 0.500 0.000 40.000 0.500 0.000
1 3 4 40.000 0.500 0.000 40.000 0.500 0.000
1 3 5 40.000 0.500 0.000 40.000 0.500 0.000
2 1 1 60.126 0.500 0.000 80.713 0.500 0.000
2 1 2 65.724 0.500 0.000 57.906 0.500 0.000
2 1 3 55.684 0.500 0.000 57.939 0.500 0.000
2 1 4 63.234 0.500 0.000 62.665 0.500 0.000
2 1 5 62.038 0.500 0.000 76.085 0.500 0.000
2 1 6 40.000 0.500 0.000 40.000 0.500 0.000
2 1 7 57.907 0.500 0.000 65.270 0.500 0.000
2 1 8 73.641 0.500 0.000 77.066 0.500 0.000
2 1 9 64.677 0.500 0.000 87.023 0.500 0.000
2 1 10 40.000 0.500 0.000 40.000 0.500 0.000
2 1 11 80.421 0.500 0.000 85.296 0.500 0.000
2 1 12 30.850 0.500 0.000 41.557 0.500 0.000
2 1 13 11.133 0.500 0.000 72.570 0.500 0.000
2 1 14 49.408 0.500 0.000 73.983 0.500 0.000
2 1 15 64.827 0.500 0.000 67.252 0.500 0.000
2 1 16 52.627 0.500 0.000 61.903 0.500 0.000
2 1 17 30.403 0.500 0.000 64.569 0.500 0.000
2 1 18 52.089 0.500 0.000 55.532 0.500 0.000
2 1 19 40.000 0.500 0.000 40.000 0.500 0.000
2 1 20 54.188 0.500 0.000 40.056 0.500 0.000
2 1 21 59.697 0.500 0.000 90.317 0.500 0.000
2 1 22 50.086 0.500 0.000 40.000 0.500 0.000
2 1 23 40.000 0.500 0.000 40.000 0.500 0.000
2 2 1 52.790 0.500 0.000 63.916 0.500 0.000
2 2 2 52.742 0.500 0.000 71.442 0.500 0.000
2 2 3 64.503 0.500 0.000 59.111 0.500 0.000
2 2 4 64.980 0.500 0.000 56.662 0.500 0.000
2 2 5 60.887 0.500 0.000 61.195 0.500 0.000
2 2 6 59.588 0.500 0.000 68.092 0.500 0.000
2 2 7 56.599 0.500 0.000 58.563 0.500 0.000
2 2 8 68.336 0.500 0.000 65.006 0.500 0.000
2 2 9 67.067 0.500 0.000 43.798 0.500 0.000
2 2 10 62.077 0.500 0.000 61.182 0.500 0.000
2 2 11 61.938 0.500 0.000 62.376 0.500 0.000
2 2 12 59.777 0.500 0.000 52.964 0.500 0.000
2 2 13 55.366 0.500 0.000 75.837 0.500 0.000
2 2 14 71.004 0.500 0.000 76.147 0.500 0.000
2 2 15 71.036 0.500 0.000 73.556 0.500 0.000
2 2 16 62.952 0.500 0.000 58.542 0.500 0.000
2 2 17 63.455 0.500 0.000 59.257 0.500 0.000
2 2 18 70.743 0.500 0.000 69.612 0.500 0.000
2 2 19 61.529 0.500 0.000 64.884 0.500 0.000
2 2 20 63.938 0.500 0.000 69.042 0.500 0.000
2 2 21 66.920 0.500 0.000 68.786 0.500 0.000
2 2 22 41.800 0.500 0.000 60.837 0.500 0.000
2 2 23 61.138 0.500 0.000 80.753 0.500 0.000
2 2 24 57.989 0.500 0.000 79.212 0.500 0.000
2 2 25 60.347 0.500 0.000 70.795 0.500 0.000
2 2 26 51.965 0.500 0.000 67.311 0.500 0.000
2 2 27 77.572 0.500 0.000 81.333 0.500 0.000
2 2 28 58.940 0.500 0.000 65.967 0.500 0.000
2 2 29 61.957 0.500 0.000 64.115 0.500 0.000
2 2 30 76.633 0.500 0.000 65.064 0.500 0.000
2 2 31 54.073 0.500 0.000 48.459 0.500 0.000
2 2 32 93.323 0.500 0.000 55.228 0.500 0.000
2 2 33 69.194 0.500 0.000 64.073 0.500 0.000
2 2 34 74.244 0.500 0.000 102.882 0.500 0.000
2 2 35 68.354 0.500 0.000 88.708 0.500 0.000
2 2 36 72.052 0.500 0.000 73.500 0.500 0.000
2 2 37 92.871 0.500 0.000 67.180 0.500 0.000
2 2 38 76.426 0.500 0.000 65.662 0.500 0.000
2 2 39 53.851 0.500 0.000 90.152 0.500 0.000
2 2 40 70.734 0.500 0.000 65.680 0.500 0.000
2 2 41 62.936 0.500 0.000 64.905 0.500 0.000
2 2 42 79.600 0.500 0.000 82.941 0.500 0.000
2 2 43 40.000 0.500 0.000 40.000 0.500 0.000
2 2 44 59.360 0.500 0.000 67.001 0.500 0.000
2 2 45 73.618 0.500 0.000 56.833 0.500 0.000
2 2 46 49.032 0.500 0.000 58.631 0.500 0.000
2 2 47 33.861 0.500 0.000 60.810 0.500 0.000
2 2 48 42.229 0.500 0.000 50.586 0.500 0.000
2 2 49 72.088 0.500 0.000 64.623 0.500 0.000
2 2 50 74.883 0.500 0.000 85.363 0.500 0.000
2 2 51 37.444 0.500 0.000 72.613 0.500 0.000
2 2 52 0.001 0.500 0.000 15.164 0.500 0.000
2 2 53 113.613 0.500 0.000 139.339 0.500 0.000
2 2 54 140.351 0.500 0.000 40.000 0.500 0.000
2 2 55 26.704 0.500 0.000 40.000 0.500 0.000
2 2 56 39.514 0.500 0.000 40.000 0.500 0.000
2 2 57 40.000 0.500 0.000 40.000 0.500 0.000
2 2 58 40.000 0.500 0.000 40.000 0.500 0.000
2 2 59 40.000 0.500 0.000 40.000 0.500 0.000
2 2 60 40.000 0.500 0.000 40.000 0.500 0.000
2 2 61 40.000 0.500 0.000 40.000 0.500 0.000
2 2 62 40.000 0.500 0.000 40.000 0.500 0.000
2 3 1 40.000 0.500 0.000 40.000 0.500 0.000
2 3 2 40.000 0.500 0.000 40.000 0.500 0.000
2 3 3 40.000 0.500 0.000 40.000 0.500 0.000
2 3 4 40.000 0.500 0.000 40.000 0.500 0.000
2 3 5 40.000 0.500 0.000 40.000 0.500 0.000
3 1 1 66.011 0.500 0.000 71.903 0.500 0.000
3 1 2 67.042 0.500 0.000 64.883 0.500 0.000
3 1 3 62.064 0.500 0.000 57.756 0.500 0.000
3 1 4 63.019 0.500 0.000 58.106 0.500 0.000
3 1 5 69.321 0.500 0.000 58.962 0.500 0.000
3 1 6 63.382 0.500 0.000 62.668 0.500 0.000
3 1 7 73.246 0.500 0.000 72.264 0.500 0.000
3 1 8 78.604 0.500 0.000 72.561 0.500 0.000
3 1 9 87.878 0.500 0.000 73.698 0.500 0.000
3 1 10 76.236 0.500 0.000 69.920 0.500 0.000
3 1 11 44.693 0.500 0.000 46.110 0.500 0.000
3 1 12 67.893 0.500 0.000 66.260 0.500 0.000
3 1 13 79.693 0.500 0.000 83.832 0.500 0.000
3 1 14 76.547 0.500 0.000 31.477 0.500 0.000
3 1 15 56.787 0.500 0.000 67.395 0.500 0.000
3 1 16 54.904 0.500 0.000 54.984 0.500 0.000
3 1 17 67.190 0.500 0.000 62.567 0.500 0.000
3 1 18 78.417 0.500 0.000 38.121 0.500 0.000
3 1 19 53.113 0.500 0.000 25.086 0.500 0.000
3 1 20 28.711 0.500 0.000 51.694 0.500 0.000
3 1 21 55.189 0.500 0.000 21.320 0.500 0.000
3 1 22 0.000 0.500 0.000 77.417 0.500 0.000
3 1 23 40.000 0.500 0.000 0.000 0.500 0.000
3 2 1 56.027 0.500 0.000 65.891 0.500 0.000
3 2 2 67.933 0.500 0.000 55.337 0.500 0.000
3 2 3 71.600 0.500 0.000 63.584 0.500 0.000
3 2 4 55.740 0.500 0.000 57.019 0.500 0.000
3 2 5 61.407 0.500 0.000 57.582 0.500 0.000
3 2 6 68.966 0.500 0.000 58.453 0.500 0.000
3 2 7 59.135 0.500 0.000 57.822 0.500 0.000
3 2 8 57.837 0.500 0.000 62.594 0.500 0.000
3 2 9 74.349 0.500 0.000 59.616 0.500 0.000
3 2 10 65.086 0.500 0.000 67.111 0.500 0.000
3 2 11 60.814 0.500 0.000 56.070 0.500 0.000
3 2 12 67.053 0.500 0.000 62.047 0.500 0.000
3 2 13 69.008 0.500 0.000 65.877 0.500 0.000
3 2 14 69.553 0.500 0.000 76.271 0.500 0.000
3 2 15 62.583 0.500 0.000 62.521 0.500 0.000
3 2 16 69.684 0.500 0.000 66.059 0.500 0.000
3 2 17 68.723 0.500 0.000 64.677 0.500 0.000
3 2 18 62.470 0.500 0.000 73.205 0.500 0.000
3 2 19 70.509 0.500 0.000 75.661 0.500 0.000
3 2 20 65.634 0.500 0.000 54.873 0.500 0.000
3 2 21 70.453 0.500 0.000 68.105 0.500 0.000
3 2 22 57.470 0.500 0.000 61.332 0.500 0.000
3 2 23 83.177 0.500 0.000 70.971 0.500 0.000
3 2 24 60.754 0.500 0.000 60.021 0.500 0.000
3 2 25 78.507 0.500 0.000 70.508 0.500 0.000
3 2 26 78.930 0.500 0.000 64.546 0.500 0.000
3 2 27 57.332 0.500 0.000 79.067 0.500 0.000
3 2 28 81.782 0.500 0.000 68.785 0.500 0.000
3 2 29 76.085 0.500 0.000 71.675 0.500 0.000
3 2 30 70.656 0.500 0.000 99.847 0.500 0.000
3 2 31 64.185 0.500 0.000 63.357 0.500 0.000
3 2 32 91.759 0.500 0.000 69.918 0.500 0.000
3 2 33 78.264 0.500 0.000 76.801 0.500 0.000
3 2 34 52.646 0.500 0.000 72.142 0.500 0.000
3 2 35 76.594 0.500 0.000 70.630 0.500 0.000
3 2 36 77.882 0.500 0.000 66.499 0.500 0.000
3 2 37 69.632 0.500 0.000 80.736 0.500 0.000
3 2 38 80.100 0.500 0.000 64.252 0.500 0.000
3 2 39 63.459 0.500 0.000 58.352 0.500 0.000
3 2 40 57.664 0.500 0.000 69.802 0.500 0.000
3 2 41 78.872 0.500 0.000 72.231 0.500 0.000
3 2 42 96.401 0.500 0.000 55.572 0.500 0.000
3 2 43 60.816 0.500 0.000 77.147 0.500 0.000
3 2 44 83.697 0.500 0.000 59.007 0.500 0.000
3 2 45 48.561 0.500 0.000 48.564 0.500 0.000
3 2 46 41.505 0.500 0.000 57.266 0.500 0.000
3 2 47 57.494 0.500 0.000 43.765 0.500 0.000
3 2 48 76.051 0.500 0.000 59.916 0.500 0.000
3 2 49 10.296 0.500 0.000 54.637 0.500 0.000
3 2 50 112.138 0.500 0.000 71.140 0.500 0.000
3 2 51 60.692 0.500 0.000 158.205 0.500 0.000
3 2 52 82.348 0.500 0.000 39.550 0.500 0.000
3 2 53 126.500 0.500 0.000 48.988 0.500 0.000
3 2 54 25.188 0.500 0.000 6.788 0.500 0.000
3 2 55 105.847 0.500 0.000 41.531 0.500 0.000
3 2 56 199.999 0.500 0.000 0.000 0.500 0.000
3 2 57 40.000 0.500 0.000 40.000 0.500 0.000
3 2 58 40.000 0.500 0.000 40.000 0.500 0.000
3 2 59 40.000 0.500 0.000 40.000 0.500 0.000
3 2 60 40.000 0.500 0.000 40.000 0.500 0.000
3 2 61 40.000 0.500 0.000 40.000 0.500 0.000
3 2 62 40.000 0.500 0.000 40.000 0.500 0.000
3 3 1 40.000 0.500 0.000 40.000 0.500 0.000
3 3 2 40.000 0.500 0.000 40.000 0.500 0.000
3 3 3 40.000 0.500 0.000 40.000 0.500 0.000
3 3 4 40.000 0.500 0.000 40.000 0.500 0.000
3 3 5 40.000 0.500 0.000 40.000 0.500 0.000
4 1 1 72.194 0.500 0.000 63.844 0.500 0.000
4 1 2 70.365 0.500 0.000 70.722 0.500 0.000
4 1 3 72.255 0.500 0.000 65.779 0.500 0.000
4 1 4 59.391 0.500 0.000 65.044 0.500 0.000
4 1 5 60.870 0.500 0.000 62.831 0.500 0.000
4 1 6 70.221 0.500 0.000 73.351 0.500 0.000
4 1 7 75.906 0.500 0.000 63.791 0.500 0.000
4 1 8 65.599 0.500 0.000 61.406 0.500 0.000
4 1 9 79.582 0.500 0.000 82.902 0.500 0.000
4 1 10 78.259 0.500 0.000 90.065 0.500 0.000
4 1 11 66.116 0.500 0.000 69.030 0.500 0.000
4 1 12 62.523 0.500 0.000 88.623 0.500 0.000
4 1 13 77.307 0.500 0.000 71.114 0.500 0.000
4 1 14 53.835 0.500 0.000 15.182 0.500 0.000
4 1 15 70.369 0.500 0.000 49.996 0.500 0.000
4 1 16 19.132 0.500 0.000 69.088 0.500 0.000
4 1 17 70.286 0.500 0.000 72.130 0.500 0.000
4 1 18 42.539 0.500 0.000 54.571 0.500 0.000
4 1 19 12.314 0.500 0.000 57.075 0.500 0.000
4 1 20 38.113 0.500 0.000 26.836 0.500 0.000
4 1 21 0.000 0.500 0.000 15.736 0.500 0.000
4 1 22 111.881 0.500 0.000 24.167 0.500 0.000
4 1 23 30.842 0.500 0.000 56.783 0.500 0.000
4 2 1 60.320 0.500 0.000 65.681 0.500 0.000
4 2 2 67.319 0.500 0.000 64.583 0.500 0.000
4 2 3 56.664 0.500 0.000 64.071 0.500 0.000
4 2 4 66.571 0.500 0.000 61.168 0.500 0.000
4 2 5 66.488 0.500 0.000 61.044 0.500 0.000
4 2 6 61.831 0.500 0.000 62.722 0.500 0.000
4 2 7 54.596 0.500 0.000 58.505 0.500 0.000
4 2 8 69.706 0.500 0.000 54.546 0.500 0.000
4 2 9 68.758 0.500 0.000 60.873 0.500 0.000
4 2 10 57.138 0.500 0.000 58.089 0.500 0.000
4 2 11 60.816 0.500 0.000 62.231 0.500 0.000
4 2 12 61.139 0.500 0.000 57.860 0.500 0.000
4 2 13 57.498 0.500 0.000 60.265 0.500 0.000
4 2 14 67.340 0.500 0.000 61.289 0.500 0.000
4 2 15 61.572 0.500 0.000 59.077 0.500 0.000
4 2 16 60.758 0.500 0.000 77.036 0.500 0.000
4 2 17 60.341 0.500 0.000 64.766 0.500 0.000
4 2 18 64.954 0.500 0.000 73.278 0.500 0.000
4 2 19 57.844 0.500 0.000 66.956 0.500 0.000
4 2 20 83.899 0.500 0.000 70.907 0.500 0.000
4 2 21 66.281 0.500 0.000 79.666 0.500 0.000
4 2 22 69.095 0.500 0.000 63.371 0.500 0.000
4 2 23 70.018 0.500 0.000 70.862 0.500 0.000
4 2 24 66.802 0.500 0.000 62.479 0.500 0.000
4 2 25 66.476 0.500 0.000 71.132 0.500 0.000
4 2 26 77.701 0.500 0.000 75.589 0.500 0.000
4 2 27 69.233 0.500 0.000 70.595 0.500 0.000
4 2 28 68.153 0.500 0.000 75.170 0.500 0.000
4 2 29 67.079 0.500 0.000 66.618 0.500 0.000
4 2 30 64.366 0.500 0.000 68.836 0.500 0.000
4 2 31 57.237 0.500 0.000 57.642 0.500 0.000
4 2 32 78.258 0.500 0.000 76.620 0.500 0.000
4 2 33 63.313 0.500 0.000 77.824 0.500 0.000
4 2 34 82.933 0.500 0.000 80.054 0.500 0.000
4 2 35 71.042 0.500 0.000 70.256 0.500 0.000
4 2 36 88.562 0.500 0.000 74.697 0.500 0.000
4 2 37 90.879 0.500 0.000 65.026 0.500 0.000
4 2 38 101.589 0.500 0.000 78.432 0.500 0.000
4 2 39 60.524 0.500 0.000 68.145 0.500 0.000
4 2 40 76.451 0.500 0.000 66.333 0.500 0.000
4 2 41 69.779 0.500 0.000 74.496 0.500 0.000
4 2 42 64.203 0.500 0.000 68.507 0.500 0.000
4 2 43 67.402 0.500 0.000 54.366 0.500 0.000
4 2 44 58.535 0.500 0.000 74.507 0.500 0.000
4 2 45 60.271 0.500 0.000 48.422 0.500 0.000
4 2 46 44.661 0.500 0.000 71.370 0.500 0.000
4 2 47 62.883 0.500 0.000 69.693 0.500 0.000
4 2 48 49.859 0.500 0.000 69.226 0.500 0.000
4 2 49 52.794 0.500 0.000 57.210 0.500 0.000
4 2 50 76.479 0.500 0.000 44.416 0.500 0.000
4 2 51 84.716 0.500 0.000 38.019 0.500 0.000
4 2 52 51.746 0.500 0.000 26.985 0.500 0.000
4 2 53 47.199 0.500 0.000 78.025 0.500 0.000
4 2 54 70.859 0.500 0.000 24.081 0.500 0.000
4 2 55 0.000 0.500 0.000 49.003 0.500 0.000
4 2 56 36.971 0.500 0.000 63.268 0.500 0.000
4 2 57 40.000 0.500 0.000 40.000 0.500 0.000
4 2 58 40.000 0.500 0.000 40.000 0.500 0.000
4 2 59 40.000 0.500 0.000 40.000 0.500 0.000
4 2 60 40.000 0.500 0.000 40.000 0.500 0.000
4 2 61 40.000 0.500 0.000 40.000 0.500 0.000
4 2 62 40.000 0.500 0.000 40.000 0.500 0.000
4 3 1 40.000 0.500 0.000 40.000 0.500 0.000
4 3 2 40.000 0.500 0.000 40.000 0.500 0.000
4 3 3 40.000 0.500 0.000 40.000 0.500 0.000
4 3 4 40.000 0.500 0.000 40.000 0.500 0.000
4 3 5 40.000 0.500 0.000 40.000 0.500 0.000
5 1 1 63.371 0.500 0.000 70.491 0.500 0.000
5 1 2 69.786 0.500 0.000 58.075 0.500 0.000
5 1 3 72.238 0.500 0.000 74.207 0.500 0.000
5 1 4 50.941 0.500 0.000 59.962 0.500 0.000
5 1 5 64.859 0.500 0.000 59.746 0.500 0.000
5 1 6 60.588 0.500 0.000 71.847 0.500 0.000
5 1 7 67.100 0.500 0.000 71.239 0.500 0.000
5 1 8 62.082 0.500 0.000 68.068 0.500 0.000
5 1 9 76.829 0.500 0.000 86.409 0.500 0.000
5 1 10 78.929 0.500 0.000 78.173 0.500 0.000
5 1 11 78.455 0.500 0.000 69.683 0.500 0.000
5 1 12 78.036 0.500 0.000 66.324 0.500 0.000
5 1 13 77.119 0.500 0.000 69.220 0.500 0.000
5 1 14 69.378 0.500 0.000 59.232 0.500 0.000
5 1 15 63.797 0.500 0.000 94.393 0.500 0.000
5 1 16 77.281 0.500 0.000 63.972 0.500 0.000
5 1 17 71.563 0.500 0.000 40.950 0.500 0.000
5 1 18 64.858 0.500 0.000 70.461 0.500 0.000
5 1 19 72.788 0.500 0.000 41.049 0.500 0.000
5 1 20 58.201 0.500 0.000 3.861 0.500 0.000
5 1 21 20.873 0.500 0.000 51.315 0.500 0.000
5 1 22 43.693 0.500 0.000 0.000 0.500 0.000
5 1 23 40.000 0.500 0.000 40.000 0.500 0.000
5 2 1 68.457 0.500 0.000 61.761 0.500 0.000
5 2 2 61.908 0.500 0.000 64.200 0.500 0.000
5 2 3 66.882 0.500 0.000 61.742 0.500 0.000
5 2 4 60.380 0.500 0.000 58.594 0.500 0.000
5 2 5 63.868 0.500 0.000 57.212 0.500 0.000
5 2 6 67.089 0.500 0.000 60.163 0.500 0.000
5 2 7 70.488 0.500 0.000 57.732 0.500 0.000
5 2 8 68.526 0.500 0.000 62.961 0.500 0.000
5 2 9 66.816 0.500 0.000 68.290 0.500 0.000
5 2 10 61.535 0.500 0.000 67.895 0.500 0.000
5 2 11 59.707 0.500 0.000 63.838 0.500 0.000
5 2 12 57.305 0.500 0.000 61.681 0.500 0.000
5 2 13 59.946 0.500 0.000 59.653 0.500 0.000
5 2 14 64.431 0.500 0.000 62.886 0.500 0.000
5 2 15 66.518 0.500 0.000 62.811 0.500 0.000
5 2 16 77.147 0.500 0.000 59.068 0.500 0.000
5 2 17 60.367 0.500 0.000 69.660 0.500 0.000
5 2 18 76.903 0.500 0.000 71.348 0.500 0.000
5 2 19 66.355 0.500 0.000 59.551 0.500 0.000
5 2 20 68.889 0.500 0.000 65.852 0.500 0.000
5 2 21 81.443 0.500 0.000 69.391 0.500 0.000
5 2 22 69.574 0.500 0.000 73.567 0.500 0.000
5 2 23 78.060 0.500 0.000 77.603 0.500 0.000
5 2 24 68.950 0.500 0.000 74.051 0.500 0.000
5 2 25 75.334 0.500 0.000 66.360 0.500 0.000
5 2 26 53.671 0.500 0.000 72.047 0.500 0.000
5 2 27 57.354 0.500 0.000 59.022 0.500 0.000
5 2 28 67.239 0.500 0.000 68.233 0.500 0.000
5 2 29 65.344 0.500 0.000 63.886 0.500 0.000
5 2 30 84.396 0.500 0.000 65.637 0.500 0.000
5 2 31 77.593 0.500 0.000 66.066 0.500 0.000
5 2 32 85.683 0.500 0.000 79.722 0.500 0.000
5 2 33 87.641 0.500 0.000 63.402 0.500 0.000
5 2 34 85.785 0.500 0.000 80.253 0.500 0.000
5 2 35 85.715 0.500 0.000 73.703 0.500 0.000
5 2 36 65.908 0.500 0.000 102.745 0.500 0.000
5 2 37 87.324 0.500 0.000 85.502 0.500 0.000
5 2 38 81.117 0.500 0.000 72.937 0.500 0.000
5 2 39 70.620 0.500 0.000 70.720 0.500 0.000
5 2 40 65.930 0.500 0.000 58.780 0.500 0.000
5 2 41 56.086 0.500 0.000 77.006 0.500 0.000
5 2 42 69.327 0.500 0.000 79.985 0.500 0.000
5 2 43 63.703 0.500 0.000 83.420 0.500 0.000
5 2 44 40.813 0.500 0.000 58.097 0.500 0.000
5 2 45 83.305 0.500 0.000 83.723 0.500 0.000
5 2 46 46.188 0.500 0.000 47.242 0.500 0.000
5 2 47 72.313 0.500 0.000 61.774 0.500 0.000
5 2 48 57.098 0.500 0.000 41.648 0.500 0.000
5 2 49 38.084 0.500 0.000 59.518 0.500 0.000
5 2 50 39.029 0.500 0.000 45.877 0.500 0.000
5 2 51 52.026 0.500 0.000 69.325 0.500 0.000
5 2 52 35.593 0.500 0.000 26.773 0.500 0.000
5 2 53 0.000 0.500 0.000 127.697 0.500 0.000
5 2 54 68.376 0.500 0.000 3.111 0.500 0.000
5 2 55 77.086 0.500 0.000 63.625 0.500 0.000
5 2 56 39.567 0.500 0.000 40.000 0.500 0.000
5 2 57 40.000 0.500 0.000 40.000 0.500 0.000
5 2 58 40.000 0.500 0.000 40.000 0.500 0.000
5 2 59 40.000 0.500 0.000 40.000 0.500 0.000
5 2 60 40.000 0.500 0.000 40.000 0.500 0.000
5 2 61 40.000 0.500 0.000 40.000 0.500 0.000
5 2 62 40.000 0.500 0.000 40.000 0.500 0.000
5 3 1 40.000 0.500 0.000 40.000 0.500 0.000
5 3 2 40.000 0.500 0.000 40.000 0.500 0.000
5 3 3 40.000 0.500 0.000 40.000 0.500 0.000
5 3 4 40.000 0.500 0.000 40.000 0.500 0.000
5 3 5 40.000 0.500 0.000 40.000 0.500 0.000
6 1 1 72.587 0.500 0.000 60.095 0.500 0.000
6 1 2 69.770 0.500 0.000 67.640 0.500 0.000
6 1 3 67.387 0.500 0.000 74.310 0.500 0.000
6 1 4 67.978 0.500 0.000 62.605 0.500 0.000
6 1 5 74.159 0.500 0.000 73.778 0.500 0.000
6 1 6 58.743 0.500 0.000 71.026 0.500 0.000
6 1 7 69.595 0.500 0.000 78.777 0.500 0.000
6 1 8 69.003 0.500 0.000 81.408 0.500 0.000
6 1 9 81.947 0.500 0.000 65.801 0.500 0.000
6 1 10 67.210 0.500 0.000 54.826 0.500 0.000
6 1 11 67.047 0.500 0.000 88.185 0.500 0.000
6 1 12 74.038 0.500 0.000 22.979 0.500 0.000
6 1 13 82.066 0.500 0.000 81.543 0.500 0.000
6 1 14 71.793 0.500 0.000 73.450 0.500 0.000
6 1 15 61.748 0.500 0.000 87.832 0.500 0.000
6 1 16 81.751 0.500 0.000 78.909 0.500 0.000
6 1 17 73.055 0.500 0.000 56.590 0.500 0.000
6 1 18 88.279 0.500 0.000 101.562 0.500 0.000
6 1 19 42.805 0.500 0.000 52.870 0.500 0.000
6 1 20 36.593 0.500 0.000 55.743 0.500 0.000
6 1 21 40.000 0.500 0.000 40.000 0.500 0.000
6 1 22 41.466 0.500 0.000 40.000 0.500 0.000
6 1 23 87.493 0.500 0.000 40.000 0.500 0.000
6 2 1 66.949 0.500 0.000 64.845 0.500 0.000
6 2 2 64.359 0.500 0.000 65.693 0.500 0.000
6 2 3 60.840 0.500 0.000 59.794 0.500 0.000
6 2 4 65.724 0.500 0.000 53.482 0.500 0.000
6 2 5 58.916 0.500 0.000 57.345 0.500 0.000
6 2 6 62.681 0.500 0.000 56.636 0.500 0.000
6 2 7 54.470 0.500 0.000 57.311 0.500 0.000
6 2 8 52.278 0.500 0.000 63.520 0.500 0.000
6 2 9 65.299 0.500 0.000 71.342 0.500 0.000
6 2 10 65.443 0.500 0.000 67.068 0.500 0.000
6 2 11 64.739 0.500 0.000 66.799 0.500 0.000
6 2 12 56.349 0.500 0.000 59.521 0.500 0.000
6 2 13 60.989 0.500 0.000 63.764 0.500 0.000
6 2 14 66.059 0.500 0.000 77.019 0.500 0.000
6 2 15 68.354 0.500 0.000 66.138 0.500 0.000
6 2 16 63.642 0.500 0.000 76.577 0.500 0.000
6 2 17 55.235 0.500 0.000 86.146 0.500 0.000
6 2 18 79.872 0.500 0.000 84.155 0.500 0.000
6 2 19 83.655 0.500 0.000 71.307 0.500 0.000
6 2 20 64.267 0.500 0.000 78.408 0.500 0.000
6 2 21 60.455 0.500 0.000 77.521 0.500 0.000
6 2 22 62.958 0.500 0.000 59.354 0.500 0.000
6 2 23 67.844 0.500 0.000 71.042 0.500 0.000
6 2 24 73.593 0.500 0.000 61.588 0.500 0.000
6 2 25 74.170 0.500 0.000 76.197 0.500 0.000
6 2 26 78.161 0.500 0.000 70.031 0.500 0.000
6 2 27 64.422 0.500 0.000 84.674 0.500 0.000
6 2 28 70.463 0.500 0.000 74.960 0.500 0.000
6 2 29 71.813 0.500 0.000 59.952 0.500 0.000
6 2 30 63.754 0.500 0.000 67.605 0.500 0.000
6 2 31 61.132 0.500 0.000 68.258 0.500 0.000
6 2 32 66.113 0.500 0.000 70.189 0.500 0.000
6 2 33 52.877 0.500 0.000 82.201 0.500 0.000
6 2 34 73.325 0.500 0.000 73.275 0.500 0.000
6 2 35 60.443 0.500 0.000 88.516 0.500 0.000
6 2 36 58.539 0.500 0.000 86.724 0.500 0.000
6 2 37 68.541 0.500 0.000 81.581 0.500 0.000
6 2 38 36.463 0.500 0.000 88.063 0.500 0.000
6 2 39 55.061 0.500 0.000 65.809 0.500 0.000
6 2 40 52.695 0.500 0.000 61.297 0.500 0.000
6 2 41 62.405 0.500 0.000 72.298 0.500 0.000
6 2 42 68.554 0.500 0.000 42.746 0.500 0.000
6 2 43 57.970 0.500 0.000 72.709 0.500 0.000
6 2 44 43.699 0.500 0.000 68.659 0.500 0.000
6 2 45 52.904 0.500 0.000 57.512 0.500 0.000
6 2 46 30.998 0.500 0.000 30.280 0.500 0.000
6 2 47 37.009 0.500 0.000 55.010 0.500 0.000
6 2 48 38.803 0.500 0.000 78.224 0.500 0.000
6 2 49 38.908 0.500 0.000 67.637 0.500 0.000
6 2 50 103.235 0.500 0.000 37.618 0.500 0.000
6 2 51 26.953 0.500 0.000 67.616 0.500 0.000
6 2 52 99.062 0.500 0.000 41.290 0.500 0.000
6 2 53 36.828 0.500 0.000 199.998 0.500 0.000
6 2 54 0.005 0.500 0.000 39.501 0.500 0.000
6 2 55 36.631 0.500 0.000 40.000 0.500 0.000
6 2 56 40.000 0.500 0.000 40.000 0.500 0.000
6 2 57 40.000 0.500 0.000 40.000 0.500 0.000
6 2 58 40.000 0.500 0.000 40.000 0.500 0.000
6 2 59 40.000 0.500 0.000 40.000 0.500 0.000
6 2 60 40.000 0.500 0.000 40.000 0.500 0.000
6 2 61 40.000 0.500 0.000 40.000 0.500 0.000
6 2 62 40.000 0.500 0.000 40.000 0.500 0.000
6 3 1 40.000 0.500 0.000 40.000 0.500 0.000
6 3 2 40.000 0.500 0.000 40.000 0.500 0.000
6 3 3 40.000 0.500 0.000 40.000 0.500 0.000
6 3 4 40.000 0.500 0.000 40.000 0.500 0.000
6 3 5 40.000 0.500 0.000 40.000 0.500 0.000
