1 1 1 562.154 562.154 2.212 2.212 0.209 0.003
1 1 2 607.723 607.723 2.559 2.559 0.049 0.003
1 1 3 578.636 578.636 2.461 2.461 0.004 0.006
1 1 4 611.604 611.604 2.775 2.775 0.504 0.006
1 1 5 777.266 777.266 3.755 3.755 0.277 0.006
1 1 6 585.104 585.104 3.744 3.744 -0.006 0.010
1 1 7 613.386 613.386 3.479 3.479 0.027 0.009
1 1 8 589.200 589.200 3.500 3.500 0.029 0.011
1 1 9 740.589 740.589 5.408 5.408 0.272 0.009
1 1 10 663.073 663.073 3.841 3.841 -0.044 0.012
1 1 11 660.135 660.135 4.003 4.003 0.062 0.012
1 1 12 637.249 637.249 3.736 3.736 0.099 0.012
1 1 13 596.941 596.941 3.688 3.688 0.084 0.015
1 1 14 635.351 635.351 3.750 3.750 0.015 0.012
1 1 15 677.734 677.734 4.494 4.494 0.001 0.012
1 1 16 538.420 538.420 3.349 3.349 0.014 0.014
1 1 17 639.846 639.846 5.255 5.255 -0.119 0.015
1 1 18 655.866 655.866 18.005 18.005 -0.056 0.013
1 1 19 560.818 560.818 4.161 4.161 -0.131 0.017
1 1 20 653.192 653.192 5.933 5.933 -0.087 0.014
1 1 21 443.351 443.351 15.213 15.213 -0.094 0.015
1 1 22 527.621 527.621 5.342 5.342 -0.233 0.018
1 1 23 560.389 560.389 5.933 5.933 -0.196 0.018
1 2 1 1398.786 1398.786 127.752 127.752 0.001 0.005
1 2 2 1353.140 1353.140 17.560 17.560 0.011 0.003
1 2 3 1370.026 1370.026 13.015 13.015 -0.003 0.003
1 2 4 1282.273 1282.273 11.149 11.149 -0.012 0.003
1 2 5 1195.264 1195.264 8.665 8.665 0.005 0.003
1 2 6 1185.211 1185.211 8.914 8.914 0.033 0.004
1 2 7 1237.606 1237.606 8.473 8.473 0.006 0.003
1 2 8 1198.659 1198.659 8.668 8.668 0.029 0.004
1 2 9 1171.418 1171.418 8.299 8.299 0.019 0.004
1 2 10 1112.983 1112.983 6.534 6.534 0.019 0.006
1 2 11 1178.825 1178.825 7.716 7.716 0.010 0.005
1 2 12 1103.186 1103.186 7.406 7.406 0.015 0.005
1 2 13 1076.185 1076.185 6.737 6.737 -0.059 0.008
1 2 14 1105.438 1105.438 8.826 8.826 0.069 0.008
1 2 15 1128.504 1128.504 7.585 7.585 0.055 0.007
1 2 16 1068.815 1068.815 5.146 5.146 -0.038 0.008
1 2 17 1133.067 1133.067 9.995 9.995 0.045 0.008
1 2 18 1117.985 1117.985 8.168 8.168 0.059 0.012
1 2 19 1135.973 1135.973 7.983 7.983 0.044 0.011
1 2 20 1081.709 1081.709 8.749 8.749 0.024 0.011
1 2 21 1201.210 1201.210 8.541 8.541 0.082 0.014
1 2 22 1109.452 1109.452 7.922 7.922 0.023 0.012
1 2 23 1124.017 1124.017 6.666 6.666 0.089 0.014
1 2 24 1109.672 1109.672 8.822 8.822 0.041 0.012
1 2 25 1138.217 1138.217 8.316 8.316 0.080 0.011
1 2 26 1175.490 1175.490 7.365 7.365 0.009 0.012
1 2 27 1187.416 1187.416 7.429 7.429 0.057 0.010
1 2 28 1120.754 1120.754 9.106 9.106 -0.009 0.015
1 2 29 1183.260 1183.260 8.932 8.932 0.042 0.016
1 2 30 1125.994 1125.994 8.895 8.895 0.081 0.014
1 2 31 1061.411 1061.411 6.797 6.797 0.093 0.020
1 2 32 1076.694 1076.694 7.733 7.733 0.017 0.009
1 2 33 1214.541 1214.541 8.111 8.111 0.048 0.011
1 2 34 1074.580 1074.580 7.277 7.277 0.016 0.010
1 2 35 1181.120 1181.120 8.692 8.692 0.053 0.011
1 2 36 1111.575 1111.575 7.415 7.415 0.041 0.012
1 2 37 1155.240 1155.240 24.700 24.700 -0.040 0.011
1 2 38 1136.148 1136.148 7.075 7.075 -0.030 0.009
1 2 39 1125.069 1125.069 7.585 7.585 -0.004 0.013
1 2 40 1148.505 1148.505 8.617 8.617 0.002 0.013
1 2 41 1195.375 1195.375 9.182 9.182 0.011 0.011
1 2 42 1148.269 1148.269 8.457 8.457 0.010 0.016
1 2 43 1100.556 1100.556 9.761 9.761 -0.005 0.016
1 2 44 1166.210 1166.210 8.969 8.969 -0.053 0.015
1 2 45 1150.853 1150.853 9.134 9.134 0.047 0.014
1 2 46 1166.995 1166.995 10.177 10.177 -0.022 0.015
1 2 47 1186.050 1186.050 13.166 13.166 -0.029 0.015
1 2 48 1162.909 1162.909 10.659 10.659 -0.025 0.013
1 2 49 1187.129 1187.129 11.550 11.550 -0.012 0.016
1 2 50 1137.635 1137.635 9.936 9.936 -0.014 0.012
1 2 51 1173.132 1173.132 10.558 10.558 0.033 0.011
1 2 52 1220.506 1220.506 13.974 13.974 -0.000 0.014
1 2 53 1237.941 1237.941 14.930 14.930 -0.053 0.013
1 2 54 1200.307 1200.307 13.079 13.079 -0.051 0.019
1 2 55 1144.655 1144.655 13.512 13.512 -0.063 0.017
1 2 56 1152.476 1152.476 12.272 12.272 -0.048 0.014
1 2 57 1027.704 1027.704 58.001 58.001 -0.125 0.019
1 2 58 1193.668 1193.668 13.898 13.898 -0.101 0.017
1 2 59 867.105 867.105 82.863 82.863 -0.037 0.018
1 2 60 1123.337 1123.337 14.311 14.311 -0.072 0.017
1 2 61 1155.743 1155.743 17.961 17.961 -0.087 0.019
1 2 62 1128.212 1128.212 21.695 21.695 -0.052 0.019
1 3 1 393.844 393.844 4.940 4.940 0.097 0.014
1 3 2 -564.425 -564.425 1.414 1.414 -0.018 0.013
1 3 3 425.670 425.670 4.179 4.179 0.103 0.014
1 3 4 -194.265 -194.265 13.497 13.497 0.046 0.017
1 3 5 316.567 316.567 10.732 10.732 0.340 0.025
2 1 1 750.156 750.156 3.404 3.404 0.090 0.003
2 1 2 690.665 690.665 2.811 2.811 0.012 0.003
2 1 3 718.710 718.710 3.393 3.393 -0.002 0.008
2 1 4 743.070 743.070 3.269 3.269 -0.058 0.006
2 1 5 701.600 701.600 3.621 3.621 -0.118 0.009
2 1 6 12.500 12.500 0.000 0.000 0.000 0.000
2 1 7 723.846 723.846 3.849 3.849 0.063 0.009
2 1 8 687.706 687.706 3.958 3.958 0.080 0.009
2 1 9 700.425 700.425 4.020 4.020 0.060 0.010
2 1 10 12.500 12.500 0.000 0.000 0.000 0.000
2 1 11 805.974 805.974 4.566 4.566 0.052 0.011
2 1 12 674.463 674.463 5.545 5.545 0.022 0.017
2 1 13 778.590 778.590 4.476 4.476 -0.003 0.013
2 1 14 722.140 722.140 4.407 4.407 -0.013 0.014
2 1 15 864.450 864.450 79.824 79.824 0.113 0.015
2 1 16 632.571 632.571 4.447 4.447 0.029 0.015
2 1 17 639.296 639.296 4.086 4.086 0.098 0.016
2 1 18 694.869 694.869 5.752 5.752 0.110 0.012
2 1 19 487.338 487.338 501.403 501.403 2.353 0.022
2 1 20 649.504 649.504 6.252 6.252 -0.021 0.016
2 1 21 539.639 539.639 4.948 4.948 0.032 0.017
2 1 22 669.723 669.723 5.830 5.830 -0.346 0.017
2 1 23 564.661 564.661 6.052 6.052 0.203 0.019
2 2 1 1475.230 1475.230 18.070 18.070 0.009 0.003
2 2 2 1506.852 1506.852 10.245 10.245 -0.013 0.003
2 2 3 1407.802 1407.802 8.345 8.345 -0.028 0.002
2 2 4 1383.355 1383.355 6.401 6.401 0.014 0.004
2 2 5 1360.663 1360.663 6.525 6.525 -0.036 0.004
2 2 6 1354.121 1354.121 6.558 6.558 -0.051 0.003
2 2 7 1315.495 1315.495 6.867 6.867 -0.038 0.004
2 2 8 1344.276 1344.276 6.798 6.798 -0.019 0.005
2 2 9 1329.960 1329.960 7.028 7.028 0.030 0.005
2 2 10 1372.471 1372.471 6.718 6.718 -0.054 0.004
2 2 11 1359.040 1359.040 6.752 6.752 0.004 0.004
2 2 12 1355.356 1355.356 8.353 8.353 -0.059 0.005
2 2 13 1356.483 1356.483 6.960 6.960 -0.049 0.006
2 2 14 1364.595 1364.595 8.291 8.291 -0.039 0.009
2 2 15 1338.106 1338.106 7.198 7.198 -0.089 0.008
2 2 16 1300.805 1300.805 7.993 7.993 -0.028 0.008
2 2 17 1346.391 1346.391 8.279 8.279 -0.065 0.008
2 2 18 1316.812 1316.812 8.257 8.257 -0.045 0.012
2 2 19 1350.036 1350.036 7.320 7.320 -0.047 0.012
2 2 20 1347.529 1347.529 9.456 9.456 -0.049 0.009
2 2 21 1279.499 1279.499 7.510 7.510 -0.084 0.013
2 2 22 1368.822 1368.822 7.815 7.815 -0.019 0.010
2 2 23 1309.747 1309.747 7.740 7.740 -0.088 0.011
2 2 24 1338.176 1338.176 7.633 7.633 -0.007 0.014
2 2 25 1344.410 1344.410 7.487 7.487 -0.043 0.012
2 2 26 1301.522 1301.522 7.633 7.633 -0.023 0.012
2 2 27 1350.119 1350.119 8.119 8.119 -0.003 0.010
2 2 28 1345.091 1345.091 8.375 8.375 -0.071 0.012
2 2 29 1289.372 1289.372 7.853 7.853 -0.059 0.015
2 2 30 1307.801 1307.801 8.668 8.668 -0.000 0.015
2 2 31 1277.172 1277.172 9.246 9.246 -0.007 0.019
2 2 32 1345.634 1345.634 8.359 8.359 -0.003 0.009
2 2 33 1286.695 1286.695 8.876 8.876 -0.077 0.011
2 2 34 1361.843 1361.843 9.379 9.379 -0.008 0.010
2 2 35 1337.598 1337.598 9.012 9.012 0.030 0.011
2 2 36 1365.468 1365.468 10.245 10.245 -0.049 0.012
2 2 37 1335.188 1335.188 8.267 8.267 -0.014 0.012
2 2 38 1338.395 1338.395 8.716 8.716 -0.001 0.009
2 2 39 1340.652 1340.652 9.553 9.553 0.072 0.014
2 2 40 1320.187 1320.187 10.916 10.916 -0.015 0.014
2 2 41 1316.040 1316.040 10.209 10.209 0.075 0.012
2 2 42 1309.955 1309.955 9.139 9.139 0.079 0.014
2 2 43 1404.406 1404.406 11.504 11.504 0.112 0.016
2 2 44 1363.264 1363.264 21.901 21.901 -0.022 0.012
2 2 45 1296.490 1296.490 10.906 10.906 0.014 0.015
2 2 46 1323.822 1323.822 13.476 13.476 0.059 0.014
2 2 47 1275.054 1275.054 10.791 10.791 -0.018 0.014
2 2 48 1324.903 1324.903 11.393 11.393 0.062 0.013
2 2 49 1344.080 1344.080 15.034 15.034 0.001 0.014
2 2 50 1330.315 1330.315 15.525 15.525 0.013 0.013
2 2 51 1350.000 1350.000 15.694 15.694 0.006 0.012
2 2 52 1319.433 1319.433 13.507 13.507 -0.026 0.013
2 2 53 1322.704 1322.704 15.091 15.091 -0.022 0.013
2 2 54 1342.453 1342.453 16.475 16.475 0.029 0.014
2 2 55 1377.652 1377.652 23.512 23.512 0.014 0.018
2 2 56 1369.257 1369.257 16.943 16.943 0.031 0.013
2 2 57 1357.085 1357.085 19.664 19.664 0.047 0.016
2 2 58 1323.265 1323.265 15.302 15.302 0.105 0.020
2 2 59 1306.169 1306.169 18.158 18.158 0.105 0.020
2 2 60 1329.082 1329.082 21.655 21.655 0.122 0.018
2 2 61 1330.511 1330.511 19.992 19.992 0.106 0.017
2 2 62 1321.143 1321.143 22.625 22.625 0.116 0.016
2 3 1 516.331 516.331 4.692 4.692 0.077 0.015
2 3 2 520.978 520.978 3.254 3.254 -0.029 0.012
2 3 3 491.287 491.287 3.806 3.806 -0.112 0.015
2 3 4 -166.348 -166.348 1.414 1.414 -0.039 0.019
2 3 5 -1957.245 -1957.245 57115.435 57115.435 -0.165 0.018
3 1 1 825.949 825.949 4.888 4.888 0.375 0.002
3 1 2 693.075 693.075 3.063 3.063 0.009 0.003
3 1 3 660.151 660.151 3.340 3.340 0.108 0.005
3 1 4 711.797 711.797 3.474 3.474 0.059 0.005
3 1 5 759.846 759.846 4.196 4.196 -0.154 0.009
3 1 6 842.229 842.229 9.830 9.830 0.165 0.011
3 1 7 732.356 732.356 3.997 3.997 -0.066 0.008
3 1 8 733.660 733.660 5.127 5.127 -0.153 0.008
3 1 9 747.035 747.035 5.261 5.261 -0.012 0.010
3 1 10 756.644 756.644 3.945 3.945 0.270 0.011
3 1 11 736.877 736.877 5.711 5.711 -0.120 0.015
3 1 12 695.660 695.660 3.963 3.963 0.046 0.013
3 1 13 717.117 717.117 4.197 4.197 -0.045 0.013
3 1 14 692.157 692.157 4.615 4.615 0.063 0.013
3 1 15 653.613 653.613 4.158 4.158 -0.054 0.012
3 1 16 594.074 594.074 4.050 4.050 0.208 0.014
3 1 17 620.715 620.715 4.471 4.471 0.047 0.015
3 1 18 782.720 782.720 5.992 5.992 0.313 0.012
3 1 19 576.167 576.167 4.356 4.356 0.021 0.015
3 1 20 668.441 668.441 6.459 6.459 -0.028 0.016
3 1 21 539.656 539.656 5.257 5.257 0.238 0.016
3 1 22 723.131 723.131 7.152 7.152 0.277 0.015
3 1 23 512.269 512.269 5.735 5.735 -0.056 0.018
3 2 1 1401.680 1401.680 75.669 75.669 -0.085 0.003
3 2 2 1412.500 1412.500 6.823 6.823 0.023 0.003
3 2 3 1435.173 1435.173 23.253 23.253 -0.018 0.002
3 2 4 1381.716 1381.716 12.396 12.396 -0.055 0.002
3 2 5 1324.402 1324.402 9.171 9.171 -0.056 0.002
3 2 6 1290.841 1290.841 7.803 7.803 -0.039 0.003
3 2 7 1321.686 1321.686 6.550 6.550 -0.064 0.003
3 2 8 1290.434 1290.434 7.298 7.298 -0.025 0.003
3 2 9 1301.281 1301.281 7.261 7.261 -0.034 0.004
3 2 10 1306.618 1306.618 7.572 7.572 -0.021 0.004
3 2 11 1302.065 1302.065 8.031 8.031 -0.033 0.004
3 2 12 1247.733 1247.733 6.800 6.800 -0.101 0.004
3 2 13 1296.784 1296.784 7.370 7.370 0.013 0.006
3 2 14 1279.195 1279.195 8.057 8.057 -0.019 0.006
3 2 15 1317.512 1317.512 10.079 10.079 0.032 0.006
3 2 16 1301.355 1301.355 8.009 8.009 0.011 0.009
3 2 17 1298.946 1298.946 8.546 8.546 0.004 0.007
3 2 18 1288.074 1288.074 8.324 8.324 -0.000 0.009
3 2 19 1315.107 1315.107 7.582 7.582 -0.009 0.007
3 2 20 1329.711 1329.711 8.996 8.996 -0.012 0.008
3 2 21 1322.617 1322.617 8.466 8.466 -0.024 0.012
3 2 22 1299.821 1299.821 10.126 10.126 0.022 0.009
3 2 23 1290.316 1290.316 7.378 7.378 0.049 0.011
3 2 24 1336.666 1336.666 8.475 8.475 0.029 0.011
3 2 25 1300.959 1300.959 9.144 9.144 0.095 0.012
3 2 26 1304.293 1304.293 9.409 9.409 0.031 0.011
3 2 27 1329.130 1329.130 9.019 9.019 0.063 0.012
3 2 28 1291.614 1291.614 9.936 9.936 0.063 0.014
3 2 29 1329.299 1329.299 8.276 8.276 0.059 0.015
3 2 30 1299.534 1299.534 9.606 9.606 0.012 0.014
3 2 31 1314.567 1314.567 9.217 9.217 0.064 0.015
3 2 32 1274.268 1274.268 7.869 7.869 0.009 0.009
3 2 33 1269.807 1269.807 9.053 9.053 0.143 0.013
3 2 34 1325.205 1325.205 8.769 8.769 0.054 0.010
3 2 35 1346.339 1346.339 9.759 9.759 0.064 0.012
3 2 36 1338.426 1338.426 10.466 10.466 0.054 0.011
3 2 37 1317.027 1317.027 7.914 7.914 0.100 0.012
3 2 38 1360.140 1360.140 8.967 8.967 0.028 0.010
3 2 39 1353.146 1353.146 9.630 9.630 0.078 0.011
3 2 40 1346.013 1346.013 11.555 11.555 0.031 0.010
3 2 41 1289.277 1289.277 10.405 10.405 0.049 0.015
3 2 42 1359.389 1359.389 11.418 11.418 0.139 0.014
3 2 43 1346.850 1346.850 11.196 11.196 0.102 0.013
3 2 44 1299.020 1299.020 12.856 12.856 0.152 0.013
3 2 45 1364.761 1364.761 12.223 12.223 0.063 0.014
3 2 46 1348.641 1348.641 12.383 12.383 0.127 0.017
3 2 47 1313.496 1313.496 9.936 9.936 0.069 0.012
3 2 48 1306.256 1306.256 12.819 12.819 0.031 0.017
3 2 49 1301.795 1301.795 16.016 16.016 0.059 0.018
3 2 50 1358.434 1358.434 86.817 86.817 0.067 0.019
3 2 51 1278.280 1278.280 10.665 10.665 0.049 0.019
3 2 52 1308.482 1308.482 12.960 12.960 0.033 0.012
3 2 53 1212.500 1212.500 70.881 70.881 0.008 0.018
3 2 54 1362.934 1362.934 14.203 14.203 0.027 0.015
3 2 55 1326.288 1326.288 15.312 15.312 0.077 0.015
3 2 56 1363.277 1363.277 15.457 15.457 0.008 0.012
3 2 57 1328.804 1328.804 20.077 20.077 -0.018 0.017
3 2 58 1342.277 1342.277 19.571 19.571 -0.084 0.020
3 2 59 1354.873 1354.873 40.420 40.420 -0.084 0.019
3 2 60 1224.333 1224.333 32.887 32.887 -0.076 0.018
3 2 61 1239.550 1239.550 16.443 16.443 -0.073 0.020
3 2 62 1234.274 1234.274 12.444 12.444 -0.073 0.016
3 3 1 331.453 331.453 25.085 25.085 0.544 0.018
3 3 2 536.071 536.071 3.423 3.423 0.119 0.011
3 3 3 497.185 497.185 3.944 3.944 0.068 0.015
3 3 4 513.483 513.483 6.718 6.718 0.214 0.017
3 3 5 483.658 483.658 7.961 7.961 0.079 0.019
4 1 1 477.764 477.764 3.984 3.984 0.026 0.003
4 1 2 -1037.366 -1037.366 949.403 949.403 -0.140 0.003
4 1 3 496.900 496.900 4.074 4.074 -0.038 0.004
4 1 4 -167.748 -167.748 435.106 435.106 -0.038 0.006
4 1 5 509.276 509.276 4.302 4.302 0.194 0.010
4 1 6 600.591 600.591 6.375 6.375 0.533 0.010
4 1 7 -856.802 -856.802 1.414 1.414 -0.123 0.009
4 1 8 442.863 442.863 3.228 3.228 0.056 0.011
4 1 9 -1408.189 -1408.189 1.414 1.414 0.037 0.010
4 1 10 538.714 538.714 3.512 3.512 -0.200 0.011
4 1 11 329.054 329.054 6.840 6.840 0.141 0.019
4 1 12 406.092 406.092 2.750 2.750 0.174 0.011
4 1 13 427.308 427.308 2.762 2.762 0.042 0.012
4 1 14 -444.535 -444.535 NaN NaN 0.118 0.015
4 1 15 341.278 341.278 0.579 0.579 -0.042 0.015
4 1 16 433.223 433.223 3.551 3.551 -0.292 0.015
4 1 17 360.184 360.184 4.447 4.447 -0.112 0.014
4 1 18 496.349 496.349 3.511 3.511 -0.113 0.013
4 1 19 401.132 401.132 3.832 3.832 -0.224 0.015
4 1 20 341.118 341.118 8.100 8.100 0.008 0.020
4 1 21 378.961 378.961 5.563 5.563 0.002 0.017
4 1 22 -976.986 -976.986 1.414 1.414 -0.077 0.015
4 1 23 563.315 563.315 4.421 4.421 0.223 0.015
4 2 1 1208.402 1208.402 195.632 195.632 -0.002 0.004
4 2 2 1391.714 1391.714 27.695 27.695 0.015 0.002
4 2 3 1210.443 1210.443 38.273 38.273 -0.012 0.002
4 2 4 1164.014 1164.014 14.793 14.793 -0.041 0.003
4 2 5 1084.159 1084.159 14.411 14.411 -0.005 0.003
4 2 6 1144.402 1144.402 20.712 20.712 -0.012 0.003
4 2 7 1054.268 1054.268 11.898 11.898 -0.017 0.003
4 2 8 1125.770 1125.770 12.989 12.989 0.003 0.005
4 2 9 965.376 965.376 10.505 10.505 0.039 0.005
4 2 10 971.019 971.019 57.224 57.224 -0.040 0.004
4 2 11 1094.425 1094.425 15.171 15.171 0.024 0.005
4 2 12 1042.212 1042.212 9.942 9.942 0.006 0.004
4 2 13 1071.708 1071.708 26.890 26.890 0.000 0.005
4 2 14 1076.477 1076.477 13.567 13.567 0.033 0.007
4 2 15 1129.689 1129.689 11.456 11.456 0.033 0.006
4 2 16 1009.184 1009.184 12.407 12.407 0.042 0.008
4 2 17 1101.926 1101.926 14.326 14.326 -0.004 0.007
4 2 18 1032.421 1032.421 12.656 12.656 0.071 0.009
4 2 19 987.500 987.500 9.344 9.344 0.002 0.007
4 2 20 1097.445 1097.445 11.576 11.576 0.057 0.010
4 2 21 1046.034 1046.034 8.986 8.986 0.077 0.013
4 2 22 1041.619 1041.619 8.081 8.081 0.047 0.010
4 2 23 1081.607 1081.607 7.485 7.485 0.027 0.009
4 2 24 1131.128 1131.128 8.635 8.635 0.041 0.010
4 2 25 970.007 970.007 6.912 6.912 0.054 0.012
4 2 26 1038.395 1038.395 7.161 7.161 0.062 0.012
4 2 27 1098.987 1098.987 8.416 8.416 0.038 0.011
4 2 28 1038.245 1038.245 7.125 7.125 0.018 0.012
4 2 29 949.341 949.341 7.747 7.747 0.056 0.015
4 2 30 975.864 975.864 8.730 8.730 0.080 0.016
4 2 31 1091.049 1091.049 7.332 7.332 0.032 0.016
4 2 32 1056.028 1056.028 7.820 7.820 -0.004 0.008
4 2 33 1107.682 1107.682 7.504 7.504 0.027 0.013
4 2 34 1044.199 1044.199 7.361 7.361 -0.064 0.010
4 2 35 1095.572 1095.572 7.121 7.121 -0.010 0.009
4 2 36 1078.362 1078.362 7.089 7.089 0.008 0.011
4 2 37 1125.597 1125.597 8.546 8.546 -0.004 0.009
4 2 38 1073.240 1073.240 7.503 7.503 -0.030 0.010
4 2 39 1120.598 1120.598 7.170 7.170 -0.024 0.011
4 2 40 1086.504 1086.504 8.642 8.642 0.015 0.011
4 2 41 1091.588 1091.588 8.082 8.082 0.003 0.012
4 2 42 1125.530 1125.530 8.527 8.527 0.029 0.011
4 2 43 1130.147 1130.147 11.002 11.002 -0.063 0.013
4 2 44 1124.270 1124.270 10.141 10.141 0.031 0.012
4 2 45 1133.589 1133.589 9.399 9.399 0.044 0.012
4 2 46 1086.006 1086.006 7.307 7.307 0.009 0.015
4 2 47 1106.600 1106.600 9.658 9.658 -0.049 0.015
4 2 48 1087.347 1087.347 10.966 10.966 -0.022 0.012
4 2 49 967.815 967.815 9.153 9.153 0.033 0.019
4 2 50 1005.684 1005.684 9.779 9.779 -0.003 0.015
4 2 51 1099.248 1099.248 11.028 11.028 0.008 0.013
4 2 52 1171.891 1171.891 12.961 12.961 0.031 0.015
4 2 53 1087.404 1087.404 14.115 14.115 0.018 0.015
4 2 54 1064.886 1064.886 14.744 14.744 0.092 0.016
4 2 55 1073.716 1073.716 14.702 14.702 0.008 0.018
4 2 56 1172.071 1172.071 12.874 12.874 -0.028 0.014
4 2 57 1153.596 1153.596 19.547 19.547 0.002 0.020
4 2 58 1191.306 1191.306 0.000 0.000 -0.009 0.019
4 2 59 1125.347 1125.347 20.855 20.855 0.078 0.020
4 2 60 891.133 891.133 112.405 112.405 0.011 0.021
4 2 61 1111.811 1111.811 19.583 19.583 -0.018 0.020
4 2 62 1027.919 1027.919 17.602 17.602 -0.015 0.015
4 3 1 356.842 356.842 5.874 5.874 -0.112 0.015
4 3 2 427.639 427.639 3.783 3.783 0.045 0.013
4 3 3 381.173 381.173 89.366 89.366 -0.028 0.015
4 3 4 -140.770 -140.770 22536.825 22536.825 0.076 0.017
4 3 5 117.998 117.998 1.414 1.414 0.070 0.018
5 1 1 683.121 683.121 3.637 3.637 -0.036 0.002
5 1 2 691.714 691.714 3.131 3.131 0.092 0.003
5 1 3 741.010 741.010 3.428 3.428 0.165 0.003
5 1 4 709.890 709.890 3.562 3.562 -0.091 0.004
5 1 5 675.154 675.154 4.012 4.012 -0.049 0.008
5 1 6 806.171 806.171 5.942 5.942 -0.262 0.009
5 1 7 729.808 729.808 5.823 5.823 -0.088 0.010
5 1 8 660.440 660.440 4.277 4.277 -0.139 0.011
5 1 9 792.821 792.821 5.349 5.349 0.101 0.009
5 1 10 810.644 810.644 5.482 5.482 -0.201 0.009
5 1 11 708.842 708.842 3.865 3.865 -0.077 0.011
5 1 12 621.265 621.265 4.006 4.006 -0.103 0.011
5 1 13 721.915 721.915 4.530 4.530 -0.048 0.010
5 1 14 684.662 684.662 4.464 4.464 -0.067 0.014
5 1 15 664.850 664.850 3.781 3.781 -0.043 0.011
5 1 16 725.577 725.577 5.077 5.077 -0.179 0.012
5 1 17 706.553 706.553 5.062 5.062 0.280 0.014
5 1 18 708.103 708.103 4.845 4.845 -0.101 0.012
5 1 19 753.275 753.275 5.567 5.567 0.156 0.012
5 1 20 761.618 761.618 5.894 5.894 0.334 0.014
5 1 21 -315.119 -315.119 1.414 1.414 -0.131 0.015
5 1 22 690.909 690.909 6.382 6.382 -0.040 0.016
5 1 23 554.082 554.082 5.856 5.856 0.199 0.019
5 2 1 1738.052 1738.052 102.999 102.999 0.039 0.002
5 2 2 1570.366 1570.366 31.984 31.984 0.007 0.002
5 2 3 1338.931 1338.931 20.337 20.337 0.009 0.002
5 2 4 1332.325 1332.325 16.113 16.113 -0.013 0.002
5 2 5 1338.690 1338.690 15.204 15.204 0.013 0.003
5 2 6 1337.251 1337.251 11.967 11.967 0.017 0.003
5 2 7 1328.887 1328.887 12.648 12.648 0.015 0.003
5 2 8 1329.839 1329.839 9.856 9.856 0.012 0.003
5 2 9 1307.010 1307.010 11.012 11.012 0.001 0.004
5 2 10 1308.109 1308.109 9.599 9.599 -0.002 0.004
5 2 11 1349.866 1349.866 10.130 10.130 -0.040 0.004
5 2 12 1332.088 1332.088 11.507 11.507 -0.023 0.004
5 2 13 1310.383 1310.383 11.671 11.671 -0.038 0.005
5 2 14 1314.170 1314.170 10.083 10.083 -0.030 0.005
5 2 15 1345.833 1345.833 9.842 9.842 -0.022 0.006
5 2 16 1329.150 1329.150 8.961 8.961 -0.023 0.007
5 2 17 1309.735 1309.735 10.232 10.232 -0.038 0.008
5 2 18 1318.952 1318.952 10.385 10.385 -0.041 0.009
5 2 19 1307.965 1307.965 8.795 8.795 -0.129 0.008
5 2 20 1337.211 1337.211 9.885 9.885 -0.024 0.008
5 2 21 1286.369 1286.369 9.787 9.787 -0.075 0.013
5 2 22 1285.029 1285.029 9.514 9.514 -0.068 0.011
5 2 23 1330.253 1330.253 9.884 9.884 -0.047 0.009
5 2 24 1326.014 1326.014 8.843 8.843 -0.078 0.012
5 2 25 1330.143 1330.143 8.902 8.902 -0.074 0.011
5 2 26 1311.151 1311.151 12.431 12.431 -0.075 0.012
5 2 27 1338.461 1338.461 8.274 8.274 -0.024 0.010
5 2 28 1292.291 1292.291 8.436 8.436 -0.049 0.013
5 2 29 1331.339 1331.339 9.824 9.824 -0.066 0.016
5 2 30 1337.953 1337.953 9.888 9.888 -0.100 0.011
5 2 31 1271.357 1271.357 9.185 9.185 -0.088 0.018
5 2 32 1302.793 1302.793 9.654 9.654 -0.099 0.009
5 2 33 1550.761 1550.761 55.358 55.358 -0.104 0.011
5 2 34 1346.063 1346.063 9.746 9.746 -0.032 0.010
5 2 35 1323.329 1323.329 9.522 9.522 -0.095 0.010
5 2 36 1377.665 1377.665 10.259 10.259 -0.031 0.010
5 2 37 1336.387 1336.387 9.286 9.286 -0.044 0.010
5 2 38 1362.256 1362.256 10.127 10.127 -0.053 0.008
5 2 39 1396.470 1396.470 10.645 10.645 -0.148 0.014
5 2 40 1343.922 1343.922 10.015 10.015 -0.075 0.011
5 2 41 1347.837 1347.837 9.664 9.664 -0.055 0.012
5 2 42 1356.967 1356.967 12.437 12.437 -0.058 0.014
5 2 43 1329.388 1329.388 11.177 11.177 -0.099 0.014
5 2 44 1357.635 1357.635 8.589 8.589 -0.050 0.011
5 2 45 1321.084 1321.084 12.117 12.117 -0.036 0.013
5 2 46 1323.625 1323.625 10.164 10.164 -0.031 0.015
5 2 47 1281.990 1281.990 9.749 9.749 0.040 0.015
5 2 48 1325.830 1325.830 12.769 12.769 -0.041 0.012
5 2 49 1330.965 1330.965 12.140 12.140 -0.050 0.016
5 2 50 1289.525 1289.525 12.376 12.376 -0.031 0.014
5 2 51 1294.804 1294.804 13.201 13.201 -0.026 0.012
5 2 52 1320.200 1320.200 13.398 13.398 -0.043 0.012
5 2 53 1295.991 1295.991 15.679 15.679 -0.065 0.014
5 2 54 1299.345 1299.345 11.948 11.948 -0.053 0.016
5 2 55 1322.352 1322.352 12.516 12.516 -0.037 0.016
5 2 56 1303.825 1303.825 12.382 12.382 0.021 0.019
5 2 57 1056.569 1056.569 1385.080 1385.080 0.041 0.022
5 2 58 1312.643 1312.643 27.192 27.192 0.137 0.019
5 2 59 1294.368 1294.368 22.641 22.641 0.130 0.023
5 2 60 867.991 867.991 161.230 161.230 0.125 0.017
5 2 61 1257.726 1257.726 24.241 24.241 0.092 0.021
5 2 62 1341.030 1341.030 118.028 118.028 0.110 0.017
5 3 1 545.990 545.990 4.452 4.452 0.047 0.014
5 3 2 509.017 509.017 3.412 3.412 -0.129 0.013
5 3 3 499.509 499.509 4.576 4.576 -0.000 0.014
5 3 4 532.600 532.600 8.049 8.049 -0.220 0.017
5 3 5 -161.688 -161.688 NaN NaN -0.135 0.019
6 1 1 802.625 802.625 4.177 4.177 -0.233 0.003
6 1 2 815.564 815.564 3.714 3.714 -0.377 0.003
6 1 3 767.673 767.673 3.701 3.701 0.064 0.004
6 1 4 717.561 717.561 3.484 3.484 0.062 0.005
6 1 5 642.476 642.476 3.530 3.530 0.356 0.007
6 1 6 757.065 757.065 5.627 5.627 0.155 0.010
6 1 7 750.675 750.675 4.864 4.864 0.047 0.009
6 1 8 854.632 854.632 6.565 6.565 -0.194 0.007
6 1 9 831.422 831.422 5.813 5.813 -0.145 0.010
6 1 10 783.071 783.071 4.374 4.374 0.312 0.011
6 1 11 787.846 787.846 5.193 5.193 0.046 0.011
6 1 12 634.959 634.959 4.063 4.063 0.034 0.012
6 1 13 729.274 729.274 4.782 4.782 -0.007 0.013
6 1 14 793.295 793.295 4.616 4.616 0.215 0.013
6 1 15 675.303 675.303 4.800 4.800 0.044 0.013
6 1 16 608.394 608.394 3.876 3.876 0.108 0.014
6 1 17 617.480 617.480 4.115 4.115 0.204 0.013
6 1 18 633.718 633.718 4.231 4.231 0.213 0.012
6 1 19 736.563 736.563 6.839 6.839 0.217 0.014
6 1 20 622.599 622.599 5.159 5.159 0.232 0.014
6 1 21 12.500 12.500 0.000 0.000 0.000 0.000
6 1 22 731.057 731.057 31.057 31.057 0.194 0.018
6 1 23 624.448 624.448 5.789 5.789 -0.202 0.018
6 2 1 1439.332 1439.332 40.419 40.419 0.003 0.003
6 2 2 1580.217 1580.217 24.214 24.214 -0.035 0.003
6 2 3 1501.117 1501.117 13.735 13.735 -0.002 0.003
6 2 4 1455.408 1455.408 12.184 12.184 -0.019 0.002
6 2 5 1383.976 1383.976 11.602 11.602 -0.013 0.003
6 2 6 1371.048 1371.048 9.260 9.260 0.012 0.004
6 2 7 1349.187 1349.187 9.248 9.248 -0.002 0.003
6 2 8 1363.956 1363.956 8.779 8.779 -0.009 0.005
6 2 9 1352.150 1352.150 9.239 9.239 0.003 0.005
6 2 10 1355.006 1355.006 9.632 9.632 0.037 0.004
6 2 11 1361.661 1361.661 8.827 8.827 0.048 0.005
6 2 12 1342.597 1342.597 8.685 8.685 0.029 0.005
6 2 13 1357.690 1357.690 8.918 8.918 0.032 0.006
6 2 14 1372.258 1372.258 10.028 10.028 0.065 0.008
6 2 15 1325.380 1325.380 10.021 10.021 0.059 0.007
6 2 16 1341.272 1341.272 9.557 9.557 0.059 0.008
6 2 17 1364.614 1364.614 10.268 10.268 0.035 0.009
6 2 18 1328.042 1328.042 8.103 8.103 0.067 0.011
6 2 19 1321.331 1321.331 9.122 9.122 0.031 0.010
6 2 20 1330.124 1330.124 8.387 8.387 0.085 0.010
6 2 21 1288.224 1288.224 9.929 9.929 0.119 0.012
6 2 22 1354.705 1354.705 9.172 9.172 0.048 0.010
6 2 23 1351.627 1351.627 9.788 9.788 0.089 0.011
6 2 24 1314.772 1314.772 8.482 8.482 0.106 0.013
6 2 25 1342.614 1342.614 9.653 9.653 0.088 0.013
6 2 26 1347.345 1347.345 9.002 9.002 0.100 0.012
6 2 27 1314.782 1314.782 9.261 9.261 0.098 0.011
6 2 28 1359.558 1359.558 10.209 10.209 0.076 0.016
6 2 29 1345.559 1345.559 8.240 8.240 0.072 0.017
6 2 30 1344.815 1344.815 10.773 10.773 0.078 0.013
6 2 31 1318.004 1318.004 9.421 9.421 0.158 0.019
6 2 32 1338.740 1338.740 7.901 7.901 0.055 0.008
6 2 33 1322.293 1322.293 9.185 9.185 0.048 0.013
6 2 34 1358.638 1358.638 10.922 10.922 0.090 0.010
6 2 35 1353.904 1353.904 10.353 10.353 0.083 0.012
6 2 36 1346.416 1346.416 10.564 10.564 0.075 0.011
6 2 37 1368.972 1368.972 10.111 10.111 0.120 0.014
6 2 38 1371.508 1371.508 12.890 12.890 0.076 0.011
6 2 39 1337.897 1337.897 10.144 10.144 0.080 0.010
6 2 40 1349.565 1349.565 11.848 11.848 0.088 0.012
6 2 41 1348.781 1348.781 11.050 11.050 0.146 0.015
6 2 42 1370.298 1370.298 11.290 11.290 0.082 0.015
6 2 43 1376.694 1376.694 13.685 13.685 0.137 0.017
6 2 44 1321.509 1321.509 11.515 11.515 0.048 0.015
6 2 45 1277.116 1277.116 11.434 11.434 0.075 0.018
6 2 46 1305.012 1305.012 12.604 12.604 0.024 0.017
6 2 47 1310.156 1310.156 13.838 13.838 0.056 0.019
6 2 48 1366.206 1366.206 14.906 14.906 0.044 0.012
6 2 49 1506.264 1506.264 110.512 110.512 0.011 0.015
6 2 50 1347.013 1347.013 14.591 14.591 0.086 0.014
6 2 51 1489.253 1489.253 12.368 12.368 -0.008 0.013
6 2 52 1444.521 1444.521 19.125 19.125 0.029 0.013
6 2 53 1384.751 1384.751 15.331 15.331 0.018 0.013
6 2 54 1347.847 1347.847 18.163 18.163 0.003 0.018
6 2 55 1310.122 1310.122 14.405 14.405 0.084 0.016
6 2 56 1438.191 1438.191 16.923 16.923 -0.027 0.018
6 2 57 1368.541 1368.541 18.716 18.716 -0.071 0.021
6 2 58 1336.710 1336.710 21.317 21.317 -0.073 0.019
6 2 59 1310.385 1310.385 16.831 16.831 0.042 0.019
6 2 60 1303.484 1303.484 21.304 21.304 -0.039 0.017
6 2 61 1327.755 1327.755 18.137 18.137 0.026 0.018
6 2 62 1313.218 1313.218 20.203 20.203 -0.025 0.016
6 3 1 609.474 609.474 16.447 16.447 0.075 0.014
6 3 2 603.214 603.214 5.118 5.118 0.307 0.012
6 3 3 -980.225 -980.225 2345.117 2345.117 -1.037 0.022
6 3 4 503.295 503.295 5.777 5.777 0.119 0.018
6 3 5 483.030 483.030 6.454 6.454 0.172 0.016
