1 1 1 -24.048
1 1 2 -18.036
1 1 3 -8.016
1 1 4 -24.048
1 1 5 -18.036
1 1 6 -12.024
1 1 7 4.008
1 1 8 -0.000
1 1 9 -16.032
1 1 10 6.012
1 1 11 -2.004
1 1 12 2.004
1 1 13 2.004
1 1 14 -6.012
1 1 15 -6.012
1 1 16 -4.008
1 1 17 6.012
1 1 18 10.020
1 1 19 8.016
1 1 20 6.012
1 1 21 10.020
1 1 22 12.024
1 1 23 -2.004
1 2 1 8.016
1 2 2 14.028
1 2 3 8.016
1 2 4 10.020
1 2 5 -4.008
1 2 6 -6.012
1 2 7 -0.000
1 2 8 -0.000
1 2 9 -6.012
1 2 10 -4.008
1 2 11 12.024
1 2 12 12.024
1 2 13 -0.000
1 2 14 -0.000
1 2 15 6.012
1 2 16 2.004
1 2 17 2.004
1 2 18 4.008
1 2 19 6.012
1 2 20 -4.008
1 2 21 8.016
1 2 22 2.004
1 2 23 2.004
1 2 24 6.012
1 2 25 10.020
1 2 26 18.036
1 2 27 14.028
1 2 28 20.040
1 2 29 22.044
1 2 30 22.044
1 2 31 20.040
1 2 32 10.020
1 2 33 4.008
1 2 34 18.036
1 2 35 20.040
1 2 36 8.016
1 2 37 8.016
1 2 38 12.024
1 2 39 8.016
1 2 40 8.016
1 2 41 26.052
1 2 42 6.012
1 2 43 12.024
1 2 44 18.036
1 2 45 14.028
1 2 46 14.028
1 2 47 24.048
1 2 48 14.028
1 2 49 6.012
1 2 50 18.036
1 2 51 16.032
1 2 52 6.012
1 2 53 12.024
1 2 54 20.040
1 2 55 20.040
1 2 56 12.024
1 2 57 22.044
1 2 58 22.044
1 2 59 26.052
1 2 60 20.040
1 2 61 22.044
1 2 62 28.056
1 3 1 -12.024
1 3 2 -10.020
1 3 3 0.000
1 3 4 0.000
1 3 5 -4.008
2 1 1 14.028
2 1 2 -0.000
2 1 3 20.040
2 1 4 2.004
2 1 5 10.020
2 1 6 0.000
2 1 7 8.016
2 1 8 24.048
2 1 9 6.012
2 1 10 0.000
2 1 11 10.020
2 1 12 28.056
2 1 13 18.036
2 1 14 16.032
2 1 15 16.032
2 1 16 30.060
2 1 17 28.056
2 1 18 24.048
2 1 19 12.024
2 1 20 24.048
2 1 21 30.060
2 1 22 30.060
2 1 23 22.044
2 2 1 28.056
2 2 2 26.052
2 2 3 34.068
2 2 4 34.068
2 2 5 16.032
2 2 6 36.072
2 2 7 28.056
2 2 8 18.036
2 2 9 26.052
2 2 10 26.052
2 2 11 40.080
2 2 12 38.076
2 2 13 40.080
2 2 14 44.088
2 2 15 26.052
2 2 16 26.052
2 2 17 38.076
2 2 18 38.076
2 2 19 32.064
2 2 20 24.048
2 2 21 24.048
2 2 22 40.080
2 2 23 40.080
2 2 24 40.080
2 2 25 38.076
2 2 26 30.060
2 2 27 28.056
2 2 28 46.092
2 2 29 28.056
2 2 30 44.088
2 2 31 44.088
2 2 32 44.088
2 2 33 30.060
2 2 34 30.060
2 2 35 36.072
2 2 36 42.084
2 2 37 30.060
2 2 38 48.096
2 2 39 32.064
2 2 40 48.096
2 2 41 46.092
2 2 42 34.068
2 2 43 34.068
2 2 44 38.076
2 2 45 38.076
2 2 46 38.076
2 2 47 42.084
2 2 48 50.100
2 2 49 44.088
2 2 50 52.104
2 2 51 34.068
2 2 52 38.076
2 2 53 30.060
2 2 54 46.092
2 2 55 56.112
2 2 56 48.096
2 2 57 46.092
2 2 58 38.076
2 2 59 40.080
2 2 60 46.092
2 2 61 40.080
2 2 62 38.076
2 3 1 24.048
2 3 2 20.040
2 3 3 22.044
2 3 4 0.000
2 3 5 0.000
3 1 1 -14.028
3 1 2 -28.056
3 1 3 -10.020
3 1 4 -28.056
3 1 5 -24.048
3 1 6 -24.048
3 1 7 -8.016
3 1 8 -4.008
3 1 9 -24.048
3 1 10 -18.036
3 1 11 -18.036
3 1 12 -8.016
3 1 13 -16.032
3 1 14 -18.036
3 1 15 -8.016
3 1 16 -6.012
3 1 17 -0.000
3 1 18 -6.012
3 1 19 -10.020
3 1 20 -0.000
3 1 21 -0.000
3 1 22 -2.004
3 1 23 -4.008
3 2 1 6.012
3 2 2 -12.024
3 2 3 -14.028
3 2 4 -12.024
3 2 5 -12.024
3 2 6 6.012
3 2 7 6.012
3 2 8 6.012
3 2 9 4.008
3 2 10 6.012
3 2 11 6.012
3 2 12 -10.020
3 2 13 -10.020
3 2 14 -8.016
3 2 15 -2.004
3 2 16 12.024
3 2 17 -8.016
3 2 18 -8.016
3 2 19 -6.012
3 2 20 -8.016
3 2 21 -6.012
3 2 22 -8.016
3 2 23 -2.004
3 2 24 -6.012
3 2 25 -2.004
3 2 26 -2.004
3 2 27 -2.004
3 2 28 -2.004
3 2 29 8.016
3 2 30 14.028
3 2 31 8.016
3 2 32 6.012
3 2 33 -2.004
3 2 34 4.008
3 2 35 8.016
3 2 36 -0.000
3 2 37 18.036
3 2 38 4.008
3 2 39 12.024
3 2 40 12.024
3 2 41 4.008
3 2 42 10.020
3 2 43 10.020
3 2 44 8.016
3 2 45 10.020
3 2 46 22.044
3 2 47 12.024
3 2 48 12.024
3 2 49 6.012
3 2 50 16.032
3 2 51 14.028
3 2 52 16.032
3 2 53 16.032
3 2 54 8.016
3 2 55 8.016
3 2 56 14.028
3 2 57 8.016
3 2 58 8.016
3 2 59 16.032
3 2 60 12.024
3 2 61 16.032
3 2 62 18.036
3 3 1 -14.028
3 3 2 -6.012
3 3 3 -2.004
3 3 4 -10.020
3 3 5 0.000
4 1 1 -38.076
4 1 2 -38.076
4 1 3 -36.072
4 1 4 -14.028
4 1 5 -26.052
4 1 6 -30.060
4 1 7 -20.040
4 1 8 -20.040
4 1 9 -22.044
4 1 10 -26.052
4 1 11 -18.036
4 1 12 -20.040
4 1 13 -16.032
4 1 14 -14.028
4 1 15 -12.024
4 1 16 -12.024
4 1 17 -14.028
4 1 18 0.000
4 1 19 -14.028
4 1 20 -10.020
4 1 21 -6.012
4 1 22 -6.012
4 1 23 8.016
4 2 1 -22.044
4 2 2 -22.044
4 2 3 -20.040
4 2 4 -22.044
4 2 5 -10.020
4 2 6 -20.040
4 2 7 -20.040
4 2 8 -20.040
4 2 9 -12.024
4 2 10 6.012
4 2 11 -12.024
4 2 12 -2.004
4 2 13 -2.004
4 2 14 -14.028
4 2 15 -4.008
4 2 16 -10.020
4 2 17 -10.020
4 2 18 -12.024
4 2 19 -16.032
4 2 20 -6.012
4 2 21 -4.008
4 2 22 -14.028
4 2 23 -4.008
4 2 24 -4.008
4 2 25 -4.008
4 2 26 4.008
4 2 27 -2.004
4 2 28 -0.000
4 2 29 2.004
4 2 30 -0.000
4 2 31 -0.000
4 2 32 -2.004
4 2 33 -0.000
4 2 34 -2.004
4 2 35 -0.000
4 2 36 -6.012
4 2 37 -0.000
4 2 38 4.008
4 2 39 6.012
4 2 40 4.008
4 2 41 2.004
4 2 42 2.004
4 2 43 -0.000
4 2 44 2.004
4 2 45 2.004
4 2 46 -0.000
4 2 47 2.004
4 2 48 -0.000
4 2 49 -0.000
4 2 50 8.016
4 2 51 4.008
4 2 52 2.004
4 2 53 4.008
4 2 54 24.048
4 2 55 8.016
4 2 56 6.012
4 2 57 2.004
4 2 58 26.052
4 2 59 24.048
4 2 60 10.020
4 2 61 26.052
4 2 62 4.008
4 3 1 -38.076
4 3 2 0.000
4 3 3 0.000
4 3 4 0.000
4 3 5 0.000
5 1 1 -28.056
5 1 2 -54.108
5 1 3 -20.040
5 1 4 -52.104
5 1 5 -20.040
5 1 6 -20.040
5 1 7 -22.044
5 1 8 -16.032
5 1 9 -18.036
5 1 10 -12.024
5 1 11 -14.028
5 1 12 -14.028
5 1 13 -12.024
5 1 14 -10.020
5 1 15 -10.020
5 1 16 -4.008
5 1 17 -12.024
5 1 18 -10.020
5 1 19 -8.016
5 1 20 -4.008
5 1 21 -2.004
5 1 22 -6.012
5 1 23 -14.028
5 2 1 -6.012
5 2 2 -14.028
5 2 3 -12.024
5 2 4 -38.076
5 2 5 -22.044
5 2 6 -36.072
5 2 7 -36.072
5 2 8 -36.072
5 2 9 -8.016
5 2 10 -10.020
5 2 11 -28.056
5 2 12 -28.056
5 2 13 -16.032
5 2 14 -32.064
5 2 15 2.004
5 2 16 2.004
5 2 17 -34.068
5 2 18 -0.000
5 2 19 -0.000
5 2 20 -24.048
5 2 21 4.008
5 2 22 -0.000
5 2 23 -0.000
5 2 24 -12.024
5 2 25 -0.000
5 2 26 6.012
5 2 27 4.008
5 2 28 6.012
5 2 29 6.012
5 2 30 -2.004
5 2 31 6.012
5 2 32 16.032
5 2 33 4.008
5 2 34 2.004
5 2 35 4.008
5 2 36 4.008
5 2 37 4.008
5 2 38 4.008
5 2 39 8.016
5 2 40 8.016
5 2 41 8.016
5 2 42 8.016
5 2 43 6.012
5 2 44 -0.000
5 2 45 4.008
5 2 46 10.020
5 2 47 26.052
5 2 48 2.004
5 2 49 6.012
5 2 50 12.024
5 2 51 14.028
5 2 52 12.024
5 2 53 12.024
5 2 54 24.048
5 2 55 8.016
5 2 56 18.036
5 2 57 10.020
5 2 58 4.008
5 2 59 10.020
5 2 60 10.020
5 2 61 30.060
5 2 62 88.176
5 3 1 -14.028
5 3 2 -24.048
5 3 3 -16.032
5 3 4 -4.008
5 3 5 0.000
6 1 1 -22.044
6 1 2 -26.052
6 1 3 -26.052
6 1 4 -26.052
6 1 5 -16.032
6 1 6 -20.040
6 1 7 -20.040
6 1 8 -20.040
6 1 9 -14.028
6 1 10 -10.020
6 1 11 -10.020
6 1 12 -14.028
6 1 13 -10.020
6 1 14 -12.024
6 1 15 -8.016
6 1 16 -10.020
6 1 17 -12.024
6 1 18 -14.028
6 1 19 -6.012
6 1 20 -10.020
6 1 21 0.000
6 1 22 -10.020
6 1 23 -6.012
6 2 1 -8.016
6 2 2 -8.016
6 2 3 8.016
6 2 4 -12.024
6 2 5 -8.016
6 2 6 -8.016
6 2 7 -10.020
6 2 8 12.024
6 2 9 8.016
6 2 10 -10.020
6 2 11 -10.020
6 2 12 10.020
6 2 13 -6.012
6 2 14 2.004
6 2 15 2.004
6 2 16 -2.004
6 2 17 -2.004
6 2 18 12.024
6 2 19 -4.008
6 2 20 -2.004
6 2 21 4.008
6 2 22 2.004
6 2 23 -0.000
6 2 24 -2.004
6 2 25 2.004
6 2 26 6.012
6 2 27 8.016
6 2 28 22.044
6 2 29 6.012
6 2 30 8.016
6 2 31 6.012
6 2 32 -0.000
6 2 33 2.004
6 2 34 -0.000
6 2 35 18.036
6 2 36 4.008
6 2 37 6.012
6 2 38 10.020
6 2 39 8.016
6 2 40 10.020
6 2 41 18.036
6 2 42 22.044
6 2 43 8.016
6 2 44 10.020
6 2 45 20.040
6 2 46 26.052
6 2 47 24.048
6 2 48 14.028
6 2 49 6.012
6 2 50 8.016
6 2 51 10.020
6 2 52 8.016
6 2 53 10.020
6 2 54 10.020
6 2 55 4.008
6 2 56 14.028
6 2 57 20.040
6 2 58 14.028
6 2 59 16.032
6 2 60 28.056
6 2 61 36.072
6 2 62 8.016
6 3 1 2.004
6 3 2 -30.060
6 3 3 -28.056
6 3 4 0.000
6 3 5 0.000
