1 1 1 52.123 0.500 0.000 57.974 0.500 0.000
1 1 2 50.791 0.500 0.000 61.812 0.500 0.000
1 1 3 62.220 0.500 0.000 69.501 0.500 0.000
1 1 4 38.641 0.500 0.000 61.845 0.500 0.000
1 1 5 51.385 0.500 0.000 53.802 0.500 0.000
1 1 6 41.262 0.500 0.000 47.191 0.500 0.000
1 1 7 55.305 0.500 0.000 57.601 0.500 0.000
1 1 8 57.939 0.500 0.000 84.397 0.500 0.000
1 1 9 54.642 0.500 0.000 72.799 0.500 0.000
1 1 10 41.780 0.500 0.000 79.637 0.500 0.000
1 1 11 21.247 0.500 0.000 89.674 0.500 0.000
1 1 12 0.000 0.500 0.000 53.402 0.500 0.000
1 1 13 35.697 0.500 0.000 27.730 0.500 0.000
1 1 14 0.000 0.500 0.000 36.415 0.500 0.000
1 1 15 0.000 0.500 0.000 70.316 0.500 0.000
1 1 16 4.014 0.500 0.000 21.268 0.500 0.000
1 1 17 19.463 0.500 0.000 47.529 0.500 0.000
1 1 18 121.951 0.500 0.000 36.674 0.500 0.000
1 1 19 40.000 0.500 0.000 40.000 0.500 0.000
1 1 20 45.599 0.500 0.000 43.234 0.500 0.000
1 1 21 40.000 0.500 0.000 40.000 0.500 0.000
1 1 22 40.000 0.500 0.000 40.000 0.500 0.000
1 1 23 31.835 0.500 0.000 40.000 0.500 0.000
1 2 1 40.000 0.500 0.000 40.000 0.500 0.000
1 2 2 39.628 0.500 0.000 40.000 0.500 0.000
1 2 3 48.556 0.500 0.000 41.238 0.500 0.000
1 2 4 50.594 0.500 0.000 51.950 0.500 0.000
1 2 5 53.230 0.500 0.000 38.764 0.500 0.000
1 2 6 54.108 0.500 0.000 58.082 0.500 0.000
1 2 7 50.244 0.500 0.000 40.545 0.500 0.000
1 2 8 50.860 0.500 0.000 49.380 0.500 0.000
1 2 9 44.688 0.500 0.000 66.100 0.500 0.000
1 2 10 48.526 0.500 0.000 40.153 0.500 0.000
1 2 11 44.250 0.500 0.000 42.319 0.500 0.000
1 2 12 51.858 0.500 0.000 46.867 0.500 0.000
1 2 13 61.897 0.500 0.000 64.216 0.500 0.000
1 2 14 41.849 0.500 0.000 48.491 0.500 0.000
1 2 15 51.780 0.500 0.000 48.332 0.500 0.000
1 2 16 49.071 0.500 0.000 51.542 0.500 0.000
1 2 17 53.207 0.500 0.000 46.848 0.500 0.000
1 2 18 61.602 0.500 0.000 44.800 0.500 0.000
1 2 19 48.721 0.500 0.000 45.047 0.500 0.000
1 2 20 56.498 0.500 0.000 48.287 0.500 0.000
1 2 21 51.146 0.500 0.000 54.256 0.500 0.000
1 2 22 43.365 0.500 0.000 66.330 0.500 0.000
1 2 23 52.172 0.500 0.000 69.407 0.500 0.000
1 2 24 47.812 0.500 0.000 39.755 0.500 0.000
1 2 25 40.191 0.500 0.000 40.436 0.500 0.000
1 2 26 49.034 0.500 0.000 40.828 0.500 0.000
1 2 27 35.400 0.500 0.000 67.120 0.500 0.000
1 2 28 56.994 0.500 0.000 50.201 0.500 0.000
1 2 29 91.876 0.500 0.000 76.556 0.500 0.000
1 2 30 70.129 0.500 0.000 65.730 0.500 0.000
1 2 31 40.390 0.500 0.000 60.084 0.500 0.000
1 2 32 87.615 0.500 0.000 24.616 0.500 0.000
1 2 33 37.832 0.500 0.000 20.821 0.500 0.000
1 2 34 44.955 0.500 0.000 72.708 0.500 0.000
1 2 35 0.000 0.500 0.000 81.410 0.500 0.000
1 2 36 88.545 0.500 0.000 112.040 0.500 0.000
1 2 37 0.000 0.500 0.000 28.401 0.500 0.000
1 2 38 0.000 0.500 0.000 116.884 0.500 0.000
1 2 39 192.297 0.500 0.000 91.847 0.500 0.000
1 2 40 39.574 0.500 0.000 40.107 0.500 0.000
1 2 41 47.977 0.500 0.000 142.056 0.500 0.000
1 2 42 65.610 0.500 0.000 0.000 0.500 0.000
1 2 43 37.058 0.500 0.000 40.492 0.500 0.000
1 2 44 43.813 0.500 0.000 39.612 0.500 0.000
1 2 45 40.000 0.500 0.000 46.877 0.500 0.000
1 2 46 34.532 0.500 0.000 0.000 0.500 0.000
1 2 47 34.411 0.500 0.000 40.000 0.500 0.000
1 2 48 43.160 0.500 0.000 40.000 0.500 0.000
1 2 49 40.000 0.500 0.000 40.000 0.500 0.000
1 2 50 49.039 0.500 0.000 40.000 0.500 0.000
1 2 51 30.111 0.500 0.000 40.000 0.500 0.000
1 2 52 40.000 0.500 0.000 40.000 0.500 0.000
1 2 53 40.000 0.500 0.000 40.000 0.500 0.000
1 2 54 40.000 0.500 0.000 40.000 0.500 0.000
1 2 55 40.000 0.500 0.000 40.000 0.500 0.000
1 2 56 40.000 0.500 0.000 40.000 0.500 0.000
1 2 57 40.000 0.500 0.000 40.000 0.500 0.000
1 2 58 40.000 0.500 0.000 40.000 0.500 0.000
1 2 59 40.000 0.500 0.000 40.000 0.500 0.000
1 2 60 40.000 0.500 0.000 40.000 0.500 0.000
1 2 61 40.000 0.500 0.000 40.000 0.500 0.000
1 2 62 40.000 0.500 0.000 40.000 0.500 0.000
1 3 1 40.000 0.500 0.000 40.000 0.500 0.000
1 3 2 40.000 0.500 0.000 40.000 0.500 0.000
1 3 3 40.000 0.500 0.000 40.000 0.500 0.000
1 3 4 40.000 0.500 0.000 40.000 0.500 0.000
1 3 5 40.000 0.500 0.000 40.000 0.500 0.000
2 1 1 61.294 0.500 0.000 31.011 0.500 0.000
2 1 2 55.125 0.500 0.000 50.450 0.500 0.000
2 1 3 46.781 0.500 0.000 53.961 0.500 0.000
2 1 4 61.309 0.500 0.000 56.434 0.500 0.000
2 1 5 47.515 0.500 0.000 38.514 0.500 0.000
2 1 6 40.000 0.500 0.000 40.000 0.500 0.000
2 1 7 43.747 0.500 0.000 53.517 0.500 0.000
2 1 8 41.817 0.500 0.000 41.089 0.500 0.000
2 1 9 58.511 0.500 0.000 44.176 0.500 0.000
2 1 10 40.000 0.500 0.000 40.000 0.500 0.000
2 1 11 51.310 0.500 0.000 91.054 0.500 0.000
2 1 12 21.463 0.500 0.000 25.045 0.500 0.000
2 1 13 23.862 0.500 0.000 44.969 0.500 0.000
2 1 14 26.018 0.500 0.000 0.000 0.500 0.000
2 1 15 0.000 0.500 0.000 40.333 0.500 0.000
2 1 16 56.548 0.500 0.000 31.480 0.500 0.000
2 1 17 31.266 0.500 0.000 0.410 0.500 0.000
2 1 18 60.002 0.500 0.000 31.425 0.500 0.000
2 1 19 92.421 0.500 0.000 40.000 0.500 0.000
2 1 20 40.000 0.500 0.000 32.065 0.500 0.000
2 1 21 40.000 0.500 0.000 40.000 0.500 0.000
2 1 22 40.000 0.500 0.000 40.000 0.500 0.000
2 1 23 40.000 0.500 0.000 40.000 0.500 0.000
2 2 1 27.641 0.500 0.000 40.000 0.500 0.000
2 2 2 35.702 0.500 0.000 45.525 0.500 0.000
2 2 3 46.869 0.500 0.000 60.766 0.500 0.000
2 2 4 33.858 0.500 0.000 47.094 0.500 0.000
2 2 5 49.669 0.500 0.000 50.326 0.500 0.000
2 2 6 44.065 0.500 0.000 50.374 0.500 0.000
2 2 7 43.278 0.500 0.000 48.299 0.500 0.000
2 2 8 41.893 0.500 0.000 43.339 0.500 0.000
2 2 9 41.979 0.500 0.000 42.955 0.500 0.000
2 2 10 46.479 0.500 0.000 40.926 0.500 0.000
2 2 11 43.208 0.500 0.000 45.914 0.500 0.000
2 2 12 38.463 0.500 0.000 46.806 0.500 0.000
2 2 13 46.823 0.500 0.000 47.612 0.500 0.000
2 2 14 49.524 0.500 0.000 51.060 0.500 0.000
2 2 15 40.187 0.500 0.000 50.748 0.500 0.000
2 2 16 46.763 0.500 0.000 39.564 0.500 0.000
2 2 17 41.821 0.500 0.000 44.795 0.500 0.000
2 2 18 56.107 0.500 0.000 51.378 0.500 0.000
2 2 19 39.888 0.500 0.000 51.980 0.500 0.000
2 2 20 36.927 0.500 0.000 39.331 0.500 0.000
2 2 21 40.183 0.500 0.000 46.624 0.500 0.000
2 2 22 31.161 0.500 0.000 45.958 0.500 0.000
2 2 23 43.370 0.500 0.000 41.827 0.500 0.000
2 2 24 53.026 0.500 0.000 57.629 0.500 0.000
2 2 25 24.914 0.500 0.000 38.549 0.500 0.000
2 2 26 4.602 0.500 0.000 50.846 0.500 0.000
2 2 27 18.065 0.500 0.000 40.396 0.500 0.000
2 2 28 56.560 0.500 0.000 25.071 0.500 0.000
2 2 29 53.549 0.500 0.000 55.493 0.500 0.000
2 2 30 13.420 0.500 0.000 76.483 0.500 0.000
2 2 31 36.252 0.500 0.000 38.950 0.500 0.000
2 2 32 66.007 0.500 0.000 0.668 0.500 0.000
2 2 33 55.389 0.500 0.000 101.453 0.500 0.000
2 2 34 59.110 0.500 0.000 31.629 0.500 0.000
2 2 35 116.075 0.500 0.000 22.596 0.500 0.000
2 2 36 58.169 0.500 0.000 91.589 0.500 0.000
2 2 37 68.432 0.500 0.000 11.563 0.500 0.000
2 2 38 200.000 0.500 0.000 91.906 0.500 0.000
2 2 39 159.561 0.500 0.000 36.005 0.500 0.000
2 2 40 189.064 0.500 0.000 42.308 0.500 0.000
2 2 41 28.501 0.500 0.000 41.326 0.500 0.000
2 2 42 41.366 0.500 0.000 40.000 0.500 0.000
2 2 43 23.427 0.500 0.000 40.000 0.500 0.000
2 2 44 0.001 0.500 0.000 0.000 0.500 0.000
2 2 45 0.000 0.500 0.000 92.268 0.500 0.000
2 2 46 0.000 0.500 0.000 40.597 0.500 0.000
2 2 47 40.437 0.500 0.000 116.278 0.500 0.000
2 2 48 37.225 0.500 0.000 39.552 0.500 0.000
2 2 49 40.000 0.500 0.000 40.000 0.500 0.000
2 2 50 40.000 0.500 0.000 40.000 0.500 0.000
2 2 51 38.520 0.500 0.000 40.000 0.500 0.000
2 2 52 40.000 0.500 0.000 40.000 0.500 0.000
2 2 53 40.000 0.500 0.000 40.000 0.500 0.000
2 2 54 36.255 0.500 0.000 40.000 0.500 0.000
2 2 55 40.000 0.500 0.000 40.000 0.500 0.000
2 2 56 40.000 0.500 0.000 40.000 0.500 0.000
2 2 57 40.000 0.500 0.000 40.000 0.500 0.000
2 2 58 40.000 0.500 0.000 40.000 0.500 0.000
2 2 59 40.000 0.500 0.000 40.000 0.500 0.000
2 2 60 40.000 0.500 0.000 40.000 0.500 0.000
2 2 61 40.000 0.500 0.000 40.000 0.500 0.000
2 2 62 40.000 0.500 0.000 40.000 0.500 0.000
2 3 1 40.000 0.500 0.000 40.000 0.500 0.000
2 3 2 40.000 0.500 0.000 40.000 0.500 0.000
2 3 3 40.000 0.500 0.000 40.000 0.500 0.000
2 3 4 40.000 0.500 0.000 40.000 0.500 0.000
2 3 5 40.000 0.500 0.000 40.000 0.500 0.000
3 1 1 50.370 0.500 0.000 83.042 0.500 0.000
3 1 2 60.979 0.500 0.000 56.173 0.500 0.000
3 1 3 46.035 0.500 0.000 35.020 0.500 0.000
3 1 4 51.666 0.500 0.000 51.026 0.500 0.000
3 1 5 74.278 0.500 0.000 52.993 0.500 0.000
3 1 6 62.057 0.500 0.000 52.463 0.500 0.000
3 1 7 45.188 0.500 0.000 58.510 0.500 0.000
3 1 8 41.427 0.500 0.000 58.262 0.500 0.000
3 1 9 31.339 0.500 0.000 81.749 0.500 0.000
3 1 10 66.058 0.500 0.000 40.981 0.500 0.000
3 1 11 96.847 0.500 0.000 18.195 0.500 0.000
3 1 12 47.318 0.500 0.000 23.229 0.500 0.000
3 1 13 76.639 0.500 0.000 31.671 0.500 0.000
3 1 14 91.102 0.500 0.000 199.991 0.500 0.000
3 1 15 0.002 0.500 0.000 19.145 0.500 0.000
3 1 16 88.124 0.500 0.000 89.335 0.500 0.000
3 1 17 40.303 0.500 0.000 0.000 0.500 0.000
3 1 18 29.403 0.500 0.000 0.000 0.500 0.000
3 1 19 40.000 0.500 0.000 40.000 0.500 0.000
3 1 20 40.000 0.500 0.000 40.000 0.500 0.000
3 1 21 42.125 0.500 0.000 40.000 0.500 0.000
3 1 22 40.000 0.500 0.000 40.000 0.500 0.000
3 1 23 40.000 0.500 0.000 40.000 0.500 0.000
3 2 1 40.000 0.500 0.000 35.059 0.500 0.000
3 2 2 50.030 0.500 0.000 23.487 0.500 0.000
3 2 3 55.340 0.500 0.000 29.425 0.500 0.000
3 2 4 33.208 0.500 0.000 57.717 0.500 0.000
3 2 5 43.416 0.500 0.000 39.606 0.500 0.000
3 2 6 47.844 0.500 0.000 59.122 0.500 0.000
3 2 7 40.398 0.500 0.000 48.439 0.500 0.000
3 2 8 44.681 0.500 0.000 40.825 0.500 0.000
3 2 9 42.249 0.500 0.000 47.186 0.500 0.000
3 2 10 47.110 0.500 0.000 45.858 0.500 0.000
3 2 11 46.819 0.500 0.000 39.273 0.500 0.000
3 2 12 46.825 0.500 0.000 37.320 0.500 0.000
3 2 13 46.758 0.500 0.000 41.385 0.500 0.000
3 2 14 49.525 0.500 0.000 48.041 0.500 0.000
3 2 15 52.185 0.500 0.000 48.935 0.500 0.000
3 2 16 43.673 0.500 0.000 51.257 0.500 0.000
3 2 17 43.582 0.500 0.000 48.608 0.500 0.000
3 2 18 41.598 0.500 0.000 49.366 0.500 0.000
3 2 19 41.395 0.500 0.000 43.367 0.500 0.000
3 2 20 40.509 0.500 0.000 44.600 0.500 0.000
3 2 21 56.094 0.500 0.000 48.080 0.500 0.000
3 2 22 43.493 0.500 0.000 48.761 0.500 0.000
3 2 23 49.999 0.500 0.000 45.887 0.500 0.000
3 2 24 42.116 0.500 0.000 37.222 0.500 0.000
3 2 25 62.572 0.500 0.000 47.282 0.500 0.000
3 2 26 31.879 0.500 0.000 34.572 0.500 0.000
3 2 27 78.526 0.500 0.000 30.006 0.500 0.000
3 2 28 57.260 0.500 0.000 45.286 0.500 0.000
3 2 29 43.550 0.500 0.000 74.787 0.500 0.000
3 2 30 0.001 0.500 0.000 199.999 0.500 0.000
3 2 31 69.108 0.500 0.000 54.150 0.500 0.000
3 2 32 10.379 0.500 0.000 200.000 0.500 0.000
3 2 33 0.000 0.500 0.000 14.751 0.500 0.000
3 2 34 4.981 0.500 0.000 0.000 0.500 0.000
3 2 35 83.376 0.500 0.000 141.513 0.500 0.000
3 2 36 62.526 0.500 0.000 0.000 0.500 0.000
3 2 37 31.281 0.500 0.000 50.010 0.500 0.000
3 2 38 59.906 0.500 0.000 200.000 0.500 0.000
3 2 39 0.000 0.500 0.000 193.760 0.500 0.000
3 2 40 0.000 0.500 0.000 84.979 0.500 0.000
3 2 41 197.603 0.500 0.000 140.557 0.500 0.000
3 2 42 0.000 0.500 0.000 42.451 0.500 0.000
3 2 43 38.444 0.500 0.000 0.000 0.500 0.000
3 2 44 43.472 0.500 0.000 40.000 0.500 0.000
3 2 45 40.000 0.500 0.000 40.000 0.500 0.000
3 2 46 53.794 0.500 0.000 38.672 0.500 0.000
3 2 47 50.218 0.500 0.000 40.000 0.500 0.000
3 2 48 40.000 0.500 0.000 40.000 0.500 0.000
3 2 49 40.000 0.500 0.000 40.000 0.500 0.000
3 2 50 40.000 0.500 0.000 40.000 0.500 0.000
3 2 51 36.767 0.500 0.000 40.000 0.500 0.000
3 2 52 40.000 0.500 0.000 40.000 0.500 0.000
3 2 53 40.000 0.500 0.000 40.000 0.500 0.000
3 2 54 40.000 0.500 0.000 40.000 0.500 0.000
3 2 55 40.000 0.500 0.000 40.000 0.500 0.000
3 2 56 40.000 0.500 0.000 40.000 0.500 0.000
3 2 57 40.000 0.500 0.000 40.000 0.500 0.000
3 2 58 40.000 0.500 0.000 40.000 0.500 0.000
3 2 59 40.000 0.500 0.000 40.000 0.500 0.000
3 2 60 40.000 0.500 0.000 40.000 0.500 0.000
3 2 61 40.000 0.500 0.000 40.000 0.500 0.000
3 2 62 40.000 0.500 0.000 40.000 0.500 0.000
3 3 1 40.000 0.500 0.000 40.000 0.500 0.000
3 3 2 40.000 0.500 0.000 40.000 0.500 0.000
3 3 3 40.000 0.500 0.000 40.000 0.500 0.000
3 3 4 40.000 0.500 0.000 40.000 0.500 0.000
3 3 5 40.000 0.500 0.000 40.000 0.500 0.000
4 1 1 55.230 0.500 0.000 36.269 0.500 0.000
4 1 2 50.048 0.500 0.000 54.875 0.500 0.000
4 1 3 46.318 0.500 0.000 49.107 0.500 0.000
4 1 4 41.483 0.500 0.000 38.611 0.500 0.000
4 1 5 48.554 0.500 0.000 47.263 0.500 0.000
4 1 6 44.169 0.500 0.000 61.001 0.500 0.000
4 1 7 62.224 0.500 0.000 57.003 0.500 0.000
4 1 8 49.851 0.500 0.000 55.943 0.500 0.000
4 1 9 79.319 0.500 0.000 62.992 0.500 0.000
4 1 10 64.116 0.500 0.000 26.769 0.500 0.000
4 1 11 5.694 0.500 0.000 4.442 0.500 0.000
4 1 12 42.076 0.500 0.000 73.813 0.500 0.000
4 1 13 108.482 0.500 0.000 22.701 0.500 0.000
4 1 14 32.995 0.500 0.000 19.822 0.500 0.000
4 1 15 0.001 0.500 0.000 109.223 0.500 0.000
4 1 16 30.187 0.500 0.000 58.523 0.500 0.000
4 1 17 62.191 0.500 0.000 50.885 0.500 0.000
4 1 18 40.000 0.500 0.000 194.668 0.500 0.000
4 1 19 40.000 0.500 0.000 40.000 0.500 0.000
4 1 20 32.449 0.500 0.000 41.694 0.500 0.000
4 1 21 40.000 0.500 0.000 40.000 0.500 0.000
4 1 22 40.000 0.500 0.000 40.000 0.500 0.000
4 1 23 40.000 0.500 0.000 40.000 0.500 0.000
4 2 1 40.000 0.500 0.000 40.000 0.500 0.000
4 2 2 47.797 0.500 0.000 24.813 0.500 0.000
4 2 3 45.519 0.500 0.000 41.950 0.500 0.000
4 2 4 41.832 0.500 0.000 47.555 0.500 0.000
4 2 5 45.966 0.500 0.000 42.199 0.500 0.000
4 2 6 44.123 0.500 0.000 57.167 0.500 0.000
4 2 7 44.055 0.500 0.000 43.350 0.500 0.000
4 2 8 49.868 0.500 0.000 50.250 0.500 0.000
4 2 9 44.055 0.500 0.000 50.028 0.500 0.000
4 2 10 43.956 0.500 0.000 46.765 0.500 0.000
4 2 11 48.478 0.500 0.000 53.289 0.500 0.000
4 2 12 49.706 0.500 0.000 46.077 0.500 0.000
4 2 13 47.147 0.500 0.000 49.152 0.500 0.000
4 2 14 58.123 0.500 0.000 47.629 0.500 0.000
4 2 15 54.299 0.500 0.000 45.209 0.500 0.000
4 2 16 46.483 0.500 0.000 49.416 0.500 0.000
4 2 17 51.335 0.500 0.000 42.250 0.500 0.000
4 2 18 48.220 0.500 0.000 66.123 0.500 0.000
4 2 19 46.028 0.500 0.000 54.575 0.500 0.000
4 2 20 59.658 0.500 0.000 48.265 0.500 0.000
4 2 21 53.906 0.500 0.000 60.547 0.500 0.000
4 2 22 48.120 0.500 0.000 42.549 0.500 0.000
4 2 23 43.922 0.500 0.000 38.137 0.500 0.000
4 2 24 54.899 0.500 0.000 31.854 0.500 0.000
4 2 25 53.422 0.500 0.000 57.212 0.500 0.000
4 2 26 43.737 0.500 0.000 33.394 0.500 0.000
4 2 27 39.137 0.500 0.000 21.852 0.500 0.000
4 2 28 85.991 0.500 0.000 56.228 0.500 0.000
4 2 29 0.000 0.500 0.000 81.932 0.500 0.000
4 2 30 32.612 0.500 0.000 90.287 0.500 0.000
4 2 31 199.996 0.500 0.000 55.711 0.500 0.000
4 2 32 102.940 0.500 0.000 52.770 0.500 0.000
4 2 33 25.148 0.500 0.000 71.738 0.500 0.000
4 2 34 94.829 0.500 0.000 47.035 0.500 0.000
4 2 35 15.201 0.500 0.000 31.016 0.500 0.000
4 2 36 34.115 0.500 0.000 67.048 0.500 0.000
4 2 37 83.231 0.500 0.000 60.670 0.500 0.000
4 2 38 40.042 0.500 0.000 26.555 0.500 0.000
4 2 39 52.253 0.500 0.000 45.470 0.500 0.000
4 2 40 59.049 0.500 0.000 28.102 0.500 0.000
4 2 41 25.003 0.500 0.000 74.068 0.500 0.000
4 2 42 39.566 0.500 0.000 38.843 0.500 0.000
4 2 43 0.000 0.500 0.000 44.276 0.500 0.000
4 2 44 17.406 0.500 0.000 0.000 0.500 0.000
4 2 45 79.378 0.500 0.000 125.752 0.500 0.000
4 2 46 40.000 0.500 0.000 29.595 0.500 0.000
4 2 47 82.755 0.500 0.000 40.000 0.500 0.000
4 2 48 40.000 0.500 0.000 40.000 0.500 0.000
4 2 49 40.000 0.500 0.000 40.000 0.500 0.000
4 2 50 40.000 0.500 0.000 40.000 0.500 0.000
4 2 51 40.000 0.500 0.000 40.000 0.500 0.000
4 2 52 36.876 0.500 0.000 40.492 0.500 0.000
4 2 53 40.407 0.500 0.000 40.000 0.500 0.000
4 2 54 40.000 0.500 0.000 40.000 0.500 0.000
4 2 55 40.000 0.500 0.000 40.000 0.500 0.000
4 2 56 40.000 0.500 0.000 40.000 0.500 0.000
4 2 57 40.000 0.500 0.000 40.000 0.500 0.000
4 2 58 40.000 0.500 0.000 40.000 0.500 0.000
4 2 59 40.000 0.500 0.000 40.000 0.500 0.000
4 2 60 40.000 0.500 0.000 40.000 0.500 0.000
4 2 61 40.000 0.500 0.000 40.000 0.500 0.000
4 2 62 40.000 0.500 0.000 40.000 0.500 0.000
4 3 1 40.000 0.500 0.000 40.000 0.500 0.000
4 3 2 40.000 0.500 0.000 40.000 0.500 0.000
4 3 3 40.000 0.500 0.000 40.000 0.500 0.000
4 3 4 40.000 0.500 0.000 40.000 0.500 0.000
4 3 5 40.000 0.500 0.000 40.000 0.500 0.000
5 1 1 45.714 0.500 0.000 76.802 0.500 0.000
5 1 2 52.877 0.500 0.000 44.447 0.500 0.000
5 1 3 54.503 0.500 0.000 51.228 0.500 0.000
5 1 4 54.927 0.500 0.000 58.486 0.500 0.000
5 1 5 49.352 0.500 0.000 51.595 0.500 0.000
5 1 6 53.043 0.500 0.000 55.221 0.500 0.000
5 1 7 53.659 0.500 0.000 60.461 0.500 0.000
5 1 8 59.052 0.500 0.000 36.262 0.500 0.000
5 1 9 21.376 0.500 0.000 54.750 0.500 0.000
5 1 10 15.044 0.500 0.000 24.073 0.500 0.000
5 1 11 83.036 0.500 0.000 65.444 0.500 0.000
5 1 12 62.038 0.500 0.000 55.219 0.500 0.000
5 1 13 0.000 0.500 0.000 101.954 0.500 0.000
5 1 14 0.000 0.500 0.000 18.615 0.500 0.000
5 1 15 101.819 0.500 0.000 2.924 0.500 0.000
5 1 16 53.091 0.500 0.000 0.000 0.500 0.000
5 1 17 37.892 0.500 0.000 40.000 0.500 0.000
5 1 18 200.000 0.500 0.000 200.000 0.500 0.000
5 1 19 35.303 0.500 0.000 32.228 0.500 0.000
5 1 20 40.000 0.500 0.000 40.000 0.500 0.000
5 1 21 40.000 0.500 0.000 40.000 0.500 0.000
5 1 22 40.000 0.500 0.000 40.000 0.500 0.000
5 1 23 40.000 0.500 0.000 40.000 0.500 0.000
5 2 1 40.000 0.500 0.000 41.812 0.500 0.000
5 2 2 45.249 0.500 0.000 48.736 0.500 0.000
5 2 3 56.897 0.500 0.000 37.493 0.500 0.000
5 2 4 48.010 0.500 0.000 49.850 0.500 0.000
5 2 5 54.239 0.500 0.000 52.216 0.500 0.000
5 2 6 34.271 0.500 0.000 47.979 0.500 0.000
5 2 7 44.690 0.500 0.000 40.893 0.500 0.000
5 2 8 50.817 0.500 0.000 46.759 0.500 0.000
5 2 9 46.536 0.500 0.000 44.527 0.500 0.000
5 2 10 40.431 0.500 0.000 37.963 0.500 0.000
5 2 11 45.410 0.500 0.000 40.636 0.500 0.000
5 2 12 42.658 0.500 0.000 41.568 0.500 0.000
5 2 13 52.038 0.500 0.000 41.839 0.500 0.000
5 2 14 48.143 0.500 0.000 49.681 0.500 0.000
5 2 15 50.679 0.500 0.000 45.949 0.500 0.000
5 2 16 48.696 0.500 0.000 50.598 0.500 0.000
5 2 17 46.060 0.500 0.000 53.631 0.500 0.000
5 2 18 48.237 0.500 0.000 52.571 0.500 0.000
5 2 19 52.368 0.500 0.000 45.363 0.500 0.000
5 2 20 42.833 0.500 0.000 40.775 0.500 0.000
5 2 21 51.369 0.500 0.000 50.444 0.500 0.000
5 2 22 50.782 0.500 0.000 55.653 0.500 0.000
5 2 23 42.046 0.500 0.000 43.319 0.500 0.000
5 2 24 56.334 0.500 0.000 31.672 0.500 0.000
5 2 25 30.532 0.500 0.000 28.673 0.500 0.000
5 2 26 53.421 0.500 0.000 45.592 0.500 0.000
5 2 27 33.389 0.500 0.000 36.303 0.500 0.000
5 2 28 69.475 0.500 0.000 65.300 0.500 0.000
5 2 29 40.676 0.500 0.000 33.476 0.500 0.000
5 2 30 56.313 0.500 0.000 52.881 0.500 0.000
5 2 31 47.614 0.500 0.000 68.754 0.500 0.000
5 2 32 0.000 0.500 0.000 63.518 0.500 0.000
5 2 33 0.000 0.500 0.000 45.318 0.500 0.000
5 2 34 42.802 0.500 0.000 69.484 0.500 0.000
5 2 35 43.153 0.500 0.000 75.391 0.500 0.000
5 2 36 71.581 0.500 0.000 50.173 0.500 0.000
5 2 37 8.153 0.500 0.000 0.000 0.500 0.000
5 2 38 68.921 0.500 0.000 33.091 0.500 0.000
5 2 39 76.753 0.500 0.000 48.291 0.500 0.000
5 2 40 0.000 0.500 0.000 0.000 0.500 0.000
5 2 41 172.376 0.500 0.000 0.000 0.500 0.000
5 2 42 38.556 0.500 0.000 39.552 0.500 0.000
5 2 43 199.999 0.500 0.000 29.918 0.500 0.000
5 2 44 40.000 0.500 0.000 42.520 0.500 0.000
5 2 45 34.696 0.500 0.000 40.000 0.500 0.000
5 2 46 181.075 0.500 0.000 33.581 0.500 0.000
5 2 47 39.628 0.500 0.000 29.656 0.500 0.000
5 2 48 100.820 0.500 0.000 43.267 0.500 0.000
5 2 49 40.000 0.500 0.000 40.000 0.500 0.000
5 2 50 40.000 0.500 0.000 40.000 0.500 0.000
5 2 51 40.000 0.500 0.000 40.000 0.500 0.000
5 2 52 40.000 0.500 0.000 40.000 0.500 0.000
5 2 53 39.526 0.500 0.000 40.000 0.500 0.000
5 2 54 40.000 0.500 0.000 40.000 0.500 0.000
5 2 55 40.000 0.500 0.000 40.000 0.500 0.000
5 2 56 40.000 0.500 0.000 40.000 0.500 0.000
5 2 57 40.000 0.500 0.000 40.000 0.500 0.000
5 2 58 40.000 0.500 0.000 40.000 0.500 0.000
5 2 59 40.000 0.500 0.000 40.000 0.500 0.000
5 2 60 40.000 0.500 0.000 40.000 0.500 0.000
5 2 61 40.000 0.500 0.000 40.000 0.500 0.000
5 2 62 40.000 0.500 0.000 40.000 0.500 0.000
5 3 1 40.000 0.500 0.000 40.000 0.500 0.000
5 3 2 40.000 0.500 0.000 40.000 0.500 0.000
5 3 3 40.000 0.500 0.000 40.000 0.500 0.000
5 3 4 40.000 0.500 0.000 40.000 0.500 0.000
5 3 5 40.000 0.500 0.000 40.000 0.500 0.000
6 1 1 88.389 0.500 0.000 61.618 0.500 0.000
6 1 2 34.300 0.500 0.000 55.711 0.500 0.000
6 1 3 47.768 0.500 0.000 46.721 0.500 0.000
6 1 4 62.049 0.500 0.000 44.795 0.500 0.000
6 1 5 49.991 0.500 0.000 57.000 0.500 0.000
6 1 6 50.116 0.500 0.000 59.094 0.500 0.000
6 1 7 56.649 0.500 0.000 53.761 0.500 0.000
6 1 8 60.810 0.500 0.000 38.974 0.500 0.000
6 1 9 28.651 0.500 0.000 63.384 0.500 0.000
6 1 10 43.510 0.500 0.000 81.051 0.500 0.000
6 1 11 4.875 0.500 0.000 37.161 0.500 0.000
6 1 12 78.133 0.500 0.000 69.373 0.500 0.000
6 1 13 13.438 0.500 0.000 76.312 0.500 0.000
6 1 14 108.306 0.500 0.000 0.000 0.500 0.000
6 1 15 0.000 0.500 0.000 29.340 0.500 0.000
6 1 16 4.127 0.500 0.000 44.910 0.500 0.000
6 1 17 79.005 0.500 0.000 0.000 0.500 0.000
6 1 18 164.162 0.500 0.000 37.310 0.500 0.000
6 1 19 32.684 0.500 0.000 40.000 0.500 0.000
6 1 20 8.458 0.500 0.000 40.000 0.500 0.000
6 1 21 40.000 0.500 0.000 40.000 0.500 0.000
6 1 22 40.000 0.500 0.000 40.000 0.500 0.000
6 1 23 40.000 0.500 0.000 40.000 0.500 0.000
6 2 1 42.435 0.500 0.000 34.547 0.500 0.000
6 2 2 48.243 0.500 0.000 44.468 0.500 0.000
6 2 3 51.572 0.500 0.000 38.203 0.500 0.000
6 2 4 47.682 0.500 0.000 40.741 0.500 0.000
6 2 5 46.251 0.500 0.000 37.526 0.500 0.000
6 2 6 50.645 0.500 0.000 45.187 0.500 0.000
6 2 7 47.437 0.500 0.000 49.460 0.500 0.000
6 2 8 46.596 0.500 0.000 46.827 0.500 0.000
6 2 9 46.084 0.500 0.000 52.166 0.500 0.000
6 2 10 43.025 0.500 0.000 47.506 0.500 0.000
6 2 11 44.495 0.500 0.000 50.561 0.500 0.000
6 2 12 46.495 0.500 0.000 42.894 0.500 0.000
6 2 13 46.214 0.500 0.000 45.824 0.500 0.000
6 2 14 47.754 0.500 0.000 47.181 0.500 0.000
6 2 15 57.945 0.500 0.000 46.637 0.500 0.000
6 2 16 39.123 0.500 0.000 55.067 0.500 0.000
6 2 17 31.284 0.500 0.000 58.342 0.500 0.000
6 2 18 59.734 0.500 0.000 62.126 0.500 0.000
6 2 19 59.507 0.500 0.000 49.364 0.500 0.000
6 2 20 47.453 0.500 0.000 63.264 0.500 0.000
6 2 21 47.091 0.500 0.000 38.765 0.500 0.000
6 2 22 30.731 0.500 0.000 47.413 0.500 0.000
6 2 23 43.373 0.500 0.000 41.497 0.500 0.000
6 2 24 48.004 0.500 0.000 44.663 0.500 0.000
6 2 25 30.739 0.500 0.000 38.633 0.500 0.000
6 2 26 25.951 0.500 0.000 63.806 0.500 0.000
6 2 27 34.298 0.500 0.000 43.512 0.500 0.000
6 2 28 7.630 0.500 0.000 25.025 0.500 0.000
6 2 29 52.774 0.500 0.000 25.011 0.500 0.000
6 2 30 19.292 0.500 0.000 3.552 0.500 0.000
6 2 31 0.000 0.500 0.000 49.626 0.500 0.000
6 2 32 88.514 0.500 0.000 36.219 0.500 0.000
6 2 33 52.738 0.500 0.000 0.000 0.500 0.000
6 2 34 34.627 0.500 0.000 104.246 0.500 0.000
6 2 35 53.757 0.500 0.000 71.637 0.500 0.000
6 2 36 40.451 0.500 0.000 30.670 0.500 0.000
6 2 37 20.581 0.500 0.000 172.643 0.500 0.000
6 2 38 24.951 0.500 0.000 35.417 0.500 0.000
6 2 39 51.952 0.500 0.000 49.970 0.500 0.000
6 2 40 42.157 0.500 0.000 33.939 0.500 0.000
6 2 41 50.888 0.500 0.000 40.000 0.500 0.000
6 2 42 125.762 0.500 0.000 31.525 0.500 0.000
6 2 43 0.001 0.500 0.000 40.000 0.500 0.000
6 2 44 40.000 0.500 0.000 48.690 0.500 0.000
6 2 45 40.000 0.500 0.000 40.000 0.500 0.000
6 2 46 27.535 0.500 0.000 42.819 0.500 0.000
6 2 47 40.000 0.500 0.000 40.000 0.500 0.000
6 2 48 29.716 0.500 0.000 24.966 0.500 0.000
6 2 49 40.000 0.500 0.000 40.000 0.500 0.000
6 2 50 40.000 0.500 0.000 40.000 0.500 0.000
6 2 51 40.000 0.500 0.000 40.000 0.500 0.000
6 2 52 40.000 0.500 0.000 40.000 0.500 0.000
6 2 53 40.000 0.500 0.000 40.000 0.500 0.000
6 2 54 40.000 0.500 0.000 40.000 0.500 0.000
6 2 55 40.000 0.500 0.000 40.000 0.500 0.000
6 2 56 40.000 0.500 0.000 40.000 0.500 0.000
6 2 57 40.000 0.500 0.000 40.000 0.500 0.000
6 2 58 40.000 0.500 0.000 40.000 0.500 0.000
6 2 59 40.000 0.500 0.000 40.000 0.500 0.000
6 2 60 40.000 0.500 0.000 40.000 0.500 0.000
6 2 61 40.000 0.500 0.000 40.000 0.500 0.000
6 2 62 40.000 0.500 0.000 40.000 0.500 0.000
6 3 1 40.000 0.500 0.000 40.000 0.500 0.000
6 3 2 40.000 0.500 0.000 40.000 0.500 0.000
6 3 3 40.000 0.500 0.000 40.000 0.500 0.000
6 3 4 40.000 0.500 0.000 40.000 0.500 0.000
6 3 5 40.000 0.500 0.000 40.000 0.500 0.000
