1 1 1 756.605 756.605 0.727 0.727 0.301 0.001
1 1 2 790.067 790.067 0.792 0.792 -0.014 0.001
1 1 3 672.754 672.754 0.683 0.683 0.226 0.001
1 1 4 766.501 766.501 0.836 0.836 0.041 0.001
1 1 5 741.703 741.703 0.901 0.901 -0.010 0.001
1 1 6 763.481 763.481 1.198 1.198 -0.041 0.002
1 1 7 693.713 693.713 0.924 0.924 -0.044 0.002
1 1 8 708.764 708.764 0.999 0.999 -0.018 0.002
1 1 9 735.495 735.495 1.112 1.112 0.018 0.002
1 1 10 664.514 664.514 0.800 0.800 0.123 0.003
1 1 11 779.122 779.122 0.889 0.889 -0.033 0.002
1 1 12 761.195 761.195 0.839 0.839 -0.039 0.003
1 1 13 717.584 717.584 0.781 0.781 0.011 0.003
1 1 14 735.360 735.360 0.783 0.783 0.010 0.003
1 1 15 794.814 794.814 1.010 1.010 0.060 0.003
1 1 16 514.237 514.237 0.771 0.771 -0.173 0.003
1 1 17 691.436 691.436 1.050 1.050 -0.066 0.003
1 1 18 795.828 795.828 1.198 1.198 0.021 0.003
1 1 19 823.758 823.758 1.557 1.557 0.010 0.004
1 1 20 828.426 828.426 1.530 1.530 0.070 0.003
1 1 21 803.109 803.109 1.485 1.485 -0.001 0.003
1 1 22 832.558 832.558 2.891 2.891 -0.117 0.004
1 1 23 784.348 784.348 2.781 2.781 0.030 0.004
1 2 1 1573.661 1573.661 2.007 2.007 -0.043 0.001
1 2 2 1527.169 1527.169 1.905 1.905 -0.029 0.001
1 2 3 1533.235 1533.235 1.759 1.759 -0.019 0.001
1 2 4 1562.933 1562.933 1.721 1.721 0.043 0.001
1 2 5 1501.746 1501.746 1.799 1.799 0.036 0.001
1 2 6 1433.344 1433.344 1.707 1.707 0.001 0.001
1 2 7 1626.040 1626.040 1.953 1.953 0.013 0.001
1 2 8 1569.608 1569.608 1.740 1.740 0.009 0.001
1 2 9 1518.964 1518.964 1.803 1.803 0.008 0.001
1 2 10 1491.117 1491.117 1.720 1.720 0.017 0.001
1 2 11 1579.204 1579.204 2.128 2.128 -0.012 0.001
1 2 12 1615.001 1615.001 2.204 2.204 -0.011 0.001
1 2 13 1517.304 1517.304 2.149 2.149 -0.072 0.002
1 2 14 1623.750 1623.750 2.425 2.425 -0.031 0.002
1 2 15 1579.821 1579.821 2.286 2.286 0.013 0.002
1 2 16 1431.561 1431.561 2.177 2.177 -0.028 0.002
1 2 17 1497.943 1497.943 2.230 2.230 -0.009 0.002
1 2 18 1561.817 1561.817 2.372 2.372 -0.008 0.002
1 2 19 1561.091 1561.091 2.371 2.371 0.022 0.002
1 2 20 1519.588 1519.588 2.444 2.444 0.003 0.002
1 2 21 1479.733 1479.733 2.387 2.387 0.011 0.003
1 2 22 1486.235 1486.235 2.339 2.339 0.021 0.003
1 2 23 1501.967 1501.967 2.206 2.206 0.015 0.003
1 2 24 1510.687 1510.687 2.285 2.285 -0.018 0.003
1 2 25 1552.574 1552.574 2.417 2.417 -0.004 0.002
1 2 26 1571.641 1571.641 2.410 2.410 -0.009 0.003
1 2 27 1530.236 1530.236 2.293 2.293 0.008 0.002
1 2 28 1487.885 1487.885 2.245 2.245 0.053 0.003
1 2 29 1529.447 1529.447 2.191 2.191 0.042 0.003
1 2 30 1542.235 1542.235 2.092 2.092 0.038 0.003
1 2 31 1550.966 1550.966 2.133 2.133 -0.002 0.004
1 2 32 1567.062 1567.062 1.939 1.939 -0.029 0.002
1 2 33 1568.188 1568.188 1.935 1.935 0.014 0.002
1 2 34 1557.940 1557.940 1.875 1.875 0.033 0.002
1 2 35 1545.815 1545.815 1.847 1.847 0.026 0.002
1 2 36 1586.428 1586.428 1.953 1.953 0.005 0.002
1 2 37 1598.301 1598.301 2.002 2.002 0.023 0.002
1 2 38 1634.535 1634.535 2.212 2.212 0.046 0.002
1 2 39 1621.400 1621.400 2.270 2.270 0.028 0.003
1 2 40 1633.442 1633.442 2.329 2.329 0.042 0.003
1 2 41 1635.193 1635.193 2.380 2.380 0.024 0.002
1 2 42 1646.897 1646.897 2.590 2.590 0.078 0.003
1 2 43 1673.274 1673.274 2.773 2.773 0.052 0.004
1 2 44 1661.870 1661.870 2.801 2.801 0.059 0.003
1 2 45 1516.642 1516.642 3.272 3.272 0.213 0.003
1 2 46 1700.752 1700.752 3.135 3.135 0.025 0.003
1 2 47 1658.912 1658.912 3.082 3.082 0.051 0.003
1 2 48 1714.841 1714.841 3.472 3.472 0.063 0.003
1 2 49 1811.411 1811.411 4.177 4.177 0.051 0.004
1 2 50 1666.151 1666.151 3.883 3.883 0.077 0.003
1 2 51 1736.767 1736.767 4.819 4.819 0.072 0.002
1 2 52 1771.722 1771.722 4.338 4.338 0.091 0.003
1 2 53 1718.976 1718.976 5.570 5.570 0.027 0.003
1 2 54 1859.636 1859.636 6.024 6.024 -0.226 0.004
1 2 55 1759.625 1759.625 5.349 5.349 0.073 0.004
1 2 56 1745.769 1745.769 5.838 5.838 0.086 0.003
1 2 57 1776.353 1776.353 5.848 5.848 0.092 0.004
1 2 58 1769.833 1769.833 6.348 6.348 0.080 0.004
1 2 59 1835.736 1835.736 7.662 7.662 -0.121 0.004
1 2 60 1740.113 1740.113 7.343 7.343 0.071 0.004
1 2 61 1735.021 1735.021 5.662 5.662 0.007 0.004
1 2 62 1678.133 1678.133 9.686 9.686 0.079 0.004
1 3 1 966.964 966.964 1.886 1.886 0.111 0.003
1 3 2 1001.670 1001.670 1.473 1.473 -0.041 0.003
1 3 3 308.274 308.274 44.726 44.726 -0.067 0.003
1 3 4 947.846 947.846 1.641 1.641 0.135 0.003
1 3 5 503.411 503.411 1.809 1.809 0.774 0.005
2 1 1 845.893 845.893 1.031 1.031 0.160 0.001
2 1 2 865.279 865.279 0.971 0.971 0.096 0.001
2 1 3 836.102 836.102 1.051 1.051 0.124 0.002
2 1 4 749.063 749.063 0.949 0.949 -0.145 0.001
2 1 5 780.107 780.107 1.190 1.190 0.084 0.002
2 1 6 12.500 12.500 0.000 0.000 0.000 0.000
2 1 7 786.271 786.271 1.255 1.255 0.176 0.002
2 1 8 703.451 703.451 1.294 1.294 0.129 0.002
2 1 9 786.157 786.157 1.250 1.250 0.111 0.002
2 1 10 12.500 12.500 0.000 0.000 0.000 0.000
2 1 11 673.533 673.533 0.879 0.879 0.059 0.003
2 1 12 791.552 791.552 1.499 1.499 -0.025 0.004
2 1 13 746.870 746.870 0.881 0.881 0.076 0.003
2 1 14 780.522 780.522 0.928 0.928 -0.040 0.003
2 1 15 816.145 816.145 1.058 1.058 -0.038 0.004
2 1 16 752.928 752.928 1.030 1.030 -0.130 0.003
2 1 17 745.123 745.123 1.137 1.137 0.102 0.004
2 1 18 820.525 820.525 1.256 1.256 -0.143 0.003
2 1 19 847.569 847.569 140.266 140.266 2.807 0.000
2 1 20 856.398 856.398 1.611 1.611 -0.082 0.003
2 1 21 880.508 880.508 1.956 1.956 -0.064 0.003
2 1 22 880.013 880.013 2.264 2.264 -0.044 0.004
2 1 23 754.301 754.301 3.065 3.065 0.185 0.004
2 2 1 2087.500 2087.500 13.560 13.560 -0.037 0.001
2 2 2 1932.559 1932.559 9.979 9.979 0.054 0.001
2 2 3 1812.086 1812.086 11.630 11.630 0.002 0.000
2 2 4 2001.193 2001.193 4.940 4.940 0.035 0.001
2 2 5 1890.059 1890.059 3.797 3.797 0.017 0.001
2 2 6 1848.951 1848.951 2.936 2.936 -0.012 0.001
2 2 7 1794.184 1794.184 2.677 2.677 -0.000 0.001
2 2 8 1815.013 1815.013 2.518 2.518 0.013 0.001
2 2 9 1744.426 1744.426 2.482 2.482 0.081 0.001
2 2 10 1766.578 1766.578 2.741 2.741 -0.009 0.001
2 2 11 1757.509 1757.509 2.631 2.631 0.026 0.001
2 2 12 1746.585 1746.585 2.726 2.726 0.002 0.001
2 2 13 1719.956 1719.956 3.652 3.652 0.048 0.001
2 2 14 1710.671 1710.671 3.332 3.332 0.095 0.002
2 2 15 1740.708 1740.708 2.759 2.759 0.030 0.002
2 2 16 1670.013 1670.013 17.769 17.769 0.036 0.001
2 2 17 1712.767 1712.767 3.037 3.037 0.059 0.002
2 2 18 1727.069 1727.069 3.211 3.211 0.074 0.002
2 2 19 1721.586 1721.586 2.970 2.970 0.072 0.002
2 2 20 1474.869 1474.869 5.779 5.779 0.088 0.002
2 2 21 1715.705 1715.705 3.408 3.408 0.048 0.003
2 2 22 1725.409 1725.409 3.738 3.738 0.072 0.002
2 2 23 1636.609 1636.609 3.336 3.336 0.062 0.003
2 2 24 1665.660 1665.660 3.012 3.012 0.084 0.003
2 2 25 1670.390 1670.390 2.956 2.956 0.070 0.003
2 2 26 1664.750 1664.750 2.991 2.991 0.070 0.003
2 2 27 1673.106 1673.106 2.803 2.803 0.055 0.003
2 2 28 1689.149 1689.149 3.007 3.007 0.018 0.003
2 2 29 1647.262 1647.262 2.768 2.768 0.038 0.004
2 2 30 1636.810 1636.810 2.907 2.907 0.020 0.004
2 2 31 1642.670 1642.670 2.463 2.463 0.072 0.005
2 2 32 1737.500 1737.500 1.615 1.615 0.027 0.002
2 2 33 1711.201 1711.201 2.309 2.309 0.030 0.003
2 2 34 1720.123 1720.123 2.312 2.312 0.025 0.002
2 2 35 1717.997 1717.997 2.458 2.458 0.027 0.003
2 2 36 1727.740 1727.740 2.469 2.469 -0.010 0.003
2 2 37 1728.326 1728.326 2.305 2.305 0.049 0.003
2 2 38 1760.517 1760.517 2.622 2.622 0.041 0.002
2 2 39 1706.836 1706.836 2.538 2.538 -0.012 0.003
2 2 40 1778.322 1778.322 2.846 2.846 -0.035 0.003
2 2 41 1782.425 1782.425 2.950 2.950 -0.046 0.003
2 2 42 1785.781 1785.781 2.894 2.894 0.004 0.003
2 2 43 12.500 12.500 0.000 0.000 0.000 0.000
2 2 44 1771.277 1771.277 3.026 3.026 -0.041 0.003
2 2 45 1843.620 1843.620 3.554 3.554 -0.027 0.003
2 2 46 1826.046 1826.046 3.610 3.610 -0.020 0.003
2 2 47 1822.858 1822.858 3.628 3.628 -0.091 0.003
2 2 48 1864.735 1864.735 4.033 4.033 -0.035 0.003
2 2 49 1934.852 1934.852 5.442 5.442 0.032 0.003
2 2 50 1868.872 1868.872 4.381 4.381 -0.002 0.003
2 2 51 1927.851 1927.851 4.876 4.876 0.045 0.002
2 2 52 1925.882 1925.882 6.435 6.435 0.034 0.003
2 2 53 1907.213 1907.213 4.870 4.870 0.018 0.003
2 2 54 1929.233 1929.233 4.959 4.959 0.077 0.003
2 2 55 1981.442 1981.442 6.491 6.491 -0.024 0.004
2 2 56 1779.623 1779.623 5.583 5.583 0.089 0.003
2 2 57 1850.882 1850.882 6.969 6.969 0.086 0.003
2 2 58 1883.693 1883.693 7.320 7.320 0.067 0.005
2 2 59 1849.650 1849.650 7.752 7.752 0.082 0.005
2 2 60 1824.212 1824.212 7.294 7.294 0.119 0.004
2 2 61 1858.872 1858.872 7.270 7.270 0.064 0.004
2 2 62 1864.343 1864.343 8.060 8.060 0.070 0.004
2 3 1 879.305 879.305 1.849 1.849 0.051 0.003
2 3 2 839.818 839.818 1.202 1.202 -0.003 0.002
2 3 3 845.615 845.615 1.452 1.452 -0.135 0.003
2 3 4 800.295 800.295 1.578 1.578 -0.124 0.004
2 3 5 832.666 832.666 2.104 2.104 -0.050 0.004
3 1 1 902.711 902.711 1.211 1.211 0.033 0.000
3 1 2 853.832 853.832 1.010 1.010 0.073 0.001
3 1 3 858.414 858.414 1.109 1.109 -0.053 0.001
3 1 4 863.901 863.901 1.024 1.024 0.017 0.001
3 1 5 830.025 830.025 1.247 1.247 -0.136 0.002
3 1 6 857.629 857.629 1.452 1.452 0.023 0.002
3 1 7 831.893 831.893 1.138 1.138 -0.069 0.002
3 1 8 801.887 801.887 1.366 1.366 -0.056 0.002
3 1 9 779.972 779.972 1.137 1.137 -0.057 0.002
3 1 10 684.059 684.059 0.829 0.829 -0.121 0.003
3 1 11 768.164 768.164 1.288 1.288 -0.084 0.004
3 1 12 788.086 788.086 0.914 0.914 0.030 0.003
3 1 13 729.195 729.195 0.829 0.829 -0.073 0.003
3 1 14 749.276 749.276 0.844 0.844 -0.030 0.003
3 1 15 732.991 732.991 0.974 0.974 0.012 0.003
3 1 16 677.098 677.098 1.001 1.001 0.124 0.003
3 1 17 821.310 821.310 1.257 1.257 -0.143 0.003
3 1 18 820.255 820.255 1.256 1.256 -0.038 0.003
3 1 19 731.240 731.240 1.256 1.256 0.185 0.003
3 1 20 894.788 894.788 1.847 1.847 0.035 0.003
3 1 21 947.330 947.330 2.066 2.066 0.197 0.003
3 1 22 953.071 953.071 2.505 2.505 0.256 0.003
3 1 23 848.250 848.250 2.721 2.721 -0.023 0.004
3 2 1 1434.994 1434.994 44.655 44.655 -0.103 0.000
3 2 2 1973.640 1973.640 12.712 12.712 0.034 0.000
3 2 3 1863.003 1863.003 8.169 8.169 -0.019 0.000
3 2 4 1942.417 1942.417 4.758 4.758 -0.035 0.000
3 2 5 1836.634 1836.634 3.607 3.607 -0.074 0.000
3 2 6 1782.123 1782.123 2.834 2.834 -0.010 0.001
3 2 7 1810.517 1810.517 2.702 2.702 0.004 0.001
3 2 8 1825.319 1825.319 2.686 2.686 -0.038 0.001
3 2 9 1785.977 1785.977 2.794 2.794 -0.030 0.001
3 2 10 1749.677 1749.677 2.837 2.837 -0.020 0.001
3 2 11 1755.755 1755.755 2.672 2.672 -0.031 0.001
3 2 12 1742.627 1742.627 2.540 2.540 -0.031 0.001
3 2 13 1706.541 1706.541 2.685 2.685 -0.073 0.001
3 2 14 1692.937 1692.937 2.885 2.885 -0.071 0.001
3 2 15 1745.932 1745.932 2.895 2.895 -0.018 0.001
3 2 16 1719.618 1719.618 2.890 2.890 -0.037 0.002
3 2 17 1715.943 1715.943 2.836 2.836 -0.041 0.001
3 2 18 1627.983 1627.983 2.709 2.709 -0.082 0.002
3 2 19 1715.859 1715.859 2.867 2.867 -0.015 0.002
3 2 20 1616.224 1616.224 2.832 2.832 -0.061 0.002
3 2 21 1722.022 1722.022 2.742 2.742 -0.068 0.003
3 2 22 1692.304 1692.304 2.838 2.838 -0.112 0.002
3 2 23 1637.396 1637.396 2.961 2.961 -0.068 0.003
3 2 24 1720.385 1720.385 2.892 2.892 -0.138 0.002
3 2 25 1667.682 1667.682 2.605 2.605 -0.023 0.003
3 2 26 1645.523 1645.523 2.590 2.590 -0.069 0.003
3 2 27 1648.396 1648.396 2.583 2.583 -0.045 0.003
3 2 28 1545.946 1545.946 2.412 2.412 -0.060 0.003
3 2 29 1650.995 1650.995 2.337 2.337 -0.061 0.004
3 2 30 1659.203 1659.203 2.425 2.425 -0.012 0.003
3 2 31 1666.137 1666.137 2.544 2.544 -0.003 0.003
3 2 32 1719.186 1719.186 2.359 2.359 -0.054 0.002
3 2 33 1664.017 1664.017 2.264 2.264 -0.022 0.003
3 2 34 1714.411 1714.411 2.498 2.498 0.031 0.003
3 2 35 1731.238 1731.238 2.464 2.464 -0.023 0.003
3 2 36 1728.810 1728.810 2.505 2.505 -0.026 0.003
3 2 37 1731.793 1731.793 2.420 2.420 -0.029 0.003
3 2 38 1725.229 1725.229 2.607 2.607 -0.019 0.002
3 2 39 1720.556 1720.556 2.485 2.485 -0.001 0.003
3 2 40 1779.361 1779.361 2.823 2.823 -0.028 0.002
3 2 41 1742.358 1742.358 2.645 2.645 -0.004 0.003
3 2 42 1782.688 1782.688 2.884 2.884 0.013 0.003
3 2 43 1824.504 1824.504 3.043 3.043 0.009 0.003
3 2 44 1722.764 1722.764 3.163 3.163 0.034 0.003
3 2 45 1858.724 1858.724 3.582 3.582 -0.017 0.003
3 2 46 1825.541 1825.541 3.530 3.530 0.042 0.004
3 2 47 1835.650 1835.650 3.730 3.730 0.017 0.003
3 2 48 1831.300 1831.300 3.578 3.578 0.040 0.004
3 2 49 1868.268 1868.268 4.271 4.271 -0.002 0.004
3 2 50 1903.508 1903.508 4.481 4.481 0.063 0.004
3 2 51 1927.662 1927.662 5.487 5.487 0.081 0.004
3 2 52 1878.341 1878.341 6.575 6.575 0.073 0.003
3 2 53 1901.654 1901.654 5.351 5.351 0.037 0.004
3 2 54 1910.208 1910.208 6.521 6.521 0.112 0.003
3 2 55 1933.615 1933.615 7.203 7.203 0.078 0.003
3 2 56 1898.677 1898.677 6.935 6.935 0.051 0.003
3 2 57 2047.212 2047.212 8.670 8.670 -0.076 0.004
3 2 58 1918.921 1918.921 6.091 6.091 0.087 0.004
3 2 59 1999.807 1999.807 9.406 9.406 -0.136 0.004
3 2 60 1807.247 1807.247 8.184 8.184 0.047 0.004
3 2 61 1968.957 1968.957 7.187 7.187 0.138 0.004
3 2 62 1993.324 1993.324 8.914 8.914 0.156 0.004
3 3 1 605.357 605.357 2.224 2.224 0.539 0.003
3 3 2 907.396 907.396 1.400 1.400 -0.076 0.002
3 3 3 795.216 795.216 1.210 1.210 0.024 0.003
3 3 4 902.252 902.252 2.225 2.225 -0.088 0.003
3 3 5 960.776 960.776 2.876 2.876 -0.217 0.004
4 1 1 972.363 972.363 1.668 1.668 0.326 0.001
4 1 2 747.857 747.857 1.259 1.259 -0.044 0.001
4 1 3 807.613 807.613 1.397 1.397 -0.065 0.001
4 1 4 721.993 721.993 1.345 1.345 -0.062 0.001
4 1 5 765.849 765.849 1.630 1.630 0.086 0.002
4 1 6 826.354 826.354 1.674 1.674 0.181 0.002
4 1 7 759.774 759.774 1.366 1.366 -0.186 0.002
4 1 8 730.353 730.353 1.203 1.203 -0.058 0.002
4 1 9 624.298 624.298 0.895 0.895 -0.080 0.002
4 1 10 628.401 628.401 0.784 0.784 -0.164 0.002
4 1 11 642.846 642.846 1.013 1.013 -0.084 0.004
4 1 12 679.519 679.519 0.844 0.844 -0.067 0.002
4 1 13 731.150 731.150 0.931 0.931 -0.080 0.003
4 1 14 744.387 744.387 0.929 0.929 -0.091 0.003
4 1 15 827.502 827.502 1.075 1.075 -0.140 0.003
4 1 16 981.923 981.923 1.610 1.610 -0.573 0.003
4 1 17 724.462 724.462 1.083 1.083 -0.134 0.003
4 1 18 852.171 852.171 1.393 1.393 -0.074 0.003
4 1 19 786.295 786.295 1.474 1.474 -0.198 0.003
4 1 20 887.119 887.119 2.175 2.175 -0.126 0.004
4 1 21 784.091 784.091 1.838 1.838 -0.052 0.004
4 1 22 808.323 808.323 2.080 2.080 -0.086 0.003
4 1 23 747.136 747.136 1.988 1.988 0.025 0.004
4 2 1 1934.760 1934.760 5.530 5.530 -0.045 0.001
4 2 2 1731.400 1731.400 4.195 4.195 -0.032 0.001
4 2 3 1452.362 1452.362 3.317 3.317 -0.026 0.001
4 2 4 1556.633 1556.633 3.516 3.516 0.058 0.001
4 2 5 1688.044 1688.044 13.922 13.922 -0.001 0.001
4 2 6 1622.402 1622.402 3.204 3.204 -0.019 0.001
4 2 7 1582.815 1582.815 3.185 3.185 -0.029 0.001
4 2 8 1578.632 1578.632 3.363 3.363 0.005 0.001
4 2 9 1588.345 1588.345 3.419 3.419 -0.011 0.001
4 2 10 1588.194 1588.194 3.397 3.397 0.001 0.001
4 2 11 1603.081 1603.081 3.393 3.393 0.028 0.001
4 2 12 1521.342 1521.342 6.012 6.012 -0.034 0.001
4 2 13 1551.416 1551.416 3.261 3.261 -0.014 0.001
4 2 14 1576.340 1576.340 3.707 3.707 0.016 0.001
4 2 15 1568.832 1568.832 3.506 3.506 0.032 0.001
4 2 16 1582.049 1582.049 3.781 3.781 -0.029 0.002
4 2 17 1535.431 1535.431 3.541 3.541 -0.025 0.002
4 2 18 1571.906 1571.906 3.295 3.295 0.011 0.002
4 2 19 1585.754 1585.754 3.544 3.544 -0.024 0.002
4 2 20 1521.144 1521.144 3.122 3.122 -0.030 0.002
4 2 21 1516.079 1516.079 2.999 2.999 0.002 0.003
4 2 22 1504.494 1504.494 2.871 2.871 -0.023 0.002
4 2 23 1535.013 1535.013 2.651 2.651 -0.038 0.002
4 2 24 1487.500 1487.500 2.871 2.871 -0.014 0.002
4 2 25 1566.667 1566.667 2.675 2.675 0.004 0.003
4 2 26 1562.500 1562.500 2.362 2.362 0.002 0.003
4 2 27 1511.128 1511.128 2.365 2.365 -0.034 0.003
4 2 28 1570.220 1570.220 2.563 2.563 -0.023 0.003
4 2 29 1539.499 1539.499 2.417 2.417 -0.028 0.003
4 2 30 1544.271 1544.271 2.335 2.335 0.001 0.003
4 2 31 1555.906 1555.906 2.287 2.287 -0.070 0.004
4 2 32 1570.212 1570.212 2.103 2.103 -0.007 0.002
4 2 33 1594.794 1594.794 2.281 2.281 -0.040 0.003
4 2 34 1570.377 1570.377 2.208 2.208 -0.060 0.002
4 2 35 1583.070 1583.070 2.143 2.143 -0.008 0.002
4 2 36 1625.794 1625.794 2.432 2.432 -0.035 0.002
4 2 37 1632.411 1632.411 2.308 2.308 -0.029 0.002
4 2 38 1637.209 1637.209 2.445 2.445 -0.044 0.002
4 2 39 1590.061 1590.061 2.370 2.370 -0.057 0.003
4 2 40 1630.244 1630.244 2.496 2.496 0.002 0.003
4 2 41 1639.418 1639.418 2.775 2.775 -0.045 0.003
4 2 42 1706.581 1706.581 2.942 2.942 -0.050 0.002
4 2 43 1678.179 1678.179 3.057 3.057 -0.032 0.003
4 2 44 1651.028 1651.028 3.145 3.145 -0.020 0.003
4 2 45 1705.814 1705.814 3.175 3.175 -0.001 0.003
4 2 46 1735.100 1735.100 3.912 3.912 0.006 0.003
4 2 47 1723.343 1723.343 3.455 3.455 -0.026 0.003
4 2 48 1737.613 1737.613 4.412 4.412 -0.015 0.003
4 2 49 1711.761 1711.761 4.137 4.137 -0.034 0.005
4 2 50 1753.458 1753.458 4.157 4.157 -0.029 0.003
4 2 51 1809.101 1809.101 8.821 8.821 -0.022 0.003
4 2 52 1765.862 1765.862 5.214 5.214 0.014 0.003
4 2 53 1747.579 1747.579 4.849 4.849 -0.016 0.003
4 2 54 1717.388 1717.388 5.322 5.322 0.006 0.004
4 2 55 1771.563 1771.563 6.599 6.599 -0.095 0.004
4 2 56 1750.129 1750.129 5.819 5.819 -0.035 0.003
4 2 57 1768.258 1768.258 7.496 7.496 -0.079 0.005
4 2 58 1723.821 1723.821 6.307 6.307 -0.029 0.004
4 2 59 1882.005 1882.005 8.217 8.217 -0.181 0.005
4 2 60 1740.129 1740.129 9.094 9.094 -0.015 0.005
4 2 61 1593.069 1593.069 5.236 5.236 -0.066 0.004
4 2 62 1558.820 1558.820 5.451 5.451 -0.014 0.003
4 3 1 947.180 947.180 3.175 3.175 -0.442 0.003
4 3 2 1112.500 1112.500 0.889 0.889 -0.107 0.002
4 3 3 402.812 402.812 2.345 2.345 0.312 0.002
4 3 4 424.713 424.713 2.358 2.358 -0.264 0.003
4 3 5 449.940 449.940 2.217 2.217 0.112 0.002
5 1 1 886.245 886.245 1.216 1.216 -0.004 0.000
5 1 2 769.152 769.152 0.998 0.998 0.041 0.001
5 1 3 758.941 758.941 1.048 1.048 0.017 0.001
5 1 4 424.180 424.180 2.107 2.107 -0.035 0.001
5 1 5 747.577 747.577 1.257 1.257 -0.026 0.002
5 1 6 812.344 812.344 1.363 1.363 -0.030 0.002
5 1 7 790.802 790.802 1.482 1.482 -0.055 0.002
5 1 8 688.124 688.124 1.262 1.262 -0.209 0.002
5 1 9 723.179 723.179 1.031 1.031 -0.003 0.002
5 1 10 790.167 790.167 1.108 1.108 -0.022 0.002
5 1 11 729.665 729.665 0.833 0.833 -0.132 0.002
5 1 12 693.422 693.422 0.925 0.925 -0.175 0.002
5 1 13 817.228 817.228 1.030 1.030 -0.098 0.002
5 1 14 775.956 775.956 0.962 0.962 -0.112 0.003
5 1 15 715.034 715.034 0.976 0.976 -0.231 0.003
5 1 16 807.547 807.547 1.147 1.147 -0.101 0.003
5 1 17 771.606 771.606 1.165 1.165 0.102 0.003
5 1 18 840.166 840.166 1.355 1.355 -0.109 0.003
5 1 19 810.615 810.615 1.390 1.390 -0.063 0.003
5 1 20 884.369 884.369 1.777 1.777 0.122 0.003
5 1 21 884.989 884.989 1.848 1.848 -0.059 0.003
5 1 22 933.734 933.734 3.135 3.135 -0.019 0.004
5 1 23 826.848 826.848 3.984 3.984 0.174 0.004
5 2 1 2292.210 2292.210 56.297 56.297 0.077 0.000
5 2 2 2076.275 2076.275 7.518 7.518 0.015 0.000
5 2 3 1985.632 1985.632 7.034 7.034 -0.001 0.000
5 2 4 1940.706 1940.706 4.713 4.713 -0.029 0.001
5 2 5 1846.316 1846.316 3.457 3.457 0.005 0.001
5 2 6 1868.223 1868.223 3.238 3.238 0.031 0.001
5 2 7 1872.459 1872.459 3.012 3.012 0.002 0.001
5 2 8 1758.440 1758.440 2.514 2.514 0.017 0.001
5 2 9 1769.529 1769.529 2.837 2.837 0.032 0.001
5 2 10 1768.149 1768.149 2.731 2.731 0.029 0.001
5 2 11 1746.968 1746.968 18.969 18.969 0.014 0.001
5 2 12 1770.705 1770.705 2.796 2.796 0.004 0.001
5 2 13 1768.412 1768.412 2.981 2.981 0.008 0.001
5 2 14 1653.734 1653.734 2.979 2.979 0.038 0.001
5 2 15 1725.345 1725.345 2.864 2.864 0.045 0.001
5 2 16 1802.602 1802.602 3.607 3.607 -0.068 0.002
5 2 17 1744.745 1744.745 3.285 3.285 0.016 0.002
5 2 18 1734.608 1734.608 3.038 3.038 0.038 0.002
5 2 19 1728.250 1728.250 3.294 3.294 0.012 0.002
5 2 20 1705.646 1705.646 3.024 3.024 0.026 0.002
5 2 21 1688.809 1688.809 3.158 3.158 0.034 0.003
5 2 22 1675.068 1675.068 3.041 3.041 0.063 0.002
5 2 23 1684.467 1684.467 2.991 2.991 -0.007 0.002
5 2 24 1663.493 1663.493 2.985 2.985 -0.025 0.003
5 2 25 1651.418 1651.418 2.884 2.884 0.003 0.003
5 2 26 1650.228 1650.228 2.857 2.857 0.007 0.003
5 2 27 1726.238 1726.238 2.846 2.846 -0.006 0.002
5 2 28 1579.127 1579.127 2.475 2.475 -0.036 0.003
5 2 29 1724.243 1724.243 2.734 2.734 -0.028 0.004
5 2 30 1747.590 1747.590 2.588 2.588 -0.064 0.003
5 2 31 1628.311 1628.311 2.336 2.336 -0.005 0.004
5 2 32 1740.929 1740.929 2.560 2.560 -0.023 0.002
5 2 33 1716.928 1716.928 2.406 2.406 -0.014 0.003
5 2 34 1757.219 1757.219 2.606 2.606 -0.042 0.002
5 2 35 1717.043 1717.043 2.616 2.616 -0.007 0.002
5 2 36 1810.382 1810.382 2.816 2.816 0.066 0.003
5 2 37 1754.263 1754.263 2.535 2.535 0.006 0.003
5 2 38 1763.792 1763.792 2.806 2.806 -0.019 0.002
5 2 39 1778.443 1778.443 2.834 2.834 -0.025 0.004
5 2 40 1752.930 1752.930 3.020 3.020 -0.038 0.003
5 2 41 1782.584 1782.584 3.084 3.084 -0.039 0.003
5 2 42 1804.813 1804.813 3.162 3.162 -0.063 0.003
5 2 43 1822.254 1822.254 3.474 3.474 -0.101 0.003
5 2 44 1797.927 1797.927 3.701 3.701 -0.043 0.003
5 2 45 1843.475 1843.475 3.946 3.946 -0.070 0.003
5 2 46 1790.923 1790.923 3.651 3.651 -0.060 0.004
5 2 47 1801.831 1801.831 3.948 3.948 -0.033 0.004
5 2 48 1858.296 1858.296 5.950 5.950 0.001 0.003
5 2 49 1900.806 1900.806 5.497 5.497 -0.032 0.004
5 2 50 1889.936 1889.936 5.360 5.360 -0.005 0.003
5 2 51 1908.152 1908.152 6.372 6.372 -0.079 0.003
5 2 52 1866.154 1866.154 6.143 6.143 -0.027 0.003
5 2 53 1914.483 1914.483 6.249 6.249 -0.033 0.003
5 2 54 1872.638 1872.638 9.738 9.738 -0.074 0.004
5 2 55 1856.366 1856.366 10.036 10.036 0.015 0.004
5 2 56 1951.404 1951.404 7.433 7.433 -0.058 0.005
5 2 57 1917.701 1917.701 7.459 7.459 0.030 0.005
5 2 58 1916.636 1916.636 10.642 10.642 -0.020 0.005
5 2 59 1909.627 1909.627 8.949 8.949 -0.065 0.005
5 2 60 1841.614 1841.614 8.085 8.085 0.069 0.004
5 2 61 1777.886 1777.886 6.192 6.192 -0.114 0.005
5 2 62 1844.145 1844.145 7.962 7.962 0.033 0.004
5 3 1 812.803 812.803 1.506 1.506 0.067 0.003
5 3 2 852.787 852.787 1.392 1.392 0.158 0.003
5 3 3 890.355 890.355 1.510 1.510 0.115 0.003
5 3 4 632.082 632.082 1.221 1.221 0.245 0.004
5 3 5 961.344 961.344 1.995 1.995 0.099 0.004
6 1 1 957.469 957.469 1.351 1.351 -0.120 0.001
6 1 2 812.133 812.133 1.069 1.069 -0.001 0.001
6 1 3 796.114 796.114 1.021 1.021 -0.245 0.001
6 1 4 819.832 819.832 1.146 1.146 0.060 0.001
6 1 5 689.135 689.135 0.971 0.971 0.079 0.002
6 1 6 824.820 824.820 1.499 1.499 0.114 0.002
6 1 7 741.250 741.250 1.179 1.179 0.013 0.002
6 1 8 797.587 797.587 1.367 1.367 0.073 0.002
6 1 9 812.396 812.396 1.362 1.362 0.001 0.002
6 1 10 788.214 788.214 1.119 1.119 0.074 0.002
6 1 11 703.953 703.953 0.930 0.930 -0.080 0.003
6 1 12 696.051 696.051 0.858 0.858 -0.030 0.003
6 1 13 706.993 706.993 0.863 0.863 0.109 0.003
6 1 14 747.431 747.431 0.899 0.899 0.017 0.003
6 1 15 705.519 705.519 0.960 0.960 -0.124 0.003
6 1 16 637.110 637.110 0.953 0.953 0.123 0.003
6 1 17 738.939 738.939 1.154 1.154 0.137 0.003
6 1 18 721.072 721.072 1.159 1.159 0.137 0.003
6 1 19 884.103 884.103 2.388 2.388 0.117 0.003
6 1 20 830.377 830.377 1.944 1.944 0.301 0.003
6 1 21 12.500 12.500 0.000 0.000 0.000 0.000
6 1 22 964.234 964.234 4.152 4.152 0.032 0.004
6 1 23 781.234 781.234 3.494 3.494 0.053 0.004
6 2 1 1318.576 1318.576 56.477 56.477 -0.076 0.000
6 2 2 2055.500 2055.500 7.477 7.477 -0.036 0.001
6 2 3 1790.086 1790.086 8.067 8.067 -0.080 0.000
6 2 4 1921.744 1921.744 4.855 4.855 0.034 0.000
6 2 5 1829.139 1829.139 3.842 3.842 0.009 0.001
6 2 6 1816.963 1816.963 3.681 3.681 0.027 0.001
6 2 7 1816.993 1816.993 3.178 3.178 -0.025 0.001
6 2 8 1795.649 1795.649 2.691 2.691 -0.020 0.001
6 2 9 1783.821 1783.821 2.962 2.962 -0.030 0.001
6 2 10 1766.266 1766.266 2.794 2.794 0.010 0.001
6 2 11 1769.973 1769.973 2.912 2.912 -0.021 0.001
6 2 12 1821.161 1821.161 3.268 3.268 -0.049 0.001
6 2 13 1738.223 1738.223 2.975 2.975 0.021 0.001
6 2 14 1695.440 1695.440 3.175 3.175 -0.058 0.002
6 2 15 1747.489 1747.489 3.317 3.317 0.020 0.001
6 2 16 1713.356 1713.356 3.470 3.470 -0.004 0.002
6 2 17 1773.502 1773.502 3.603 3.603 -0.004 0.002
6 2 18 1705.391 1705.391 3.210 3.210 -0.007 0.002
6 2 19 1696.451 1696.451 3.697 3.697 -0.042 0.002
6 2 20 1651.995 1651.995 2.973 2.973 -0.010 0.002
6 2 21 1689.105 1689.105 3.152 3.152 0.015 0.003
6 2 22 1689.489 1689.489 3.171 3.171 -0.005 0.002
6 2 23 1655.523 1655.523 3.219 3.219 0.023 0.003
6 2 24 1622.616 1622.616 3.080 3.080 0.033 0.003
6 2 25 1688.457 1688.457 2.935 2.935 0.017 0.003
6 2 26 1676.223 1676.223 3.037 3.037 0.035 0.003
6 2 27 1606.052 1606.052 2.957 2.957 0.021 0.003
6 2 28 1571.157 1571.157 2.532 2.532 -0.065 0.004
6 2 29 1662.502 1662.502 2.778 2.778 0.067 0.004
6 2 30 1679.663 1679.663 2.775 2.775 -0.000 0.003
6 2 31 1562.500 1562.500 1.672 1.672 -0.024 0.005
6 2 32 1662.538 1662.538 2.461 2.461 -0.003 0.002
6 2 33 1691.499 1691.499 2.783 2.783 0.016 0.003
6 2 34 1730.244 1730.244 2.799 2.799 0.000 0.002
6 2 35 1687.167 1687.167 2.791 2.791 -0.015 0.003
6 2 36 1714.260 1714.260 2.858 2.858 -0.025 0.003
6 2 37 1735.695 1735.695 3.004 3.004 0.011 0.003
6 2 38 1755.076 1755.076 3.076 3.076 0.038 0.003
6 2 39 1713.229 1713.229 2.863 2.863 0.015 0.002
6 2 40 1757.824 1757.824 3.249 3.249 -0.003 0.003
6 2 41 1759.737 1759.737 3.369 3.369 0.028 0.004
6 2 42 1772.923 1772.923 3.317 3.317 -0.007 0.004
6 2 43 1835.658 1835.658 3.791 3.791 0.064 0.004
6 2 44 1857.467 1857.467 4.226 4.226 -0.013 0.004
6 2 45 1817.390 1817.390 3.873 3.873 0.050 0.005
6 2 46 1769.995 1769.995 4.216 4.216 -0.024 0.004
6 2 47 1822.825 1822.825 4.276 4.276 0.043 0.005
6 2 48 1848.590 1848.590 5.412 5.412 0.042 0.003
6 2 49 1776.365 1776.365 4.409 4.409 -0.033 0.003
6 2 50 1886.730 1886.730 5.720 5.720 0.068 0.003
6 2 51 1928.128 1928.128 6.354 6.354 0.028 0.003
6 2 52 1954.473 1954.473 9.092 9.092 0.059 0.003
6 2 53 1966.091 1966.091 8.531 8.531 0.042 0.003
6 2 54 1921.741 1921.741 8.343 8.343 0.112 0.004
6 2 55 1857.800 1857.800 7.017 7.017 0.204 0.004
6 2 56 1893.495 1893.495 8.344 8.344 0.049 0.005
6 2 57 1974.633 1974.633 10.102 10.102 0.150 0.005
6 2 58 1923.446 1923.446 10.269 10.269 0.134 0.005
6 2 59 1887.137 1887.137 7.533 7.533 0.130 0.004
6 2 60 1844.682 1844.682 8.686 8.686 0.123 0.005
6 2 61 1898.139 1898.139 10.128 10.128 0.138 0.005
6 2 62 1797.559 1797.559 7.648 7.648 0.133 0.004
6 3 1 899.580 899.580 1.853 1.853 -0.091 0.003
6 3 2 921.242 921.242 1.695 1.695 -0.069 0.003
6 3 3 962.285 962.285 5.403 5.403 -1.261 0.005
6 3 4 901.597 901.597 1.886 1.886 -0.153 0.004
6 3 5 806.157 806.157 1.719 1.719 -0.046 0.003
