1 1 1 1.643
1 1 2 0.091
1 1 3 2.802
1 1 4 1.361
1 1 5 -0.005
1 1 6 4.447
1 1 7 0.170
1 1 8 0.111
1 1 9 -1.477
1 1 10 1.587
1 1 11 5.807
1 1 12 2.094
1 1 13 -3.399
1 1 14 0.890
1 1 15 1.377
1 1 16 1.647
1 1 17 -3.162
1 1 18 2.642
1 1 19 -0.083
1 1 20 1.086
1 1 21 0.932
1 1 22 -0.908
1 1 23 0.174
1 2 1 0.130
1 2 2 0.638
1 2 3 1.294
1 2 4 1.112
1 2 5 1.604
1 2 6 -0.514
1 2 7 -1.001
1 2 8 -0.598
1 2 9 -1.618
1 2 10 0.836
1 2 11 0.857
1 2 12 1.618
1 2 13 0.288
1 2 14 -0.309
1 2 15 0.786
1 2 16 -0.721
1 2 17 0.602
1 2 18 1.265
1 2 19 -0.091
1 2 20 0.182
1 2 21 0.213
1 2 22 0.033
1 2 23 -1.014
1 2 24 0.818
1 2 25 1.178
1 2 26 0.636
1 2 27 0.752
1 2 28 0.888
1 2 29 -0.131
1 2 30 0.078
1 2 31 0.523
1 2 32 1.172
1 2 33 1.151
1 2 34 0.126
1 2 35 -0.117
1 2 36 0.187
1 2 37 -0.089
1 2 38 -0.431
1 2 39 -0.706
1 2 40 -1.223
1 2 41 1.158
1 2 42 -0.091
1 2 43 0.301
1 2 44 0.197
1 2 45 -1.282
1 2 46 0.540
1 2 47 0.663
1 2 48 1.032
1 2 49 0.968
1 2 50 -0.515
1 2 51 0.108
1 2 52 0.057
1 2 53 0.507
1 2 54 -2.346
1 2 55 -0.128
1 2 56 -0.025
1 2 57 0.148
1 2 58 0.382
1 2 59 -2.380
1 2 60 -0.500
1 2 61 1.012
1 2 62 0.481
1 3 1 10.105
1 3 2 -5.973
1 3 3 -7.417
1 3 4 -7.544
1 3 5 -1.452
2 1 1 -3.752
2 1 2 1.737
2 1 3 1.083
2 1 4 -1.915
2 1 5 -0.689
2 1 6 0.000
2 1 7 -0.151
2 1 8 -1.451
2 1 9 -0.098
2 1 10 0.000
2 1 11 -0.174
2 1 12 2.186
2 1 13 0.272
2 1 14 2.257
2 1 15 0.354
2 1 16 0.188
2 1 17 4.763
2 1 18 -0.924
2 1 19 -10.067
2 1 20 2.224
2 1 21 -4.607
2 1 22 0.585
2 1 23 -1.839
2 2 1 -1.638
2 2 2 0.217
2 2 3 0.400
2 2 4 1.424
2 2 5 -0.234
2 2 6 -1.542
2 2 7 0.913
2 2 8 -0.735
2 2 9 2.066
2 2 10 1.503
2 2 11 1.690
2 2 12 0.954
2 2 13 -0.624
2 2 14 0.297
2 2 15 -0.208
2 2 16 0.653
2 2 17 0.623
2 2 18 0.220
2 2 19 0.084
2 2 20 -0.115
2 2 21 -0.218
2 2 22 0.142
2 2 23 -0.143
2 2 24 -0.122
2 2 25 0.237
2 2 26 0.458
2 2 27 1.346
2 2 28 0.527
2 2 29 1.377
2 2 30 1.691
2 2 31 0.026
2 2 32 2.462
2 2 33 -0.115
2 2 34 0.022
2 2 35 0.292
2 2 36 0.481
2 2 37 -0.876
2 2 38 0.635
2 2 39 0.098
2 2 40 1.423
2 2 41 1.988
2 2 42 0.257
2 2 43 -0.660
2 2 44 1.103
2 2 45 0.720
2 2 46 0.438
2 2 47 1.472
2 2 48 2.260
2 2 49 1.008
2 2 50 0.909
2 2 51 0.433
2 2 52 1.273
2 2 53 0.717
2 2 54 -0.836
2 2 55 -1.950
2 2 56 -0.726
2 2 57 0.465
2 2 58 0.444
2 2 59 0.998
2 2 60 -0.349
2 2 61 1.318
2 2 62 -0.675
2 3 1 8.840
2 3 2 0.340
2 3 3 -0.913
2 3 4 -8.551
2 3 5 6.656
3 1 1 -0.591
3 1 2 1.823
3 1 3 0.898
3 1 4 0.922
3 1 5 2.026
3 1 6 -0.104
3 1 7 7.095
3 1 8 0.597
3 1 9 0.946
3 1 10 0.872
3 1 11 -0.974
3 1 12 0.953
3 1 13 1.415
3 1 14 -2.697
3 1 15 7.543
3 1 16 1.521
3 1 17 -8.295
3 1 18 -1.826
3 1 19 -0.286
3 1 20 2.317
3 1 21 -2.759
3 1 22 -4.420
3 1 23 1.050
3 2 1 -1.605
3 2 2 5.187
3 2 3 2.521
3 2 4 -1.228
3 2 5 1.549
3 2 6 0.304
3 2 7 0.544
3 2 8 0.459
3 2 9 1.334
3 2 10 0.435
3 2 11 0.808
3 2 12 1.139
3 2 13 1.822
3 2 14 0.096
3 2 15 0.717
3 2 16 -0.083
3 2 17 0.572
3 2 18 -1.523
3 2 19 -0.424
3 2 20 0.391
3 2 21 1.358
3 2 22 0.255
3 2 23 0.079
3 2 24 1.322
3 2 25 1.169
3 2 26 1.578
3 2 27 -0.613
3 2 28 0.263
3 2 29 2.537
3 2 30 -1.098
3 2 31 -0.490
3 2 32 1.019
3 2 33 -0.230
3 2 34 0.053
3 2 35 1.394
3 2 36 -0.525
3 2 37 -0.166
3 2 38 0.813
3 2 39 -0.808
3 2 40 0.526
3 2 41 0.911
3 2 42 1.152
3 2 43 -0.665
3 2 44 0.616
3 2 45 0.865
3 2 46 0.303
3 2 47 0.083
3 2 48 1.265
3 2 49 0.047
3 2 50 -2.931
3 2 51 -0.399
3 2 52 0.344
3 2 53 2.352
3 2 54 -0.910
3 2 55 0.714
3 2 56 0.031
3 2 57 1.635
3 2 58 0.362
3 2 59 -1.976
3 2 60 -0.415
3 2 61 -0.127
3 2 62 -0.936
3 3 1 -4.720
3 3 2 1.341
3 3 3 -6.305
3 3 4 -2.334
3 3 5 0.000
4 1 1 1.832
4 1 2 3.234
4 1 3 1.341
4 1 4 -1.549
4 1 5 -0.712
4 1 6 3.883
4 1 7 0.976
4 1 8 -0.931
4 1 9 -0.777
4 1 10 1.044
4 1 11 2.700
4 1 12 -1.042
4 1 13 0.422
4 1 14 -0.797
4 1 15 4.009
4 1 16 3.431
4 1 17 -2.396
4 1 18 0.787
4 1 19 0.089
4 1 20 0.759
4 1 21 0.109
4 1 22 2.287
4 1 23 -0.056
4 2 1 -0.327
4 2 2 -0.906
4 2 3 -1.586
4 2 4 0.308
4 2 5 0.553
4 2 6 -1.271
4 2 7 -0.070
4 2 8 0.452
4 2 9 1.942
4 2 10 1.113
4 2 11 0.913
4 2 12 1.236
4 2 13 0.564
4 2 14 0.424
4 2 15 0.383
4 2 16 -0.799
4 2 17 0.623
4 2 18 -1.222
4 2 19 0.157
4 2 20 1.993
4 2 21 -0.206
4 2 22 0.489
4 2 23 0.391
4 2 24 0.010
4 2 25 0.894
4 2 26 1.141
4 2 27 1.403
4 2 28 0.557
4 2 29 1.025
4 2 30 0.365
4 2 31 0.223
4 2 32 0.181
4 2 33 -0.164
4 2 34 0.939
4 2 35 0.884
4 2 36 1.423
4 2 37 0.980
4 2 38 1.562
4 2 39 0.230
4 2 40 -1.182
4 2 41 1.205
4 2 42 1.528
4 2 43 0.606
4 2 44 0.851
4 2 45 0.173
4 2 46 -1.071
4 2 47 1.038
4 2 48 0.047
4 2 49 0.935
4 2 50 -0.141
4 2 51 1.007
4 2 52 -0.193
4 2 53 1.099
4 2 54 0.328
4 2 55 1.690
4 2 56 1.007
4 2 57 -0.027
4 2 58 0.153
4 2 59 -1.409
4 2 60 1.483
4 2 61 1.476
4 2 62 -1.249
4 3 1 1.486
4 3 2 1.761
4 3 3 -5.314
4 3 4 8.909
4 3 5 1.826
5 1 1 -0.986
5 1 2 2.410
5 1 3 -0.448
5 1 4 0.198
5 1 5 0.219
5 1 6 3.530
5 1 7 -1.720
5 1 8 1.062
5 1 9 1.670
5 1 10 1.844
5 1 11 -0.435
5 1 12 -0.571
5 1 13 2.496
5 1 14 1.682
5 1 15 -3.351
5 1 16 9.344
5 1 17 2.499
5 1 18 -0.071
5 1 19 -1.190
5 1 20 -0.571
5 1 21 0.403
5 1 22 -0.977
5 1 23 0.159
5 2 1 1.538
5 2 2 -1.005
5 2 3 0.051
5 2 4 0.826
5 2 5 0.039
5 2 6 1.422
5 2 7 0.881
5 2 8 0.328
5 2 9 0.697
5 2 10 1.356
5 2 11 0.196
5 2 12 0.769
5 2 13 0.448
5 2 14 0.770
5 2 15 0.682
5 2 16 2.559
5 2 17 0.024
5 2 18 0.405
5 2 19 1.501
5 2 20 0.219
5 2 21 0.295
5 2 22 -0.559
5 2 23 -0.001
5 2 24 0.717
5 2 25 1.587
5 2 26 0.679
5 2 27 1.286
5 2 28 1.698
5 2 29 0.858
5 2 30 1.383
5 2 31 1.144
5 2 32 0.776
5 2 33 1.084
5 2 34 0.271
5 2 35 0.497
5 2 36 -0.397
5 2 37 0.148
5 2 38 -0.659
5 2 39 -0.438
5 2 40 0.143
5 2 41 1.028
5 2 42 1.961
5 2 43 0.877
5 2 44 0.821
5 2 45 1.588
5 2 46 0.117
5 2 47 0.989
5 2 48 -0.405
5 2 49 -0.571
5 2 50 0.659
5 2 51 1.084
5 2 52 0.077
5 2 53 0.720
5 2 54 1.574
5 2 55 -0.431
5 2 56 1.946
5 2 57 -0.231
5 2 58 0.351
5 2 59 -0.321
5 2 60 -0.541
5 2 61 1.826
5 2 62 -1.206
5 3 1 -0.192
5 3 2 1.502
5 3 3 3.179
5 3 4 -3.584
5 3 5 -7.860
6 1 1 3.534
6 1 2 0.020
6 1 3 -2.599
6 1 4 2.000
6 1 5 2.302
6 1 6 -2.073
6 1 7 0.048
6 1 8 2.870
6 1 9 2.119
6 1 10 -0.254
6 1 11 0.115
6 1 12 0.085
6 1 13 1.858
6 1 14 -5.380
6 1 15 -2.330
6 1 16 0.301
6 1 17 3.771
6 1 18 0.394
6 1 19 -0.200
6 1 20 2.067
6 1 21 0.000
6 1 22 -3.594
6 1 23 -0.440
6 2 1 -1.590
6 2 2 -0.149
6 2 3 -0.118
6 2 4 1.954
6 2 5 0.904
6 2 6 1.472
6 2 7 -0.617
6 2 8 -1.700
6 2 9 -0.553
6 2 10 0.410
6 2 11 0.679
6 2 12 1.124
6 2 13 0.118
6 2 14 0.293
6 2 15 0.222
6 2 16 -0.887
6 2 17 -1.242
6 2 18 0.024
6 2 19 1.618
6 2 20 -0.524
6 2 21 0.919
6 2 22 0.417
6 2 23 -0.105
6 2 24 1.079
6 2 25 0.989
6 2 26 0.363
6 2 27 0.751
6 2 28 0.711
6 2 29 0.818
6 2 30 0.643
6 2 31 0.836
6 2 32 0.305
6 2 33 -1.202
6 2 34 -0.125
6 2 35 0.279
6 2 36 0.872
6 2 37 -0.048
6 2 38 -1.019
6 2 39 -0.484
6 2 40 1.133
6 2 41 2.022
6 2 42 1.624
6 2 43 -0.421
6 2 44 0.391
6 2 45 0.462
6 2 46 1.064
6 2 47 0.147
6 2 48 -0.048
6 2 49 0.935
6 2 50 1.489
6 2 51 0.873
6 2 52 -0.411
6 2 53 1.037
6 2 54 0.644
6 2 55 0.771
6 2 56 0.721
6 2 57 0.967
6 2 58 -0.226
6 2 59 -0.714
6 2 60 0.225
6 2 61 -0.096
6 2 62 -1.006
6 3 1 -0.744
6 3 2 1.695
6 3 3 12.092
6 3 4 -6.861
6 3 5 3.478
