1 1 1 58.4578 0.0034 0.7950 63.6046 0.0034 0.7950
1 1 2 60.4985 0.0034 0.7950 55.7222 0.0034 0.7950
1 1 3 60.9472 0.0034 0.7950 56.6129 0.0034 0.7950
1 1 4 52.6384 0.0034 0.7950 59.2776 0.0034 0.7950
1 1 5 82.0385 0.0034 0.7950 67.8192 0.0034 0.7950
1 1 6 78.4975 0.0034 0.7950 59.1816 0.0034 0.7950
1 1 7 95.7080 0.0034 0.7950 86.2322 0.0034 0.7950
1 1 8 43.4184 0.0034 0.7950 37.6806 0.0034 0.7950
1 1 9 55.2394 0.0034 0.7950 96.7004 0.0034 0.7950
1 1 10 53.9316 0.0034 0.7950 74.1728 0.0034 0.7950
1 1 11 40.4450 0.0034 0.7950 61.3273 0.0034 0.7950
1 1 12 58.1307 0.0034 0.7950 47.0199 0.0034 0.7950
1 1 13 49.2615 0.0034 0.7950 68.1575 0.0034 0.7950
1 1 14 38.5795 0.0034 0.7950 82.2516 0.0034 0.7950
1 1 15 53.6989 0.0034 0.7950 56.1152 0.0034 0.7950
1 1 16 50.7011 0.0034 0.7950 45.4425 0.0034 0.7950
1 1 17 44.6358 0.0034 0.7950 58.6091 0.0034 0.7950
1 1 18 57.7837 0.0034 0.7950 57.1504 0.0034 0.7950
1 1 19 25.2815 0.0034 0.7950 1.9391 0.0034 0.7950
1 1 20 76.5081 0.0034 0.7950 90.0094 0.0034 0.7950
1 1 21 47.7448 0.0034 0.7950 20.8758 0.0034 0.7950
1 1 22 50.1027 0.0034 0.7950 66.1282 0.0034 0.7950
1 1 23 2.9657 0.0034 0.7950 56.0172 0.0034 0.7950
1 2 1 40.0000 0.0034 0.7950 40.0000 0.0034 0.7950
1 2 2 40.0000 0.0034 0.7950 40.0000 0.0034 0.7950
1 2 3 28.0819 0.0034 0.7950 43.6325 0.0034 0.7950
1 2 4 45.3581 0.0034 0.7950 50.8383 0.0034 0.7950
1 2 5 54.7348 0.0034 0.7950 45.0325 0.0034 0.7950
1 2 6 53.3858 0.0034 0.7950 51.8610 0.0034 0.7950
1 2 7 45.3038 0.0034 0.7950 46.1340 0.0034 0.7950
1 2 8 46.0291 0.0034 0.7950 47.8636 0.0034 0.7950
1 2 9 41.2798 0.0034 0.7950 54.1135 0.0034 0.7950
1 2 10 49.3882 0.0034 0.7950 49.5216 0.0034 0.7950
1 2 11 49.8082 0.0034 0.7950 48.6388 0.0034 0.7950
1 2 12 44.4641 0.0034 0.7950 44.5808 0.0034 0.7950
1 2 13 59.2895 0.0034 0.7950 54.6979 0.0034 0.7950
1 2 14 44.1597 0.0034 0.7950 46.4606 0.0034 0.7950
1 2 15 47.1945 0.0034 0.7950 42.0218 0.0034 0.7950
1 2 16 47.8666 0.0034 0.7950 47.5972 0.0034 0.7950
1 2 17 40.9748 0.0034 0.7950 34.4894 0.0034 0.7950
1 2 18 45.3443 0.0034 0.7950 36.3773 0.0034 0.7950
1 2 19 87.6056 0.0034 0.7950 38.1114 0.0034 0.7950
1 2 20 96.3103 0.0034 0.7950 56.7552 0.0034 0.7950
1 2 21 97.1743 0.0034 0.7950 56.5136 0.0034 0.7950
1 2 22 81.9362 0.0034 0.7950 57.4503 0.0034 0.7950
1 2 23 77.8012 0.0034 0.7950 50.0820 0.0034 0.7950
1 2 24 76.6419 0.0034 0.7950 45.6165 0.0034 0.7950
1 2 25 138.2617 0.0034 0.7950 48.4404 0.0034 0.7950
1 2 26 76.6180 0.0034 0.7950 28.1416 0.0034 0.7950
1 2 27 68.4849 0.0034 0.7950 32.6294 0.0034 0.7950
1 2 28 97.3589 0.0034 0.7950 53.8650 0.0034 0.7950
1 2 29 55.8832 0.0034 0.7950 71.9207 0.0034 0.7950
1 2 30 62.3256 0.0034 0.7950 78.3426 0.0034 0.7950
1 2 31 58.1852 0.0034 0.7950 63.1813 0.0034 0.7950
1 2 32 40.9168 0.0034 0.7950 49.6606 0.0034 0.7950
1 2 33 72.0263 0.0034 0.7950 38.9546 0.0034 0.7950
1 2 34 37.9533 0.0034 0.7950 43.4624 0.0034 0.7950
1 2 35 48.1185 0.0034 0.7950 65.8886 0.0034 0.7950
1 2 36 44.1812 0.0034 0.7950 45.7647 0.0034 0.7950
1 2 37 45.6301 0.0034 0.7950 47.8970 0.0034 0.7950
1 2 38 42.7672 0.0034 0.7950 54.4979 0.0034 0.7950
1 2 39 35.1132 0.0034 0.7950 46.1380 0.0034 0.7950
1 2 40 33.9642 0.0034 0.7950 59.5572 0.0034 0.7950
1 2 41 48.0543 0.0034 0.7950 32.3478 0.0034 0.7950
1 2 42 46.5954 0.0034 0.7950 48.2686 0.0034 0.7950
1 2 43 55.8907 0.0034 0.7950 56.9880 0.0034 0.7950
1 2 44 52.3615 0.0034 0.7950 47.7847 0.0034 0.7950
1 2 45 30.4463 0.0034 0.7950 42.4266 0.0034 0.7950
1 2 46 38.1826 0.0034 0.7950 38.1504 0.0034 0.7950
1 2 47 107.7333 0.0034 0.7950 64.9182 0.0034 0.7950
1 2 48 73.4383 0.0034 0.7950 65.4245 0.0034 0.7950
1 2 49 114.7846 0.0034 0.7950 0.0000 0.0034 0.7950
1 2 50 66.6178 0.0034 0.7950 79.7340 0.0034 0.7950
1 2 51 57.2906 0.0034 0.7950 36.6615 0.0034 0.7950
1 2 52 200.0000 0.0034 0.7950 23.3139 0.0034 0.7950
1 2 53 15.2868 0.0034 0.7950 0.0204 0.0034 0.7950
1 2 54 9.1161 0.0034 0.7950 0.0000 0.0034 0.7950
1 2 55 108.7160 0.0034 0.7950 62.1988 0.0034 0.7950
1 2 56 35.9442 0.0034 0.7950 34.2090 0.0034 0.7950
1 2 57 40.0000 0.0034 0.7950 199.9999 0.0034 0.7950
1 2 58 40.0000 0.0034 0.7950 0.0000 0.0034 0.7950
1 2 59 41.4857 0.0034 0.7950 36.9715 0.0034 0.7950
1 2 60 40.0000 0.0034 0.7950 30.6866 0.0034 0.7950
1 2 61 40.0000 0.0034 0.7950 40.0000 0.0034 0.7950
1 2 62 40.0000 0.0034 0.7950 40.0000 0.0034 0.7950
1 3 1 40.0000 0.0034 0.7950 66.7556 0.0034 0.7950
1 3 2 40.0000 0.0034 0.7950 40.0000 0.0034 0.7950
1 3 3 40.0000 0.0034 0.7950 40.0000 0.0034 0.7950
1 3 4 40.0000 0.0034 0.7950 40.0000 0.0034 0.7950
1 3 5 40.0000 0.0034 0.7950 40.0000 0.0034 0.7950
2 1 1 42.5077 0.0034 0.7950 41.9634 0.0034 0.7950
2 1 2 86.3252 0.0034 0.7950 64.2013 0.0034 0.7950
2 1 3 32.5815 0.0034 0.7950 45.7828 0.0034 0.7950
2 1 4 46.1758 0.0034 0.7950 89.6798 0.0034 0.7950
2 1 5 40.8259 0.0034 0.7950 104.9798 0.0034 0.7950
2 1 6 40.0000 0.0034 0.7950 40.0000 0.0034 0.7950
2 1 7 59.9848 0.0034 0.7950 80.0637 0.0034 0.7950
2 1 8 45.2675 0.0034 0.7950 90.3335 0.0034 0.7950
2 1 9 63.3285 0.0034 0.7950 52.8981 0.0034 0.7950
2 1 10 40.0000 0.0034 0.7950 40.0000 0.0034 0.7950
2 1 11 67.7671 0.0034 0.7950 89.2987 0.0034 0.7950
2 1 12 31.8639 0.0034 0.7950 32.3172 0.0034 0.7950
2 1 13 63.8779 0.0034 0.7950 54.6183 0.0034 0.7950
2 1 14 72.2909 0.0034 0.7950 53.3814 0.0034 0.7950
2 1 15 44.1072 0.0034 0.7950 58.7523 0.0034 0.7950
2 1 16 47.7545 0.0034 0.7950 45.3602 0.0034 0.7950
2 1 17 54.4674 0.0034 0.7950 53.1278 0.0034 0.7950
2 1 18 67.5723 0.0034 0.7950 37.3916 0.0034 0.7950
2 1 19 37.7505 0.0034 0.7950 58.7883 0.0034 0.7950
2 1 20 19.1986 0.0034 0.7950 69.1991 0.0034 0.7950
2 1 21 32.6866 0.0034 0.7950 41.6764 0.0034 0.7950
2 1 22 31.5343 0.0034 0.7950 44.0767 0.0034 0.7950
2 1 23 40.0000 0.0034 0.7950 33.3820 0.0034 0.7950
2 2 1 40.0000 0.0034 0.7950 40.0000 0.0034 0.7950
2 2 2 40.0000 0.0034 0.7950 40.0000 0.0034 0.7950
2 2 3 40.0000 0.0034 0.7950 40.0000 0.0034 0.7950
2 2 4 40.0000 0.0034 0.7950 40.0000 0.0034 0.7950
2 2 5 40.0000 0.0034 0.7950 40.0000 0.0034 0.7950
2 2 6 40.5516 0.0034 0.7950 40.0000 0.0034 0.7950
2 2 7 41.6062 0.0034 0.7950 38.3206 0.0034 0.7950
2 2 8 199.9997 0.0034 0.7950 41.6786 0.0034 0.7950
2 2 9 49.9369 0.0034 0.7950 40.0000 0.0034 0.7950
2 2 10 48.8660 0.0034 0.7950 7.8794 0.0034 0.7950
2 2 11 42.0279 0.0034 0.7950 102.8888 0.0034 0.7950
2 2 12 31.7219 0.0034 0.7950 49.4069 0.0034 0.7950
2 2 13 45.3401 0.0034 0.7950 115.0173 0.0034 0.7950
2 2 14 63.5517 0.0034 0.7950 108.5085 0.0034 0.7950
2 2 15 55.3505 0.0034 0.7950 47.6715 0.0034 0.7950
2 2 16 38.3577 0.0034 0.7950 31.4939 0.0034 0.7950
2 2 17 69.1192 0.0034 0.7950 37.4635 0.0034 0.7950
2 2 18 41.4843 0.0034 0.7950 32.6202 0.0034 0.7950
2 2 19 89.7090 0.0034 0.7950 101.0036 0.0034 0.7950
2 2 20 93.2710 0.0034 0.7950 43.9719 0.0034 0.7950
2 2 21 131.9186 0.0034 0.7950 143.7520 0.0034 0.7950
2 2 22 50.2878 0.0034 0.7950 93.2096 0.0034 0.7950
2 2 23 49.1306 0.0034 0.7950 37.6813 0.0034 0.7950
2 2 24 34.7811 0.0034 0.7950 85.2455 0.0034 0.7950
2 2 25 50.3036 0.0034 0.7950 49.4812 0.0034 0.7950
2 2 26 42.9125 0.0034 0.7950 46.6890 0.0034 0.7950
2 2 27 47.3534 0.0034 0.7950 94.7887 0.0034 0.7950
2 2 28 67.5264 0.0034 0.7950 84.2185 0.0034 0.7950
2 2 29 57.0580 0.0034 0.7950 50.5929 0.0034 0.7950
2 2 30 72.2628 0.0034 0.7950 73.4279 0.0034 0.7950
2 2 31 41.3951 0.0034 0.7950 61.3635 0.0034 0.7950
2 2 32 47.9909 0.0034 0.7950 57.8241 0.0034 0.7950
2 2 33 54.4573 0.0034 0.7950 85.9396 0.0034 0.7950
2 2 34 51.8156 0.0034 0.7950 61.6208 0.0034 0.7950
2 2 35 48.7925 0.0034 0.7950 47.4212 0.0034 0.7950
2 2 36 41.6084 0.0034 0.7950 52.9577 0.0034 0.7950
2 2 37 57.7023 0.0034 0.7950 45.1648 0.0034 0.7950
2 2 38 51.4921 0.0034 0.7950 38.4370 0.0034 0.7950
2 2 39 39.6544 0.0034 0.7950 51.6390 0.0034 0.7950
2 2 40 34.5453 0.0034 0.7950 37.7707 0.0034 0.7950
2 2 41 45.1257 0.0034 0.7950 58.3878 0.0034 0.7950
2 2 42 36.3096 0.0034 0.7950 38.7593 0.0034 0.7950
2 2 43 31.2708 0.0034 0.7950 53.2351 0.0034 0.7950
2 2 44 44.3910 0.0034 0.7950 36.8459 0.0034 0.7950
2 2 45 37.6018 0.0034 0.7950 50.3060 0.0034 0.7950
2 2 46 42.7103 0.0034 0.7950 41.0722 0.0034 0.7950
2 2 47 55.0996 0.0034 0.7950 27.0752 0.0034 0.7950
2 2 48 26.8726 0.0034 0.7950 46.2442 0.0034 0.7950
2 2 49 22.0310 0.0034 0.7950 25.5824 0.0034 0.7950
2 2 50 20.3500 0.0034 0.7950 53.6705 0.0034 0.7950
2 2 51 155.0405 0.0034 0.7950 58.8371 0.0034 0.7950
2 2 52 45.6367 0.0034 0.7950 86.1572 0.0034 0.7950
2 2 53 200.0000 0.0034 0.7950 154.9632 0.0034 0.7950
2 2 54 0.0000 0.0034 0.7950 38.7155 0.0034 0.7950
2 2 55 37.6864 0.0034 0.7950 40.0000 0.0034 0.7950
2 2 56 40.0000 0.0034 0.7950 40.0000 0.0034 0.7950
2 2 57 40.0000 0.0034 0.7950 40.0000 0.0034 0.7950
2 2 58 40.0000 0.0034 0.7950 40.0000 0.0034 0.7950
2 2 59 40.0000 0.0034 0.7950 40.0000 0.0034 0.7950
2 2 60 40.0000 0.0034 0.7950 40.0000 0.0034 0.7950
2 2 61 40.0000 0.0034 0.7950 40.0000 0.0034 0.7950
2 2 62 40.0000 0.0034 0.7950 40.0000 0.0034 0.7950
2 3 1 40.0000 0.0034 0.7950 40.0000 0.0034 0.7950
2 3 2 40.0000 0.0034 0.7950 40.0000 0.0034 0.7950
2 3 3 40.0000 0.0034 0.7950 40.0000 0.0034 0.7950
2 3 4 40.0000 0.0034 0.7950 40.0000 0.0034 0.7950
2 3 5 40.0000 0.0034 0.7950 40.0000 0.0034 0.7950
3 1 1 93.2412 0.0034 0.7950 44.9967 0.0034 0.7950
3 1 2 55.0022 0.0034 0.7950 54.1557 0.0034 0.7950
3 1 3 68.5888 0.0034 0.7950 44.9481 0.0034 0.7950
3 1 4 45.9638 0.0034 0.7950 43.7989 0.0034 0.7950
3 1 5 63.7643 0.0034 0.7950 46.8940 0.0034 0.7950
3 1 6 56.1607 0.0034 0.7950 44.7716 0.0034 0.7950
3 1 7 70.3584 0.0034 0.7950 58.7404 0.0034 0.7950
3 1 8 73.4034 0.0034 0.7950 61.8473 0.0034 0.7950
3 1 9 59.3986 0.0034 0.7950 86.3220 0.0034 0.7950
3 1 10 50.6058 0.0034 0.7950 58.3876 0.0034 0.7950
3 1 11 17.0104 0.0034 0.7950 30.2712 0.0034 0.7950
3 1 12 56.7975 0.0034 0.7950 63.3058 0.0034 0.7950
3 1 13 59.1668 0.0034 0.7950 70.3835 0.0034 0.7950
3 1 14 14.2526 0.0034 0.7950 66.6055 0.0034 0.7950
3 1 15 32.6057 0.0034 0.7950 52.4694 0.0034 0.7950
3 1 16 60.0625 0.0034 0.7950 55.6976 0.0034 0.7950
3 1 17 51.9471 0.0034 0.7950 44.0612 0.0034 0.7950
3 1 18 52.5828 0.0034 0.7950 59.9304 0.0034 0.7950
3 1 19 67.8924 0.0034 0.7950 39.1927 0.0034 0.7950
3 1 20 35.4193 0.0034 0.7950 34.4237 0.0034 0.7950
3 1 21 20.0613 0.0034 0.7950 50.1247 0.0034 0.7950
3 1 22 0.0000 0.0034 0.7950 40.0000 0.0034 0.7950
3 1 23 31.7830 0.0034 0.7950 40.0000 0.0034 0.7950
3 2 1 40.0000 0.0034 0.7950 40.0000 0.0034 0.7950
3 2 2 40.0000 0.0034 0.7950 40.0000 0.0034 0.7950
3 2 3 44.1687 0.0034 0.7950 38.6084 0.0034 0.7950
3 2 4 44.4670 0.0034 0.7950 54.0946 0.0034 0.7950
3 2 5 32.6792 0.0034 0.7950 33.1216 0.0034 0.7950
3 2 6 53.7450 0.0034 0.7950 50.4431 0.0034 0.7950
3 2 7 50.2388 0.0034 0.7950 44.3113 0.0034 0.7950
3 2 8 53.9037 0.0034 0.7950 45.0902 0.0034 0.7950
3 2 9 49.9003 0.0034 0.7950 46.9957 0.0034 0.7950
3 2 10 53.4454 0.0034 0.7950 41.7478 0.0034 0.7950
3 2 11 43.0261 0.0034 0.7950 44.3056 0.0034 0.7950
3 2 12 48.6841 0.0034 0.7950 52.8478 0.0034 0.7950
3 2 13 48.4974 0.0034 0.7950 44.9835 0.0034 0.7950
3 2 14 41.5498 0.0034 0.7950 46.8857 0.0034 0.7950
3 2 15 43.9950 0.0034 0.7950 45.9918 0.0034 0.7950
3 2 16 52.4036 0.0034 0.7950 46.7017 0.0034 0.7950
3 2 17 49.2401 0.0034 0.7950 40.5125 0.0034 0.7950
3 2 18 45.8603 0.0034 0.7950 45.9965 0.0034 0.7950
3 2 19 47.5802 0.0034 0.7950 48.8187 0.0034 0.7950
3 2 20 50.2624 0.0034 0.7950 35.4418 0.0034 0.7950
3 2 21 76.3925 0.0034 0.7950 43.7449 0.0034 0.7950
3 2 22 59.2066 0.0034 0.7950 46.6460 0.0034 0.7950
3 2 23 50.7647 0.0034 0.7950 46.8019 0.0034 0.7950
3 2 24 60.7086 0.0034 0.7950 43.9681 0.0034 0.7950
3 2 25 64.1719 0.0034 0.7950 28.4225 0.0034 0.7950
3 2 26 89.8877 0.0034 0.7950 67.6365 0.0034 0.7950
3 2 27 72.4700 0.0034 0.7950 50.7951 0.0034 0.7950
3 2 28 49.7919 0.0034 0.7950 38.5370 0.0034 0.7950
3 2 29 89.0344 0.0034 0.7950 83.2595 0.0034 0.7950
3 2 30 62.2180 0.0034 0.7950 86.5943 0.0034 0.7950
3 2 31 80.5322 0.0034 0.7950 68.6585 0.0034 0.7950
3 2 32 66.9401 0.0034 0.7950 66.5725 0.0034 0.7950
3 2 33 97.2722 0.0034 0.7950 52.1181 0.0034 0.7950
3 2 34 71.8264 0.0034 0.7950 40.9887 0.0034 0.7950
3 2 35 57.0037 0.0034 0.7950 41.1005 0.0034 0.7950
3 2 36 46.7103 0.0034 0.7950 59.5375 0.0034 0.7950
3 2 37 56.1958 0.0034 0.7950 64.2941 0.0034 0.7950
3 2 38 47.7432 0.0034 0.7950 53.8472 0.0034 0.7950
3 2 39 34.5298 0.0034 0.7950 57.2167 0.0034 0.7950
3 2 40 42.2575 0.0034 0.7950 44.6019 0.0034 0.7950
3 2 41 51.0203 0.0034 0.7950 46.7770 0.0034 0.7950
3 2 42 57.9029 0.0034 0.7950 59.7353 0.0034 0.7950
3 2 43 49.8274 0.0034 0.7950 53.7761 0.0034 0.7950
3 2 44 45.1090 0.0034 0.7950 35.9862 0.0034 0.7950
3 2 45 79.6403 0.0034 0.7950 39.7459 0.0034 0.7950
3 2 46 51.5279 0.0034 0.7950 41.1774 0.0034 0.7950
3 2 47 80.5069 0.0034 0.7950 17.7650 0.0034 0.7950
3 2 48 61.9754 0.0034 0.7950 59.7598 0.0034 0.7950
3 2 49 62.4050 0.0034 0.7950 30.9013 0.0034 0.7950
3 2 50 10.9515 0.0034 0.7950 5.7905 0.0034 0.7950
3 2 51 58.3757 0.0034 0.7950 0.0000 0.0034 0.7950
3 2 52 13.9794 0.0034 0.7950 84.2321 0.0034 0.7950
3 2 53 171.0251 0.0034 0.7950 166.0598 0.0034 0.7950
3 2 54 33.6942 0.0034 0.7950 38.3467 0.0034 0.7950
3 2 55 58.2890 0.0034 0.7950 161.5865 0.0034 0.7950
3 2 56 0.0117 0.0034 0.7950 40.0000 0.0034 0.7950
3 2 57 40.0000 0.0034 0.7950 40.0000 0.0034 0.7950
3 2 58 40.0000 0.0034 0.7950 40.0000 0.0034 0.7950
3 2 59 40.0000 0.0034 0.7950 40.0000 0.0034 0.7950
3 2 60 40.0000 0.0034 0.7950 40.0000 0.0034 0.7950
3 2 61 40.0000 0.0034 0.7950 40.0000 0.0034 0.7950
3 2 62 40.0000 0.0034 0.7950 40.0000 0.0034 0.7950
3 3 1 9.6233 0.0034 0.7950 40.2554 0.0034 0.7950
3 3 2 0.0000 0.0034 0.7950 40.0000 0.0034 0.7950
3 3 3 40.0000 0.0034 0.7950 40.0000 0.0034 0.7950
3 3 4 40.0000 0.0034 0.7950 40.0000 0.0034 0.7950
3 3 5 40.0000 0.0034 0.7950 40.0000 0.0034 0.7950
4 1 1 59.6607 0.0034 0.7950 46.2873 0.0034 0.7950
4 1 2 109.2082 0.0034 0.7950 73.8634 0.0034 0.7950
4 1 3 199.9992 0.0034 0.7950 164.2385 0.0034 0.7950
4 1 4 24.3472 0.0034 0.7950 61.6860 0.0034 0.7950
4 1 5 64.1092 0.0034 0.7950 64.6518 0.0034 0.7950
4 1 6 55.9472 0.0034 0.7950 62.9586 0.0034 0.7950
4 1 7 92.9644 0.0034 0.7950 81.0156 0.0034 0.7950
4 1 8 68.8922 0.0034 0.7950 63.1906 0.0034 0.7950
4 1 9 66.7010 0.0034 0.7950 65.3632 0.0034 0.7950
4 1 10 31.0973 0.0034 0.7950 58.7653 0.0034 0.7950
4 1 11 45.5870 0.0034 0.7950 0.0000 0.0034 0.7950
4 1 12 64.2812 0.0034 0.7950 89.4992 0.0034 0.7950
4 1 13 64.9826 0.0034 0.7950 55.6620 0.0034 0.7950
4 1 14 69.1585 0.0034 0.7950 58.7499 0.0034 0.7950
4 1 15 43.6432 0.0034 0.7950 47.5024 0.0034 0.7950
4 1 16 47.6892 0.0034 0.7950 49.1950 0.0034 0.7950
4 1 17 49.2462 0.0034 0.7950 50.6522 0.0034 0.7950
4 1 18 40.0000 0.0034 0.7950 40.0000 0.0034 0.7950
4 1 19 12.2401 0.0034 0.7950 42.1021 0.0034 0.7950
4 1 20 20.9326 0.0034 0.7950 10.6118 0.0034 0.7950
4 1 21 4.1439 0.0034 0.7950 26.5405 0.0034 0.7950
4 1 22 0.0000 0.0034 0.7950 10.3211 0.0034 0.7950
4 1 23 0.0000 0.0034 0.7950 0.0053 0.0034 0.7950
4 2 1 44.4714 0.0034 0.7950 50.3724 0.0034 0.7950
4 2 2 51.6586 0.0034 0.7950 52.5329 0.0034 0.7950
4 2 3 49.8750 0.0034 0.7950 48.6708 0.0034 0.7950
4 2 4 49.5843 0.0034 0.7950 47.0408 0.0034 0.7950
4 2 5 52.8603 0.0034 0.7950 45.3840 0.0034 0.7950
4 2 6 41.8401 0.0034 0.7950 47.6156 0.0034 0.7950
4 2 7 43.7418 0.0034 0.7950 45.2922 0.0034 0.7950
4 2 8 49.4367 0.0034 0.7950 42.0950 0.0034 0.7950
4 2 9 35.6129 0.0034 0.7950 47.8842 0.0034 0.7950
4 2 10 0.0007 0.0034 0.7950 37.4326 0.0034 0.7950
4 2 11 46.6483 0.0034 0.7950 199.9994 0.0034 0.7950
4 2 12 38.1865 0.0034 0.7950 29.0220 0.0034 0.7950
4 2 13 200.0000 0.0034 0.7950 77.3217 0.0034 0.7950
4 2 14 118.8039 0.0034 0.7950 57.1938 0.0034 0.7950
4 2 15 42.3340 0.0034 0.7950 43.3610 0.0034 0.7950
4 2 16 46.4258 0.0034 0.7950 61.2274 0.0034 0.7950
4 2 17 67.5185 0.0034 0.7950 32.1546 0.0034 0.7950
4 2 18 76.4150 0.0034 0.7950 60.0889 0.0034 0.7950
4 2 19 91.2721 0.0034 0.7950 66.9154 0.0034 0.7950
4 2 20 125.4754 0.0034 0.7950 55.5884 0.0034 0.7950
4 2 21 74.2431 0.0034 0.7950 67.0459 0.0034 0.7950
4 2 22 98.4281 0.0034 0.7950 84.7156 0.0034 0.7950
4 2 23 77.7483 0.0034 0.7950 72.1824 0.0034 0.7950
4 2 24 87.1272 0.0034 0.7950 83.6038 0.0034 0.7950
4 2 25 13.5052 0.0034 0.7950 59.3924 0.0034 0.7950
4 2 26 36.7961 0.0034 0.7950 39.5532 0.0034 0.7950
4 2 27 99.7853 0.0034 0.7950 36.3988 0.0034 0.7950
4 2 28 0.0000 0.0034 0.7950 38.4181 0.0034 0.7950
4 2 29 50.8559 0.0034 0.7950 48.6496 0.0034 0.7950
4 2 30 70.7513 0.0034 0.7950 0.0000 0.0034 0.7950
4 2 31 36.4050 0.0034 0.7950 54.1072 0.0034 0.7950
4 2 32 51.6303 0.0034 0.7950 55.6476 0.0034 0.7950
4 2 33 71.5156 0.0034 0.7950 52.5575 0.0034 0.7950
4 2 34 34.2742 0.0034 0.7950 37.2380 0.0034 0.7950
4 2 35 70.9200 0.0034 0.7950 56.3697 0.0034 0.7950
4 2 36 42.3967 0.0034 0.7950 51.6190 0.0034 0.7950
4 2 37 51.7635 0.0034 0.7950 35.5532 0.0034 0.7950
4 2 38 45.8445 0.0034 0.7950 43.9451 0.0034 0.7950
4 2 39 38.6754 0.0034 0.7950 60.9136 0.0034 0.7950
4 2 40 40.0825 0.0034 0.7950 47.3457 0.0034 0.7950
4 2 41 49.3662 0.0034 0.7950 45.3589 0.0034 0.7950
4 2 42 35.8615 0.0034 0.7950 44.9769 0.0034 0.7950
4 2 43 45.0771 0.0034 0.7950 55.9868 0.0034 0.7950
4 2 44 48.5202 0.0034 0.7950 36.7731 0.0034 0.7950
4 2 45 40.6482 0.0034 0.7950 47.4907 0.0034 0.7950
4 2 46 38.4643 0.0034 0.7950 53.3372 0.0034 0.7950
4 2 47 43.2389 0.0034 0.7950 48.4085 0.0034 0.7950
4 2 48 49.5428 0.0034 0.7950 60.0139 0.0034 0.7950
4 2 49 51.0996 0.0034 0.7950 63.9123 0.0034 0.7950
4 2 50 83.4116 0.0034 0.7950 27.9298 0.0034 0.7950
4 2 51 38.5173 0.0034 0.7950 0.0002 0.0034 0.7950
4 2 52 83.2876 0.0034 0.7950 38.3119 0.0034 0.7950
4 2 53 136.1826 0.0034 0.7950 33.9312 0.0034 0.7950
4 2 54 75.0209 0.0034 0.7950 0.0000 0.0034 0.7950
4 2 55 40.0000 0.0034 0.7950 0.0000 0.0034 0.7950
4 2 56 40.0000 0.0034 0.7950 0.0000 0.0034 0.7950
4 2 57 40.0000 0.0034 0.7950 143.1294 0.0034 0.7950
4 2 58 33.9505 0.0034 0.7950 40.0000 0.0034 0.7950
4 2 59 42.2292 0.0034 0.7950 40.0000 0.0034 0.7950
4 2 60 40.0000 0.0034 0.7950 40.0000 0.0034 0.7950
4 2 61 40.0000 0.0034 0.7950 40.0000 0.0034 0.7950
4 2 62 40.0000 0.0034 0.7950 40.0000 0.0034 0.7950
4 3 1 98.3566 0.0034 0.7950 40.0000 0.0034 0.7950
4 3 2 40.0000 0.0034 0.7950 40.0000 0.0034 0.7950
4 3 3 40.0000 0.0034 0.7950 40.0000 0.0034 0.7950
4 3 4 40.0000 0.0034 0.7950 40.0000 0.0034 0.7950
4 3 5 40.0000 0.0034 0.7950 40.0000 0.0034 0.7950
5 1 1 40.0000 0.0034 0.7950 40.0000 0.0034 0.7950
5 1 2 40.0000 0.0034 0.7950 40.0000 0.0034 0.7950
5 1 3 40.0000 0.0034 0.7950 40.0000 0.0034 0.7950
5 1 4 40.0000 0.0034 0.7950 40.0000 0.0034 0.7950
5 1 5 40.0000 0.0034 0.7950 40.0000 0.0034 0.7950
5 1 6 40.0000 0.0034 0.7950 40.0000 0.0034 0.7950
5 1 7 40.0000 0.0034 0.7950 40.0000 0.0034 0.7950
5 1 8 39.0487 0.0034 0.7950 0.0000 0.0034 0.7950
5 1 9 99.8472 0.0034 0.7950 117.8972 0.0034 0.7950
5 1 10 88.0053 0.0034 0.7950 69.9768 0.0034 0.7950
5 1 11 90.9191 0.0034 0.7950 12.1121 0.0034 0.7950
5 1 12 70.0817 0.0034 0.7950 87.7720 0.0034 0.7950
5 1 13 83.4202 0.0034 0.7950 61.8167 0.0034 0.7950
5 1 14 55.3836 0.0034 0.7950 52.3274 0.0034 0.7950
5 1 15 91.1917 0.0034 0.7950 45.0035 0.0034 0.7950
5 1 16 53.5289 0.0034 0.7950 10.1824 0.0034 0.7950
5 1 17 39.8311 0.0034 0.7950 77.2753 0.0034 0.7950
5 1 18 81.5737 0.0034 0.7950 18.0597 0.0034 0.7950
5 1 19 91.2757 0.0034 0.7950 75.5212 0.0034 0.7950
5 1 20 99.8317 0.0034 0.7950 44.6932 0.0034 0.7950
5 1 21 30.0055 0.0034 0.7950 53.3295 0.0034 0.7950
5 1 22 40.0000 0.0034 0.7950 40.0000 0.0034 0.7950
5 1 23 40.0000 0.0034 0.7950 40.0000 0.0034 0.7950
5 2 1 40.0000 0.0034 0.7950 40.0000 0.0034 0.7950
5 2 2 40.0000 0.0034 0.7950 40.0000 0.0034 0.7950
5 2 3 40.0000 0.0034 0.7950 40.0000 0.0034 0.7950
5 2 4 40.0000 0.0034 0.7950 40.0000 0.0034 0.7950
5 2 5 40.0000 0.0034 0.7950 40.0000 0.0034 0.7950
5 2 6 40.0000 0.0034 0.7950 40.0000 0.0034 0.7950
5 2 7 40.0000 0.0034 0.7950 40.0000 0.0034 0.7950
5 2 8 40.0000 0.0034 0.7950 40.0000 0.0034 0.7950
5 2 9 40.0000 0.0034 0.7950 40.0000 0.0034 0.7950
5 2 10 40.0000 0.0034 0.7950 40.0000 0.0034 0.7950
5 2 11 40.0000 0.0034 0.7950 40.0000 0.0034 0.7950
5 2 12 40.0000 0.0034 0.7950 40.0000 0.0034 0.7950
5 2 13 40.0000 0.0034 0.7950 40.0000 0.0034 0.7950
5 2 14 40.0000 0.0034 0.7950 40.0000 0.0034 0.7950
5 2 15 40.0000 0.0034 0.7950 40.0000 0.0034 0.7950
5 2 16 40.0000 0.0034 0.7950 40.0000 0.0034 0.7950
5 2 17 40.0000 0.0034 0.7950 40.0000 0.0034 0.7950
5 2 18 40.0000 0.0034 0.7950 40.0000 0.0034 0.7950
5 2 19 40.0000 0.0034 0.7950 40.0000 0.0034 0.7950
5 2 20 40.0000 0.0034 0.7950 40.0000 0.0034 0.7950
5 2 21 40.0000 0.0034 0.7950 40.0000 0.0034 0.7950
5 2 22 40.0000 0.0034 0.7950 40.0000 0.0034 0.7950
5 2 23 38.3794 0.0034 0.7950 40.0000 0.0034 0.7950
5 2 24 40.0000 0.0034 0.7950 40.0000 0.0034 0.7950
5 2 25 90.8620 0.0034 0.7950 40.0000 0.0034 0.7950
5 2 26 40.0000 0.0034 0.7950 45.4076 0.0034 0.7950
5 2 27 56.0938 0.0034 0.7950 42.3801 0.0034 0.7950
5 2 28 55.4053 0.0034 0.7950 96.9373 0.0034 0.7950
5 2 29 47.6887 0.0034 0.7950 66.1257 0.0034 0.7950
5 2 30 70.1125 0.0034 0.7950 113.7821 0.0034 0.7950
5 2 31 105.3420 0.0034 0.7950 27.2960 0.0034 0.7950
5 2 32 93.3580 0.0034 0.7950 75.0553 0.0034 0.7950
5 2 33 56.6995 0.0034 0.7950 68.7178 0.0034 0.7950
5 2 34 57.3424 0.0034 0.7950 76.5557 0.0034 0.7950
5 2 35 99.8567 0.0034 0.7950 101.9378 0.0034 0.7950
5 2 36 38.8135 0.0034 0.7950 30.0606 0.0034 0.7950
5 2 37 82.1417 0.0034 0.7950 52.8259 0.0034 0.7950
5 2 38 59.0102 0.0034 0.7950 62.0753 0.0034 0.7950
5 2 39 33.3310 0.0034 0.7950 25.4676 0.0034 0.7950
5 2 40 151.5145 0.0034 0.7950 24.3171 0.0034 0.7950
5 2 41 84.0944 0.0034 0.7950 30.4642 0.0034 0.7950
5 2 42 35.1701 0.0034 0.7950 61.6630 0.0034 0.7950
5 2 43 69.0648 0.0034 0.7950 86.1621 0.0034 0.7950
5 2 44 0.0003 0.0034 0.7950 0.0000 0.0034 0.7950
5 2 45 74.1560 0.0034 0.7950 55.9705 0.0034 0.7950
5 2 46 40.0000 0.0034 0.7950 0.0000 0.0034 0.7950
5 2 47 0.0004 0.0034 0.7950 0.0000 0.0034 0.7950
5 2 48 40.0000 0.0034 0.7950 56.0336 0.0034 0.7950
5 2 49 0.0088 0.0034 0.7950 94.2664 0.0034 0.7950
5 2 50 36.8847 0.0034 0.7950 135.5224 0.0034 0.7950
5 2 51 35.6177 0.0034 0.7950 200.0000 0.0034 0.7950
5 2 52 199.9996 0.0034 0.7950 83.9662 0.0034 0.7950
5 2 53 42.7109 0.0034 0.7950 42.3760 0.0034 0.7950
5 2 54 40.0000 0.0034 0.7950 40.0000 0.0034 0.7950
5 2 55 40.0000 0.0034 0.7950 40.0000 0.0034 0.7950
5 2 56 40.0000 0.0034 0.7950 40.0000 0.0034 0.7950
5 2 57 40.0000 0.0034 0.7950 40.0000 0.0034 0.7950
5 2 58 40.0000 0.0034 0.7950 40.0000 0.0034 0.7950
5 2 59 40.0000 0.0034 0.7950 40.0000 0.0034 0.7950
5 2 60 40.0000 0.0034 0.7950 40.0000 0.0034 0.7950
5 2 61 40.0000 0.0034 0.7950 40.0000 0.0034 0.7950
5 2 62 40.0000 0.0034 0.7950 40.0000 0.0034 0.7950
5 3 1 40.0000 0.0034 0.7950 40.0000 0.0034 0.7950
5 3 2 40.0000 0.0034 0.7950 40.0000 0.0034 0.7950
5 3 3 40.0000 0.0034 0.7950 40.0000 0.0034 0.7950
5 3 4 40.0000 0.0034 0.7950 40.0000 0.0034 0.7950
5 3 5 40.0000 0.0034 0.7950 40.0000 0.0034 0.7950
6 1 1 63.1892 0.0034 0.7950 57.0328 0.0034 0.7950
6 1 2 49.0248 0.0034 0.7950 57.1176 0.0034 0.7950
6 1 3 46.9730 0.0034 0.7950 54.2804 0.0034 0.7950
6 1 4 51.9208 0.0034 0.7950 46.4926 0.0034 0.7950
6 1 5 52.1211 0.0034 0.7950 59.1996 0.0034 0.7950
6 1 6 53.1080 0.0034 0.7950 63.9570 0.0034 0.7950
6 1 7 52.8629 0.0034 0.7950 49.2668 0.0034 0.7950
6 1 8 51.1105 0.0034 0.7950 83.8455 0.0034 0.7950
6 1 9 56.0371 0.0034 0.7950 57.0675 0.0034 0.7950
6 1 10 63.9460 0.0034 0.7950 55.0900 0.0034 0.7950
6 1 11 52.3417 0.0034 0.7950 43.0577 0.0034 0.7950
6 1 12 54.3791 0.0034 0.7950 71.7961 0.0034 0.7950
6 1 13 54.3827 0.0034 0.7950 63.1007 0.0034 0.7950
6 1 14 49.2313 0.0034 0.7950 82.9841 0.0034 0.7950
6 1 15 48.7920 0.0034 0.7950 46.8044 0.0034 0.7950
6 1 16 68.2594 0.0034 0.7950 54.6654 0.0034 0.7950
6 1 17 46.5872 0.0034 0.7950 57.4411 0.0034 0.7950
6 1 18 56.1847 0.0034 0.7950 44.5488 0.0034 0.7950
6 1 19 33.8885 0.0034 0.7950 52.6593 0.0034 0.7950
6 1 20 59.6751 0.0034 0.7950 50.3031 0.0034 0.7950
6 1 21 40.0000 0.0034 0.7950 40.0000 0.0034 0.7950
6 1 22 40.0000 0.0034 0.7950 40.0000 0.0034 0.7950
6 1 23 40.0000 0.0034 0.7950 40.0000 0.0034 0.7950
6 2 1 40.0000 0.0034 0.7950 40.0000 0.0034 0.7950
6 2 2 45.3438 0.0034 0.7950 45.9737 0.0034 0.7950
6 2 3 48.5647 0.0034 0.7950 50.3852 0.0034 0.7950
6 2 4 51.7314 0.0034 0.7950 48.1255 0.0034 0.7950
6 2 5 49.0762 0.0034 0.7950 49.9193 0.0034 0.7950
6 2 6 53.9079 0.0034 0.7950 46.1470 0.0034 0.7950
6 2 7 43.9090 0.0034 0.7950 46.4586 0.0034 0.7950
6 2 8 41.3032 0.0034 0.7950 49.7652 0.0034 0.7950
6 2 9 47.8462 0.0034 0.7950 55.5300 0.0034 0.7950
6 2 10 46.6721 0.0034 0.7950 47.4129 0.0034 0.7950
6 2 11 43.7314 0.0034 0.7950 47.7937 0.0034 0.7950
6 2 12 43.0306 0.0034 0.7950 41.9879 0.0034 0.7950
6 2 13 44.3530 0.0034 0.7950 52.3724 0.0034 0.7950
6 2 14 46.3547 0.0034 0.7950 45.4969 0.0034 0.7950
6 2 15 47.9186 0.0034 0.7950 52.8102 0.0034 0.7950
6 2 16 44.3188 0.0034 0.7950 47.0951 0.0034 0.7950
6 2 17 42.9978 0.0034 0.7950 45.9291 0.0034 0.7950
6 2 18 53.0255 0.0034 0.7950 65.3304 0.0034 0.7950
6 2 19 56.8602 0.0034 0.7950 49.4082 0.0034 0.7950
6 2 20 42.6000 0.0034 0.7950 50.6577 0.0034 0.7950
6 2 21 41.8178 0.0034 0.7950 49.2989 0.0034 0.7950
6 2 22 33.6532 0.0034 0.7950 51.1177 0.0034 0.7950
6 2 23 51.7295 0.0034 0.7950 43.4837 0.0034 0.7950
6 2 24 41.9213 0.0034 0.7950 65.7641 0.0034 0.7950
6 2 25 41.9229 0.0034 0.7950 53.5940 0.0034 0.7950
6 2 26 35.4857 0.0034 0.7950 75.7156 0.0034 0.7950
6 2 27 40.9234 0.0034 0.7950 68.2904 0.0034 0.7950
6 2 28 39.4068 0.0034 0.7950 79.7100 0.0034 0.7950
6 2 29 55.4618 0.0034 0.7950 50.2402 0.0034 0.7950
6 2 30 37.7389 0.0034 0.7950 41.9718 0.0034 0.7950
6 2 31 42.8186 0.0034 0.7950 65.7506 0.0034 0.7950
6 2 32 56.0739 0.0034 0.7950 58.2625 0.0034 0.7950
6 2 33 64.5252 0.0034 0.7950 33.3951 0.0034 0.7950
6 2 34 33.8001 0.0034 0.7950 33.3575 0.0034 0.7950
6 2 35 48.0775 0.0034 0.7950 43.2669 0.0034 0.7950
6 2 36 39.5000 0.0034 0.7950 54.5948 0.0034 0.7950
6 2 37 50.2138 0.0034 0.7950 54.8834 0.0034 0.7950
6 2 38 39.3966 0.0034 0.7950 53.9704 0.0034 0.7950
6 2 39 32.7470 0.0034 0.7950 27.9397 0.0034 0.7950
6 2 40 34.2234 0.0034 0.7950 48.3340 0.0034 0.7950
6 2 41 59.7575 0.0034 0.7950 46.9319 0.0034 0.7950
6 2 42 30.0545 0.0034 0.7950 53.8695 0.0034 0.7950
6 2 43 37.8812 0.0034 0.7950 54.3327 0.0034 0.7950
6 2 44 41.7044 0.0034 0.7950 40.7563 0.0034 0.7950
6 2 45 28.8526 0.0034 0.7950 54.9480 0.0034 0.7950
6 2 46 41.6185 0.0034 0.7950 31.3531 0.0034 0.7950
6 2 47 51.4009 0.0034 0.7950 26.4014 0.0034 0.7950
6 2 48 23.9452 0.0034 0.7950 82.0520 0.0034 0.7950
6 2 49 32.9542 0.0034 0.7950 49.0386 0.0034 0.7950
6 2 50 1.0269 0.0034 0.7950 35.4892 0.0034 0.7950
6 2 51 48.2955 0.0034 0.7950 83.0502 0.0034 0.7950
6 2 52 149.9081 0.0034 0.7950 86.1065 0.0034 0.7950
6 2 53 37.7494 0.0034 0.7950 40.0000 0.0034 0.7950
6 2 54 40.0000 0.0034 0.7950 40.0000 0.0034 0.7950
6 2 55 40.0000 0.0034 0.7950 40.0000 0.0034 0.7950
6 2 56 40.0000 0.0034 0.7950 40.0000 0.0034 0.7950
6 2 57 40.0000 0.0034 0.7950 40.0000 0.0034 0.7950
6 2 58 40.0000 0.0034 0.7950 40.0000 0.0034 0.7950
6 2 59 40.0000 0.0034 0.7950 40.0000 0.0034 0.7950
6 2 60 40.0000 0.0034 0.7950 40.0000 0.0034 0.7950
6 2 61 40.0000 0.0034 0.7950 40.0000 0.0034 0.7950
6 2 62 40.0000 0.0034 0.7950 40.0000 0.0034 0.7950
6 3 1 40.0000 0.0034 0.7950 40.0000 0.0034 0.7950
6 3 2 40.0000 0.0034 0.7950 40.0000 0.0034 0.7950
6 3 3 40.0000 0.0034 0.7950 40.0000 0.0034 0.7950
6 3 4 40.0000 0.0034 0.7950 40.0000 0.0034 0.7950
6 3 5 40.0000 0.0034 0.7950 40.0000 0.0034 0.7950
