1 1 1 -0.3176192 -0.3947302
1 1 2 0.0007948 -0.0080417
1 1 3 0.0000000 0.0000000
1 1 4 0.0000000 0.0000000
1 1 5 0.0000000 0.0000000
1 1 6 0.0000000 0.0000000
1 1 7 0.0000000 0.0000000
1 1 8 0.0000000 0.0000000
1 1 9 0.0000000 0.0000000
1 1 10 0.0000000 0.0000000
1 1 11 0.0000000 0.0000000
1 1 12 0.0000000 0.0000000
1 1 13 0.0000000 0.0000000
1 1 14 0.0000000 0.0000000
1 1 15 0.0000000 0.0000000
1 1 16 0.0000000 0.0000000
1 1 17 0.0000000 0.0000000
1 1 18 0.0000000 0.0000000
1 1 19 0.0000000 0.0000000
1 1 20 0.0000000 0.0000000
1 1 21 0.0000000 0.0000000
1 1 22 0.0000000 0.0000000
1 1 23 0.0000000 0.0000000
1 2 1 0.0000000 0.0000000
1 2 2 0.0000000 0.0000000
1 2 3 -0.0036612 -0.0314272
1 2 4 0.0006525 -0.0009928
1 2 5 -0.0007262 -0.0049111
1 2 6 0.0001549 0.0005977
1 2 7 -0.0000034 0.0013104
1 2 8 0.0001103 -0.0001757
1 2 9 0.0000040 0.0045392
1 2 10 0.0000540 0.0010342
1 2 11 -0.0364889 0.1141279
1 2 12 -0.0007941 -0.0141627
1 2 13 0.0039086 0.1144598
1 2 14 0.0000000 0.0000000
1 2 15 0.0000000 0.0000000
1 2 16 0.0000000 0.0000000
1 2 17 0.0082923 -0.0272826
1 2 18 -0.0352728 -0.1222592
1 2 19 0.0000000 0.0000000
1 2 20 0.0000000 0.0000000
1 2 21 0.0000000 0.0000000
1 2 22 0.0000000 0.0000000
1 2 23 0.0000000 0.0000000
1 2 24 0.0000000 0.0000000
1 2 25 0.0000000 0.0000000
1 2 26 0.0000000 0.0000000
1 2 27 0.0000000 0.0000000
1 2 28 0.0000000 0.0000000
1 2 29 0.0000000 0.0000000
1 2 30 0.0000000 0.0000000
1 2 31 0.0000000 0.0000000
1 2 32 0.0000000 0.0000000
1 2 33 0.0000000 0.0000000
1 2 34 0.0000000 0.0000000
1 2 35 0.0000000 0.0000000
1 2 36 0.0000000 0.0000000
1 2 37 0.0000000 0.0000000
1 2 38 0.0000000 0.0000000
1 2 39 0.0000000 0.0000000
1 2 40 0.0000000 0.0000000
1 2 41 0.0000000 0.0000000
1 2 42 0.0000000 0.0000000
1 2 43 0.0000000 0.0000000
1 2 44 0.0000000 0.0000000
1 2 45 0.0000000 0.0000000
1 2 46 0.0000000 0.0000000
1 2 47 0.0000000 0.0000000
1 2 48 0.0000000 0.0000000
1 2 49 0.0000000 0.0000000
1 2 50 0.0000000 0.0000000
1 2 51 0.0000000 0.0000000
1 2 52 0.0000000 0.0000000
1 2 53 0.0000000 0.0000000
1 2 54 0.0000000 0.0000000
1 2 55 0.0000000 0.0000000
1 2 56 0.0000000 0.0000000
1 2 57 0.0000000 0.0000000
1 2 58 0.0000000 0.0000000
1 2 59 0.0000000 0.0000000
1 2 60 0.0000000 0.0000000
1 2 61 0.0000000 0.0000000
1 2 62 0.0000000 0.0000000
1 3 1 0.0000000 0.0000000
1 3 2 0.0000000 0.0000000
1 3 3 0.0000000 0.0000000
1 3 4 0.0000000 0.0000000
1 3 5 0.0000000 0.0000000
2 1 1 -0.0191793 0.0851273
2 1 2 0.0005082 -0.0038464
2 1 3 -0.0000266 0.0000683
2 1 4 -0.0005808 -0.0207347
2 1 5 0.0022050 0.0243676
2 1 6 0.0000000 0.0000000
2 1 7 0.0000000 0.0000000
2 1 8 0.0000000 0.0000000
2 1 9 0.0000000 0.0000000
2 1 10 0.0000000 0.0000000
2 1 11 0.0000000 0.0000000
2 1 12 0.0000000 0.0000000
2 1 13 0.0000000 0.0000000
2 1 14 0.0000000 0.0000000
2 1 15 0.0000000 0.0000000
2 1 16 0.0000000 0.0000000
2 1 17 0.0000000 0.0000000
2 1 18 0.0000000 0.0000000
2 1 19 0.0000000 0.0000000
2 1 20 0.0000000 0.0000000
2 1 21 0.0000000 0.0000000
2 1 22 0.0000000 0.0000000
2 1 23 0.0000000 0.0000000
2 2 1 0.0000000 0.0000000
2 2 2 0.0000000 0.0000000
2 2 3 -0.0002869 -0.0065835
2 2 4 0.0007692 0.0048037
2 2 5 0.0000729 0.0003492
2 2 6 0.0000200 0.0033032
2 2 7 0.0005802 0.0123964
2 2 8 0.0000784 -0.0010472
2 2 9 0.0001299 -0.0005215
2 2 10 -0.0000291 0.0007431
2 2 11 0.0005126 -0.0025437
2 2 12 0.0000000 0.0000000
2 2 13 0.0006514 0.0168507
2 2 14 0.0000000 0.0000000
2 2 15 -0.0008110 0.0097259
2 2 16 0.0000000 0.0000000
2 2 17 0.0000000 0.0000000
2 2 18 -0.0018293 -0.0342397
2 2 19 0.0000000 0.0000000
2 2 20 0.0000000 0.0000000
2 2 21 0.0000000 0.0000000
2 2 22 0.0000000 0.0000000
2 2 23 0.0000000 0.0000000
2 2 24 0.0000000 0.0000000
2 2 25 0.0000000 0.0000000
2 2 26 0.0000000 0.0000000
2 2 27 0.0000000 0.0000000
2 2 28 0.0000000 0.0000000
2 2 29 0.0000000 0.0000000
2 2 30 0.0000000 0.0000000
2 2 31 0.0000000 0.0000000
2 2 32 0.0000000 0.0000000
2 2 33 0.0000000 0.0000000
2 2 34 0.0000000 0.0000000
2 2 35 0.0000000 0.0000000
2 2 36 0.0000000 0.0000000
2 2 37 0.0000000 0.0000000
2 2 38 0.0000000 0.0000000
2 2 39 0.0000000 0.0000000
2 2 40 0.0000000 0.0000000
2 2 41 0.0000000 0.0000000
2 2 42 0.0000000 0.0000000
2 2 43 0.0000000 0.0000000
2 2 44 0.0000000 0.0000000
2 2 45 0.0000000 0.0000000
2 2 46 0.0000000 0.0000000
2 2 47 0.0000000 0.0000000
2 2 48 0.0000000 0.0000000
2 2 49 0.0000000 0.0000000
2 2 50 0.0000000 0.0000000
2 2 51 0.0000000 0.0000000
2 2 52 0.0000000 0.0000000
2 2 53 0.0000000 0.0000000
2 2 54 0.0000000 0.0000000
2 2 55 0.0000000 0.0000000
2 2 56 0.0000000 0.0000000
2 2 57 0.0000000 0.0000000
2 2 58 0.0000000 0.0000000
2 2 59 0.0000000 0.0000000
2 2 60 0.0000000 0.0000000
2 2 61 0.0000000 0.0000000
2 2 62 0.0000000 0.0000000
2 3 1 0.0000000 0.0000000
2 3 2 0.0000000 0.0000000
2 3 3 0.0000000 0.0000000
2 3 4 0.0000000 0.0000000
2 3 5 0.0000000 0.0000000
3 1 1 -0.0111844 -0.0348663
3 1 2 -0.0001103 -0.0026166
3 1 3 -0.0067040 0.0340324
3 1 4 -0.0002792 -0.0047770
3 1 5 -0.0007444 0.0058014
3 1 6 0.0000000 0.0000000
3 1 7 0.0000000 0.0000000
3 1 8 0.0003417 0.0070159
3 1 9 0.0000000 0.0000000
3 1 10 0.0000000 0.0000000
3 1 11 0.0000000 0.0000000
3 1 12 0.0000000 0.0000000
3 1 13 0.0000000 0.0000000
3 1 14 0.0000000 0.0000000
3 1 15 0.0000000 0.0000000
3 1 16 0.0000000 0.0000000
3 1 17 0.0000000 0.0000000
3 1 18 0.0000000 0.0000000
3 1 19 0.0000000 0.0000000
3 1 20 0.0000000 0.0000000
3 1 21 0.0000000 0.0000000
3 1 22 0.0000000 0.0000000
3 1 23 0.0000000 0.0000000
3 2 1 0.0000000 0.0000000
3 2 2 -3.6354937 -1.4182742
3 2 3 0.0000000 0.0000000
3 2 4 -0.0006393 0.0007319
3 2 5 -0.0011800 -0.0037321
3 2 6 -0.0000195 -0.0010271
3 2 7 0.0005788 -0.0051818
3 2 8 0.0002222 -0.0022849
3 2 9 0.0003274 -0.0014975
3 2 10 0.0000404 0.0004294
3 2 11 0.0000840 0.0008760
3 2 12 -0.0000316 -0.0010651
3 2 13 -0.0002359 0.0078453
3 2 14 0.0000000 0.0000000
3 2 15 0.0000000 0.0000000
3 2 16 0.0000000 0.0000000
3 2 17 0.0000000 0.0000000
3 2 18 -0.0005380 0.0160370
3 2 19 0.0000000 0.0000000
3 2 20 0.0000000 0.0000000
3 2 21 0.0000000 0.0000000
3 2 22 0.0000000 0.0000000
3 2 23 0.0000000 0.0000000
3 2 24 0.0000000 0.0000000
3 2 25 0.0000000 0.0000000
3 2 26 0.0000000 0.0000000
3 2 27 0.0000000 0.0000000
3 2 28 0.0000000 0.0000000
3 2 29 0.0000000 0.0000000
3 2 30 0.0000000 0.0000000
3 2 31 0.0000000 0.0000000
3 2 32 0.0000000 0.0000000
3 2 33 0.0000000 0.0000000
3 2 34 0.0000000 0.0000000
3 2 35 0.0000000 0.0000000
3 2 36 0.0000000 0.0000000
3 2 37 0.0000000 0.0000000
3 2 38 0.0000000 0.0000000
3 2 39 0.0000000 0.0000000
3 2 40 0.0000000 0.0000000
3 2 41 0.0000000 0.0000000
3 2 42 0.0000000 0.0000000
3 2 43 0.0000000 0.0000000
3 2 44 0.0000000 0.0000000
3 2 45 0.0000000 0.0000000
3 2 46 0.0000000 0.0000000
3 2 47 0.0000000 0.0000000
3 2 48 0.0000000 0.0000000
3 2 49 0.0000000 0.0000000
3 2 50 0.0000000 0.0000000
3 2 51 0.0000000 0.0000000
3 2 52 0.0000000 0.0000000
3 2 53 0.0000000 0.0000000
3 2 54 0.0000000 0.0000000
3 2 55 0.0000000 0.0000000
3 2 56 0.0000000 0.0000000
3 2 57 0.0000000 0.0000000
3 2 58 0.0000000 0.0000000
3 2 59 0.0000000 0.0000000
3 2 60 0.0000000 0.0000000
3 2 61 0.0000000 0.0000000
3 2 62 0.0000000 0.0000000
3 3 1 0.0000000 0.0000000
3 3 2 0.0000000 0.0000000
3 3 3 0.0000000 0.0000000
3 3 4 0.0000000 0.0000000
3 3 5 0.0000000 0.0000000
4 1 1 0.0000000 0.0000000
4 1 2 -0.0051068 0.0255369
4 1 3 -0.0002676 -0.0026366
4 1 4 -0.0000158 0.0006695
4 1 5 0.0019154 0.0292919
4 1 6 0.0000000 0.0000000
4 1 7 0.0000000 0.0000000
4 1 8 0.0000000 0.0000000
4 1 9 0.0000000 0.0000000
4 1 10 0.0000000 0.0000000
4 1 11 0.0000000 0.0000000
4 1 12 0.0000000 0.0000000
4 1 13 0.0000000 0.0000000
4 1 14 0.0000000 0.0000000
4 1 15 0.0000000 0.0000000
4 1 16 0.0000000 0.0000000
4 1 17 0.0000000 0.0000000
4 1 18 0.0000000 0.0000000
4 1 19 0.0000000 0.0000000
4 1 20 0.0000000 0.0000000
4 1 21 0.0000000 0.0000000
4 1 22 0.0000000 0.0000000
4 1 23 0.0000000 0.0000000
4 2 1 0.0000000 0.0000000
4 2 2 -1.7699520 -0.6903673
4 2 3 -0.0002666 0.0079461
4 2 4 -0.0003780 0.0006225
4 2 5 0.0003146 -0.0011412
4 2 6 0.0008832 -0.0003144
4 2 7 0.0000324 0.0031838
4 2 8 0.0000875 -0.0004276
4 2 9 0.0000419 -0.0020537
4 2 10 -0.0106644 0.0587492
4 2 11 -0.0078796 -0.0507935
4 2 12 0.0000000 0.0000000
4 2 13 0.0000000 0.0000000
4 2 14 0.0014640 -0.0299242
4 2 15 0.0000000 0.0000000
4 2 16 -1.1462543 0.7139099
4 2 17 0.0000000 0.0000000
4 2 18 0.0000000 0.0000000
4 2 19 0.0000000 0.0000000
4 2 20 0.0000000 0.0000000
4 2 21 0.0000000 0.0000000
4 2 22 0.0000000 0.0000000
4 2 23 0.0000000 0.0000000
4 2 24 0.0000000 0.0000000
4 2 25 0.0000000 0.0000000
4 2 26 0.0000000 0.0000000
4 2 27 0.0000000 0.0000000
4 2 28 0.0000000 0.0000000
4 2 29 0.0000000 0.0000000
4 2 30 0.0000000 0.0000000
4 2 31 0.0000000 0.0000000
4 2 32 0.0000000 0.0000000
4 2 33 0.0000000 0.0000000
4 2 34 0.0000000 0.0000000
4 2 35 0.0000000 0.0000000
4 2 36 0.0000000 0.0000000
4 2 37 0.0000000 0.0000000
4 2 38 0.0000000 0.0000000
4 2 39 0.0000000 0.0000000
4 2 40 0.0000000 0.0000000
4 2 41 0.0000000 0.0000000
4 2 42 0.0000000 0.0000000
4 2 43 0.0000000 0.0000000
4 2 44 0.0000000 0.0000000
4 2 45 0.0000000 0.0000000
4 2 46 0.0000000 0.0000000
4 2 47 0.0000000 0.0000000
4 2 48 0.0000000 0.0000000
4 2 49 0.0000000 0.0000000
4 2 50 0.0000000 0.0000000
4 2 51 0.0000000 0.0000000
4 2 52 0.0000000 0.0000000
4 2 53 0.0000000 0.0000000
4 2 54 0.0000000 0.0000000
4 2 55 0.0000000 0.0000000
4 2 56 0.0000000 0.0000000
4 2 57 0.0000000 0.0000000
4 2 58 0.0000000 0.0000000
4 2 59 0.0000000 0.0000000
4 2 60 0.0000000 0.0000000
4 2 61 0.0000000 0.0000000
4 2 62 0.0000000 0.0000000
4 3 1 0.0000000 0.0000000
4 3 2 0.0000000 0.0000000
4 3 3 0.0000000 0.0000000
4 3 4 0.0000000 0.0000000
4 3 5 0.0000000 0.0000000
5 1 1 0.0370333 0.2148834
5 1 2 0.0002247 -0.0008596
5 1 3 0.0000000 0.0000000
5 1 4 -0.0002255 -0.0016757
5 1 5 0.0000989 -0.0018418
5 1 6 0.0000000 0.0000000
5 1 7 0.0000000 0.0000000
5 1 8 0.0000000 0.0000000
5 1 9 0.0000000 0.0000000
5 1 10 0.0000000 0.0000000
5 1 11 0.0000000 0.0000000
5 1 12 0.0000000 0.0000000
5 1 13 0.0000000 0.0000000
5 1 14 0.0000000 0.0000000
5 1 15 0.0000000 0.0000000
5 1 16 0.0000000 0.0000000
5 1 17 0.0000000 0.0000000
5 1 18 0.0000000 0.0000000
5 1 19 0.0000000 0.0000000
5 1 20 0.0000000 0.0000000
5 1 21 0.0000000 0.0000000
5 1 22 0.0000000 0.0000000
5 1 23 0.0000000 0.0000000
5 2 1 0.0000000 0.0000000
5 2 2 0.0099227 0.0146217
5 2 3 0.0005275 -0.0003451
5 2 4 0.0000352 -0.0058987
5 2 5 -0.0001547 -0.0036168
5 2 6 -0.0001961 -0.0005330
5 2 7 -0.0001291 -0.0046477
5 2 8 0.0000162 -0.0025177
5 2 9 0.0003545 0.0024021
5 2 10 0.0015896 0.0307522
5 2 11 0.0000000 0.0000000
5 2 12 0.0000000 0.0000000
5 2 13 0.0323278 -0.1170439
5 2 14 -0.0006706 0.0188941
5 2 15 0.0000000 0.0000000
5 2 16 0.0000000 0.0000000
5 2 17 0.0000000 0.0000000
5 2 18 0.0000000 0.0000000
5 2 19 0.0000000 0.0000000
5 2 20 0.0000000 0.0000000
5 2 21 0.0000000 0.0000000
5 2 22 0.0000000 0.0000000
5 2 23 0.0000000 0.0000000
5 2 24 0.0000000 0.0000000
5 2 25 0.0000000 0.0000000
5 2 26 0.0000000 0.0000000
5 2 27 0.0000000 0.0000000
5 2 28 0.0000000 0.0000000
5 2 29 0.0000000 0.0000000
5 2 30 0.0000000 0.0000000
5 2 31 0.0000000 0.0000000
5 2 32 0.0000000 0.0000000
5 2 33 0.0000000 0.0000000
5 2 34 0.0000000 0.0000000
5 2 35 0.0000000 0.0000000
5 2 36 0.0000000 0.0000000
5 2 37 0.0000000 0.0000000
5 2 38 0.0000000 0.0000000
5 2 39 0.0000000 0.0000000
5 2 40 0.0000000 0.0000000
5 2 41 0.0000000 0.0000000
5 2 42 0.0000000 0.0000000
5 2 43 0.0000000 0.0000000
5 2 44 0.0000000 0.0000000
5 2 45 0.0000000 0.0000000
5 2 46 0.0000000 0.0000000
5 2 47 0.0000000 0.0000000
5 2 48 0.0000000 0.0000000
5 2 49 0.0000000 0.0000000
5 2 50 0.0000000 0.0000000
5 2 51 0.0000000 0.0000000
5 2 52 0.0000000 0.0000000
5 2 53 0.0000000 0.0000000
5 2 54 0.0000000 0.0000000
5 2 55 0.0000000 0.0000000
5 2 56 0.0000000 0.0000000
5 2 57 0.0000000 0.0000000
5 2 58 0.0000000 0.0000000
5 2 59 0.0000000 0.0000000
5 2 60 0.0000000 0.0000000
5 2 61 0.0000000 0.0000000
5 2 62 0.0000000 0.0000000
5 3 1 0.0000000 0.0000000
5 3 2 0.0000000 0.0000000
5 3 3 0.0000000 0.0000000
5 3 4 0.0000000 0.0000000
5 3 5 0.0000000 0.0000000
6 1 1 0.0004398 -0.0066476
6 1 2 0.0008901 -0.0134125
6 1 3 0.0000000 0.0000000
6 1 4 0.0000000 0.0000000
6 1 5 0.0000000 0.0000000
6 1 6 0.0000000 0.0000000
6 1 7 0.0000000 0.0000000
6 1 8 0.0000000 0.0000000
6 1 9 0.0000000 0.0000000
6 1 10 0.0000000 0.0000000
6 1 11 0.0000000 0.0000000
6 1 12 0.0000000 0.0000000
6 1 13 0.0000000 0.0000000
6 1 14 0.0000000 0.0000000
6 1 15 0.0000000 0.0000000
6 1 16 0.0000000 0.0000000
6 1 17 0.0000000 0.0000000
6 1 18 0.0000000 0.0000000
6 1 19 0.0000000 0.0000000
6 1 20 0.0000000 0.0000000
6 1 21 0.0000000 0.0000000
6 1 22 0.0000000 0.0000000
6 1 23 0.0000000 0.0000000
6 2 1 0.0000000 0.0000000
6 2 2 0.0000000 0.0000000
6 2 3 0.0021320 0.0157419
6 2 4 0.0003318 -0.0073265
6 2 5 0.0010084 -0.0147685
6 2 6 0.0000461 -0.0041319
6 2 7 0.0002034 0.0008523
6 2 8 -0.0000482 0.0018855
6 2 9 0.0000273 0.0037475
6 2 10 0.0068638 -0.0480294
6 2 11 -0.0000571 -0.0007084
6 2 12 0.0026601 -0.0371845
6 2 13 0.0000000 0.0000000
6 2 14 0.0027690 -0.0382417
6 2 15 0.0006736 -0.0209797
6 2 16 0.0000000 0.0000000
6 2 17 0.0000000 0.0000000
6 2 18 0.0000000 0.0000000
6 2 19 0.0000000 0.0000000
6 2 20 0.0000000 0.0000000
6 2 21 0.0000000 0.0000000
6 2 22 0.0000000 0.0000000
6 2 23 0.0000000 0.0000000
6 2 24 0.0000000 0.0000000
6 2 25 0.0000000 0.0000000
6 2 26 0.0000000 0.0000000
6 2 27 0.0000000 0.0000000
6 2 28 0.0000000 0.0000000
6 2 29 0.0000000 0.0000000
6 2 30 0.0000000 0.0000000
6 2 31 0.0000000 0.0000000
6 2 32 0.0000000 0.0000000
6 2 33 0.0000000 0.0000000
6 2 34 0.0000000 0.0000000
6 2 35 0.0000000 0.0000000
6 2 36 0.0000000 0.0000000
6 2 37 0.0000000 0.0000000
6 2 38 0.0000000 0.0000000
6 2 39 0.0000000 0.0000000
6 2 40 0.0000000 0.0000000
6 2 41 0.0000000 0.0000000
6 2 42 0.0000000 0.0000000
6 2 43 0.0000000 0.0000000
6 2 44 0.0000000 0.0000000
6 2 45 0.0000000 0.0000000
6 2 46 0.0000000 0.0000000
6 2 47 0.0000000 0.0000000
6 2 48 0.0000000 0.0000000
6 2 49 0.0000000 0.0000000
6 2 50 0.0000000 0.0000000
6 2 51 0.0000000 0.0000000
6 2 52 0.0000000 0.0000000
6 2 53 0.0000000 0.0000000
6 2 54 0.0000000 0.0000000
6 2 55 0.0000000 0.0000000
6 2 56 0.0000000 0.0000000
6 2 57 0.0000000 0.0000000
6 2 58 0.0000000 0.0000000
6 2 59 0.0000000 0.0000000
6 2 60 0.0000000 0.0000000
6 2 61 0.0000000 0.0000000
6 2 62 0.0000000 0.0000000
6 3 1 0.0000000 0.0000000
6 3 2 0.0000000 0.0000000
6 3 3 0.0000000 0.0000000
6 3 4 0.0000000 0.0000000
6 3 5 0.0000000 0.0000000
