1 1 1 -0.648 0.110
1 1 2 1.025 0.131
1 1 3 0.149 0.115
1 1 4 -0.831 0.131
1 1 5 0.197 0.128
1 1 6 -1.825 0.240
1 1 7 -1.502 0.130
1 1 8 -0.780 0.142
1 1 9 -0.446 0.272
1 1 10 0.189 0.146
1 1 11 -1.334 0.135
1 1 12 0.861 0.244
1 1 13 0.469 0.272
1 1 14 0.301 0.257
1 1 15 1.478 0.300
1 1 16 1.725 0.435
1 1 17 -0.770 0.352
1 1 18 1.514 0.378
1 1 19 1.410 0.553
1 1 20 1.239 0.446
1 1 21 -0.257 0.972
1 1 22 -0.178 0.487
1 1 23 -1.804 0.427
1 2 1 1.413 0.649
1 2 2 0.563 0.165
1 2 3 1.815 0.087
1 2 4 1.113 0.070
1 2 5 -0.998 0.092
1 2 6 1.478 0.078
1 2 7 0.062 0.079
1 2 8 -0.528 0.079
1 2 9 -1.771 0.112
1 2 10 -0.618 0.074
1 2 11 -0.440 0.076
1 2 12 -0.077 0.075
1 2 13 -0.841 0.100
1 2 14 0.604 0.079
1 2 15 1.031 0.077
1 2 16 0.551 0.091
1 2 17 0.795 0.078
1 2 18 -0.632 0.092
1 2 19 0.483 0.084
1 2 20 -0.230 0.100
1 2 21 0.392 0.101
1 2 22 0.659 0.089
1 2 23 0.734 0.090
1 2 24 1.059 0.077
1 2 25 0.979 0.076
1 2 26 1.448 0.075
1 2 27 1.522 0.079
1 2 28 1.865 0.088
1 2 29 1.831 0.073
1 2 30 -1.672 0.071
1 2 31 1.611 0.088
1 2 32 1.548 0.070
1 2 33 0.043 0.074
1 2 34 -0.270 0.065
1 2 35 -0.220 0.068
1 2 36 -0.787 0.401
1 2 37 -0.173 0.062
1 2 38 0.095 0.082
1 2 39 -0.465 0.072
1 2 40 0.227 0.091
1 2 41 -0.259 0.085
1 2 42 -0.828 0.067
1 2 43 -1.345 0.068
1 2 44 0.023 0.486
1 2 45 -1.200 0.372
1 2 46 1.800 0.324
1 2 47 -0.286 0.558
1 2 48 0.986 0.072
1 2 49 1.749 0.548
1 2 50 -0.284 0.328
1 2 51 -1.464 0.391
1 2 52 2.047 0.646
1 2 53 -2.027 0.353
1 2 54 -2.074 0.604
1 2 55 -0.611 0.755
1 2 56 -0.320 0.489
1 2 57 -0.288 0.392
1 2 58 -0.105 0.081
1 2 59 1.167 0.472
1 2 60 0.363 0.625
1 2 61 -0.835 0.999
1 2 62 0.847 0.085
1 3 1 1.498 0.591
1 3 2 -0.432 0.155
1 3 3 -0.066 0.160
1 3 4 1.778 0.165
1 3 5 0.000 0.100
2 1 1 -1.157 0.093
2 1 2 1.018 0.130
2 1 3 -0.939 0.143
2 1 4 -1.836 0.137
2 1 5 0.767 0.143
2 1 6 0.000 0.100
2 1 7 -0.478 0.133
2 1 8 -1.669 0.156
2 1 9 -1.675 0.124
2 1 10 0.000 0.100
2 1 11 1.710 0.319
2 1 12 0.040 0.349
2 1 13 -1.745 0.231
2 1 14 -0.228 0.434
2 1 15 0.050 0.318
2 1 16 -1.194 0.261
2 1 17 1.617 0.341
2 1 18 -0.890 0.228
2 1 19 -0.698 0.999
2 1 20 1.807 0.193
2 1 21 4.110 0.195
2 1 22 -1.258 0.784
2 1 23 -1.027 0.996
2 2 1 -1.500 0.651
2 2 2 1.728 0.040
2 2 3 1.715 0.063
2 2 4 1.691 0.118
2 2 5 -0.477 0.118
2 2 6 -0.803 0.092
2 2 7 -0.341 0.089
2 2 8 -1.619 0.090
2 2 9 -1.335 0.080
2 2 10 -0.700 0.082
2 2 11 -0.345 0.082
2 2 12 0.427 0.073
2 2 13 0.072 0.091
2 2 14 -0.561 0.092
2 2 15 0.325 0.089
2 2 16 1.070 0.081
2 2 17 -0.210 0.077
2 2 18 1.939 0.088
2 2 19 -0.227 0.087
2 2 20 -0.484 0.069
2 2 21 0.027 0.079
2 2 22 0.271 0.077
2 2 23 0.587 0.096
2 2 24 -0.886 0.089
2 2 25 -0.769 0.084
2 2 26 0.749 0.077
2 2 27 0.403 0.084
2 2 28 1.362 0.075
2 2 29 1.093 0.082
2 2 30 0.945 0.066
2 2 31 0.893 0.075
2 2 32 0.514 0.058
2 2 33 -0.830 0.091
2 2 34 -0.895 0.070
2 2 35 -0.486 0.072
2 2 36 2.028 0.077
2 2 37 -0.989 0.087
2 2 38 -0.913 0.075
2 2 39 -0.536 0.086
2 2 40 -0.948 0.073
2 2 41 -1.847 0.066
2 2 42 -1.443 0.077
2 2 43 -1.598 0.068
2 2 44 0.194 0.069
2 2 45 -1.113 0.070
2 2 46 1.292 0.399
2 2 47 0.247 0.071
2 2 48 -0.461 0.072
2 2 49 -0.074 0.515
2 2 50 -0.249 0.074
2 2 51 -0.360 0.479
2 2 52 -1.105 0.076
2 2 53 0.559 0.659
2 2 54 0.473 0.360
2 2 55 0.119 0.623
2 2 56 1.810 0.824
2 2 57 1.928 0.440
2 2 58 -0.052 0.938
2 2 59 0.640 0.873
2 2 60 1.137 0.083
2 2 61 1.861 0.540
2 2 62 1.411 1.000
2 3 1 -1.019 0.997
2 3 2 1.846 1.000
2 3 3 -1.594 1.000
2 3 4 -1.889 0.998
2 3 5 1.043 0.311
3 1 1 -1.551 0.106
3 1 2 -0.061 0.102
3 1 3 1.653 0.135
3 1 4 -1.569 0.122
3 1 5 -1.392 0.145
3 1 6 -1.125 0.136
3 1 7 0.321 0.113
3 1 8 0.220 0.150
3 1 9 1.367 0.124
3 1 10 -1.465 0.211
3 1 11 -1.545 0.135
3 1 12 -0.718 0.286
3 1 13 1.932 0.257
3 1 14 0.168 0.151
3 1 15 0.823 0.442
3 1 16 -2.006 0.373
3 1 17 -0.012 0.275
3 1 18 -1.813 0.284
3 1 19 1.192 0.466
3 1 20 0.907 0.719
3 1 21 1.229 0.218
3 1 22 0.488 0.502
3 1 23 -1.313 0.575
3 2 1 1.492 0.030
3 2 2 -1.347 0.038
3 2 3 -1.745 1.000
3 2 4 1.373 0.114
3 2 5 -1.350 0.113
3 2 6 1.414 0.103
3 2 7 -0.830 0.090
3 2 8 -1.114 0.093
3 2 9 1.545 0.102
3 2 10 -1.254 0.092
3 2 11 -0.729 0.085
3 2 12 -0.067 0.093
3 2 13 -0.588 0.095
3 2 14 -0.451 0.093
3 2 15 0.539 0.082
3 2 16 -0.398 0.089
3 2 17 -0.853 0.093
3 2 18 -1.639 0.088
3 2 19 -0.946 0.078
3 2 20 -0.957 0.076
3 2 21 -0.822 0.098
3 2 22 -0.905 0.083
3 2 23 -0.677 0.089
3 2 24 -0.737 0.085
3 2 25 -1.522 0.080
3 2 26 -0.498 0.075
3 2 27 -0.648 0.081
3 2 28 0.107 0.088
3 2 29 -0.028 0.072
3 2 30 0.008 0.083
3 2 31 0.909 0.080
3 2 32 0.039 0.083
3 2 33 -1.450 0.087
3 2 34 -0.824 0.067
3 2 35 -0.641 0.069
3 2 36 -1.823 0.079
3 2 37 -1.595 0.073
3 2 38 -1.004 0.073
3 2 39 0.422 0.064
3 2 40 -0.631 0.065
3 2 41 1.787 0.066
3 2 42 -1.236 0.067
3 2 43 -1.422 0.068
3 2 44 0.014 0.101
3 2 45 1.860 0.071
3 2 46 -0.013 0.071
3 2 47 -0.053 0.402
3 2 48 -0.590 0.072
3 2 49 1.806 0.073
3 2 50 0.164 0.578
3 2 51 -1.745 0.075
3 2 52 -0.352 0.390
3 2 53 -1.304 0.077
3 2 54 0.760 0.496
3 2 55 0.145 0.695
3 2 56 0.328 0.895
3 2 57 1.272 0.992
3 2 58 -0.763 0.081
3 2 59 -13.854 0.967
3 2 60 1.062 0.702
3 2 61 1.538 0.981
3 2 62 1.305 0.450
3 3 1 1.307 0.808
3 3 2 -0.709 0.709
3 3 3 -1.931 0.936
3 3 4 -1.558 0.165
3 3 5 0.000 0.100
4 1 1 0.451 0.080
4 1 2 -0.970 0.334
4 1 3 0.011 0.317
4 1 4 1.255 0.243
4 1 5 -1.113 0.290
4 1 6 0.285 0.301
4 1 7 -1.851 0.328
4 1 8 -1.623 0.129
4 1 9 -0.383 0.124
4 1 10 -0.628 0.147
4 1 11 1.539 0.287
4 1 12 0.360 0.140
4 1 13 -0.336 0.283
4 1 14 -0.426 0.276
4 1 15 -0.991 0.156
4 1 16 -1.383 0.403
4 1 17 1.707 0.391
4 1 18 -1.496 0.335
4 1 19 -1.494 0.599
4 1 20 -0.509 0.461
4 1 21 -1.164 0.189
4 1 22 -0.026 0.784
4 1 23 -2.139 0.472
4 2 1 0.058 0.030
4 2 2 -0.720 0.262
4 2 3 0.533 0.097
4 2 4 -0.144 0.109
4 2 5 1.287 0.107
4 2 6 1.495 0.117
4 2 7 -1.653 0.124
4 2 8 1.315 0.125
4 2 9 0.884 0.138
4 2 10 -1.681 0.117
4 2 11 -1.986 0.148
4 2 12 -1.314 0.106
4 2 13 -1.271 0.124
4 2 14 2.002 0.116
4 2 15 -0.750 0.136
4 2 16 -1.056 0.128
4 2 17 -1.299 0.108
4 2 18 0.765 0.151
4 2 19 -1.690 0.124
4 2 20 1.809 0.131
4 2 21 -1.203 0.108
4 2 22 -1.149 0.086
4 2 23 -0.546 0.084
4 2 24 -1.514 0.092
4 2 25 -1.564 0.086
4 2 26 -0.504 0.088
4 2 27 -0.723 0.086
4 2 28 -0.423 0.085
4 2 29 -0.976 0.085
4 2 30 0.367 0.084
4 2 31 -0.019 0.085
4 2 32 -0.402 0.094
4 2 33 1.805 0.079
4 2 34 -1.892 0.083
4 2 35 -1.836 0.086
4 2 36 1.305 0.077
4 2 37 -1.728 0.080
4 2 38 -1.763 0.088
4 2 39 -1.233 0.068
4 2 40 -1.042 0.074
4 2 41 1.034 0.083
4 2 42 -1.861 0.067
4 2 43 1.496 0.092
4 2 44 -0.866 0.226
4 2 45 0.648 0.070
4 2 46 -0.406 0.346
4 2 47 -1.868 0.071
4 2 48 -0.774 0.072
4 2 49 0.535 0.366
4 2 50 -1.578 0.347
4 2 51 1.033 0.075
4 2 52 -1.523 0.516
4 2 53 1.868 0.077
4 2 54 -0.518 0.506
4 2 55 -1.263 0.079
4 2 56 -0.649 0.080
4 2 57 -0.363 0.339
4 2 58 -0.312 0.081
4 2 59 -0.918 0.565
4 2 60 -0.648 0.951
4 2 61 -0.101 0.084
4 2 62 0.301 0.406
4 3 1 0.961 0.150
4 3 2 1.305 0.680
4 3 3 -1.229 0.767
4 3 4 -2.005 0.997
4 3 5 0.000 0.100
5 1 1 0.381 0.098
5 1 2 1.215 0.128
5 1 3 -0.042 0.119
5 1 4 1.402 0.163
5 1 5 -0.364 0.171
5 1 6 0.273 0.145
5 1 7 -0.559 0.118
5 1 8 -0.464 0.147
5 1 9 1.536 0.185
5 1 10 -0.503 0.135
5 1 11 -1.689 0.135
5 1 12 -1.435 0.241
5 1 13 -0.233 0.272
5 1 14 0.780 0.323
5 1 15 1.540 0.421
5 1 16 -0.256 0.197
5 1 17 0.978 0.426
5 1 18 -0.624 0.173
5 1 19 -1.157 0.365
5 1 20 -1.489 0.207
5 1 21 0.779 0.287
5 1 22 -0.419 0.194
5 1 23 -1.565 0.991
5 2 1 -3.055 0.634
5 2 2 -2.218 0.227
5 2 3 1.224 0.043
5 2 4 0.940 0.310
5 2 5 -1.557 0.102
5 2 6 -1.157 0.107
5 2 7 -0.910 0.108
5 2 8 -0.744 0.124
5 2 9 1.916 0.117
5 2 10 -0.368 0.097
5 2 11 -0.603 0.102
5 2 12 -0.058 0.095
5 2 13 -0.638 0.108
5 2 14 0.089 0.093
5 2 15 0.482 0.092
5 2 16 0.642 0.093
5 2 17 -0.581 0.100
5 2 18 1.190 0.104
5 2 19 -0.403 0.091
5 2 20 -0.916 0.087
5 2 21 -0.187 0.094
5 2 22 -0.720 0.089
5 2 23 0.281 0.087
5 2 24 -0.874 0.093
5 2 25 -0.528 0.082
5 2 26 0.321 0.088
5 2 27 0.397 0.083
5 2 28 0.413 0.094
5 2 29 0.784 0.094
5 2 30 0.945 0.087
5 2 31 1.016 0.087
5 2 32 -0.009 0.084
5 2 33 -0.297 0.063
5 2 34 -1.686 0.087
5 2 35 -0.431 0.100
5 2 36 -1.084 0.086
5 2 37 -0.624 0.088
5 2 38 -0.369 0.363
5 2 39 -0.848 0.064
5 2 40 0.010 0.065
5 2 41 -1.954 0.066
5 2 42 -0.997 0.067
5 2 43 -1.811 0.068
5 2 44 0.588 0.069
5 2 45 -1.862 0.070
5 2 46 0.752 0.071
5 2 47 0.257 0.071
5 2 48 0.103 0.323
5 2 49 -1.573 0.073
5 2 50 0.405 0.074
5 2 51 -0.346 0.075
5 2 52 0.279 0.689
5 2 53 0.664 0.882
5 2 54 0.717 0.083
5 2 55 0.552 0.079
5 2 56 0.096 0.498
5 2 57 -1.073 0.080
5 2 58 0.595 0.863
5 2 59 1.233 1.000
5 2 60 -0.163 0.776
5 2 61 0.257 0.678
5 2 62 0.896 0.085
5 3 1 -1.768 0.150
5 3 2 0.148 0.223
5 3 3 0.604 0.735
5 3 4 0.456 0.165
5 3 5 0.000 0.100
6 1 1 1.243 0.083
6 1 2 0.890 0.109
6 1 3 1.935 0.110
6 1 4 1.477 0.139
6 1 5 1.869 0.117
6 1 6 -1.195 0.144
6 1 7 -0.674 0.127
6 1 8 -0.574 0.134
6 1 9 0.763 0.139
6 1 10 0.740 0.336
6 1 11 0.461 0.135
6 1 12 1.683 0.140
6 1 13 0.881 0.280
6 1 14 -0.430 0.329
6 1 15 -0.361 0.254
6 1 16 1.430 0.350
6 1 17 -1.255 0.329
6 1 18 1.244 0.336
6 1 19 1.628 0.761
6 1 20 0.176 0.742
6 1 21 0.000 0.100
6 1 22 0.738 0.565
6 1 23 -0.504 0.996
6 2 1 -1.237 0.030
6 2 2 -0.962 0.255
6 2 3 -1.156 0.099
6 2 4 -0.240 0.083
6 2 5 0.017 0.102
6 2 6 0.269 0.114
6 2 7 0.756 0.088
6 2 8 0.193 0.095
6 2 9 0.098 0.099
6 2 10 0.872 0.093
6 2 11 0.568 0.095
6 2 12 1.677 0.078
6 2 13 1.525 0.081
6 2 14 1.495 0.086
6 2 15 1.924 0.089
6 2 16 1.529 0.092
6 2 17 1.016 0.108
6 2 18 -1.134 0.097
6 2 19 0.248 0.098
6 2 20 0.354 0.086
6 2 21 -1.583 0.085
6 2 22 1.356 0.079
6 2 23 1.956 0.099
6 2 24 1.439 0.080
6 2 25 1.030 0.088
6 2 26 1.987 0.081
6 2 27 -1.636 0.079
6 2 28 1.975 0.077
6 2 29 1.372 0.075
6 2 30 -1.299 0.076
6 2 31 1.991 0.084
6 2 32 -1.736 0.085
6 2 33 1.008 0.076
6 2 34 0.230 0.072
6 2 35 0.350 0.108
6 2 36 -0.192 0.071
6 2 37 0.866 0.062
6 2 38 0.415 0.075
6 2 39 -1.993 0.070
6 2 40 1.221 0.431
6 2 41 -0.308 0.066
6 2 42 0.402 0.067
6 2 43 -0.477 0.068
6 2 44 1.780 0.069
6 2 45 0.290 0.364
6 2 46 -1.497 0.071
6 2 47 1.136 0.071
6 2 48 -1.695 0.072
6 2 49 -0.553 0.493
6 2 50 -0.764 0.474
6 2 51 -0.743 0.075
6 2 52 -0.901 0.812
6 2 53 0.599 0.511
6 2 54 1.832 0.078
6 2 55 0.487 0.079
6 2 56 1.957 0.988
6 2 57 0.919 0.996
6 2 58 0.495 0.934
6 2 59 2.113 0.373
6 2 60 0.885 0.769
6 2 61 -2.339 0.470
6 2 62 -2.075 1.000
6 3 1 -0.968 0.150
6 3 2 1.644 0.613
6 3 3 0.516 0.160
6 3 4 0.105 0.165
6 3 5 -0.686 0.170
