1 1 1 12.701 12.701 1.935 1.935 
1 1 2 12.511 12.511 1.595 1.595 
1 1 3 13.075 13.075 1.471 1.471 
1 1 4 13.308 13.308 1.341 1.341 
1 1 5 13.397 13.397 1.199 1.199 
1 1 6 13.781 13.781 1.079 1.079 
1 1 7 13.952 13.952 0.935 0.935 
1 1 8 14.186 14.186 0.865 0.865 
1 1 9 14.049 14.049 0.706 0.706 
1 1 10 14.001 14.001 0.570 0.570 
1 1 11 14.321 14.321 0.641 0.641 
1 1 12 14.317 14.317 0.549 0.549 
1 1 13 14.391 14.391 0.507 0.507 
1 1 14 14.453 14.453 0.478 0.478 
1 1 15 14.976 14.976 0.540 0.540 
1 1 16 14.186 14.186 0.213 0.213 
1 1 17 14.809 14.809 0.270 0.270 
1 1 18 15.127 15.127 0.251 0.251 
1 1 19 14.905 14.905 0.228 0.228 
1 1 20 15.235 15.235 0.188 0.188 
1 1 21 15.140 15.140 0.143 0.143 
1 1 22 15.053 15.053 0.112 0.112 
1 1 23 14.913 14.913 0.119 0.119 
1 2 1 11.079 11.079 2.395 2.395 
1 2 2 10.252 10.252 1.331 1.331 
1 2 3 11.903 11.903 1.134 1.134 
1 2 4 11.910 11.910 0.927 0.927 
1 2 5 12.800 12.800 1.002 1.002 
1 2 6 12.451 12.451 1.041 1.041 
1 2 7 13.876 13.876 1.142 1.142 
1 2 8 14.354 14.354 1.292 1.292 
1 2 9 13.832 13.832 1.098 1.098 
1 2 10 14.180 14.180 1.063 1.063 
1 2 11 14.228 14.228 1.073 1.073 
1 2 12 14.674 14.674 1.128 1.128 
1 2 13 13.721 13.721 0.891 0.891 
1 2 14 14.425 14.425 0.935 0.935 
1 2 15 14.414 14.414 0.770 0.770 
1 2 16 14.364 14.364 0.863 0.863 
1 2 17 14.894 14.894 0.927 0.927 
1 2 18 14.298 14.298 0.889 0.889 
1 2 19 14.555 14.555 0.556 0.556 
1 2 20 14.536 14.536 0.566 0.566 
1 2 21 14.601 14.601 0.715 0.715 
1 2 22 14.855 14.855 0.701 0.701 
1 2 23 14.636 14.636 0.476 0.476 
1 2 24 15.128 15.128 0.505 0.505 
1 2 25 15.227 15.227 0.450 0.450 
1 2 26 15.177 15.177 0.448 0.448 
1 2 27 15.347 15.347 0.401 0.401 
1 2 28 15.170 15.170 0.238 0.238 
1 2 29 15.425 15.425 0.381 0.381 
1 2 30 15.388 15.388 0.325 0.325 
1 2 31 15.405 15.405 0.248 0.248 
1 2 32 15.292 15.292 0.284 0.284 
1 2 33 15.641 15.641 0.249 0.249 
1 2 34 15.458 15.458 0.408 0.408 
1 2 35 15.402 15.402 0.234 0.234 
1 2 36 15.397 15.397 0.171 0.171 
1 2 37 15.366 15.366 0.270 0.270 
1 2 38 15.674 15.674 0.181 0.181 
1 2 39 15.517 15.517 0.178 0.178 
1 2 40 15.609 15.609 0.203 0.203 
1 2 41 15.729 15.729 0.121 0.121 
1 2 42 15.467 15.467 0.131 0.131 
1 2 43 15.531 15.531 0.110 0.110 
1 2 44 15.611 15.611 0.104 0.104 
1 2 45 15.627 15.627 0.168 0.168 
1 2 46 15.749 15.749 0.100 0.100 
1 2 47 15.679 15.679 0.074 0.074 
1 2 48 15.776 15.776 0.086 0.086 
1 2 49 15.750 15.750 0.066 0.066 
1 2 50 15.921 15.921 0.070 0.070 
1 2 51 15.943 15.943 0.068 0.068 
1 2 52 15.821 15.821 0.066 0.066 
1 2 53 15.850 15.850 0.063 0.063 
1 2 54 15.818 15.818 0.164 0.164 
1 2 55 15.952 15.952 0.082 0.082 
1 2 56 16.095 16.095 0.085 0.085 
1 2 57 15.870 15.870 0.139 0.139 
1 2 58 15.902 15.902 0.123 0.123 
1 2 59 16.449 16.449 1.229 1.229 
1 2 60 16.345 16.345 0.359 0.359 
1 2 61 16.000 16.000 362.039 362.039 
1 2 62 15.223 15.223 6.717 6.717 
1 3 1 16.000 16.000 362.039 362.039 
1 3 2 16.000 16.000 362.039 362.039 
1 3 3 16.000 16.000 362.039 362.039 
1 3 4 16.000 16.000 362.039 362.039 
1 3 5 16.000 16.000 362.039 362.039 
2 1 1 12.863 12.863 2.005 2.005 
2 1 2 13.417 13.417 2.150 2.150 
2 1 3 13.351 13.351 1.692 1.692 
2 1 4 13.656 13.656 1.354 1.354 
2 1 5 13.700 13.700 1.171 1.171 
2 1 6 16.000 16.000 362.039 362.039 
2 1 7 14.161 14.161 0.960 0.960 
2 1 8 14.196 14.196 0.757 0.757 
2 1 9 14.191 14.191 0.808 0.808 
2 1 10 16.000 16.000 362.039 362.039 
2 1 11 14.139 14.139 0.431 0.431 
2 1 12 14.344 14.344 0.557 0.557 
2 1 13 14.329 14.329 0.429 0.429 
2 1 14 14.462 14.462 0.381 0.381 
2 1 15 14.727 14.727 0.360 0.360 
2 1 16 14.718 14.718 0.342 0.342 
2 1 17 14.666 14.666 0.214 0.214 
2 1 18 15.020 15.020 0.212 0.212 
2 1 19 16.000 16.000 362.039 362.039 
2 1 20 15.276 15.276 0.182 0.182 
2 1 21 15.268 15.268 0.145 0.145 
2 1 22 15.055 15.055 0.109 0.109 
2 1 23 15.355 15.355 0.285 0.285 
2 2 1 15.025 15.025 5.440 5.440 
2 2 2 11.604 11.604 3.001 3.001 
2 2 3 12.696 12.696 3.018 3.018 
2 2 4 13.221 13.221 2.386 2.386 
2 2 5 14.289 14.289 2.367 2.367 
2 2 6 14.159 14.159 2.067 2.067 
2 2 7 14.706 14.706 1.993 1.993 
2 2 8 13.664 13.664 1.805 1.805 
2 2 9 14.296 14.296 1.614 1.614 
2 2 10 14.892 14.892 1.738 1.738 
2 2 11 14.444 14.444 1.311 1.311 
2 2 12 14.774 14.774 1.241 1.241 
2 2 13 14.144 14.144 1.023 1.023 
2 2 14 14.245 14.245 1.018 1.018 
2 2 15 14.336 14.336 0.941 0.941 
2 2 16 14.675 14.675 0.854 0.854 
2 2 17 14.746 14.746 0.984 0.984 
2 2 18 14.427 14.427 0.700 0.700 
2 2 19 14.797 14.797 0.876 0.876 
2 2 20 14.947 14.947 0.749 0.749 
2 2 21 14.938 14.938 0.747 0.747 
2 2 22 15.166 15.166 0.637 0.637 
2 2 23 14.959 14.959 0.491 0.491 
2 2 24 14.656 14.656 0.289 0.289 
2 2 25 15.001 15.001 0.433 0.433 
2 2 26 15.388 15.388 0.571 0.571 
2 2 27 15.293 15.293 0.317 0.317 
2 2 28 15.115 15.115 0.275 0.275 
2 2 29 15.084 15.084 0.240 0.240 
2 2 30 15.379 15.379 0.283 0.283 
2 2 31 15.071 15.071 0.231 0.231 
2 2 32 15.476 15.476 0.244 0.244 
2 2 33 15.354 15.354 0.242 0.242 
2 2 34 15.423 15.423 0.259 0.259 
2 2 35 15.418 15.418 0.252 0.252 
2 2 36 15.316 15.316 0.159 0.159 
2 2 37 15.376 15.376 0.198 0.198 
2 2 38 15.510 15.510 0.190 0.190 
2 2 39 15.389 15.389 0.175 0.175 
2 2 40 15.476 15.476 0.105 0.105 
2 2 41 15.610 15.610 0.124 0.124 
2 2 42 15.560 15.560 0.129 0.129 
2 2 43 16.000 16.000 362.039 362.039 
2 2 44 15.716 15.716 0.115 0.115 
2 2 45 15.677 15.677 0.092 0.092 
2 2 46 15.757 15.757 0.121 0.121 
2 2 47 15.768 15.768 0.097 0.097 
2 2 48 15.671 15.671 0.083 0.083 
2 2 49 15.915 15.915 0.074 0.074 
2 2 50 15.767 15.767 0.068 0.068 
2 2 51 15.933 15.933 0.100 0.100 
2 2 52 15.863 15.863 0.073 0.073 
2 2 53 15.950 15.950 0.065 0.065 
2 2 54 15.884 15.884 0.083 0.083 
2 2 55 15.847 15.847 0.204 0.204 
2 2 56 15.946 15.946 0.151 0.151 
2 2 57 15.823 15.823 2.686 2.686 
2 2 58 15.886 15.886 53.847 53.847 
2 2 59 16.000 16.000 362.039 362.039 
2 2 60 16.000 16.000 362.039 362.039 
2 2 61 16.000 16.000 362.039 362.039 
2 2 62 16.000 16.000 362.039 362.039 
2 3 1 16.000 16.000 362.039 362.039 
2 3 2 16.000 16.000 362.039 362.039 
2 3 3 16.000 16.000 362.039 362.039 
2 3 4 16.000 16.000 362.039 362.039 
2 3 5 16.000 16.000 362.039 362.039 
3 1 1 13.683 13.683 2.315 2.315 
3 1 2 13.052 13.052 2.061 2.061 
3 1 3 13.407 13.407 1.748 1.748 
3 1 4 13.464 13.464 1.401 1.401 
3 1 5 13.516 13.516 1.191 1.191 
3 1 6 13.821 13.821 1.167 1.167 
3 1 7 14.309 14.309 1.012 1.012 
3 1 8 14.489 14.489 0.983 0.983 
3 1 9 14.154 14.154 0.704 0.704 
3 1 10 14.335 14.335 0.671 0.671 
3 1 11 14.249 14.249 0.600 0.600 
3 1 12 14.547 14.547 0.627 0.627 
3 1 13 14.337 14.337 0.360 0.360 
3 1 14 13.962 13.962 0.297 0.297 
3 1 15 14.710 14.710 0.334 0.334 
3 1 16 14.806 14.806 0.287 0.287 
3 1 17 15.233 15.233 0.343 0.343 
3 1 18 14.974 14.974 0.263 0.263 
3 1 19 14.931 14.931 0.176 0.176 
3 1 20 15.253 15.253 0.173 0.173 
3 1 21 15.365 15.365 0.147 0.147 
3 1 22 15.261 15.261 0.111 0.111 
3 1 23 15.102 15.102 0.121 0.121 
3 2 1 14.870 14.870 5.142 5.142 
3 2 2 12.942 12.942 3.185 3.185 
3 2 3 13.095 13.095 2.923 2.923 
3 2 4 13.218 13.218 2.321 2.321 
3 2 5 14.167 14.167 2.495 2.495 
3 2 6 13.581 13.581 2.050 2.050 
3 2 7 14.772 14.772 2.174 2.174 
3 2 8 14.833 14.833 1.961 1.961 
3 2 9 13.452 13.452 1.465 1.465 
3 2 10 14.038 14.038 1.359 1.359 
3 2 11 14.714 14.714 1.380 1.380 
3 2 12 14.271 14.271 1.121 1.121 
3 2 13 14.238 14.238 1.195 1.195 
3 2 14 14.553 14.553 0.967 0.967 
3 2 15 14.868 14.868 1.114 1.114 
3 2 16 14.432 14.432 0.978 0.978 
3 2 17 14.506 14.506 0.984 0.984 
3 2 18 14.779 14.779 0.804 0.804 
3 2 19 14.618 14.618 0.830 0.830 
3 2 20 15.099 15.099 0.824 0.824 
3 2 21 14.608 14.608 0.729 0.729 
3 2 22 14.941 14.941 0.524 0.524 
3 2 23 14.748 14.748 0.560 0.560 
3 2 24 15.102 15.102 0.527 0.527 
3 2 25 15.197 15.197 0.433 0.433 
3 2 26 15.243 15.243 0.396 0.396 
3 2 27 14.899 14.899 0.432 0.432 
3 2 28 15.069 15.069 0.325 0.325 
3 2 29 15.242 15.242 0.323 0.323 
3 2 30 15.143 15.143 0.248 0.248 
3 2 31 15.304 15.304 0.424 0.424 
3 2 32 15.280 15.280 0.296 0.296 
3 2 33 15.227 15.227 0.160 0.160 
3 2 34 15.374 15.374 0.183 0.183 
3 2 35 15.433 15.433 0.230 0.230 
3 2 36 15.418 15.418 0.223 0.223 
3 2 37 15.442 15.442 0.224 0.224 
3 2 38 15.548 15.548 0.175 0.175 
3 2 39 15.739 15.739 0.147 0.147 
3 2 40 15.679 15.679 0.145 0.145 
3 2 41 15.395 15.395 0.107 0.107 
3 2 42 15.588 15.588 0.172 0.172 
3 2 43 15.647 15.647 0.145 0.145 
3 2 44 15.688 15.688 0.117 0.117 
3 2 45 15.423 15.423 0.105 0.105 
3 2 46 15.784 15.784 0.106 0.106 
3 2 47 15.708 15.708 0.108 0.108 
3 2 48 15.516 15.516 0.089 0.089 
3 2 49 15.744 15.744 0.065 0.065 
3 2 50 15.823 15.823 0.065 0.065 
3 2 51 15.757 15.757 0.086 0.086 
3 2 52 15.934 15.934 0.082 0.082 
3 2 53 15.844 15.844 0.074 0.074 
3 2 54 15.819 15.819 0.078 0.078 
3 2 55 15.853 15.853 0.075 0.075 
3 2 56 16.034 16.034 0.089 0.089 
3 2 57 16.171 16.171 0.541 0.541 
3 2 58 15.846 15.846 0.304 0.304 
3 2 59 16.116 16.116 0.897 0.897 
3 2 60 16.603 16.603 0.459 0.459 
3 2 61 16.000 16.000 362.039 362.039 
3 2 62 15.351 15.351 7.457 7.457 
3 3 1 16.000 16.000 362.039 362.039 
3 3 2 16.000 16.000 362.039 362.039 
3 3 3 16.000 16.000 362.039 362.039 
3 3 4 16.000 16.000 362.039 362.039 
3 3 5 16.000 16.000 362.039 362.039 
4 1 1 13.478 13.478 2.326 2.326 
4 1 2 12.558 12.558 1.685 1.685 
4 1 3 13.413 13.413 1.614 1.614 
4 1 4 13.571 13.571 1.316 1.316 
4 1 5 13.456 13.456 1.098 1.098 
4 1 6 13.520 13.520 1.103 1.103 
4 1 7 14.019 14.019 0.909 0.909 
4 1 8 14.323 14.323 1.000 1.000 
4 1 9 14.169 14.169 0.635 0.635 
4 1 10 14.061 14.061 0.545 0.545 
4 1 11 14.118 14.118 0.581 0.581 
4 1 12 14.497 14.497 0.396 0.396 
4 1 13 14.790 14.790 0.488 0.488 
4 1 14 14.466 14.466 0.397 0.397 
4 1 15 14.783 14.783 0.483 0.483 
4 1 16 14.707 14.707 0.415 0.415 
4 1 17 14.880 14.880 0.275 0.275 
4 1 18 15.227 15.227 0.336 0.336 
4 1 19 15.083 15.083 0.207 0.207 
4 1 20 15.075 15.075 0.182 0.182 
4 1 21 14.887 14.887 0.139 0.139 
4 1 22 15.339 15.339 0.126 0.126 
4 1 23 15.179 15.179 0.112 0.112 
4 2 1 11.102 11.102 2.549 2.549 
4 2 2 11.430 11.430 1.869 1.869 
4 2 3 12.935 12.935 1.713 1.713 
4 2 4 11.954 11.954 1.188 1.188 
4 2 5 12.300 12.300 1.221 1.221 
4 2 6 13.517 13.517 1.368 1.368 
4 2 7 13.568 13.568 1.346 1.346 
4 2 8 13.391 13.391 1.250 1.250 
4 2 9 13.989 13.989 1.297 1.297 
4 2 10 14.442 14.442 1.260 1.260 
4 2 11 14.100 14.100 1.173 1.173 
4 2 12 14.403 14.403 1.183 1.183 
4 2 13 14.444 14.444 1.136 1.136 
4 2 14 14.143 14.143 0.900 0.900 
4 2 15 14.741 14.741 1.038 1.038 
4 2 16 14.588 14.588 0.953 0.953 
4 2 17 14.842 14.842 0.972 0.972 
4 2 18 14.469 14.469 0.795 0.795 
4 2 19 14.808 14.808 0.832 0.832 
4 2 20 14.743 14.743 0.774 0.774 
4 2 21 14.894 14.894 0.567 0.567 
4 2 22 14.887 14.887 0.676 0.676 
4 2 23 15.118 15.118 0.797 0.797 
4 2 24 15.253 15.253 0.691 0.691 
4 2 25 15.094 15.094 0.605 0.605 
4 2 26 15.086 15.086 0.397 0.397 
4 2 27 15.159 15.159 0.300 0.300 
4 2 28 15.322 15.322 0.399 0.399 
4 2 29 15.467 15.467 0.367 0.367 
4 2 30 15.146 15.146 0.277 0.277 
4 2 31 15.392 15.392 0.295 0.295 
4 2 32 15.444 15.444 0.440 0.440 
4 2 33 15.304 15.304 0.173 0.173 
4 2 34 15.366 15.366 0.204 0.204 
4 2 35 15.495 15.495 0.259 0.259 
4 2 36 15.587 15.587 0.272 0.272 
4 2 37 15.478 15.478 0.228 0.228 
4 2 38 15.613 15.613 0.228 0.228 
4 2 39 15.436 15.436 0.187 0.187 
4 2 40 15.730 15.730 0.181 0.181 
4 2 41 15.611 15.611 0.154 0.154 
4 2 42 15.652 15.652 0.147 0.147 
4 2 43 15.705 15.705 0.158 0.158 
4 2 44 15.623 15.623 0.142 0.142 
4 2 45 15.578 15.578 0.103 0.103 
4 2 46 15.682 15.682 0.116 0.116 
4 2 47 15.632 15.632 0.101 0.101 
4 2 48 15.812 15.812 0.088 0.088 
4 2 49 15.714 15.714 0.079 0.079 
4 2 50 15.747 15.747 0.095 0.095 
4 2 51 15.768 15.768 0.084 0.084 
4 2 52 15.863 15.863 0.070 0.070 
4 2 53 15.806 15.806 0.084 0.084 
4 2 54 15.858 15.858 0.064 0.064 
4 2 55 15.820 15.820 0.079 0.079 
4 2 56 15.998 15.998 0.082 0.082 
4 2 57 15.957 15.957 0.185 0.185 
4 2 58 16.040 16.040 0.202 0.202 
4 2 59 15.877 15.877 6.425 6.425 
4 2 60 16.000 16.000 362.039 362.039 
4 2 61 16.000 16.000 362.039 362.039 
4 2 62 16.000 16.000 362.039 362.039 
4 3 1 16.000 16.000 362.039 362.039 
4 3 2 16.000 16.000 362.039 362.039 
4 3 3 16.000 16.000 362.039 362.039 
4 3 4 16.000 16.000 362.039 362.039 
4 3 5 16.000 16.000 362.039 362.039 
5 1 1 11.993 11.993 1.646 1.646 
5 1 2 13.444 13.444 2.219 2.219 
5 1 3 13.404 13.404 1.493 1.493 
5 1 4 13.494 13.494 1.593 1.593 
5 1 5 13.927 13.927 1.173 1.173 
5 1 6 13.337 13.337 1.051 1.051 
5 1 7 13.800 13.800 0.962 0.962 
5 1 8 14.109 14.109 0.867 0.867 
5 1 9 13.962 13.962 0.699 0.699 
5 1 10 14.589 14.589 0.763 0.763 
5 1 11 14.216 14.216 0.661 0.661 
5 1 12 14.439 14.439 0.591 0.591 
5 1 13 14.548 14.548 0.470 0.470 
5 1 14 14.763 14.763 0.490 0.490 
5 1 15 14.530 14.530 0.372 0.372 
5 1 16 14.922 14.922 0.387 0.387 
5 1 17 14.426 14.426 0.277 0.277 
5 1 18 14.967 14.967 0.248 0.248 
5 1 19 14.922 14.922 0.279 0.279 
5 1 20 15.064 15.064 0.207 0.207 
5 1 21 15.230 15.230 0.180 0.180 
5 1 22 15.315 15.315 0.130 0.130 
5 1 23 14.847 14.847 0.216 0.216 
5 2 1 14.896 14.896 5.100 5.100 
5 2 2 12.961 12.961 3.464 3.464 
5 2 3 11.586 11.586 2.445 2.445 
5 2 4 11.927 11.927 1.986 1.986 
5 2 5 12.527 12.527 1.928 1.928 
5 2 6 13.633 13.633 1.945 1.945 
5 2 7 13.829 13.829 1.930 1.930 
5 2 8 13.927 13.927 1.757 1.757 
5 2 9 12.953 12.953 1.374 1.374 
5 2 10 14.639 14.639 1.438 1.438 
5 2 11 14.769 14.769 1.367 1.367 
5 2 12 14.686 14.686 1.166 1.166 
5 2 13 14.337 14.337 1.113 1.113 
5 2 14 14.537 14.537 1.020 1.020 
5 2 15 14.684 14.684 1.019 1.019 
5 2 16 14.609 14.609 0.977 0.977 
5 2 17 14.426 14.426 0.962 0.962 
5 2 18 14.404 14.404 0.763 0.763 
5 2 19 14.830 14.830 0.841 0.841 
5 2 20 14.944 14.944 0.831 0.831 
5 2 21 14.619 14.619 0.821 0.821 
5 2 22 14.894 14.894 0.647 0.647 
5 2 23 15.065 15.065 0.599 0.599 
5 2 24 14.981 14.981 0.548 0.548 
5 2 25 14.990 14.990 0.358 0.358 
5 2 26 15.295 15.295 0.493 0.493 
5 2 27 15.397 15.397 0.589 0.589 
5 2 28 15.079 15.079 0.395 0.395 
5 2 29 15.332 15.332 0.406 0.406 
5 2 30 15.184 15.184 0.319 0.319 
5 2 31 15.076 15.076 0.285 0.285 
5 2 32 15.415 15.415 0.491 0.491 
5 2 33 15.390 15.390 0.267 0.267 
5 2 34 15.518 15.518 0.353 0.353 
5 2 35 15.379 15.379 0.275 0.275 
5 2 36 15.553 15.553 0.176 0.176 
5 2 37 15.451 15.451 0.261 0.261 
5 2 38 15.598 15.598 0.228 0.228 
5 2 39 15.445 15.445 0.199 0.199 
5 2 40 15.599 15.599 0.198 0.198 
5 2 41 15.568 15.568 0.278 0.278 
5 2 42 15.454 15.454 0.244 0.244 
5 2 43 15.369 15.369 0.158 0.158 
5 2 44 15.690 15.690 0.195 0.195 
5 2 45 15.687 15.687 0.119 0.119 
5 2 46 15.721 15.721 0.121 0.121 
5 2 47 15.715 15.715 0.125 0.125 
5 2 48 15.814 15.814 0.103 0.103 
5 2 49 15.808 15.808 0.103 0.103 
5 2 50 15.832 15.832 0.075 0.075 
5 2 51 15.878 15.878 0.079 0.079 
5 2 52 15.934 15.934 0.080 0.080 
5 2 53 15.867 15.867 0.078 0.078 
5 2 54 15.969 15.969 0.083 0.083 
5 2 55 15.870 15.870 0.075 0.075 
5 2 56 15.979 15.979 0.088 0.088 
5 2 57 15.180 15.180 2.148 2.148 
5 2 58 16.000 16.000 362.039 362.039 
5 2 59 16.000 16.000 362.039 362.039 
5 2 60 16.000 16.000 362.039 362.039 
5 2 61 16.000 16.000 362.039 362.039 
5 2 62 16.000 16.000 362.039 362.039 
5 3 1 16.000 16.000 362.039 362.039 
5 3 2 16.000 16.000 362.039 362.039 
5 3 3 16.000 16.000 362.039 362.039 
5 3 4 16.000 16.000 362.039 362.039 
5 3 5 16.000 16.000 362.039 362.039 
6 1 1 13.586 13.586 2.140 2.140 
6 1 2 13.372 13.372 2.110 2.110 
6 1 3 13.530 13.530 1.544 1.544 
6 1 4 13.560 13.560 1.361 1.361 
6 1 5 13.463 13.463 1.092 1.092 
6 1 6 13.491 13.491 1.095 1.095 
6 1 7 14.178 14.178 1.009 1.009 
6 1 8 14.485 14.485 1.007 1.007 
6 1 9 14.455 14.455 0.828 0.828 
6 1 10 14.323 14.323 0.770 0.770 
6 1 11 14.392 14.392 0.542 0.542 
6 1 12 14.520 14.520 0.561 0.561 
6 1 13 14.433 14.433 0.444 0.444 
6 1 14 14.410 14.410 0.443 0.443 
6 1 15 14.657 14.657 0.383 0.383 
6 1 16 14.359 14.359 0.246 0.246 
6 1 17 14.922 14.922 0.255 0.255 
6 1 18 14.735 14.735 0.225 0.225 
6 1 19 15.368 15.368 0.243 0.243 
6 1 20 15.109 15.109 0.181 0.181 
6 1 21 16.000 16.000 362.039 362.039 
6 1 22 15.052 15.052 0.169 0.169 
6 1 23 15.160 15.160 0.126 0.126 
6 2 1 14.934 14.934 5.163 5.163 
6 2 2 11.272 11.272 2.768 2.768 
6 2 3 12.883 12.883 3.271 3.271 
6 2 4 13.856 13.856 2.567 2.567 
6 2 5 12.596 12.596 1.985 1.985 
6 2 6 13.220 13.220 1.857 1.857 
6 2 7 14.209 14.209 1.863 1.863 
6 2 8 14.026 14.026 1.796 1.796 
6 2 9 13.863 13.863 1.491 1.491 
6 2 10 14.023 14.023 1.301 1.301 
6 2 11 14.035 14.035 1.239 1.239 
6 2 12 14.699 14.699 1.283 1.283 
6 2 13 14.327 14.327 1.141 1.141 
6 2 14 14.311 14.311 0.984 0.984 
6 2 15 14.549 14.549 0.903 0.903 
6 2 16 14.498 14.498 0.982 0.982 
6 2 17 14.531 14.531 1.032 1.032 
6 2 18 14.171 14.171 0.798 0.798 
6 2 19 14.693 14.693 0.696 0.696 
6 2 20 14.766 14.766 0.830 0.830 
6 2 21 14.896 14.896 0.836 0.836 
6 2 22 15.063 15.063 0.894 0.894 
6 2 23 14.814 14.814 0.635 0.635 
6 2 24 15.224 15.224 0.637 0.637 
6 2 25 15.117 15.117 0.630 0.630 
6 2 26 15.453 15.453 0.483 0.483 
6 2 27 15.271 15.271 0.441 0.441 
6 2 28 15.083 15.083 0.264 0.264 
6 2 29 15.217 15.217 0.270 0.270 
6 2 30 15.433 15.433 0.432 0.432 
6 2 31 15.051 15.051 0.270 0.270 
6 2 32 15.507 15.507 0.256 0.256 
6 2 33 15.316 15.316 0.281 0.281 
6 2 34 15.544 15.544 0.243 0.243 
6 2 35 15.537 15.537 0.220 0.220 
6 2 36 15.433 15.433 0.194 0.194 
6 2 37 15.358 15.358 0.173 0.173 
6 2 38 15.495 15.495 0.194 0.194 
6 2 39 15.566 15.566 0.229 0.229 
6 2 40 15.504 15.504 0.177 0.177 
6 2 41 15.552 15.552 0.139 0.139 
6 2 42 15.637 15.637 0.110 0.110 
6 2 43 15.643 15.643 0.142 0.142 
6 2 44 15.591 15.591 0.111 0.111 
6 2 45 15.587 15.587 0.112 0.112 
6 2 46 15.753 15.753 0.102 0.102 
6 2 47 15.766 15.766 0.118 0.118 
6 2 48 15.773 15.773 0.098 0.098 
6 2 49 15.800 15.800 0.088 0.088 
6 2 50 15.741 15.741 0.086 0.086 
6 2 51 15.847 15.847 0.075 0.075 
6 2 52 15.907 15.907 0.082 0.082 
6 2 53 15.966 15.966 0.064 0.064 
6 2 54 15.983 15.983 0.072 0.072 
6 2 55 16.021 16.021 0.080 0.080 
6 2 56 16.129 16.129 0.158 0.158 
6 2 57 15.870 15.870 0.231 0.231 
6 2 58 15.723 15.723 0.336 0.336 
6 2 59 14.859 14.859 336.755 336.755 
6 2 60 16.592 16.592 9.063 9.063 
6 2 61 16.000 16.000 362.039 362.039 
6 2 62 15.913 15.913 5.685 5.685 
6 3 1 16.000 16.000 362.039 362.039 
6 3 2 16.000 16.000 362.039 362.039 
6 3 3 16.000 16.000 362.039 362.039 
6 3 4 16.000 16.000 362.039 362.039 
6 3 5 16.000 16.000 362.039 362.039 
