1 1 1 0.821 0.161
1 1 2 0.348 0.182
1 1 3 -0.633 0.152
1 1 4 0.635 0.193
1 1 5 0.220 0.217
1 1 6 -0.056 0.275
1 1 7 0.381 0.134
1 1 8 -0.788 0.170
1 1 9 -0.917 0.223
1 1 10 0.129 0.195
1 1 11 0.525 0.254
1 1 12 0.520 0.243
1 1 13 0.111 0.250
1 1 14 0.283 0.236
1 1 15 -0.721 0.212
1 1 16 0.020 0.391
1 1 17 -0.810 0.270
1 1 18 -0.221 0.339
1 1 19 1.248 0.640
1 1 20 0.205 0.270
1 1 21 -0.378 0.080
1 1 22 -0.437 0.398
1 1 23 0.224 0.080
1 2 1 -0.837 0.040
1 2 2 -0.595 0.066
1 2 3 0.970 0.126
1 2 4 0.087 0.109
1 2 5 0.065 0.144
1 2 6 0.650 0.157
1 2 7 -0.926 0.129
1 2 8 0.508 0.128
1 2 9 -0.665 0.139
1 2 10 0.570 0.129
1 2 11 0.545 0.127
1 2 12 0.938 0.134
1 2 13 0.207 0.155
1 2 14 -0.595 0.117
1 2 15 0.094 0.123
1 2 16 -0.429 0.119
1 2 17 0.145 0.109
1 2 18 0.159 0.150
1 2 19 -0.566 0.100
1 2 20 -0.982 0.118
1 2 21 0.079 0.093
1 2 22 -0.022 0.102
1 2 23 -0.026 0.103
1 2 24 0.147 0.119
1 2 25 0.718 0.128
1 2 26 0.486 0.137
1 2 27 -0.815 0.130
1 2 28 0.995 0.122
1 2 29 -0.793 0.142
1 2 30 -0.164 0.139
1 2 31 0.829 0.165
1 2 32 0.655 0.138
1 2 33 -0.604 0.184
1 2 34 0.933 0.147
1 2 35 0.871 0.149
1 2 36 0.451 0.159
1 2 37 1.016 0.174
1 2 38 -0.727 0.188
1 2 39 0.338 0.110
1 2 40 -0.756 0.154
1 2 41 0.799 0.169
1 2 42 0.424 0.234
1 2 43 -0.093 0.186
1 2 44 1.055 0.289
1 2 45 -0.396 0.182
1 2 46 0.812 0.234
1 2 47 0.685 0.109
1 2 48 -0.072 0.127
1 2 49 0.430 0.218
1 2 50 0.793 0.117
1 2 51 -0.562 0.296
1 2 52 -0.987 0.100
1 2 53 0.303 0.085
1 2 54 -0.241 0.040
1 2 55 0.536 0.080
1 2 56 0.949 0.040
1 2 57 0.350 0.042
1 2 58 -0.776 0.040
1 2 59 0.231 0.406
1 2 60 -0.596 0.043
1 2 61 0.926 0.040
1 2 62 -0.677 0.040
1 3 1 -0.622 0.080
1 3 2 -0.619 0.138
1 3 3 -16.748 0.998
1 3 4 0.791 0.080
1 3 5 -0.462 0.100
2 1 1 -0.001 0.217
2 1 2 0.291 0.188
2 1 3 0.605 0.136
2 1 4 -0.219 0.137
2 1 5 0.607 0.231
2 1 6 0.000 0.100
2 1 7 -0.831 0.168
2 1 8 -0.467 0.219
2 1 9 0.089 0.186
2 1 10 0.000 0.100
2 1 11 -0.578 0.212
2 1 12 -0.328 0.287
2 1 13 0.066 0.273
2 1 14 -0.332 0.250
2 1 15 -0.064 0.346
2 1 16 0.401 0.357
2 1 17 -0.776 0.396
2 1 18 0.745 0.356
2 1 19 0.533 0.572
2 1 20 0.808 0.371
2 1 21 0.241 0.532
2 1 22 -0.853 0.080
2 1 23 -0.253 0.080
2 2 1 -0.980 0.976
2 2 2 0.610 0.251
2 2 3 0.002 0.048
2 2 4 0.380 0.125
2 2 5 0.135 0.071
2 2 6 0.342 0.096
2 2 7 0.033 0.140
2 2 8 -0.404 0.110
2 2 9 -0.432 0.113
2 2 10 0.898 0.102
2 2 11 0.383 0.079
2 2 12 -0.947 0.124
2 2 13 0.285 0.124
2 2 14 0.482 0.113
2 2 15 -0.784 0.130
2 2 16 -0.214 0.098
2 2 17 0.260 0.106
2 2 18 0.243 0.114
2 2 19 0.629 0.129
2 2 20 -0.708 0.097
2 2 21 -1.014 0.115
2 2 22 -0.006 0.114
2 2 23 0.238 0.128
2 2 24 0.759 0.157
2 2 25 -0.152 0.132
2 2 26 0.883 0.106
2 2 27 0.171 0.132
2 2 28 0.588 0.119
2 2 29 -0.081 0.129
2 2 30 -0.522 0.121
2 2 31 -0.095 0.140
2 2 32 -0.549 0.152
2 2 33 0.314 0.227
2 2 34 0.133 0.150
2 2 35 0.334 0.139
2 2 36 -0.872 0.153
2 2 37 0.061 0.157
2 2 38 0.120 0.151
2 2 39 0.555 0.148
2 2 40 0.152 0.151
2 2 41 -0.512 0.132
2 2 42 -0.342 0.192
2 2 43 -0.438 0.155
2 2 44 -0.918 0.165
2 2 45 -0.101 0.164
2 2 46 0.904 0.169
2 2 47 -0.946 0.149
2 2 48 0.366 0.259
2 2 49 0.782 0.133
2 2 50 0.685 0.086
2 2 51 0.390 0.040
2 2 52 -0.128 0.354
2 2 53 -0.428 0.125
2 2 54 -0.417 0.050
2 2 55 -0.634 0.040
2 2 56 0.528 0.066
2 2 57 0.748 0.040
2 2 58 -0.114 0.040
2 2 59 0.305 0.040
2 2 60 -0.539 0.040
2 2 61 0.129 0.043
2 2 62 -0.062 0.040
2 3 1 -0.793 0.080
2 3 2 0.092 0.080
2 3 3 -0.369 0.080
2 3 4 0.388 0.100
2 3 5 0.000 0.100
3 1 1 -0.018 0.157
3 1 2 -0.588 0.266
3 1 3 -0.938 0.100
3 1 4 -0.109 0.142
3 1 5 0.284 0.187
3 1 6 0.430 0.148
3 1 7 -0.132 0.150
3 1 8 -0.178 0.177
3 1 9 -0.647 0.259
3 1 10 0.461 0.188
3 1 11 0.664 0.433
3 1 12 -0.844 0.275
3 1 13 -0.147 0.267
3 1 14 0.509 0.305
3 1 15 0.656 0.375
3 1 16 -0.042 0.368
3 1 17 -0.503 0.366
3 1 18 -0.239 0.379
3 1 19 0.993 0.331
3 1 20 0.161 0.372
3 1 21 0.049 0.080
3 1 22 -0.358 0.080
3 1 23 -0.238 0.080
3 2 1 -0.679 0.040
3 2 2 -0.456 0.052
3 2 3 0.272 0.296
3 2 4 0.445 0.155
3 2 5 -0.418 0.137
3 2 6 0.534 0.201
3 2 7 0.037 0.122
3 2 8 -0.140 0.128
3 2 9 0.684 0.129
3 2 10 -0.385 0.141
3 2 11 0.169 0.122
3 2 12 -0.898 0.132
3 2 13 0.563 0.122
3 2 14 0.259 0.136
3 2 15 -0.638 0.120
3 2 16 0.619 0.125
3 2 17 0.334 0.121
3 2 18 -0.772 0.123
3 2 19 -0.102 0.112
3 2 20 -0.027 0.105
3 2 21 0.433 0.138
3 2 22 -0.146 0.107
3 2 23 0.396 0.129
3 2 24 0.581 0.126
3 2 25 -0.651 0.140
3 2 26 0.296 0.118
3 2 27 0.300 0.132
3 2 28 0.835 0.119
3 2 29 -0.391 0.121
3 2 30 0.927 0.155
3 2 31 0.183 0.145
3 2 32 -0.527 0.166
3 2 33 -0.400 0.157
3 2 34 0.262 0.154
3 2 35 0.824 0.150
3 2 36 -0.884 0.140
3 2 37 -0.783 0.142
3 2 38 0.056 0.163
3 2 39 -0.393 0.146
3 2 40 0.614 0.131
3 2 41 -1.004 0.178
3 2 42 -0.229 0.175
3 2 43 -0.395 0.157
3 2 44 0.859 0.198
3 2 45 -0.626 0.115
3 2 46 -0.460 0.048
3 2 47 0.947 0.086
3 2 48 0.439 0.172
3 2 49 0.723 0.149
3 2 50 -1.084 0.099
3 2 51 -0.729 0.349
3 2 52 0.413 0.095
3 2 53 -0.408 0.040
3 2 54 -0.278 0.331
3 2 55 0.919 0.092
3 2 56 -0.449 0.054
3 2 57 0.013 0.047
3 2 58 -0.834 0.040
3 2 59 0.113 0.040
3 2 60 -0.189 0.040
3 2 61 0.147 0.040
3 2 62 0.196 0.040
3 3 1 -0.120 0.080
3 3 2 -0.662 0.100
3 3 3 -0.433 0.080
3 3 4 -0.227 0.080
3 3 5 -0.687 0.100
4 1 1 -0.687 0.100
4 1 2 0.168 0.144
4 1 3 -0.764 0.155
4 1 4 0.332 0.232
4 1 5 0.448 0.226
4 1 6 0.396 0.180
4 1 7 -0.377 0.203
4 1 8 -0.204 0.185
4 1 9 -0.266 0.232
4 1 10 -0.924 0.215
4 1 11 -0.608 0.134
4 1 12 -0.005 0.283
4 1 13 -0.723 0.269
4 1 14 -0.635 0.253
4 1 15 0.832 0.295
4 1 16 0.801 0.351
4 1 17 -0.684 0.250
4 1 18 0.000 0.100
4 1 19 0.624 0.334
4 1 20 0.119 0.490
4 1 21 -0.603 0.462
4 1 22 -0.472 0.321
4 1 23 -0.463 0.080
4 2 1 -0.730 0.186
4 2 2 0.307 0.164
4 2 3 -0.121 0.136
4 2 4 -0.691 0.129
4 2 5 0.156 0.142
4 2 6 0.242 0.127
4 2 7 -0.748 0.133
4 2 8 0.545 0.123
4 2 9 -0.163 0.120
4 2 10 0.949 0.072
4 2 11 0.611 0.107
4 2 12 -0.266 0.088
4 2 13 -0.894 0.098
4 2 14 -0.718 0.112
4 2 15 -0.039 0.106
4 2 16 0.294 0.118
4 2 17 0.041 0.113
4 2 18 -0.165 0.143
4 2 19 0.191 0.129
4 2 20 -0.580 0.105
4 2 21 0.594 0.115
4 2 22 -0.427 0.118
4 2 23 0.298 0.132
4 2 24 -0.655 0.112
4 2 25 -0.807 0.107
4 2 26 0.312 0.125
4 2 27 0.026 0.120
4 2 28 0.341 0.109
4 2 29 -0.191 0.120
4 2 30 -0.823 0.112
4 2 31 0.805 0.124
4 2 32 0.630 0.103
4 2 33 -0.427 0.166
4 2 34 -0.528 0.159
4 2 35 -0.205 0.129
4 2 36 0.647 0.152
4 2 37 0.046 0.145
4 2 38 -0.154 0.147
4 2 39 0.344 0.147
4 2 40 0.349 0.138
4 2 41 0.419 0.153
4 2 42 -0.370 0.139
4 2 43 0.783 0.164
4 2 44 0.422 0.151
4 2 45 -0.140 0.140
4 2 46 -0.821 0.127
4 2 47 -0.509 0.102
4 2 48 0.491 0.227
4 2 49 -0.541 0.365
4 2 50 -0.553 0.115
4 2 51 0.048 0.106
4 2 52 -0.360 0.106
4 2 53 0.748 0.057
4 2 54 0.352 0.212
4 2 55 -0.049 0.237
4 2 56 0.665 0.040
4 2 57 1.867 0.059
4 2 58 -0.901 0.040
4 2 59 -0.977 0.040
4 2 60 0.258 0.040
4 2 61 -0.832 0.040
4 2 62 1.056 0.040
4 3 1 -0.166 0.080
4 3 2 -0.879 0.738
4 3 3 0.000 0.100
4 3 4 0.000 0.100
4 3 5 0.000 0.100
5 1 1 -0.543 0.084
5 1 2 0.806 0.085
5 1 3 0.953 0.080
5 1 4 -0.006 0.080
5 1 5 0.597 0.080
5 1 6 -0.801 0.080
5 1 7 0.438 0.080
5 1 8 -0.854 0.141
5 1 9 -0.001 0.154
5 1 10 -0.834 0.276
5 1 11 -0.009 0.257
5 1 12 0.326 0.320
5 1 13 -0.376 0.249
5 1 14 0.353 0.294
5 1 15 -0.792 0.080
5 1 16 -0.689 0.397
5 1 17 -0.302 0.496
5 1 18 0.784 0.449
5 1 19 0.397 0.391
5 1 20 -0.041 0.255
5 1 21 -0.556 0.279
5 1 22 -0.868 0.080
5 1 23 -0.509 0.080
5 2 1 0.743 0.040
5 2 2 1.008 0.441
5 2 3 -0.971 0.040
5 2 4 -0.336 0.040
5 2 5 0.987 0.040
5 2 6 -0.629 0.040
5 2 7 0.011 0.079
5 2 8 0.168 0.040
5 2 9 0.548 0.040
5 2 10 0.199 0.086
5 2 11 0.105 0.084
5 2 12 0.608 0.068
5 2 13 -0.077 0.040
5 2 14 0.200 0.040
5 2 15 -1.008 0.251
5 2 16 -0.603 0.065
5 2 17 -0.189 0.613
5 2 18 -0.209 0.040
5 2 19 0.257 0.094
5 2 20 -0.313 0.040
5 2 21 0.556 0.040
5 2 22 -0.032 0.098
5 2 23 1.019 0.098
5 2 24 -0.113 0.040
5 2 25 0.243 0.220
5 2 26 -0.982 0.093
5 2 27 -0.859 0.093
5 2 28 -0.887 0.076
5 2 29 -0.397 0.126
5 2 30 -0.179 0.105
5 2 31 -0.286 0.113
5 2 32 0.756 0.124
5 2 33 0.494 0.135
5 2 34 -0.851 0.104
5 2 35 0.375 0.112
5 2 36 -0.339 0.129
5 2 37 0.275 0.121
5 2 38 0.395 0.149
5 2 39 0.065 0.107
5 2 40 0.930 0.144
5 2 41 0.957 0.091
5 2 42 -0.029 0.332
5 2 43 -0.874 0.335
5 2 44 -0.564 0.345
5 2 45 -0.972 0.089
5 2 46 -0.152 0.276
5 2 47 -0.663 0.142
5 2 48 0.893 0.065
5 2 49 -0.612 0.086
5 2 50 -0.814 0.090
5 2 51 0.790 0.040
5 2 52 -0.951 0.040
5 2 53 0.964 0.040
5 2 54 0.414 0.072
5 2 55 -0.224 0.552
5 2 56 -0.266 0.040
5 2 57 0.052 0.040
5 2 58 0.120 0.040
5 2 59 -0.306 0.040
5 2 60 -0.284 0.040
5 2 61 0.124 0.996
5 2 62 -0.647 0.999
5 3 1 0.327 0.080
5 3 2 -0.164 0.080
5 3 3 -0.730 0.999
5 3 4 -1.178 0.336
5 3 5 0.000 0.100
6 1 1 0.302 0.114
6 1 2 0.355 0.128
6 1 3 -0.690 0.143
6 1 4 0.909 0.154
6 1 5 -0.480 0.176
6 1 6 0.238 0.192
6 1 7 -0.987 0.111
6 1 8 0.915 0.177
6 1 9 0.478 0.264
6 1 10 0.447 0.320
6 1 11 0.175 0.235
6 1 12 -0.577 0.221
6 1 13 0.694 0.303
6 1 14 -0.510 0.288
6 1 15 -0.361 0.248
6 1 16 -0.406 0.273
6 1 17 0.512 0.300
6 1 18 -0.812 0.134
6 1 19 0.800 0.322
6 1 20 -0.550 0.351
6 1 21 0.000 0.100
6 1 22 0.920 0.996
6 1 23 0.542 0.419
6 2 1 -0.744 0.407
6 2 2 -0.193 0.167
6 2 3 -0.113 0.113
6 2 4 0.538 0.129
6 2 5 0.831 0.131
6 2 6 -0.989 0.132
6 2 7 -0.399 0.125
6 2 8 -0.804 0.123
6 2 9 -0.855 0.145
6 2 10 -0.282 0.117
6 2 11 -0.403 0.126
6 2 12 0.575 0.108
6 2 13 0.279 0.122
6 2 14 0.703 0.126
6 2 15 0.839 0.115
6 2 16 0.632 0.157
6 2 17 0.223 0.132
6 2 18 0.046 0.158
6 2 19 -0.553 0.127
6 2 20 -0.630 0.129
6 2 21 -0.621 0.128
6 2 22 0.371 0.117
6 2 23 -0.628 0.158
6 2 24 0.821 0.151
6 2 25 -0.186 0.131
6 2 26 0.952 0.124
6 2 27 -0.889 0.147
6 2 28 -0.694 0.140
6 2 29 -0.109 0.155
6 2 30 -0.387 0.100
6 2 31 0.501 0.160
6 2 32 -0.501 0.161
6 2 33 0.983 0.160
6 2 34 -0.912 0.173
6 2 35 -0.425 0.123
6 2 36 0.730 0.164
6 2 37 0.010 0.185
6 2 38 -0.593 0.160
6 2 39 -0.904 0.177
6 2 40 0.130 0.183
6 2 41 0.684 0.135
6 2 42 -0.594 0.162
6 2 43 0.797 0.138
6 2 44 0.264 0.088
6 2 45 -0.393 0.236
6 2 46 -0.473 0.173
6 2 47 0.088 0.156
6 2 48 -0.749 0.090
6 2 49 0.368 0.146
6 2 50 0.092 0.232
6 2 51 0.391 0.130
6 2 52 0.696 0.075
6 2 53 0.303 0.422
6 2 54 2.018 0.674
6 2 55 -0.578 0.040
6 2 56 0.262 0.040
6 2 57 0.743 0.040
6 2 58 0.013 0.040
6 2 59 -1.544 0.998
6 2 60 -0.998 0.044
6 2 61 -0.165 0.040
6 2 62 -0.383 0.040
6 3 1 0.171 0.634
6 3 2 -0.813 0.080
6 3 3 0.223 0.080
6 3 4 -0.474 0.807
6 3 5 0.000 0.100
