1 1 1 -16.032
1 1 2 -6.012
1 1 3 -6.012
1 1 4 -10.020
1 1 5 -2.004
1 1 6 -22.044
1 1 7 -0.000
1 1 8 -12.024
1 1 9 -12.024
1 1 10 -2.004
1 1 11 -4.008
1 1 12 4.008
1 1 13 4.008
1 1 14 -4.008
1 1 15 -2.004
1 1 16 10.020
1 1 17 -4.008
1 1 18 2.004
1 1 19 14.028
1 1 20 6.012
1 1 21 6.012
1 1 22 2.004
1 1 23 4.008
1 2 1 4.008
1 2 2 10.020
1 2 3 12.024
1 2 4 2.004
1 2 5 4.008
1 2 6 6.012
1 2 7 -0.000
1 2 8 8.016
1 2 9 12.024
1 2 10 -0.000
1 2 11 10.020
1 2 12 10.020
1 2 13 -4.008
1 2 14 18.036
1 2 15 2.004
1 2 16 14.028
1 2 17 10.020
1 2 18 14.028
1 2 19 18.036
1 2 20 8.016
1 2 21 2.004
1 2 22 6.012
1 2 23 10.020
1 2 24 10.020
1 2 25 16.032
1 2 26 10.020
1 2 27 16.032
1 2 28 16.032
1 2 29 16.032
1 2 30 20.040
1 2 31 20.040
1 2 32 20.040
1 2 33 14.028
1 2 34 24.048
1 2 35 18.036
1 2 36 8.016
1 2 37 14.028
1 2 38 12.024
1 2 39 12.024
1 2 40 28.056
1 2 41 22.044
1 2 42 18.036
1 2 43 28.056
1 2 44 34.068
1 2 45 22.044
1 2 46 18.036
1 2 47 18.036
1 2 48 18.036
1 2 49 26.052
1 2 50 18.036
1 2 51 10.020
1 2 52 32.064
1 2 53 10.020
1 2 54 20.040
1 2 55 18.036
1 2 56 14.028
1 2 57 30.060
1 2 58 4.008
1 2 59 14.028
1 2 60 34.068
1 2 61 34.068
1 2 62 28.056
1 3 1 -6.012
1 3 2 -2.004
1 3 3 0.000
1 3 4 2.004
1 3 5 0.000
2 1 1 -24.048
2 1 2 -42.084
2 1 3 -20.040
2 1 4 -22.044
2 1 5 -32.064
2 1 6 0.000
2 1 7 -18.036
2 1 8 -24.048
2 1 9 -24.048
2 1 10 0.000
2 1 11 -26.052
2 1 12 -18.036
2 1 13 -20.040
2 1 14 -20.040
2 1 15 -20.040
2 1 16 -16.032
2 1 17 -22.044
2 1 18 -16.032
2 1 19 -16.032
2 1 20 -10.020
2 1 21 -10.020
2 1 22 -0.000
2 1 23 -12.024
2 2 1 -2.004
2 2 2 -18.036
2 2 3 -4.008
2 2 4 -18.036
2 2 5 -4.008
2 2 6 -4.008
2 2 7 -4.008
2 2 8 -24.048
2 2 9 -26.052
2 2 10 -4.008
2 2 11 -24.048
2 2 12 -20.040
2 2 13 -20.040
2 2 14 -2.004
2 2 15 -18.036
2 2 16 -16.032
2 2 17 -2.004
2 2 18 -20.040
2 2 19 -0.000
2 2 20 -2.004
2 2 21 -12.024
2 2 22 -0.000
2 2 23 -6.012
2 2 24 -8.016
2 2 25 -8.016
2 2 26 -2.004
2 2 27 4.008
2 2 28 -6.012
2 2 29 -6.012
2 2 30 16.032
2 2 31 -2.004
2 2 32 -6.012
2 2 33 -4.008
2 2 34 -4.008
2 2 35 -8.016
2 2 36 -6.012
2 2 37 -4.008
2 2 38 12.024
2 2 39 2.004
2 2 40 -4.008
2 2 41 -6.012
2 2 42 12.024
2 2 43 -6.012
2 2 44 -4.008
2 2 45 -4.008
2 2 46 2.004
2 2 47 2.004
2 2 48 2.004
2 2 49 -0.000
2 2 50 -0.000
2 2 51 4.008
2 2 52 22.044
2 2 53 -0.000
2 2 54 6.012
2 2 55 10.020
2 2 56 8.016
2 2 57 20.040
2 2 58 28.056
2 2 59 14.028
2 2 60 6.012
2 2 61 6.012
2 2 62 18.036
2 3 1 -8.016
2 3 2 -18.036
2 3 3 0.000
2 3 4 0.000
2 3 5 0.000
3 1 1 -16.032
3 1 2 -14.028
3 1 3 -12.024
3 1 4 -10.020
3 1 5 -26.052
3 1 6 -6.012
3 1 7 -8.016
3 1 8 -12.024
3 1 9 -14.028
3 1 10 -8.016
3 1 11 -10.020
3 1 12 -8.016
3 1 13 -14.028
3 1 14 -12.024
3 1 15 -12.024
3 1 16 8.016
3 1 17 -0.000
3 1 18 12.024
3 1 19 -0.000
3 1 20 14.028
3 1 21 -0.000
3 1 22 -0.000
3 1 23 -2.004
3 2 1 -18.036
3 2 2 6.012
3 2 3 -16.032
3 2 4 -14.028
3 2 5 6.012
3 2 6 4.008
3 2 7 4.008
3 2 8 6.012
3 2 9 -14.028
3 2 10 6.012
3 2 11 4.008
3 2 12 6.012
3 2 13 -16.032
3 2 14 -8.016
3 2 15 -10.020
3 2 16 -10.020
3 2 17 -10.020
3 2 18 10.020
3 2 19 10.020
3 2 20 10.020
3 2 21 4.008
3 2 22 6.012
3 2 23 4.008
3 2 24 10.020
3 2 25 4.008
3 2 26 -6.012
3 2 27 8.016
3 2 28 8.016
3 2 29 14.028
3 2 30 8.016
3 2 31 10.020
3 2 32 8.016
3 2 33 8.016
3 2 34 4.008
3 2 35 -4.008
3 2 36 18.036
3 2 37 2.004
3 2 38 12.024
3 2 39 8.016
3 2 40 24.048
3 2 41 22.044
3 2 42 6.012
3 2 43 10.020
3 2 44 8.016
3 2 45 6.012
3 2 46 14.028
3 2 47 12.024
3 2 48 30.060
3 2 49 24.048
3 2 50 28.056
3 2 51 14.028
3 2 52 12.024
3 2 53 28.056
3 2 54 12.024
3 2 55 16.032
3 2 56 16.032
3 2 57 18.036
3 2 58 16.032
3 2 59 26.052
3 2 60 18.036
3 2 61 18.036
3 2 62 30.060
3 3 1 76.152
3 3 2 -4.008
3 3 3 -4.008
3 3 4 0.000
3 3 5 0.000
4 1 1 -38.076
4 1 2 -22.044
4 1 3 -16.032
4 1 4 -24.048
4 1 5 -32.064
4 1 6 -18.036
4 1 7 -32.064
4 1 8 -16.032
4 1 9 -36.072
4 1 10 -18.036
4 1 11 -14.028
4 1 12 -16.032
4 1 13 -14.028
4 1 14 -12.024
4 1 15 -8.016
4 1 16 -10.020
4 1 17 -10.020
4 1 18 -10.020
4 1 19 -0.000
4 1 20 -8.016
4 1 21 -8.016
4 1 22 -12.024
4 1 23 -14.028
4 2 1 -2.004
4 2 2 -18.036
4 2 3 4.008
4 2 4 4.008
4 2 5 -6.012
4 2 6 -2.004
4 2 7 -4.008
4 2 8 -4.008
4 2 9 -8.016
4 2 10 4.008
4 2 11 2.004
4 2 12 -4.008
4 2 13 -2.004
4 2 14 -14.028
4 2 15 8.016
4 2 16 -0.000
4 2 17 2.004
4 2 18 -12.024
4 2 19 -2.004
4 2 20 -2.004
4 2 21 4.008
4 2 22 -16.032
4 2 23 8.016
4 2 24 -2.004
4 2 25 -2.004
4 2 26 -4.008
4 2 27 2.004
4 2 28 22.044
4 2 29 2.004
4 2 30 2.004
4 2 31 -4.008
4 2 32 -2.004
4 2 33 -8.016
4 2 34 -2.004
4 2 35 18.036
4 2 36 -0.000
4 2 37 -12.024
4 2 38 2.004
4 2 39 20.040
4 2 40 6.012
4 2 41 -4.008
4 2 42 6.012
4 2 43 18.036
4 2 44 4.008
4 2 45 -0.000
4 2 46 8.016
4 2 47 20.040
4 2 48 20.040
4 2 49 18.036
4 2 50 10.020
4 2 51 10.020
4 2 52 8.016
4 2 53 20.040
4 2 54 30.060
4 2 55 8.016
4 2 56 24.048
4 2 57 4.008
4 2 58 4.008
4 2 59 26.052
4 2 60 26.052
4 2 61 24.048
4 2 62 8.016
4 3 1 -26.052
4 3 2 6.012
4 3 3 0.000
4 3 4 0.000
4 3 5 0.000
5 1 1 -14.028
5 1 2 -12.024
5 1 3 -20.040
5 1 4 -10.020
5 1 5 -12.024
5 1 6 -26.052
5 1 7 -10.020
5 1 8 2.004
5 1 9 -2.004
5 1 10 4.008
5 1 11 2.004
5 1 12 -8.016
5 1 13 4.008
5 1 14 2.004
5 1 15 2.004
5 1 16 2.004
5 1 17 -10.020
5 1 18 -8.016
5 1 19 8.016
5 1 20 -10.020
5 1 21 -0.000
5 1 22 22.044
5 1 23 24.048
5 2 1 8.016
5 2 2 8.016
5 2 3 8.016
5 2 4 8.016
5 2 5 8.016
5 2 6 8.016
5 2 7 6.012
5 2 8 6.012
5 2 9 -2.004
5 2 10 6.012
5 2 11 -0.000
5 2 12 -0.000
5 2 13 -0.000
5 2 14 14.028
5 2 15 4.008
5 2 16 6.012
5 2 17 4.008
5 2 18 4.008
5 2 19 26.052
5 2 20 12.024
5 2 21 6.012
5 2 22 12.024
5 2 23 18.036
5 2 24 8.016
5 2 25 8.016
5 2 26 20.040
5 2 27 18.036
5 2 28 6.012
5 2 29 18.036
5 2 30 20.040
5 2 31 10.020
5 2 32 10.020
5 2 33 2.004
5 2 34 20.040
5 2 35 20.040
5 2 36 8.016
5 2 37 16.032
5 2 38 20.040
5 2 39 24.048
5 2 40 14.028
5 2 41 12.024
5 2 42 18.036
5 2 43 8.016
5 2 44 14.028
5 2 45 8.016
5 2 46 10.020
5 2 47 24.048
5 2 48 24.048
5 2 49 22.044
5 2 50 26.052
5 2 51 6.012
5 2 52 24.048
5 2 53 30.060
5 2 54 30.060
5 2 55 70.140
5 2 56 32.064
5 2 57 26.052
5 2 58 26.052
5 2 59 42.084
5 2 60 24.048
5 2 61 46.092
5 2 62 24.048
5 3 1 -6.012
5 3 2 -8.016
5 3 3 -2.004
5 3 4 0.000
5 3 5 0.000
6 1 1 -18.036
6 1 2 -10.020
6 1 3 -8.016
6 1 4 -12.024
6 1 5 -14.028
6 1 6 -12.024
6 1 7 -4.008
6 1 8 -20.040
6 1 9 -10.020
6 1 10 6.012
6 1 11 2.004
6 1 12 -6.012
6 1 13 -10.020
6 1 14 -12.024
6 1 15 -2.004
6 1 16 -4.008
6 1 17 -12.024
6 1 18 2.004
6 1 19 -6.012
6 1 20 -4.008
6 1 21 0.000
6 1 22 10.020
6 1 23 8.016
6 2 1 4.008
6 2 2 -8.016
6 2 3 8.016
6 2 4 -0.000
6 2 5 8.016
6 2 6 -0.000
6 2 7 10.020
6 2 8 10.020
6 2 9 10.020
6 2 10 10.020
6 2 11 10.020
6 2 12 2.004
6 2 13 10.020
6 2 14 14.028
6 2 15 -0.000
6 2 16 6.012
6 2 17 6.012
6 2 18 14.028
6 2 19 -2.004
6 2 20 14.028
6 2 21 18.036
6 2 22 -2.004
6 2 23 18.036
6 2 24 14.028
6 2 25 6.012
6 2 26 22.044
6 2 27 12.024
6 2 28 28.056
6 2 29 6.012
6 2 30 12.024
6 2 31 12.024
6 2 32 18.036
6 2 33 10.020
6 2 34 10.020
6 2 35 20.040
6 2 36 20.040
6 2 37 22.044
6 2 38 28.056
6 2 39 16.032
6 2 40 16.032
6 2 41 12.024
6 2 42 14.028
6 2 43 24.048
6 2 44 26.052
6 2 45 28.056
6 2 46 12.024
6 2 47 10.020
6 2 48 32.064
6 2 49 8.016
6 2 50 12.024
6 2 51 26.052
6 2 52 12.024
6 2 53 20.040
6 2 54 14.028
6 2 55 26.052
6 2 56 46.092
6 2 57 10.020
6 2 58 26.052
6 2 59 6.012
6 2 60 10.020
6 2 61 28.056
6 2 62 26.052
6 3 1 2.004
6 3 2 -2.004
6 3 3 0.000
6 3 4 0.000
6 3 5 0.000
