1 1 1 12.892 12.892 1.663 1.663 
1 1 2 12.420 12.420 1.269 1.269 
1 1 3 12.786 12.786 1.123 1.123 
1 1 4 13.398 13.398 0.984 0.984 
1 1 5 13.186 13.186 0.816 0.816 
1 1 6 13.744 13.744 0.673 0.673 
1 1 7 13.599 13.599 0.463 0.463 
1 1 8 14.121 14.121 0.295 0.295 
1 1 9 14.175 14.175 0.259 0.259 
1 1 10 13.935 13.935 0.251 0.251 
1 1 11 14.298 14.298 0.235 0.235 
1 1 12 14.309 14.309 0.256 0.256 
1 1 13 14.420 14.420 0.210 0.210 
1 1 14 14.560 14.560 0.167 0.167 
1 1 15 14.873 14.873 0.302 0.302 
1 1 16 14.150 14.150 0.337 0.337 
1 1 17 14.981 14.981 0.259 0.259 
1 1 18 15.049 15.049 0.493 0.493 
1 1 19 15.343 15.343 0.853 0.853 
1 1 20 79.957 79.957 11819.305 11819.305 
1 1 21 16.000 16.000 362.039 362.039 
1 1 22 16.000 16.000 362.039 362.039 
1 1 23 16.000 16.000 362.039 362.039 
1 2 1 11.101 11.101 2.460 2.460 
1 2 2 10.106 10.106 1.197 1.197 
1 2 3 12.045 12.045 1.013 1.013 
1 2 4 11.797 11.797 0.750 0.750 
1 2 5 12.404 12.404 0.746 0.746 
1 2 6 12.668 12.668 0.831 0.831 
1 2 7 14.275 14.275 0.980 0.980 
1 2 8 13.596 13.596 0.719 0.719 
1 2 9 13.681 13.681 0.649 0.649 
1 2 10 14.013 14.013 0.472 0.472 
1 2 11 13.972 13.972 0.540 0.540 
1 2 12 14.372 14.372 0.537 0.537 
1 2 13 13.649 13.649 0.379 0.379 
1 2 14 14.265 14.265 0.614 0.614 
1 2 15 14.584 14.584 0.227 0.227 
1 2 16 14.354 14.354 0.248 0.248 
1 2 17 14.939 14.939 0.292 0.292 
1 2 18 14.397 14.397 0.249 0.249 
1 2 19 14.905 14.905 0.262 0.262 
1 2 20 14.431 14.431 0.241 0.241 
1 2 21 14.514 14.514 0.243 0.243 
1 2 22 15.002 15.002 0.378 0.378 
1 2 23 14.990 14.990 0.358 0.358 
1 2 24 14.806 14.806 0.375 0.375 
1 2 25 15.110 15.110 0.458 0.458 
1 2 26 14.799 14.799 0.486 0.486 
1 2 27 15.709 15.709 1.104 1.104 
1 2 28 15.873 15.873 4.338 4.338 
1 2 29 15.223 15.223 2.697 2.697 
1 2 30 14.591 14.591 217.500 217.500 
1 2 31 15.649 15.649 12.834 12.834 
1 2 32 14.806 14.806 42.926 42.926 
1 2 33 16.000 16.000 362.039 362.039 
1 2 34 15.125 15.125 15.905 15.905 
1 2 35 11.837 11.837 90.029 90.029 
1 2 36 12.062 12.062 22.531 22.531 
1 2 37 14.704 14.704 89.186 89.186 
1 2 38 15.376 15.376 0.412 0.412 
1 2 39 16.000 16.000 362.039 362.039 
1 2 40 17.345 17.345 1.982 1.982 
1 2 41 16.000 16.000 362.039 362.039 
1 2 42 16.000 16.000 362.039 362.039 
1 2 43 16.000 16.000 362.039 362.039 
1 2 44 16.000 16.000 362.039 362.039 
1 2 45 16.000 16.000 362.039 362.039 
1 2 46 16.000 16.000 362.039 362.039 
1 2 47 16.000 16.000 362.039 362.039 
1 2 48 16.000 16.000 362.039 362.039 
1 2 49 16.000 16.000 362.039 362.039 
1 2 50 16.000 16.000 362.039 362.039 
1 2 51 16.000 16.000 362.039 362.039 
1 2 52 16.000 16.000 362.039 362.039 
1 2 53 16.000 16.000 362.039 362.039 
1 2 54 16.000 16.000 362.039 362.039 
1 2 55 16.000 16.000 362.039 362.039 
1 2 56 16.000 16.000 362.039 362.039 
1 2 57 16.000 16.000 362.039 362.039 
1 2 58 16.000 16.000 362.039 362.039 
1 2 59 16.000 16.000 362.039 362.039 
1 2 60 16.000 16.000 362.039 362.039 
1 2 61 16.000 16.000 362.039 362.039 
1 2 62 16.000 16.000 362.039 362.039 
1 3 1 16.000 16.000 362.039 362.039 
1 3 2 16.000 16.000 362.039 362.039 
1 3 3 16.000 16.000 362.039 362.039 
1 3 4 16.000 16.000 362.039 362.039 
1 3 5 16.000 16.000 362.039 362.039 
2 1 1 12.636 12.636 1.915 1.915 
2 1 2 13.395 13.395 2.019 2.019 
2 1 3 13.377 13.377 1.510 1.510 
2 1 4 13.653 13.653 1.137 1.137 
2 1 5 13.508 13.508 0.746 0.746 
2 1 6 16.000 16.000 362.039 362.039 
2 1 7 13.957 13.957 0.424 0.424 
2 1 8 14.123 14.123 0.319 0.319 
2 1 9 14.046 14.046 0.284 0.284 
2 1 10 16.000 16.000 362.039 362.039 
2 1 11 14.265 14.265 0.272 0.272 
2 1 12 14.214 14.214 0.336 0.336 
2 1 13 14.007 14.007 0.289 0.289 
2 1 14 14.013 14.013 0.408 0.408 
2 1 15 14.638 14.638 0.238 0.238 
2 1 16 14.476 14.476 0.222 0.222 
2 1 17 14.561 14.561 0.253 0.253 
2 1 18 15.411 15.411 0.326 0.326 
2 1 19 16.000 16.000 362.039 362.039 
2 1 20 16.000 16.000 362.039 362.039 
2 1 21 16.000 16.000 362.039 362.039 
2 1 22 16.000 16.000 362.039 362.039 
2 1 23 16.000 16.000 362.039 362.039 
2 2 1 15.152 15.152 5.456 5.456 
2 2 2 12.785 12.785 3.334 3.334 
2 2 3 12.447 12.447 2.700 2.700 
2 2 4 12.287 12.287 2.110 2.110 
2 2 5 13.805 13.805 2.148 2.148 
2 2 6 14.267 14.267 1.993 1.993 
2 2 7 15.102 15.102 2.055 2.055 
2 2 8 13.815 13.815 1.829 1.829 
2 2 9 14.294 14.294 1.547 1.547 
2 2 10 13.992 13.992 1.337 1.337 
2 2 11 14.861 14.861 1.146 1.146 
2 2 12 15.142 15.142 0.934 0.934 
2 2 13 14.238 14.238 0.620 0.620 
2 2 14 14.448 14.448 0.450 0.450 
2 2 15 14.444 14.444 0.377 0.377 
2 2 16 14.595 14.595 0.309 0.309 
2 2 17 14.996 14.996 0.373 0.373 
2 2 18 14.446 14.446 0.312 0.312 
2 2 19 14.491 14.491 0.243 0.243 
2 2 20 14.869 14.869 0.332 0.332 
2 2 21 13.740 13.740 1.352 1.352 
2 2 22 15.042 15.042 0.967 0.967 
2 2 23 14.544 14.544 1.243 1.243 
2 2 24 14.692 14.692 0.551 0.551 
2 2 25 14.336 14.336 0.527 0.527 
2 2 26 14.870 14.870 0.460 0.460 
2 2 27 13.953 13.953 3.961 3.961 
2 2 28 12.663 12.663 45.346 45.346 
2 2 29 28.260 28.260 526.870 526.870 
2 2 30 16.000 16.000 362.039 362.039 
2 2 31 14.580 14.580 110.505 110.505 
2 2 32 12.236 12.236 13.201 13.201 
2 2 33 15.623 15.623 158.180 158.180 
2 2 34 16.846 16.846 55.389 55.389 
2 2 35 16.000 16.000 362.039 362.039 
2 2 36 16.000 16.000 362.039 362.039 
2 2 37 16.000 16.000 362.039 362.039 
2 2 38 16.000 16.000 362.039 362.039 
2 2 39 16.000 16.000 362.039 362.039 
2 2 40 16.000 16.000 362.039 362.039 
2 2 41 16.000 16.000 362.039 362.039 
2 2 42 16.000 16.000 362.039 362.039 
2 2 43 16.000 16.000 362.039 362.039 
2 2 44 16.000 16.000 362.039 362.039 
2 2 45 -161.645 -161.645 9188.766 9188.766 
2 2 46 16.000 16.000 362.039 362.039 
2 2 47 16.000 16.000 362.039 362.039 
2 2 48 16.000 16.000 362.039 362.039 
2 2 49 16.000 16.000 362.039 362.039 
2 2 50 16.000 16.000 362.039 362.039 
2 2 51 16.000 16.000 362.039 362.039 
2 2 52 16.000 16.000 362.039 362.039 
2 2 53 16.000 16.000 362.039 362.039 
2 2 54 16.000 16.000 362.039 362.039 
2 2 55 16.000 16.000 362.039 362.039 
2 2 56 16.000 16.000 362.039 362.039 
2 2 57 16.000 16.000 362.039 362.039 
2 2 58 16.000 16.000 362.039 362.039 
2 2 59 16.000 16.000 362.039 362.039 
2 2 60 16.000 16.000 362.039 362.039 
2 2 61 16.000 16.000 362.039 362.039 
2 2 62 16.000 16.000 362.039 362.039 
2 3 1 16.000 16.000 362.039 362.039 
2 3 2 16.000 16.000 362.039 362.039 
2 3 3 16.000 16.000 362.039 362.039 
2 3 4 16.000 16.000 362.039 362.039 
2 3 5 16.000 16.000 362.039 362.039 
3 1 1 13.761 13.761 2.245 2.245 
3 1 2 13.519 13.519 2.045 2.045 
3 1 3 12.935 12.935 1.400 1.400 
3 1 4 13.317 13.317 0.970 0.970 
3 1 5 13.478 13.478 0.844 0.844 
3 1 6 13.899 13.899 0.653 0.653 
3 1 7 14.039 14.039 0.410 0.410 
3 1 8 14.468 14.468 0.419 0.419 
3 1 9 14.243 14.243 0.241 0.241 
3 1 10 14.386 14.386 0.226 0.226 
3 1 11 14.006 14.006 0.285 0.285 
3 1 12 14.705 14.705 0.215 0.215 
3 1 13 14.566 14.566 0.216 0.216 
3 1 14 14.069 14.069 0.220 0.220 
3 1 15 14.492 14.492 0.289 0.289 
3 1 16 14.616 14.616 0.320 0.320 
3 1 17 14.956 14.956 0.449 0.449 
3 1 18 14.946 14.946 0.399 0.399 
3 1 19 15.247 15.247 0.760 0.760 
3 1 20 20.782 20.782 24.640 24.640 
3 1 21 16.000 16.000 362.039 362.039 
3 1 22 16.000 16.000 362.039 362.039 
3 1 23 16.000 16.000 362.039 362.039 
3 2 1 14.665 14.665 5.200 5.200 
3 2 2 13.025 13.025 3.094 3.094 
3 2 3 13.259 13.259 3.049 3.049 
3 2 4 14.114 14.114 2.512 2.512 
3 2 5 14.108 14.108 2.470 2.470 
3 2 6 13.593 13.593 1.962 1.962 
3 2 7 14.883 14.883 2.060 2.060 
3 2 8 14.312 14.312 1.711 1.711 
3 2 9 13.634 13.634 1.355 1.355 
3 2 10 14.341 14.341 1.233 1.233 
3 2 11 14.008 14.008 0.828 0.828 
3 2 12 13.992 13.992 0.775 0.775 
3 2 13 14.033 14.033 0.639 0.639 
3 2 14 14.592 14.592 0.472 0.472 
3 2 15 14.769 14.769 0.324 0.324 
3 2 16 14.227 14.227 0.411 0.411 
3 2 17 14.825 14.825 0.302 0.302 
3 2 18 14.677 14.677 0.285 0.285 
3 2 19 14.776 14.776 0.196 0.196 
3 2 20 15.053 15.053 0.297 0.297 
3 2 21 14.572 14.572 0.296 0.296 
3 2 22 15.143 15.143 0.274 0.274 
3 2 23 14.818 14.818 0.279 0.279 
3 2 24 15.291 15.291 0.355 0.355 
3 2 25 15.083 15.083 0.476 0.476 
3 2 26 15.040 15.040 0.925 0.925 
3 2 27 15.404 15.404 0.652 0.652 
3 2 28 14.919 14.919 0.541 0.541 
3 2 29 26.864 26.864 138.682 138.682 
3 2 30 15.087 15.087 4.063 4.063 
3 2 31 14.580 14.580 31.953 31.953 
3 2 32 16.000 16.000 362.039 362.039 
3 2 33 16.000 16.000 362.039 362.039 
3 2 34 15.242 15.242 56.622 56.622 
3 2 35 16.000 16.000 362.039 362.039 
3 2 36 16.000 16.000 362.039 362.039 
3 2 37 16.000 16.000 362.039 362.039 
3 2 38 16.000 16.000 362.039 362.039 
3 2 39 16.000 16.000 362.039 362.039 
3 2 40 16.000 16.000 362.039 362.039 
3 2 41 16.000 16.000 362.039 362.039 
3 2 42 16.000 16.000 362.039 362.039 
3 2 43 16.000 16.000 362.039 362.039 
3 2 44 16.000 16.000 362.039 362.039 
3 2 45 16.775 16.775 201.894 201.894 
3 2 46 16.000 16.000 362.039 362.039 
3 2 47 16.000 16.000 362.039 362.039 
3 2 48 16.000 16.000 362.039 362.039 
3 2 49 16.000 16.000 362.039 362.039 
3 2 50 16.000 16.000 362.039 362.039 
3 2 51 16.000 16.000 362.039 362.039 
3 2 52 16.000 16.000 362.039 362.039 
3 2 53 16.000 16.000 362.039 362.039 
3 2 54 16.000 16.000 362.039 362.039 
3 2 55 16.000 16.000 362.039 362.039 
3 2 56 16.000 16.000 362.039 362.039 
3 2 57 16.000 16.000 362.039 362.039 
3 2 58 16.000 16.000 362.039 362.039 
3 2 59 16.000 16.000 362.039 362.039 
3 2 60 16.000 16.000 362.039 362.039 
3 2 61 16.000 16.000 362.039 362.039 
3 2 62 16.000 16.000 362.039 362.039 
3 3 1 16.000 16.000 362.039 362.039 
3 3 2 16.000 16.000 362.039 362.039 
3 3 3 16.000 16.000 362.039 362.039 
3 3 4 16.000 16.000 362.039 362.039 
3 3 5 16.000 16.000 362.039 362.039 
4 1 1 13.477 13.477 2.365 2.365 
4 1 2 12.730 12.730 1.546 1.546 
4 1 3 13.402 13.402 1.424 1.424 
4 1 4 13.628 13.628 1.110 1.110 
4 1 5 13.419 13.419 0.699 0.699 
4 1 6 13.679 13.679 0.710 0.710 
4 1 7 14.169 14.169 0.375 0.375 
4 1 8 14.752 14.752 0.401 0.401 
4 1 9 14.162 14.162 0.224 0.224 
4 1 10 14.108 14.108 0.170 0.170 
4 1 11 14.061 14.061 0.232 0.232 
4 1 12 14.573 14.573 0.201 0.201 
4 1 13 14.562 14.562 0.224 0.224 
4 1 14 14.479 14.479 0.219 0.219 
4 1 15 14.756 14.756 0.213 0.213 
4 1 16 14.668 14.668 0.209 0.209 
4 1 17 14.815 14.815 0.259 0.259 
4 1 18 15.197 15.197 0.509 0.509 
4 1 19 15.004 15.004 0.483 0.483 
4 1 20 18.288 18.288 235.790 235.790 
4 1 21 16.279 16.279 40.629 40.629 
4 1 22 16.000 16.000 362.039 362.039 
4 1 23 16.000 16.000 362.039 362.039 
4 2 1 10.843 10.843 2.447 2.447 
4 2 2 12.280 12.280 2.095 2.095 
4 2 3 13.174 13.174 1.742 1.742 
4 2 4 11.896 11.896 1.010 1.010 
4 2 5 12.552 12.552 1.035 1.035 
4 2 6 13.718 13.718 1.138 1.138 
4 2 7 13.367 13.367 1.137 1.137 
4 2 8 13.342 13.342 0.873 0.873 
4 2 9 13.684 13.684 1.044 1.044 
4 2 10 14.351 14.351 0.940 0.940 
4 2 11 14.104 14.104 1.132 1.132 
4 2 12 14.387 14.387 0.736 0.736 
4 2 13 14.236 14.236 0.651 0.651 
4 2 14 13.941 13.941 0.465 0.465 
4 2 15 14.808 14.808 0.415 0.415 
4 2 16 14.459 14.459 0.431 0.431 
4 2 17 14.869 14.869 0.275 0.275 
4 2 18 14.250 14.250 0.279 0.279 
4 2 19 14.686 14.686 0.244 0.244 
4 2 20 14.766 14.766 0.200 0.200 
4 2 21 14.738 14.738 0.190 0.190 
4 2 22 14.845 14.845 0.313 0.313 
4 2 23 15.340 15.340 0.205 0.205 
4 2 24 15.161 15.161 0.243 0.243 
4 2 25 14.553 14.553 0.346 0.346 
4 2 26 15.166 15.166 0.766 0.766 
4 2 27 14.968 14.968 0.566 0.566 
4 2 28 14.277 14.277 0.619 0.619 
4 2 29 14.703 14.703 1.904 1.904 
4 2 30 16.517 16.517 20.474 20.474 
4 2 31 16.035 16.035 26.746 26.746 
4 2 32 15.362 15.362 2.621 2.621 
4 2 33 16.000 16.000 362.039 362.039 
4 2 34 17.147 17.147 98.232 98.232 
4 2 35 15.554 15.554 9.808 9.808 
4 2 36 16.000 16.000 362.039 362.039 
4 2 37 16.000 16.000 362.039 362.039 
4 2 38 16.000 16.000 362.039 362.039 
4 2 39 14.310 14.310 3.593 3.593 
4 2 40 16.000 16.000 362.039 362.039 
4 2 41 16.000 16.000 362.039 362.039 
4 2 42 16.000 16.000 362.039 362.039 
4 2 43 16.000 16.000 362.039 362.039 
4 2 44 16.000 16.000 362.039 362.039 
4 2 45 14.131 14.131 13.514 13.514 
4 2 46 16.000 16.000 362.039 362.039 
4 2 47 16.000 16.000 362.039 362.039 
4 2 48 16.000 16.000 362.039 362.039 
4 2 49 16.000 16.000 362.039 362.039 
4 2 50 16.000 16.000 362.039 362.039 
4 2 51 16.000 16.000 362.039 362.039 
4 2 52 16.000 16.000 362.039 362.039 
4 2 53 16.000 16.000 362.039 362.039 
4 2 54 16.000 16.000 362.039 362.039 
4 2 55 16.000 16.000 362.039 362.039 
4 2 56 16.000 16.000 362.039 362.039 
4 2 57 16.000 16.000 362.039 362.039 
4 2 58 16.000 16.000 362.039 362.039 
4 2 59 16.000 16.000 362.039 362.039 
4 2 60 16.000 16.000 362.039 362.039 
4 2 61 16.000 16.000 362.039 362.039 
4 2 62 16.000 16.000 362.039 362.039 
4 3 1 16.000 16.000 362.039 362.039 
4 3 2 16.000 16.000 362.039 362.039 
4 3 3 16.000 16.000 362.039 362.039 
4 3 4 16.000 16.000 362.039 362.039 
4 3 5 16.000 16.000 362.039 362.039 
5 1 1 12.041 12.041 1.529 1.529 
5 1 2 13.803 13.803 2.070 2.070 
5 1 3 13.384 13.384 1.367 1.367 
5 1 4 13.299 13.299 1.527 1.527 
5 1 5 14.196 14.196 0.792 0.792 
5 1 6 13.682 13.682 0.483 0.483 
5 1 7 13.737 13.737 0.611 0.611 
5 1 8 14.157 14.157 0.389 0.389 
5 1 9 14.021 14.021 0.218 0.218 
5 1 10 14.468 14.468 0.218 0.218 
5 1 11 14.125 14.125 0.223 0.223 
5 1 12 14.568 14.568 0.199 0.199 
5 1 13 14.421 14.421 0.184 0.184 
5 1 14 14.802 14.802 0.183 0.183 
5 1 15 14.456 14.456 0.180 0.180 
5 1 16 15.214 15.214 0.266 0.266 
5 1 17 14.492 14.492 0.189 0.189 
5 1 18 15.094 15.094 0.180 0.180 
5 1 19 14.989 14.989 0.361 0.361 
5 1 20 15.212 15.212 21.891 21.891 
5 1 21 15.185 15.185 168.192 168.192 
5 1 22 16.000 16.000 362.039 362.039 
5 1 23 16.000 16.000 362.039 362.039 
5 2 1 14.991 14.991 5.011 5.011 
5 2 2 12.990 12.990 3.443 3.443 
5 2 3 11.329 11.329 2.346 2.346 
5 2 4 12.375 12.375 2.113 2.113 
5 2 5 12.107 12.107 1.751 1.751 
5 2 6 13.645 13.645 1.810 1.810 
5 2 7 13.427 13.427 1.781 1.781 
5 2 8 13.851 13.851 1.688 1.688 
5 2 9 13.013 13.013 1.124 1.124 
5 2 10 14.414 14.414 1.166 1.166 
5 2 11 14.246 14.246 0.957 0.957 
5 2 12 14.526 14.526 0.933 0.933 
5 2 13 14.727 14.727 0.972 0.972 
5 2 14 14.493 14.493 0.467 0.467 
5 2 15 14.182 14.182 0.520 0.520 
5 2 16 14.608 14.608 0.367 0.367 
5 2 17 14.435 14.435 0.568 0.568 
5 2 18 14.443 14.443 0.226 0.226 
5 2 19 14.626 14.626 0.234 0.234 
5 2 20 15.073 15.073 0.250 0.250 
5 2 21 14.461 14.461 0.181 0.181 
5 2 22 14.830 14.830 0.221 0.221 
5 2 23 14.850 14.850 0.318 0.318 
5 2 24 14.866 14.866 0.229 0.229 
5 2 25 14.941 14.941 0.330 0.330 
5 2 26 15.684 15.684 0.474 0.474 
5 2 27 15.977 15.977 1.395 1.395 
5 2 28 14.192 14.192 0.952 0.952 
5 2 29 15.800 15.800 0.722 0.722 
5 2 30 14.695 14.695 0.643 0.643 
5 2 31 15.082 15.082 1.263 1.263 
5 2 32 15.420 15.420 0.301 0.301 
5 2 33 15.228 15.228 0.468 0.468 
5 2 34 15.756 15.756 1.176 1.176 
5 2 35 15.096 15.096 0.640 0.640 
5 2 36 14.928 14.928 0.480 0.480 
5 2 37 15.533 15.533 1.282 1.282 
5 2 38 16.187 16.187 12.365 12.365 
5 2 39 16.138 16.138 2.476 2.476 
5 2 40 15.288 15.288 0.491 0.491 
5 2 41 16.782 16.782 82.638 82.638 
5 2 42 16.000 16.000 362.039 362.039 
5 2 43 16.176 16.176 68.974 68.974 
5 2 44 15.469 15.469 23.259 23.259 
5 2 45 15.587 15.587 11.840 11.840 
5 2 46 16.000 16.000 362.039 362.039 
5 2 47 16.000 16.000 362.039 362.039 
5 2 48 16.000 16.000 362.039 362.039 
5 2 49 16.000 16.000 362.039 362.039 
5 2 50 16.000 16.000 362.039 362.039 
5 2 51 16.000 16.000 362.039 362.039 
5 2 52 16.000 16.000 362.039 362.039 
5 2 53 16.000 16.000 362.039 362.039 
5 2 54 16.000 16.000 362.039 362.039 
5 2 55 16.000 16.000 362.039 362.039 
5 2 56 16.000 16.000 362.039 362.039 
5 2 57 16.000 16.000 362.039 362.039 
5 2 58 16.000 16.000 362.039 362.039 
5 2 59 16.000 16.000 362.039 362.039 
5 2 60 16.000 16.000 362.039 362.039 
5 2 61 16.000 16.000 362.039 362.039 
5 2 62 16.000 16.000 362.039 362.039 
5 3 1 16.000 16.000 362.039 362.039 
5 3 2 16.000 16.000 362.039 362.039 
5 3 3 16.000 16.000 362.039 362.039 
5 3 4 16.000 16.000 362.039 362.039 
5 3 5 16.000 16.000 362.039 362.039 
6 1 1 13.838 13.838 2.227 2.227 
6 1 2 13.847 13.847 2.008 2.008 
6 1 3 13.645 13.645 1.396 1.396 
6 1 4 13.433 13.433 1.243 1.243 
6 1 5 13.298 13.298 0.685 0.685 
6 1 6 13.719 13.719 0.621 0.621 
6 1 7 14.221 14.221 0.419 0.419 
6 1 8 14.522 14.522 0.423 0.423 
6 1 9 14.257 14.257 0.358 0.358 
6 1 10 14.278 14.278 0.190 0.190 
6 1 11 14.552 14.552 0.259 0.259 
6 1 12 14.421 14.421 0.192 0.192 
6 1 13 14.270 14.270 0.225 0.225 
6 1 14 14.276 14.276 0.202 0.202 
6 1 15 14.582 14.582 0.175 0.175 
6 1 16 14.511 14.511 0.294 0.294 
6 1 17 14.871 14.871 0.257 0.257 
6 1 18 14.509 14.509 0.207 0.207 
6 1 19 15.254 15.254 0.688 0.688 
6 1 20 16.000 16.000 362.039 362.039 
6 1 21 16.000 16.000 362.039 362.039 
6 1 22 16.000 16.000 362.039 362.039 
6 1 23 16.000 16.000 362.039 362.039 
6 2 1 14.820 14.820 5.035 5.035 
6 2 2 12.130 12.130 3.126 3.126 
6 2 3 13.037 13.037 3.213 3.213 
6 2 4 14.452 14.452 2.687 2.687 
6 2 5 13.191 13.191 2.046 2.046 
6 2 6 13.313 13.313 1.752 1.752 
6 2 7 14.388 14.388 1.829 1.829 
6 2 8 14.306 14.306 1.870 1.870 
6 2 9 13.647 13.647 1.212 1.212 
6 2 10 14.293 14.293 1.247 1.247 
6 2 11 14.056 14.056 0.979 0.979 
6 2 12 14.077 14.077 0.577 0.577 
6 2 13 14.017 14.017 0.833 0.833 
6 2 14 14.384 14.384 0.619 0.619 
6 2 15 14.337 14.337 0.377 0.377 
6 2 16 14.688 14.688 0.332 0.332 
6 2 17 14.373 14.373 0.321 0.321 
6 2 18 14.311 14.311 0.263 0.263 
6 2 19 14.481 14.481 0.268 0.268 
6 2 20 14.613 14.613 0.296 0.296 
6 2 21 14.824 14.824 0.176 0.176 
6 2 22 15.139 15.139 0.245 0.245 
6 2 23 14.789 14.789 0.321 0.321 
6 2 24 14.949 14.949 0.318 0.318 
6 2 25 15.036 15.036 0.328 0.328 
6 2 26 13.990 13.990 4.314 4.314 
6 2 27 15.284 15.284 0.389 0.389 
6 2 28 16.868 16.868 22.659 22.659 
6 2 29 15.702 15.702 1.956 1.956 
6 2 30 14.900 14.900 2.462 2.462 
6 2 31 14.973 14.973 0.864 0.864 
6 2 32 14.955 14.955 0.673 0.673 
6 2 33 16.000 16.000 362.039 362.039 
6 2 34 16.000 16.000 362.039 362.039 
6 2 35 16.691 16.691 45.006 45.006 
6 2 36 16.000 16.000 362.039 362.039 
6 2 37 16.000 16.000 362.039 362.039 
6 2 38 16.000 16.000 362.039 362.039 
6 2 39 16.000 16.000 362.039 362.039 
6 2 40 16.000 16.000 362.039 362.039 
6 2 41 16.000 16.000 362.039 362.039 
6 2 42 16.000 16.000 362.039 362.039 
6 2 43 16.000 16.000 362.039 362.039 
6 2 44 16.000 16.000 362.039 362.039 
6 2 45 16.000 16.000 362.039 362.039 
6 2 46 16.000 16.000 362.039 362.039 
6 2 47 16.000 16.000 362.039 362.039 
6 2 48 16.000 16.000 362.039 362.039 
6 2 49 16.000 16.000 362.039 362.039 
6 2 50 16.000 16.000 362.039 362.039 
6 2 51 16.000 16.000 362.039 362.039 
6 2 52 16.000 16.000 362.039 362.039 
6 2 53 16.000 16.000 362.039 362.039 
6 2 54 16.000 16.000 362.039 362.039 
6 2 55 16.000 16.000 362.039 362.039 
6 2 56 16.000 16.000 362.039 362.039 
6 2 57 16.000 16.000 362.039 362.039 
6 2 58 16.000 16.000 362.039 362.039 
6 2 59 16.000 16.000 362.039 362.039 
6 2 60 16.000 16.000 362.039 362.039 
6 2 61 16.000 16.000 362.039 362.039 
6 2 62 16.000 16.000 362.039 362.039 
6 3 1 16.000 16.000 362.039 362.039 
6 3 2 16.000 16.000 362.039 362.039 
6 3 3 16.000 16.000 362.039 362.039 
6 3 4 16.000 16.000 362.039 362.039 
6 3 5 16.000 16.000 362.039 362.039 
