1 1 1 93.767 93.767 68.403 68.403 0.009
1 1 2 110.824 110.824 63.080 63.080 0.044
1 1 3 90.804 90.804 30.253 30.253 -0.378
1 1 4 117.420 117.420 40.554 40.554 -0.016
1 1 5 129.259 129.259 37.414 37.414 0.050
1 1 6 83.702 83.702 18.370 18.370 -0.958
1 1 7 118.743 118.743 26.246 26.246 -0.066
1 1 8 121.633 121.633 24.687 24.687 0.043
1 1 9 139.668 139.668 26.103 26.103 0.206
1 1 10 119.677 119.677 19.360 19.360 -0.150
1 1 11 139.380 139.380 19.810 19.810 -0.903
1 1 12 131.468 131.468 18.514 18.514 -0.282
1 1 13 119.351 119.351 14.327 14.327 0.587
1 1 14 156.974 156.974 20.900 20.900 -0.094
1 1 15 187.750 187.750 26.103 26.103 -0.196
1 1 16 164.953 164.953 19.233 19.233 -0.416
1 1 17 151.497 151.497 17.102 17.102 0.279
1 1 18 184.129 184.129 20.932 20.932 -0.259
1 1 19 168.134 168.134 17.894 17.894 -0.051
1 1 20 185.869 185.869 19.326 19.326 -0.121
1 1 21 199.662 199.662 20.442 20.442 -0.093
1 1 22 225.553 225.553 24.477 24.477 -0.187
1 1 23 182.593 182.593 17.118 17.118 -0.052
1 2 1 89.649 89.649 124.799 124.799 -0.062
1 2 2 111.231 111.231 106.900 106.900 -0.112
1 2 3 113.533 113.533 114.743 114.743 -0.168
1 2 4 129.271 129.271 100.169 100.169 -0.066
1 2 5 116.645 116.645 81.721 81.721 -0.066
1 2 6 122.594 122.594 67.951 67.951 0.144
1 2 7 178.166 178.166 98.596 98.596 0.109
1 2 8 145.687 145.687 68.068 68.068 0.107
1 2 9 159.544 159.544 72.163 72.163 0.118
1 2 10 140.742 140.742 54.313 54.313 -0.081
1 2 11 170.695 170.695 68.275 68.275 -0.091
1 2 12 208.362 208.362 83.166 83.166 -0.153
1 2 13 132.596 132.596 39.214 39.214 -0.174
1 2 14 152.550 152.550 46.829 46.829 0.049
1 2 15 160.996 160.996 48.100 48.100 -0.087
1 2 16 162.512 162.512 45.697 45.697 0.012
1 2 17 170.466 170.466 46.992 46.992 -0.050
1 2 18 122.311 122.311 26.058 26.058 -0.167
1 2 19 144.320 144.320 32.613 32.613 -0.021
1 2 20 145.010 145.010 31.710 31.710 -0.014
1 2 21 119.240 119.240 22.037 22.037 0.034
1 2 22 160.831 160.831 33.791 33.791 -0.016
1 2 23 140.109 140.109 26.276 26.276 0.194
1 2 24 158.998 158.998 30.150 30.150 -0.090
1 2 25 179.082 179.082 35.158 35.158 -0.059
1 2 26 168.168 168.168 31.012 31.012 -0.071
1 2 27 208.433 208.433 40.698 40.698 -0.021
1 2 28 152.377 152.377 24.701 24.701 0.064
1 2 29 146.856 146.856 22.426 22.426 0.046
1 2 30 164.915 164.915 26.088 26.088 0.021
1 2 31 131.727 131.727 18.135 18.135 -0.094
1 2 32 299.883 299.883 58.894 58.894 -0.125
1 2 33 212.309 212.309 34.541 34.541 -0.109
1 2 34 278.476 278.476 51.032 51.032 0.011
1 2 35 234.069 234.069 37.974 37.974 0.033
1 2 36 241.781 241.781 39.024 39.024 -0.044
1 2 37 256.841 256.841 41.842 41.842 0.051
1 2 38 327.522 327.522 57.880 57.880 0.053
1 2 39 224.823 224.823 32.940 32.940 0.084
1 2 40 232.011 232.011 33.114 33.114 0.127
1 2 41 274.159 274.159 41.885 41.885 -0.054
1 2 42 203.899 203.899 26.794 26.794 0.071
1 2 43 203.365 203.365 26.492 26.492 -0.036
1 2 44 220.617 220.617 29.124 29.124 -0.004
1 2 45 262.983 262.983 38.400 38.400 0.187
1 2 46 217.940 217.940 26.513 26.513 -0.093
1 2 47 234.536 234.536 31.546 31.546 -0.028
1 2 48 294.707 294.707 41.866 41.866 0.006
1 2 49 222.815 222.815 26.468 26.468 -0.013
1 2 50 306.549 306.549 44.105 44.105 0.093
1 2 51 375.339 375.339 56.160 56.160 0.058
1 2 52 274.495 274.495 35.344 35.344 0.115
1 2 53 293.775 293.775 38.874 38.874 -0.042
1 2 54 205.750 205.750 28.896 28.896 0.133
1 2 55 237.357 237.357 29.420 29.420 0.053
1 2 56 325.058 325.058 43.553 43.553 0.066
1 2 57 263.394 263.394 37.923 37.923 0.063
1 2 58 256.340 256.340 33.056 33.056 0.003
1 2 59 256.858 256.858 40.121 40.121 0.134
1 2 60 282.424 282.424 35.856 35.856 0.004
1 2 61 248.571 248.571 31.314 31.314 -0.106
1 2 62 265.761 265.761 32.228 32.228 0.037
1 3 1 186.285 186.285 21.266 21.266 -0.696
1 3 2 211.384 211.384 21.846 21.846 0.350
1 3 3 243.257 243.257 27.293 27.293 0.563
1 3 4 295.524 295.524 40.035 40.035 0.469
1 3 5 286.995 286.995 38.095 38.095 0.293
2 1 1 52.170 52.170 139.022 139.022 0.891
2 1 2 90.363 90.363 42.025 42.025 -0.295
2 1 3 64.629 64.629 19.667 19.667 -0.130
2 1 4 108.800 108.800 34.621 34.621 0.265
2 1 5 83.872 83.872 18.758 18.758 0.394
2 1 6 151.704 151.704 1323.614 1323.614 0.000
2 1 7 114.211 114.211 24.533 24.533 0.175
2 1 8 122.995 122.995 24.304 24.304 0.323
2 1 9 126.339 126.339 22.487 22.487 0.208
2 1 10 167.617 167.617 1642.694 1642.694 0.000
2 1 11 136.776 136.776 21.560 21.560 0.065
2 1 12 92.041 92.041 10.840 10.840 -0.398
2 1 13 129.243 129.243 17.031 17.031 0.068
2 1 14 130.514 130.514 15.723 15.723 -0.219
2 1 15 121.889 121.889 13.572 13.572 0.013
2 1 16 138.158 138.158 15.193 15.193 -0.074
2 1 17 140.674 140.674 14.342 14.342 -0.631
2 1 18 186.141 186.141 21.495 21.495 0.089
2 1 19 205.065 205.065 156.882 156.882 2.039
2 1 20 163.184 163.184 15.800 15.800 -0.398
2 1 21 414.920 414.920 66.293 66.293 0.156
2 1 22 182.289 182.289 17.295 17.295 -0.233
2 1 23 176.201 176.201 16.469 16.469 0.371
2 2 1 42.805 42.805 108.464 108.464 0.215
2 2 2 171.388 171.388 238.607 238.607 -0.093
2 2 3 142.453 142.453 139.133 139.133 -0.005
2 2 4 163.319 163.319 145.615 145.615 -0.082
2 2 5 129.231 129.231 83.364 83.364 0.076
2 2 6 147.389 147.389 87.091 87.091 0.135
2 2 7 136.714 136.714 66.548 66.548 -0.134
2 2 8 112.775 112.775 46.902 46.902 0.100
2 2 9 142.020 142.020 67.075 67.075 0.067
2 2 10 173.462 173.462 69.934 69.934 -0.185
2 2 11 165.028 165.028 67.452 67.452 -0.066
2 2 12 183.405 183.405 69.543 69.543 -0.146
2 2 13 156.392 156.392 51.128 51.128 0.061
2 2 14 121.284 121.284 33.108 33.108 0.081
2 2 15 135.201 135.201 37.187 37.187 -0.085
2 2 16 154.705 154.705 42.398 42.398 -0.016
2 2 17 162.696 162.696 43.840 43.840 -0.018
2 2 18 117.365 117.365 24.738 24.738 0.086
2 2 19 117.295 117.295 23.851 23.851 0.071
2 2 20 161.240 161.240 36.831 36.831 0.144
2 2 21 124.695 124.695 23.545 23.545 0.095
2 2 22 167.718 167.718 35.931 35.931 0.080
2 2 23 157.619 157.619 31.766 31.766 -0.015
2 2 24 129.368 129.368 22.200 22.200 0.079
2 2 25 153.470 153.470 27.888 27.888 0.005
2 2 26 162.270 162.270 29.470 29.470 0.011
2 2 27 193.227 193.227 36.775 36.775 0.006
2 2 28 175.447 175.447 30.391 30.391 -0.157
2 2 29 148.008 148.008 22.687 22.687 -0.096
2 2 30 154.530 154.530 23.552 23.552 -0.140
2 2 31 261.366 261.366 5693.521 5693.521 0.000
2 2 32 229.650 229.650 40.851 40.851 -0.095
2 2 33 216.388 216.388 35.722 35.722 -0.006
2 2 34 272.770 272.770 49.594 49.594 0.052
2 2 35 242.381 242.381 40.021 40.021 0.009
2 2 36 216.133 216.133 33.001 33.001 -0.072
2 2 37 226.910 226.910 34.479 34.479 0.163
2 2 38 287.227 287.227 47.501 47.501 0.074
2 2 39 194.176 194.176 25.989 25.989 -0.078
2 2 40 209.869 209.869 28.424 28.424 -0.164
2 2 41 239.617 239.617 34.309 34.309 -0.187
2 2 42 222.593 222.593 30.075 30.075 0.065
2 2 43 199.203 199.203 24.399 24.399 0.020
2 2 44 259.223 259.223 36.281 36.281 -0.132
2 2 45 209.900 209.900 25.907 25.907 -0.052
2 2 46 260.851 260.851 35.234 35.234 -0.020
2 2 47 244.178 244.178 32.017 32.017 -0.211
2 2 48 264.904 264.904 36.344 36.344 -0.188
2 2 49 261.712 261.712 33.080 33.080 -0.063
2 2 50 294.755 294.755 41.614 41.614 -0.052
2 2 51 315.037 315.037 42.834 42.834 0.054
2 2 52 295.738 295.738 37.505 37.505 -0.089
2 2 53 286.274 286.274 36.463 36.463 -0.034
2 2 54 277.964 277.964 33.878 33.878 0.111
2 2 55 270.125 270.125 36.632 36.632 0.112
2 2 56 321.778 321.778 42.683 42.683 0.121
2 2 57 268.755 268.755 32.047 32.047 0.051
2 2 58 217.162 217.162 26.231 26.231 0.013
2 2 59 213.181 213.181 23.823 23.823 -0.032
2 2 60 281.346 281.346 35.616 35.616 0.122
2 2 61 270.863 270.863 30.764 30.764 -0.074
2 2 62 283.822 283.822 34.400 34.400 0.129
2 3 1 222.019 222.019 24.900 24.900 -0.700
2 3 2 239.698 239.698 23.975 23.975 -0.177
2 3 3 208.395 208.395 19.784 19.784 -0.087
2 3 4 210.768 210.768 23.730 23.730 0.605
2 3 5 474.165 474.165 81.269 81.269 -0.219
3 1 1 130.984 130.984 119.436 119.436 0.226
3 1 2 125.540 125.540 71.423 71.423 -0.174
3 1 3 82.298 82.298 28.103 28.103 -0.130
3 1 4 119.435 119.435 40.949 40.949 -0.149
3 1 5 79.094 79.094 15.793 15.793 -0.722
3 1 6 81.028 81.028 17.193 17.193 0.095
3 1 7 159.767 159.767 87.202 87.202 -1.012
3 1 8 141.029 141.029 30.511 30.511 -0.158
3 1 9 127.911 127.911 23.194 23.194 -0.101
3 1 10 124.257 124.257 20.434 20.434 -0.157
3 1 11 96.276 96.276 12.737 12.737 0.069
3 1 12 127.576 127.576 17.904 17.904 -0.083
3 1 13 131.989 131.989 17.401 17.401 -0.261
3 1 14 141.302 141.302 17.486 17.486 0.389
3 1 15 153.561 153.561 19.319 19.319 -0.999
3 1 16 158.467 158.467 18.641 18.641 -0.016
3 1 17 148.641 148.641 18.686 18.686 0.767
3 1 18 207.191 207.191 25.006 25.006 0.230
3 1 19 179.857 179.857 19.225 19.225 0.163
3 1 20 160.113 160.113 15.461 15.461 -0.243
3 1 21 184.964 184.964 17.987 17.987 0.564
3 1 22 195.446 195.446 18.867 18.867 0.673
3 1 23 184.817 184.817 17.473 17.473 -0.142
3 2 1 239.894 239.894 4635.288 4635.288 0.050
3 2 2 143.139 143.139 1166.603 1166.603 0.000
3 2 3 116.658 116.658 239.518 239.518 -0.248
3 2 4 176.008 176.008 147.265 147.265 0.061
3 2 5 133.792 133.792 98.550 98.550 -0.274
3 2 6 121.953 121.953 67.556 67.556 0.120
3 2 7 157.952 157.952 85.140 85.140 -0.077
3 2 8 173.027 173.027 90.126 90.126 -0.034
3 2 9 120.351 120.351 46.942 46.942 -0.180
3 2 10 174.121 174.121 75.825 75.825 -0.049
3 2 11 177.824 177.824 72.717 72.717 -0.071
3 2 12 193.038 193.038 76.904 76.904 -0.102
3 2 13 147.681 147.681 43.745 43.745 -0.291
3 2 14 161.928 161.928 50.918 50.918 -0.094
3 2 15 181.959 181.959 58.387 58.387 0.022
3 2 16 127.029 127.029 31.558 31.558 0.035
3 2 17 175.676 175.676 49.087 49.087 -0.088
3 2 18 142.095 142.095 33.063 33.063 0.007
3 2 19 193.176 193.176 50.423 50.423 0.030
3 2 20 178.095 178.095 42.666 42.666 -0.139
3 2 21 122.752 122.752 22.566 22.566 -0.273
3 2 22 166.419 166.419 34.610 34.610 -0.245
3 2 23 147.984 147.984 28.862 28.862 -0.066
3 2 24 160.530 160.530 28.864 28.864 -0.395
3 2 25 158.173 158.173 29.093 29.093 -0.079
3 2 26 171.671 171.671 30.716 30.716 -0.311
3 2 27 160.337 160.337 27.433 27.433 -0.010
3 2 28 151.681 151.681 24.442 24.442 -0.132
3 2 29 130.496 130.496 18.671 18.671 -0.314
3 2 30 164.580 164.580 25.987 25.987 0.033
3 2 31 160.513 160.513 24.418 24.418 0.103
3 2 32 254.875 254.875 46.755 46.755 -0.148
3 2 33 193.978 193.978 30.299 30.299 0.041
3 2 34 250.403 250.403 43.542 43.542 -0.039
3 2 35 207.672 207.672 31.631 31.631 -0.101
3 2 36 223.844 223.844 34.767 34.767 0.045
3 2 37 224.878 224.878 34.332 34.332 0.005
3 2 38 284.506 284.506 46.983 46.983 -0.035
3 2 39 252.394 252.394 38.240 38.240 0.120
3 2 40 293.071 293.071 47.393 47.393 -0.015
3 2 41 219.638 219.638 30.520 30.520 -0.007
3 2 42 216.741 216.741 28.703 28.703 -0.041
3 2 43 245.861 245.861 33.486 33.486 0.075
3 2 44 258.553 258.553 36.126 36.126 -0.009
3 2 45 233.352 233.352 29.858 29.858 -0.107
3 2 46 204.977 204.977 25.495 25.495 0.059
3 2 47 290.935 290.935 40.992 40.992 0.015
3 2 48 217.408 217.408 26.999 26.999 0.010
3 2 49 227.328 227.328 27.536 27.536 -0.009
3 2 50 186.744 186.744 21.909 21.909 0.307
3 2 51 200.908 200.908 21.937 21.937 0.167
3 2 52 342.768 342.768 48.941 48.941 0.037
3 2 53 202.988 202.988 23.409 23.409 -0.184
3 2 54 253.649 253.649 29.541 29.541 0.246
3 2 55 258.552 258.552 29.945 29.945 0.085
3 2 56 359.378 359.378 47.888 47.888 0.000
3 2 57 231.098 231.098 29.714 29.714 0.059
3 2 58 212.961 212.961 24.018 24.018 0.046
3 2 59 431.752 431.752 67.971 67.971 0.058
3 2 60 263.511 263.511 31.187 31.187 0.028
3 2 61 237.648 237.648 26.368 26.368 0.305
3 2 62 269.522 269.522 29.882 29.882 0.294
3 3 1 220.007 220.007 28.518 28.518 0.707
3 3 2 264.674 264.674 28.184 28.184 -0.086
3 3 3 268.578 268.578 31.198 31.198 0.492
3 3 4 241.414 241.414 25.158 25.158 0.159
3 3 5 231.936 231.936 3300.752 3300.752 0.000
4 1 1 69.864 69.864 43.377 43.377 0.247
4 1 2 104.897 104.897 87.438 87.438 -0.485
4 1 3 109.894 109.894 41.113 41.113 -0.255
4 1 4 110.943 110.943 36.085 36.085 0.229
4 1 5 74.349 74.349 16.084 16.084 0.333
4 1 6 89.355 89.355 20.932 20.932 -0.028
4 1 7 130.382 130.382 29.683 29.683 -0.192
4 1 8 119.763 119.763 23.981 23.981 0.120
4 1 9 137.364 137.364 25.898 25.898 0.035
4 1 10 134.830 134.830 22.275 22.275 -0.393
4 1 11 90.861 90.861 11.321 11.321 -0.522
4 1 12 162.405 162.405 25.501 25.501 0.185
4 1 13 154.771 154.771 22.402 22.402 -0.063
4 1 14 128.968 128.968 15.555 15.555 0.131
4 1 15 129.034 129.034 14.088 14.088 -0.591
4 1 16 148.691 148.691 15.349 15.349 -0.874
4 1 17 170.462 170.462 19.804 19.804 0.103
4 1 18 190.012 190.012 22.112 22.112 -0.210
4 1 19 197.966 197.966 22.079 22.079 -0.258
4 1 20 146.191 146.191 13.693 13.693 -0.139
4 1 21 162.510 162.510 15.089 15.089 -0.073
4 1 22 198.572 198.572 19.611 19.611 -0.239
4 1 23 206.162 206.162 20.067 20.067 0.208
4 2 1 84.383 84.383 115.857 115.857 0.098
4 2 2 98.778 98.778 101.810 101.810 0.151
4 2 3 109.088 109.088 128.277 128.277 0.210
4 2 4 111.042 111.042 73.754 73.754 0.122
4 2 5 136.445 136.445 91.854 91.854 0.005
4 2 6 124.937 124.937 68.996 68.996 0.147
4 2 7 155.412 155.412 82.733 82.733 -0.061
4 2 8 110.662 110.662 46.283 46.283 -0.039
4 2 9 125.251 125.251 51.518 51.518 -0.224
4 2 10 166.974 166.974 69.562 69.562 -0.139
4 2 11 146.417 146.417 54.689 54.689 -0.050
4 2 12 176.414 176.414 65.158 65.158 -0.216
4 2 13 169.793 169.793 57.751 57.751 -0.062
4 2 14 143.965 143.965 42.853 42.853 0.096
4 2 15 177.236 177.236 56.076 56.076 0.048
4 2 16 137.864 137.864 35.605 35.605 0.053
4 2 17 164.655 164.655 44.176 44.176 -0.107
4 2 18 147.187 147.187 34.138 34.138 0.183
4 2 19 186.919 186.919 47.972 47.972 -0.065
4 2 20 143.549 143.549 30.901 30.901 -0.138
4 2 21 129.872 129.872 25.063 25.063 0.025
4 2 22 169.108 169.108 36.284 36.284 -0.078
4 2 23 195.604 195.604 43.377 43.377 -0.134
4 2 24 188.361 188.361 39.011 39.011 0.032
4 2 25 165.367 165.367 31.091 31.091 -0.075
4 2 26 174.500 174.500 32.895 32.895 -0.032
4 2 27 192.092 192.092 35.804 35.804 -0.107
4 2 28 198.251 198.251 36.742 36.742 -0.047
4 2 29 150.055 150.055 23.136 23.136 -0.084
4 2 30 156.412 156.412 24.041 24.041 0.065
4 2 31 150.705 150.705 22.245 22.245 -0.029
4 2 32 312.190 312.190 63.298 63.298 0.007
4 2 33 192.170 192.170 29.946 29.946 0.011
4 2 34 257.529 257.529 45.051 45.051 -0.110
4 2 35 295.957 295.957 54.028 54.028 -0.012
4 2 36 247.025 247.025 40.032 40.032 -0.132
4 2 37 302.657 302.657 53.545 53.545 -0.046
4 2 38 308.962 308.962 52.881 52.881 -0.088
4 2 39 273.008 273.008 43.255 43.255 -0.077
4 2 40 266.938 266.938 40.993 40.993 0.119
4 2 41 270.049 270.049 40.906 40.906 -0.063
4 2 42 283.541 283.541 42.889 42.889 -0.041
4 2 43 253.689 253.689 35.358 35.358 -0.016
4 2 44 288.109 288.109 43.121 43.121 -0.041
4 2 45 266.406 266.406 37.129 37.129 0.026
4 2 46 254.549 254.549 34.275 34.275 0.126
4 2 47 247.029 247.029 32.414 32.414 -0.090
4 2 48 309.110 309.110 44.271 44.271 0.016
4 2 49 182.908 182.908 21.091 21.091 -0.084
4 2 50 265.340 265.340 34.397 34.397 -0.010
4 2 51 316.692 316.692 43.315 43.315 -0.131
4 2 52 263.566 263.566 33.405 33.405 0.009
4 2 53 284.024 284.024 36.014 36.014 -0.083
4 2 54 252.344 252.344 30.084 30.084 0.042
4 2 55 227.991 227.991 28.365 28.365 -0.277
4 2 56 325.456 325.456 43.300 43.300 -0.089
4 2 57 199.075 199.075 23.708 23.708 0.010
4 2 58 278.971 278.971 36.106 36.106 -0.053
4 2 59 209.749 209.749 27.498 27.498 0.033
4 2 60 211.677 211.677 25.747 25.747 -0.148
4 2 61 241.726 241.726 33.489 33.489 -0.208
4 2 62 352.208 352.208 52.640 52.640 0.033
4 3 1 232.144 232.144 24.159 24.159 -0.193
4 3 2 215.781 215.781 20.760 20.760 -0.172
4 3 3 326.819 326.819 39.305 39.305 0.503
4 3 4 205.690 205.690 22.087 22.087 -0.660
4 3 5 271.419 271.419 29.089 29.089 -0.025
5 1 1 130.741 130.741 104.788 104.788 0.141
5 1 2 127.024 127.024 74.470 74.470 -0.230
5 1 3 159.157 159.157 73.706 73.706 0.133
5 1 4 131.706 131.706 47.696 47.696 -0.113
5 1 5 86.067 86.067 20.349 20.349 -0.053
5 1 6 91.620 91.620 18.696 18.696 -0.624
5 1 7 97.372 97.372 19.019 19.019 0.330
5 1 8 103.758 103.758 18.964 18.964 -0.304
5 1 9 141.914 141.914 26.915 26.915 -0.176
5 1 10 141.408 141.408 24.313 24.313 -0.295
5 1 11 142.849 142.849 23.000 23.000 -0.037
5 1 12 155.658 155.658 24.080 24.080 -0.142
5 1 13 169.266 169.266 25.181 25.181 -0.316
5 1 14 133.613 133.613 16.174 16.174 -0.305
5 1 15 180.688 180.688 24.307 24.307 0.214
5 1 16 163.665 163.665 20.912 20.912 -1.089
5 1 17 165.329 165.329 18.965 18.965 -0.045
5 1 18 199.373 199.373 23.873 23.873 -0.026
5 1 19 199.034 199.034 22.504 22.504 0.196
5 1 20 210.333 210.333 24.072 24.072 0.306
5 1 21 186.838 186.838 18.496 18.496 -0.040
5 1 22 212.848 212.848 21.814 21.814 0.068
5 1 23 175.980 175.980 15.888 15.888 0.228
5 2 1 39.231 39.231 52.908 52.908 -0.281
5 2 2 104.244 104.244 99.265 99.265 0.144
5 2 3 152.470 152.470 153.828 153.828 -0.023
5 2 4 134.134 134.134 94.977 94.977 -0.197
5 2 5 116.799 116.799 72.848 72.848 0.001
5 2 6 121.845 121.845 66.503 66.503 -0.155
5 2 7 131.938 131.938 63.830 63.830 -0.109
5 2 8 143.473 143.473 68.319 68.319 0.008
5 2 9 133.823 133.823 57.101 57.101 -0.011
5 2 10 160.215 160.215 66.124 66.124 -0.077
5 2 11 184.966 184.966 78.030 78.030 -0.047
5 2 12 214.156 214.156 91.351 91.351 -0.031
5 2 13 179.105 179.105 62.687 62.687 -0.021
5 2 14 160.257 160.257 50.901 50.901 -0.032
5 2 15 163.669 163.669 49.879 49.879 -0.013
5 2 16 142.112 142.112 34.325 34.325 -0.446
5 2 17 152.317 152.317 39.719 39.719 -0.012
5 2 18 130.477 130.477 29.062 29.062 0.031
5 2 19 161.293 161.293 37.605 37.605 -0.214
5 2 20 174.794 174.794 41.828 41.828 0.075
5 2 21 118.089 118.089 21.688 21.688 0.089
5 2 22 143.185 143.185 28.204 28.204 0.114
5 2 23 185.257 185.257 40.481 40.481 -0.060
5 2 24 144.346 144.346 26.122 26.122 -0.069
5 2 25 161.547 161.547 29.946 29.946 -0.165
5 2 26 164.279 164.279 29.945 29.945 -0.099
5 2 27 194.662 194.662 36.447 36.447 -0.106
5 2 28 147.918 147.918 23.350 23.350 -0.210
5 2 29 133.613 133.613 19.445 19.445 -0.080
5 2 30 206.144 206.144 35.782 35.782 -0.214
5 2 31 134.551 134.551 18.723 18.723 -0.094
5 2 32 270.045 270.045 50.840 50.840 -0.083
5 2 33 209.252 209.252 33.837 33.837 -0.094
5 2 34 259.774 259.774 45.706 45.706 -0.105
5 2 35 254.890 254.890 43.169 43.169 -0.007
5 2 36 252.587 252.587 41.672 41.672 0.060
5 2 37 255.662 255.662 41.585 41.585 0.044
5 2 38 335.751 335.751 60.243 60.243 -0.011
5 2 39 193.216 193.216 25.726 25.726 0.095
5 2 40 250.038 250.038 37.269 37.269 -0.036
5 2 41 241.939 241.939 34.244 34.244 -0.125
5 2 42 224.384 224.384 30.329 30.329 -0.121
5 2 43 225.804 225.804 29.468 29.468 -0.228
5 2 44 281.771 281.771 40.317 40.317 -0.047
5 2 45 250.438 250.438 33.466 33.466 -0.178
5 2 46 224.269 224.269 27.957 27.957 -0.001
5 2 47 224.974 224.974 27.990 27.990 0.000
5 2 48 284.258 284.258 38.422 38.422 0.072
5 2 49 213.718 213.718 24.996 24.996 0.076
5 2 50 290.734 290.734 37.242 37.242 0.158
5 2 51 307.369 307.369 40.195 40.195 -0.143
5 2 52 311.780 311.780 40.915 40.915 0.037
5 2 53 280.550 280.550 35.224 35.224 -0.060
5 2 54 248.182 248.182 28.853 28.853 -0.167
5 2 55 261.790 261.790 30.828 30.828 0.065
5 2 56 218.175 218.175 24.269 24.269 -0.237
5 2 57 186.826 186.826 19.699 19.699 0.080
5 2 58 227.174 227.174 25.513 25.513 -0.020
5 2 59 208.329 208.329 24.154 24.154 0.001
5 2 60 262.953 262.953 32.227 32.227 0.126
5 2 61 230.683 230.683 27.133 27.133 -0.280
5 2 62 275.180 275.180 34.056 34.056 0.120
5 3 1 205.921 205.921 20.143 20.143 0.182
5 3 2 281.931 281.931 31.627 31.627 -0.083
5 3 3 256.606 256.606 26.397 26.397 -0.222
5 3 4 295.063 295.063 36.903 36.903 0.521
5 3 5 489.828 489.828 255.537 255.537 0.285
6 1 1 35.984 35.984 30.720 30.720 -1.154
6 1 2 118.587 118.587 69.662 69.662 -0.047
6 1 3 142.710 142.710 60.167 60.167 0.253
6 1 4 128.243 128.243 45.973 45.973 -0.137
6 1 5 118.388 118.388 33.003 33.003 -0.001
6 1 6 94.696 94.696 20.669 20.669 0.453
6 1 7 111.586 111.586 23.966 23.966 -0.034
6 1 8 158.907 158.907 33.959 33.959 -0.397
6 1 9 122.637 122.637 21.017 21.017 -0.383
6 1 10 128.792 128.792 21.582 21.582 0.201
6 1 11 135.650 135.650 21.301 21.301 -0.053
6 1 12 142.480 142.480 21.166 21.166 0.038
6 1 13 142.160 142.160 19.527 19.527 -0.170
6 1 14 150.265 150.265 19.695 19.695 0.616
6 1 15 153.656 153.656 19.171 19.171 0.103
6 1 16 165.668 165.668 19.883 19.883 0.117
6 1 17 168.120 168.120 19.288 19.288 -0.197
6 1 18 204.885 204.885 24.491 24.491 0.242
6 1 19 184.096 184.096 19.806 19.806 0.207
6 1 20 186.721 186.721 19.522 19.522 0.194
6 1 21 211.379 211.379 2705.928 2705.928 0.000
6 1 22 169.250 169.250 15.999 15.999 0.505
6 1 23 177.502 177.502 16.169 16.169 0.181
6 2 1 37.568 37.568 84.867 84.867 0.155
6 2 2 112.267 112.267 116.098 116.098 -0.025
6 2 3 144.269 144.269 135.988 135.988 -0.105
6 2 4 155.266 155.266 152.877 152.877 -0.079
6 2 5 150.348 150.348 105.625 105.625 -0.108
6 2 6 144.335 144.335 88.049 88.049 -0.091
6 2 7 176.954 176.954 100.967 100.967 0.034
6 2 8 127.328 127.328 56.689 56.689 0.200
6 2 9 161.465 161.465 75.540 75.540 -0.031
6 2 10 178.247 178.247 78.131 78.131 -0.027
6 2 11 154.433 154.433 58.975 58.975 -0.097
6 2 12 201.482 201.482 80.376 80.376 -0.156
6 2 13 178.690 178.690 62.414 62.414 0.026
6 2 14 135.680 135.680 38.558 38.558 -0.162
6 2 15 161.625 161.625 48.738 48.738 0.045
6 2 16 148.590 148.590 39.885 39.885 0.038
6 2 17 145.651 145.651 37.056 37.056 0.057
6 2 18 126.892 126.892 27.857 27.857 -0.049
6 2 19 146.189 146.189 32.267 32.267 -0.252
6 2 20 149.081 149.081 33.204 33.204 0.060
6 2 21 126.335 126.335 24.024 24.024 -0.029
6 2 22 162.640 162.640 34.219 34.219 -0.086
6 2 23 159.351 159.351 32.233 32.233 0.055
6 2 24 140.280 140.280 25.021 25.021 -0.085
6 2 25 151.300 151.300 27.198 27.198 -0.092
6 2 26 161.703 161.703 29.349 29.349 -0.028
6 2 27 194.907 194.907 36.762 36.762 -0.039
6 2 28 131.604 131.604 19.613 19.613 -0.249
6 2 29 127.919 127.919 18.243 18.243 0.053
6 2 30 176.258 176.258 28.643 28.643 -0.139
6 2 31 120.408 120.408 15.793 15.793 -0.185
6 2 32 295.807 295.807 58.422 58.422 -0.038
6 2 33 201.512 201.512 32.095 32.095 0.068
6 2 34 263.874 263.874 47.003 47.003 -0.047
6 2 35 223.292 223.292 35.404 35.404 -0.042
6 2 36 245.442 245.442 39.858 39.858 -0.078
6 2 37 220.074 220.074 33.227 33.227 0.031
6 2 38 282.938 282.938 45.953 45.953 0.161
6 2 39 308.977 308.977 52.133 52.133 0.047
6 2 40 274.211 274.211 43.094 43.094 -0.070
6 2 41 211.403 211.403 29.016 29.016 -0.123
6 2 42 213.183 213.183 29.045 29.045 -0.168
6 2 43 204.241 204.241 25.290 25.290 0.119
6 2 44 224.831 224.831 28.889 28.889 -0.180
6 2 45 179.711 179.711 20.835 20.835 0.043
6 2 46 206.749 206.749 24.751 24.751 -0.188
6 2 47 326.595 326.595 1135.024 1135.024 0.000
6 2 48 317.010 317.010 45.919 45.919 0.046
6 2 49 282.118 282.118 38.262 38.262 -0.065
6 2 50 264.150 264.150 33.899 33.899 0.005
6 2 51 305.487 305.487 40.183 40.183 -0.013
6 2 52 283.142 283.142 35.398 35.398 0.070
6 2 53 311.777 311.777 39.614 39.614 -0.024
6 2 54 231.653 231.653 25.269 25.269 0.045
6 2 55 274.990 274.990 32.596 32.596 0.087
6 2 56 236.407 236.407 27.630 27.630 -0.040
6 2 57 201.201 201.201 22.547 22.547 0.050
6 2 58 224.150 224.150 24.474 24.474 0.167
6 2 59 234.983 234.983 26.138 26.138 0.174
6 2 60 249.439 249.439 28.691 28.691 0.063
6 2 61 253.265 253.265 30.005 30.005 0.091
6 2 62 306.915 306.915 36.675 36.675 0.159
6 3 1 193.603 193.603 18.336 18.336 0.068
6 3 2 219.678 219.678 21.152 21.152 -0.112
6 3 3 214.610 214.610 42.908 42.908 -1.502
6 3 4 392.679 392.679 62.952 62.952 0.151
6 3 5 280.075 280.075 32.413 32.413 -0.144
