1 1 1 1 0.925 -0.054 10.637 0.000 0.000 0.000
1 1 2 1 2.721 -0.016 7.820 0.000 0.000 0.000
1 1 3 1 2.702 -0.024 7.255 0.000 0.000 0.000
1 1 4 1 0.945 -0.129 12.642 0.000 0.000 0.000
1 1 5 1 4.015 -0.063 -1.242 0.000 0.000 0.000
1 1 6 1 2.605 -0.048 3.331 0.000 0.000 0.000
1 1 7 1 2.790 -0.049 2.855 0.000 0.000 0.000
1 1 8 1 5.043 -0.057 -6.302 0.000 0.000 0.000
1 1 9 1 1.615 -0.070 8.396 0.000 0.000 0.000
1 1 10 1 0.033 0.004 11.506 0.000 0.000 0.000
1 1 11 1 1.564 -0.051 6.341 0.000 0.000 0.000
1 1 12 1 1.697 -0.065 7.627 0.000 0.000 0.000
1 1 13 1 1.571 -0.048 6.239 0.000 0.000 0.000
1 1 14 1 1.523 -0.033 4.330 0.000 0.000 0.000
1 1 15 1 1.505 -0.033 4.074 0.000 0.000 0.000
1 1 16 1 1.610 -0.083 8.645 0.000 0.000 0.000
1 1 17 1 1.924 -0.126 12.594 0.000 0.000 0.000
1 1 18 1 1.428 -0.015 1.493 0.000 0.000 0.000
1 1 19 1 1.571 -0.071 8.978 0.000 0.000 0.000
1 1 20 1 1.469 -0.014 2.034 0.000 0.000 0.000
1 1 21 1 1.119 0.074 -7.297 0.000 0.000 0.000
1 1 22 1 1.500 -0.030 3.800 0.000 0.000 0.000
1 1 23 1 1.474 -0.032 3.606 0.000 0.000 0.000
1 2 1 1 1.500 -0.030 3.800 0.000 0.000 0.000
1 2 2 1 2.057 -0.068 1.608 0.000 0.000 0.000
1 2 3 1 1.793 -0.051 2.390 0.000 0.000 0.000
1 2 4 1 1.506 -0.094 2.272 0.000 0.000 0.000
1 2 5 1 1.550 -0.127 1.945 0.000 0.000 0.000
1 2 6 1 1.758 -0.041 2.834 0.000 0.000 0.000
1 2 7 1 3.417 -0.018 2.422 0.000 0.000 0.000
1 2 8 1 1.642 -0.041 2.784 0.000 0.000 0.000
1 2 9 1 1.644 -0.036 3.302 0.000 0.000 0.000
1 2 10 1 1.572 -0.025 3.104 0.000 0.000 0.000
1 2 11 1 3.565 -0.019 2.194 0.000 0.000 0.000
1 2 12 1 1.277 -0.134 2.002 0.000 0.000 0.000
1 2 13 1 3.543 -0.019 2.979 0.000 0.000 0.000
1 2 14 1 3.201 -0.019 2.485 0.000 0.000 0.000
1 2 15 1 1.843 -0.048 2.368 0.000 0.000 0.000
1 2 16 1 1.802 -0.046 2.410 0.000 0.000 0.000
1 2 17 1 1.641 -0.155 1.284 0.000 0.000 0.000
1 2 18 1 1.888 -0.052 2.591 0.000 0.000 0.000
1 2 19 1 1.760 -0.042 2.398 0.000 0.000 0.000
1 2 20 1 2.338 -0.077 0.823 0.000 0.000 0.000
1 2 21 1 2.020 -0.068 1.648 0.000 0.000 0.000
1 2 22 1 1.939 -0.056 2.236 0.000 0.000 0.000
1 2 23 1 1.737 -0.042 2.602 0.000 0.000 0.000
1 2 24 1 1.941 -0.063 2.404 0.000 0.000 0.000
1 2 25 1 1.595 -0.027 3.157 0.000 0.000 0.000
1 2 26 1 1.995 -0.057 1.692 0.000 0.000 0.000
1 2 27 1 1.483 -0.023 3.242 0.000 0.000 0.000
1 2 28 1 1.146 -0.010 5.882 0.000 0.000 0.000
1 2 29 1 3.430 -0.171 -2.930 0.000 0.000 0.000
1 2 30 1 0.197 0.161 12.666 0.000 0.000 0.000
1 2 31 1 1.507 -0.053 4.996 0.000 0.000 0.000
1 2 32 1 2.365 -0.078 0.868 0.000 0.000 0.000
1 2 33 1 1.584 -0.074 6.471 0.000 0.000 0.000
1 2 34 1 1.503 -0.045 4.540 0.000 0.000 0.000
1 2 35 1 1.518 -0.047 4.923 0.000 0.000 0.000
1 2 36 1 3.558 -0.113 -6.858 0.000 0.000 0.000
1 2 37 1 1.525 -0.058 5.617 0.000 0.000 0.000
1 2 38 1 0.088 0.185 12.777 0.000 0.000 0.000
1 2 39 1 1.635 -0.081 7.143 0.000 0.000 0.000
1 2 40 1 1.514 -0.059 5.560 0.000 0.000 0.000
1 2 41 1 1.537 -0.049 4.987 0.000 0.000 0.000
1 2 42 1 1.537 -0.093 8.040 0.000 0.000 0.000
1 2 43 1 1.487 -0.042 4.277 0.000 0.000 0.000
1 2 44 1 1.469 -0.011 2.681 0.000 0.000 0.000
1 2 45 1 1.465 -0.025 3.285 0.000 0.000 0.000
1 2 46 1 1.496 -0.019 3.067 0.000 0.000 0.000
1 2 47 1 1.635 -0.091 7.509 0.000 0.000 0.000
1 2 48 1 1.459 -0.027 3.211 0.000 0.000 0.000
1 2 49 1 0.126 0.194 14.274 0.000 0.000 0.000
1 2 50 1 29.571 -0.129 -78.587 0.000 0.000 0.000
1 2 51 1 1.522 -0.036 4.213 0.000 0.000 0.000
1 2 52 1 1.496 -0.025 3.609 0.000 0.000 0.000
1 2 53 1 1.516 -0.035 4.248 0.000 0.000 0.000
1 2 54 1 0.047 0.291 15.954 0.000 0.000 0.000
1 2 55 1 1.554 -0.080 6.749 0.000 0.000 0.000
1 2 56 1 1.487 -0.025 3.451 0.000 0.000 0.000
1 2 57 1 1.471 -0.051 4.936 0.000 0.000 0.000
1 2 58 1 1.554 -0.079 6.869 0.000 0.000 0.000
1 2 59 1 1.705 -0.123 10.054 0.000 0.000 0.000
1 2 60 1 1.521 -0.028 3.786 0.000 0.000 0.000
1 2 61 1 1.497 -0.016 3.000 0.000 0.000 0.000
1 2 62 1 1.514 -0.044 4.786 0.000 0.000 0.000
1 3 1 1 1.700 -0.079 8.146 0.000 0.000 0.000
1 3 2 1 1.603 -0.015 4.345 0.000 0.000 0.000
1 3 3 1 1.500 -0.030 3.800 0.000 0.000 0.000
1 3 4 1 1.500 -0.030 3.800 0.000 0.000 0.000
1 3 5 1 1.500 -0.030 3.800 0.000 0.000 0.000
2 1 1 1 2.069 -0.096 5.227 0.000 0.000 0.000
2 1 2 1 1.883 -0.033 5.161 0.000 0.000 0.000
2 1 3 1 3.783 -0.030 -3.450 0.000 0.000 0.000
2 1 4 1 3.207 -0.010 6.693 0.000 0.000 0.000
2 1 5 1 0.799 -0.067 10.222 0.000 0.000 0.000
2 1 6 1 1.500 -0.030 3.800 0.000 0.000 0.000
2 1 7 1 8.573 -0.159 -14.908 0.000 0.000 0.000
2 1 8 1 3.691 -0.057 -0.917 0.000 0.000 0.000
2 1 9 1 14.075 -0.118 -45.539 0.000 0.000 0.000
2 1 10 1 1.500 -0.030 3.800 0.000 0.000 0.000
2 1 11 1 1.579 -0.079 7.403 0.000 0.000 0.000
2 1 12 1 1.853 -0.190 18.869 0.000 0.000 0.000
2 1 13 1 1.678 -0.097 9.278 0.000 0.000 0.000
2 1 14 1 1.556 -0.045 5.359 0.000 0.000 0.000
2 1 15 1 1.455 -0.005 1.743 0.000 0.000 0.000
2 1 16 1 1.692 -0.113 13.402 0.000 0.000 0.000
2 1 17 1 1.515 -0.022 3.433 0.000 0.000 0.000
2 1 18 1 1.503 -0.066 7.227 0.000 0.000 0.000
2 1 19 1 1.500 -0.030 3.800 0.000 0.000 0.000
2 1 20 1 1.610 -0.035 5.376 0.000 0.000 0.000
2 1 21 1 1.508 -0.029 3.855 0.000 0.000 0.000
2 1 22 1 1.508 -0.029 3.855 0.000 0.000 0.000
2 1 23 1 1.500 -0.030 3.800 0.000 0.000 0.000
2 2 1 1 1.719 -0.046 2.502 0.000 0.000 0.000
2 2 2 1 2.246 -0.147 0.461 0.000 0.000 0.000
2 2 3 1 1.425 -0.118 2.265 0.000 0.000 0.000
2 2 4 1 1.515 -0.100 1.892 0.000 0.000 0.000
2 2 5 1 1.838 -0.046 2.327 0.000 0.000 0.000
2 2 6 1 1.735 -0.047 2.424 0.000 0.000 0.000
2 2 7 1 1.355 -0.080 2.274 0.000 0.000 0.000
2 2 8 1 1.570 -0.078 2.197 0.000 0.000 0.000
2 2 9 1 1.540 -0.084 1.757 0.000 0.000 0.000
2 2 10 1 1.737 -0.044 2.338 0.000 0.000 0.000
2 2 11 1 1.448 -0.107 1.738 0.000 0.000 0.000
2 2 12 1 1.619 -0.115 1.316 0.000 0.000 0.000
2 2 13 1 1.511 -0.127 1.716 0.000 0.000 0.000
2 2 14 1 4.256 -0.015 2.562 0.000 0.000 0.000
2 2 15 1 1.676 -0.038 2.593 0.000 0.000 0.000
2 2 16 1 1.707 -0.041 2.485 0.000 0.000 0.000
2 2 17 1 1.627 -0.034 2.658 0.000 0.000 0.000
2 2 18 1 1.779 -0.049 2.682 0.000 0.000 0.000
2 2 19 1 1.618 -0.030 3.007 0.000 0.000 0.000
2 2 20 1 1.890 -0.050 1.597 0.000 0.000 0.000
2 2 21 1 1.892 -0.055 2.394 0.000 0.000 0.000
2 2 22 1 1.695 -0.042 2.477 0.000 0.000 0.000
2 2 23 1 7.357 -0.231 -8.823 0.000 0.000 0.000
2 2 24 1 1.563 -0.040 3.483 0.000 0.000 0.000
2 2 25 1 1.677 -0.038 2.659 0.000 0.000 0.000
2 2 26 1 1.295 -0.018 4.394 0.000 0.000 0.000
2 2 27 1 1.524 -0.028 3.957 0.000 0.000 0.000
2 2 28 1 1.502 -0.018 3.004 0.000 0.000 0.000
2 2 29 1 1.492 -0.041 4.330 0.000 0.000 0.000
2 2 30 1 9.370 -0.139 -19.574 0.000 0.000 0.000
2 2 31 1 1.497 -0.046 4.618 0.000 0.000 0.000
2 2 32 1 0.285 0.103 12.430 0.000 0.000 0.000
2 2 33 1 1.442 -0.020 2.730 0.000 0.000 0.000
2 2 34 1 1.508 -0.029 3.832 0.000 0.000 0.000
2 2 35 1 1.488 -0.041 4.218 0.000 0.000 0.000
2 2 36 1 1.476 -0.034 3.691 0.000 0.000 0.000
2 2 37 1 1.508 -0.029 3.847 0.000 0.000 0.000
2 2 38 1 1.527 -0.031 4.158 0.000 0.000 0.000
2 2 39 1 1.503 -0.038 4.231 0.000 0.000 0.000
2 2 40 1 1.503 -0.023 3.357 0.000 0.000 0.000
2 2 41 1 1.484 -0.040 4.216 0.000 0.000 0.000
2 2 42 1 1.746 -0.217 13.705 0.000 0.000 0.000
2 2 43 1 1.524 -0.052 4.821 0.000 0.000 0.000
2 2 44 1 1.487 -0.048 4.720 0.000 0.000 0.000
2 2 45 1 1.593 -0.071 6.865 0.000 0.000 0.000
2 2 46 1 1.501 -0.038 4.230 0.000 0.000 0.000
2 2 47 1 1.448 -0.018 2.473 0.000 0.000 0.000
2 2 48 1 1.470 -0.028 3.399 0.000 0.000 0.000
2 2 49 1 1.520 -0.042 4.545 0.000 0.000 0.000
2 2 50 1 1.484 -0.026 3.467 0.000 0.000 0.000
2 2 51 1 1.539 -0.102 7.904 0.000 0.000 0.000
2 2 52 1 1.533 -0.037 4.410 0.000 0.000 0.000
2 2 53 1 1.485 -0.038 4.084 0.000 0.000 0.000
2 2 54 1 1.436 -0.021 2.667 0.000 0.000 0.000
2 2 55 1 1.485 -0.034 3.803 0.000 0.000 0.000
2 2 56 1 1.547 -0.038 4.637 0.000 0.000 0.000
2 2 57 1 1.411 0.008 0.394 0.000 0.000 0.000
2 2 58 1 1.562 -0.060 6.310 0.000 0.000 0.000
2 2 59 1 1.488 -0.035 3.909 0.000 0.000 0.000
2 2 60 1 1.507 -0.025 3.587 0.000 0.000 0.000
2 2 61 1 1.491 -0.024 3.307 0.000 0.000 0.000
2 2 62 1 1.517 -0.048 4.846 0.000 0.000 0.000
2 3 1 1 2.568 -0.386 19.598 0.000 0.000 0.000
2 3 2 1 1.657 -0.059 7.093 0.000 0.000 0.000
2 3 3 1 1.778 -0.155 13.373 0.000 0.000 0.000
2 3 4 1 1.500 -0.030 3.800 0.000 0.000 0.000
2 3 5 1 1.500 -0.030 3.800 0.000 0.000 0.000
3 1 1 1 2.586 -0.024 6.335 0.000 0.000 0.000
3 1 2 1 2.957 -0.142 1.856 0.000 0.000 0.000
3 1 3 1 1.212 -0.034 7.229 0.000 0.000 0.000
3 1 4 1 1.750 -0.099 4.672 0.000 0.000 0.000
3 1 5 1 2.309 -0.049 0.046 0.000 0.000 0.000
3 1 6 1 5.645 -0.107 -13.301 0.000 0.000 0.000
3 1 7 1 0.057 0.113 12.969 0.000 0.000 0.000
3 1 8 1 1.515 -0.029 3.905 0.000 0.000 0.000
3 1 9 1 1.530 -0.051 5.851 0.000 0.000 0.000
3 1 10 1 1.556 -0.038 4.994 0.000 0.000 0.000
3 1 11 1 1.585 -0.016 4.221 0.000 0.000 0.000
3 1 12 1 1.637 -0.068 8.054 0.000 0.000 0.000
3 1 13 1 1.489 -0.025 3.292 0.000 0.000 0.000
3 1 14 1 2.254 -0.393 16.903 0.000 0.000 0.000
3 1 15 1 1.545 -0.052 5.631 0.000 0.000 0.000
3 1 16 1 1.459 -0.012 1.818 0.000 0.000 0.000
3 1 17 1 1.574 -0.048 6.000 0.000 0.000 0.000
3 1 18 1 39.623 -0.105 -128.307 0.000 0.000 0.000
3 1 19 1 1.364 -0.005 -0.226 0.000 0.000 0.000
3 1 20 1 1.508 -0.029 3.863 0.000 0.000 0.000
3 1 21 1 1.344 0.020 -1.040 0.000 0.000 0.000
3 1 22 1 1.944 -0.264 22.362 0.000 0.000 0.000
3 1 23 1 1.500 -0.030 3.800 0.000 0.000 0.000
3 2 1 1 1.500 -0.030 3.800 0.000 0.000 0.000
3 2 2 1 1.793 -0.042 2.742 0.000 0.000 0.000
3 2 3 1 1.505 -0.021 3.401 0.000 0.000 0.000
3 2 4 1 1.755 -0.121 1.606 0.000 0.000 0.000
3 2 5 1 2.347 -0.023 2.789 0.000 0.000 0.000
3 2 6 1 1.578 -0.100 2.178 0.000 0.000 0.000
3 2 7 1 1.445 -0.058 2.449 0.000 0.000 0.000
3 2 8 1 1.507 -0.051 2.397 0.000 0.000 0.000
3 2 9 1 1.772 -0.046 2.437 0.000 0.000 0.000
3 2 10 1 1.389 -0.107 2.049 0.000 0.000 0.000
3 2 11 1 3.412 -0.021 1.859 0.000 0.000 0.000
3 2 12 1 1.623 -0.037 2.960 0.000 0.000 0.000
3 2 13 1 1.404 -0.115 1.983 0.000 0.000 0.000
3 2 14 1 1.643 -0.038 2.809 0.000 0.000 0.000
3 2 15 1 1.658 -0.038 2.371 0.000 0.000 0.000
3 2 16 1 4.236 -0.013 2.646 0.000 0.000 0.000
3 2 17 1 1.757 -0.046 2.491 0.000 0.000 0.000
3 2 18 1 1.772 -0.046 2.465 0.000 0.000 0.000
3 2 19 1 1.702 -0.037 2.849 0.000 0.000 0.000
3 2 20 1 3.663 -0.018 2.342 0.000 0.000 0.000
3 2 21 1 1.797 -0.050 2.472 0.000 0.000 0.000
3 2 22 1 1.854 -0.044 1.953 0.000 0.000 0.000
3 2 23 1 1.588 -0.040 3.244 0.000 0.000 0.000
3 2 24 1 1.510 -0.027 3.678 0.000 0.000 0.000
3 2 25 1 1.874 -0.044 1.983 0.000 0.000 0.000
3 2 26 1 1.631 -0.038 3.198 0.000 0.000 0.000
3 2 27 1 1.664 -0.042 2.532 0.000 0.000 0.000
3 2 28 1 1.492 -0.031 3.754 0.000 0.000 0.000
3 2 29 1 1.516 -0.035 4.191 0.000 0.000 0.000
3 2 30 1 1.444 -0.018 2.554 0.000 0.000 0.000
3 2 31 1 1.604 -0.054 5.706 0.000 0.000 0.000
3 2 32 1 1.556 -0.040 4.957 0.000 0.000 0.000
3 2 33 1 16.199 -0.131 -43.137 0.000 0.000 0.000
3 2 34 1 1.615 -0.071 6.402 0.000 0.000 0.000
3 2 35 1 1.593 -0.055 5.890 0.000 0.000 0.000
3 2 36 1 1.526 -0.057 5.362 0.000 0.000 0.000
3 2 37 1 1.478 -0.033 3.706 0.000 0.000 0.000
3 2 38 1 1.479 -0.021 3.178 0.000 0.000 0.000
3 2 39 1 1.475 -0.025 3.132 0.000 0.000 0.000
3 2 40 1 1.508 -0.029 3.846 0.000 0.000 0.000
3 2 41 1 1.550 -0.070 6.351 0.000 0.000 0.000
3 2 42 1 1.590 -0.080 6.965 0.000 0.000 0.000
3 2 43 1 1.561 -0.049 5.409 0.000 0.000 0.000
3 2 44 1 1.545 -0.041 4.780 0.000 0.000 0.000
3 2 45 1 1.555 -0.073 6.105 0.000 0.000 0.000
3 2 46 1 1.531 -0.050 5.162 0.000 0.000 0.000
3 2 47 1 1.546 -0.049 5.193 0.000 0.000 0.000
3 2 48 1 1.530 -0.047 4.935 0.000 0.000 0.000
3 2 49 1 1.600 -0.054 5.818 0.000 0.000 0.000
3 2 50 1 1.523 -0.028 3.936 0.000 0.000 0.000
3 2 51 1 1.571 -0.049 5.053 0.000 0.000 0.000
3 2 52 1 1.515 -0.070 6.383 0.000 0.000 0.000
3 2 53 1 1.522 -0.033 4.253 0.000 0.000 0.000
3 2 54 1 1.490 -0.038 4.021 0.000 0.000 0.000
3 2 55 1 1.588 -0.087 7.272 0.000 0.000 0.000
3 2 56 1 1.536 -0.027 4.021 0.000 0.000 0.000
3 2 57 1 1.522 -0.040 4.628 0.000 0.000 0.000
3 2 58 1 1.579 -0.069 6.623 0.000 0.000 0.000
3 2 59 1 1.508 -0.029 3.853 0.000 0.000 0.000
3 2 60 1 1.008 0.014 6.455 0.000 0.000 0.000
3 2 61 1 1.461 -0.024 3.107 0.000 0.000 0.000
3 2 62 1 1.343 0.036 -1.008 0.000 0.000 0.000
3 3 1 1 1.500 -0.030 3.800 0.000 0.000 0.000
3 3 2 1 1.599 -0.095 8.660 0.000 0.000 0.000
3 3 3 1 1.801 -0.127 12.143 0.000 0.000 0.000
3 3 4 1 1.500 -0.030 3.800 0.000 0.000 0.000
3 3 5 1 1.500 -0.030 3.800 0.000 0.000 0.000
4 1 1 1 3.722 -0.040 0.004 0.000 0.000 0.000
4 1 2 1 0.885 -0.086 13.351 0.000 0.000 0.000
4 1 3 1 2.070 -0.051 5.568 0.000 0.000 0.000
4 1 4 1 8.318 -0.107 -24.249 0.000 0.000 0.000
4 1 5 1 1.836 -0.044 5.811 0.000 0.000 0.000
4 1 6 1 1.542 -0.041 5.263 0.000 0.000 0.000
4 1 7 1 -2.317 -0.152 21.116 0.000 0.000 0.000
4 1 8 1 1.653 -0.054 7.913 0.000 0.000 0.000
4 1 9 1 1.615 -0.066 8.590 0.000 0.000 0.000
4 1 10 1 2.406 -0.055 5.716 0.000 0.000 0.000
4 1 11 1 1.524 -0.028 3.968 0.000 0.000 0.000
4 1 12 1 1.609 -0.039 5.393 0.000 0.000 0.000
4 1 13 1 1.715 -0.084 9.273 0.000 0.000 0.000
4 1 14 1 1.717 -0.073 8.424 0.000 0.000 0.000
4 1 15 1 1.581 -0.051 6.088 0.000 0.000 0.000
4 1 16 1 1.591 -0.080 7.535 0.000 0.000 0.000
4 1 17 1 1.800 -0.129 12.675 0.000 0.000 0.000
4 1 18 1 1.440 -0.029 2.985 0.000 0.000 0.000
4 1 19 1 1.621 -0.015 4.516 0.000 0.000 0.000
4 1 20 1 1.500 -0.030 3.800 0.000 0.000 0.000
4 1 21 1 1.500 -0.030 3.800 0.000 0.000 0.000
4 1 22 1 1.473 -0.031 3.583 0.000 0.000 0.000
4 1 23 1 1.455 -0.032 3.444 0.000 0.000 0.000
4 2 1 1 1.520 -0.025 3.848 0.000 0.000 0.000
4 2 2 1 1.715 -0.051 2.661 0.000 0.000 0.000
4 2 3 1 1.541 -0.063 2.748 0.000 0.000 0.000
4 2 4 1 3.947 -0.012 3.382 0.000 0.000 0.000
4 2 5 1 1.608 -0.067 2.347 0.000 0.000 0.000
4 2 6 1 1.526 -0.070 2.397 0.000 0.000 0.000
4 2 7 1 1.674 -0.036 2.889 0.000 0.000 0.000
4 2 8 1 1.529 -0.065 2.633 0.000 0.000 0.000
4 2 9 1 4.386 -0.011 3.656 0.000 0.000 0.000
4 2 10 1 1.974 -0.025 3.148 0.000 0.000 0.000
4 2 11 1 4.207 -0.011 3.068 0.000 0.000 0.000
4 2 12 1 1.716 -0.033 3.075 0.000 0.000 0.000
4 2 13 1 1.327 -0.105 2.275 0.000 0.000 0.000
4 2 14 1 1.602 -0.068 2.414 0.000 0.000 0.000
4 2 15 1 1.375 -0.069 2.520 0.000 0.000 0.000
4 2 16 1 3.456 -0.011 3.940 0.000 0.000 0.000
4 2 17 1 1.682 -0.034 2.908 0.000 0.000 0.000
4 2 18 1 1.671 -0.041 3.523 0.000 0.000 0.000
4 2 19 1 1.475 -0.030 4.209 0.000 0.000 0.000
4 2 20 1 1.646 -0.036 3.238 0.000 0.000 0.000
4 2 21 1 1.459 -0.036 3.870 0.000 0.000 0.000
4 2 22 1 1.587 -0.030 3.353 0.000 0.000 0.000
4 2 23 1 4.734 -0.015 2.634 0.000 0.000 0.000
4 2 24 1 1.509 -0.032 3.322 0.000 0.000 0.000
4 2 25 1 1.501 -0.031 3.941 0.000 0.000 0.000
4 2 26 1 6.983 -0.114 -16.375 0.000 0.000 0.000
4 2 27 1 1.035 0.011 5.404 0.000 0.000 0.000
4 2 28 1 1.453 -0.021 2.869 0.000 0.000 0.000
4 2 29 1 1.511 -0.045 4.949 0.000 0.000 0.000
4 2 30 1 1.517 -0.052 5.268 0.000 0.000 0.000
4 2 31 1 1.518 -0.038 4.309 0.000 0.000 0.000
4 2 32 1 0.362 0.079 11.409 0.000 0.000 0.000
4 2 33 1 3.045 -0.099 -3.184 0.000 0.000 0.000
4 2 34 1 1.560 -0.045 5.180 0.000 0.000 0.000
4 2 35 1 3.183 -0.091 -3.961 0.000 0.000 0.000
4 2 36 1 27.273 -0.128 -77.658 0.000 0.000 0.000
4 2 37 1 1.571 -0.046 5.116 0.000 0.000 0.000
4 2 38 1 1.533 -0.056 5.215 0.000 0.000 0.000
4 2 39 1 1.463 -0.020 2.929 0.000 0.000 0.000
4 2 40 1 1.551 -0.037 4.676 0.000 0.000 0.000
4 2 41 1 1.481 -0.037 4.036 0.000 0.000 0.000
4 2 42 1 1.525 -0.050 5.116 0.000 0.000 0.000
4 2 43 1 11.016 -0.109 -28.354 0.000 0.000 0.000
4 2 44 1 1.502 -0.057 5.475 0.000 0.000 0.000
4 2 45 1 1.613 -0.086 7.084 0.000 0.000 0.000
4 2 46 1 1.535 -0.043 4.881 0.000 0.000 0.000
4 2 47 1 1.566 -0.074 6.696 0.000 0.000 0.000
4 2 48 1 1.473 -0.036 3.891 0.000 0.000 0.000
4 2 49 1 1.512 -0.023 3.455 0.000 0.000 0.000
4 2 50 1 1.523 -0.026 3.926 0.000 0.000 0.000
4 2 51 1 1.525 -0.032 4.147 0.000 0.000 0.000
4 2 52 1 1.561 -0.063 6.116 0.000 0.000 0.000
4 2 53 1 1.523 -0.065 6.131 0.000 0.000 0.000
4 2 54 1 1.458 -0.041 4.235 0.000 0.000 0.000
4 2 55 1 1.440 -0.020 2.525 0.000 0.000 0.000
4 2 56 1 1.539 -0.039 4.624 0.000 0.000 0.000
4 2 57 1 1.522 -0.051 5.219 0.000 0.000 0.000
4 2 58 1 1.520 -0.025 3.754 0.000 0.000 0.000
4 2 59 1 1.605 -0.067 6.640 0.000 0.000 0.000
4 2 60 1 1.544 -0.047 5.022 0.000 0.000 0.000
4 2 61 1 1.524 -0.028 3.953 0.000 0.000 0.000
4 2 62 1 1.752 -0.153 11.754 0.000 0.000 0.000
4 3 1 1 3.686 -0.735 48.487 0.000 0.000 0.000
4 3 2 1 1.630 -0.052 6.206 0.000 0.000 0.000
4 3 3 1 1.491 -0.031 3.734 0.000 0.000 0.000
4 3 4 1 1.500 -0.030 3.800 0.000 0.000 0.000
4 3 5 1 1.500 -0.030 3.800 0.000 0.000 0.000
5 1 1 1 1.443 -0.055 8.066 0.000 0.000 0.000
5 1 2 1 3.257 -0.015 5.515 0.000 0.000 0.000
5 1 3 1 2.942 -0.019 8.008 0.000 0.000 0.000
5 1 4 1 2.724 -0.015 6.297 0.000 0.000 0.000
5 1 5 1 3.140 -0.017 5.347 0.000 0.000 0.000
5 1 6 1 1.221 -0.069 7.649 0.000 0.000 0.000
5 1 7 1 1.334 -0.030 5.930 0.000 0.000 0.000
5 1 8 1 1.546 -0.032 4.598 0.000 0.000 0.000
5 1 9 1 1.552 -0.051 5.939 0.000 0.000 0.000
5 1 10 1 1.537 -0.034 4.414 0.000 0.000 0.000
5 1 11 1 1.612 -0.053 6.440 0.000 0.000 0.000
5 1 12 1 5.976 -0.052 -8.666 0.000 0.000 0.000
5 1 13 1 1.464 -0.029 3.321 0.000 0.000 0.000
5 1 14 1 1.697 -0.086 9.564 0.000 0.000 0.000
5 1 15 1 1.547 -0.045 5.346 0.000 0.000 0.000
5 1 16 1 1.586 -0.130 11.607 0.000 0.000 0.000
5 1 17 1 1.311 0.022 -2.178 0.000 0.000 0.000
5 1 18 1 1.592 -0.048 5.684 0.000 0.000 0.000
5 1 19 1 1.778 -0.118 10.670 0.000 0.000 0.000
5 1 20 1 1.535 -0.038 4.720 0.000 0.000 0.000
5 1 21 1 1.650 -0.087 10.287 0.000 0.000 0.000
5 1 22 1 1.500 -0.030 3.800 0.000 0.000 0.000
5 1 23 1 1.500 -0.030 3.800 0.000 0.000 0.000
5 2 1 1 1.524 -0.028 3.963 0.000 0.000 0.000
5 2 2 1 1.877 -0.054 2.052 0.000 0.000 0.000
5 2 3 1 2.399 -0.030 2.663 0.000 0.000 0.000
5 2 4 1 2.017 -0.035 2.774 0.000 0.000 0.000
5 2 5 1 1.829 -0.052 2.184 0.000 0.000 0.000
5 2 6 1 2.651 -0.025 2.525 0.000 0.000 0.000
5 2 7 1 1.753 -0.124 1.374 0.000 0.000 0.000
5 2 8 1 1.731 -0.038 2.538 0.000 0.000 0.000
5 2 9 1 1.641 -0.042 2.972 0.000 0.000 0.000
5 2 10 1 1.699 -0.042 2.274 0.000 0.000 0.000
5 2 11 1 1.642 -0.030 2.796 0.000 0.000 0.000
5 2 12 1 1.733 -0.037 2.380 0.000 0.000 0.000
5 2 13 1 1.654 -0.039 2.437 0.000 0.000 0.000
5 2 14 1 4.108 -0.012 2.590 0.000 0.000 0.000
5 2 15 1 4.192 -0.015 2.097 0.000 0.000 0.000
5 2 16 1 1.711 -0.040 2.424 0.000 0.000 0.000
5 2 17 1 1.780 -0.045 2.177 0.000 0.000 0.000
5 2 18 1 1.730 -0.040 2.539 0.000 0.000 0.000
5 2 19 1 3.235 -0.019 2.470 0.000 0.000 0.000
5 2 20 1 1.462 -0.022 3.316 0.000 0.000 0.000
5 2 21 1 1.839 -0.051 2.359 0.000 0.000 0.000
5 2 22 1 1.591 -0.030 2.734 0.000 0.000 0.000
5 2 23 1 1.639 -0.037 3.083 0.000 0.000 0.000
5 2 24 1 3.042 -0.106 -1.749 0.000 0.000 0.000
5 2 25 1 3.797 -0.018 2.308 0.000 0.000 0.000
5 2 26 1 2.043 -0.061 0.681 0.000 0.000 0.000
5 2 27 1 8.442 -0.138 -20.588 0.000 0.000 0.000
5 2 28 1 14.687 -0.131 -37.263 0.000 0.000 0.000
5 2 29 1 3.916 -0.101 -5.825 0.000 0.000 0.000
5 2 30 1 1.475 -0.029 3.515 0.000 0.000 0.000
5 2 31 1 1.483 -0.018 2.780 0.000 0.000 0.000
5 2 32 1 0.023 0.365 19.732 0.000 0.000 0.000
5 2 33 1 1.529 -0.056 5.582 0.000 0.000 0.000
5 2 34 1 1.589 -0.063 6.086 0.000 0.000 0.000
5 2 35 1 1.455 -0.005 2.113 0.000 0.000 0.000
5 2 36 1 1.454 -0.015 2.575 0.000 0.000 0.000
5 2 37 1 1.503 -0.043 4.516 0.000 0.000 0.000
5 2 38 1 1.505 -0.055 5.198 0.000 0.000 0.000
5 2 39 1 2.180 -0.084 2.125 0.000 0.000 0.000
5 2 40 1 1.498 -0.022 3.397 0.000 0.000 0.000
5 2 41 1 1.530 -0.047 4.752 0.000 0.000 0.000
5 2 42 1 1.550 -0.054 5.570 0.000 0.000 0.000
5 2 43 1 1.519 -0.041 4.553 0.000 0.000 0.000
5 2 44 1 1.553 -0.065 6.010 0.000 0.000 0.000
5 2 45 1 1.555 -0.053 5.413 0.000 0.000 0.000
5 2 46 1 1.446 -0.038 3.842 0.000 0.000 0.000
5 2 47 1 1.482 -0.069 6.298 0.000 0.000 0.000
5 2 48 1 1.537 -0.035 4.406 0.000 0.000 0.000
5 2 49 1 1.591 -0.052 5.691 0.000 0.000 0.000
5 2 50 1 1.474 -0.023 3.245 0.000 0.000 0.000
5 2 51 1 1.565 -0.041 5.139 0.000 0.000 0.000
5 2 52 1 1.485 -0.039 4.135 0.000 0.000 0.000
5 2 53 1 1.476 -0.037 3.959 0.000 0.000 0.000
5 2 54 1 1.686 -0.093 7.965 0.000 0.000 0.000
5 2 55 1 1.534 -0.051 5.495 0.000 0.000 0.000
5 2 56 1 1.502 -0.051 5.133 0.000 0.000 0.000
5 2 57 1 1.447 -0.004 1.487 0.000 0.000 0.000
5 2 58 1 1.465 -0.004 1.941 0.000 0.000 0.000
5 2 59 1 1.492 -0.031 3.747 0.000 0.000 0.000
5 2 60 1 0.119 0.272 23.563 0.000 0.000 0.000
5 2 61 1 1.567 -0.079 7.440 0.000 0.000 0.000
5 2 62 1 1.542 -0.049 5.446 0.000 0.000 0.000
5 3 1 1 1.604 -0.054 6.590 0.000 0.000 0.000
5 3 2 1 0.998 -0.298 14.775 0.000 0.000 0.000
5 3 3 1 1.450 0.010 1.022 0.000 0.000 0.000
5 3 4 1 1.525 -0.028 3.990 0.000 0.000 0.000
5 3 5 1 1.500 -0.030 3.800 0.000 0.000 0.000
6 1 1 1 3.351 -0.121 -0.450 0.000 0.000 0.000
6 1 2 1 3.343 -0.014 6.328 0.000 0.000 0.000
6 1 3 1 2.326 -0.023 6.164 0.000 0.000 0.000
6 1 4 1 4.317 -0.024 2.017 0.000 0.000 0.000
6 1 5 1 4.260 -0.122 -2.649 0.000 0.000 0.000
6 1 6 1 5.627 -0.086 -11.472 0.000 0.000 0.000
6 1 7 1 5.996 -0.083 -11.214 0.000 0.000 0.000
6 1 8 1 2.023 -0.065 -0.350 0.000 0.000 0.000
6 1 9 1 0.036 0.233 15.836 0.000 0.000 0.000
6 1 10 1 1.663 -0.068 8.187 0.000 0.000 0.000
6 1 11 1 1.508 -0.044 5.444 0.000 0.000 0.000
6 1 12 1 8.831 -0.020 0.283 0.000 0.000 0.000
6 1 13 1 1.671 -0.098 9.557 0.000 0.000 0.000
6 1 14 1 1.488 -0.034 3.940 0.000 0.000 0.000
6 1 15 1 1.502 -0.051 5.052 0.000 0.000 0.000
6 1 16 1 1.657 -0.077 8.414 0.000 0.000 0.000
6 1 17 1 1.671 -0.078 8.824 0.000 0.000 0.000
6 1 18 1 1.597 -0.079 8.132 0.000 0.000 0.000
6 1 19 1 1.291 0.032 -2.762 0.000 0.000 0.000
6 1 20 1 1.508 -0.029 3.863 0.000 0.000 0.000
6 1 21 1 1.500 -0.030 3.800 0.000 0.000 0.000
6 1 22 1 1.602 -0.038 5.331 0.000 0.000 0.000
6 1 23 1 1.288 0.031 -3.189 0.000 0.000 0.000
6 2 1 1 1.766 -0.047 2.504 0.000 0.000 0.000
6 2 2 1 1.927 -0.056 2.073 0.000 0.000 0.000
6 2 3 1 1.759 -0.047 2.408 0.000 0.000 0.000
6 2 4 1 1.389 -0.122 1.933 0.000 0.000 0.000
6 2 5 1 1.765 -0.048 2.131 0.000 0.000 0.000
6 2 6 1 1.858 -0.052 2.298 0.000 0.000 0.000
6 2 7 1 1.714 -0.038 2.507 0.000 0.000 0.000
6 2 8 1 1.643 -0.089 1.688 0.000 0.000 0.000
6 2 9 1 1.807 -0.045 2.146 0.000 0.000 0.000
6 2 10 1 3.771 -0.016 2.438 0.000 0.000 0.000
6 2 11 1 1.658 -0.032 2.942 0.000 0.000 0.000
6 2 12 1 4.164 -0.013 2.223 0.000 0.000 0.000
6 2 13 1 3.937 -0.012 2.518 0.000 0.000 0.000
6 2 14 1 1.707 -0.088 1.710 0.000 0.000 0.000
6 2 15 1 1.735 -0.038 2.555 0.000 0.000 0.000
6 2 16 1 1.613 -0.038 2.885 0.000 0.000 0.000
6 2 17 1 1.450 -0.024 3.137 0.000 0.000 0.000
6 2 18 1 1.691 -0.047 2.942 0.000 0.000 0.000
6 2 19 1 1.751 -0.044 2.678 0.000 0.000 0.000
6 2 20 1 1.864 -0.050 2.004 0.000 0.000 0.000
6 2 21 1 1.738 -0.044 2.548 0.000 0.000 0.000
6 2 22 1 1.745 -0.043 2.297 0.000 0.000 0.000
6 2 23 1 4.483 -0.019 2.127 0.000 0.000 0.000
6 2 24 1 14.222 -0.139 -31.824 0.000 0.000 0.000
6 2 25 1 1.654 -0.029 2.828 0.000 0.000 0.000
6 2 26 1 2.037 -0.061 1.529 0.000 0.000 0.000
6 2 27 1 1.731 -0.044 2.311 0.000 0.000 0.000
6 2 28 1 1.992 -0.065 2.332 0.000 0.000 0.000
6 2 29 1 1.493 -0.052 4.773 0.000 0.000 0.000
6 2 30 1 1.467 -0.017 2.656 0.000 0.000 0.000
6 2 31 1 1.492 -0.013 2.929 0.000 0.000 0.000
6 2 32 1 1.553 -0.041 4.943 0.000 0.000 0.000
6 2 33 1 1.476 -0.033 3.703 0.000 0.000 0.000
6 2 34 1 1.501 -0.016 3.228 0.000 0.000 0.000
6 2 35 1 1.491 -0.026 3.433 0.000 0.000 0.000
6 2 36 1 1.510 -0.028 3.749 0.000 0.000 0.000
6 2 37 1 1.581 -0.065 6.061 0.000 0.000 0.000
6 2 38 1 1.544 -0.039 4.634 0.000 0.000 0.000
6 2 39 1 1.517 -0.022 3.545 0.000 0.000 0.000
6 2 40 1 1.492 -0.031 3.753 0.000 0.000 0.000
6 2 41 1 1.467 -0.021 2.926 0.000 0.000 0.000
6 2 42 1 0.090 0.021 9.217 0.000 0.000 0.000
6 2 43 1 1.503 -0.050 4.740 0.000 0.000 0.000
6 2 44 1 1.447 -0.026 3.027 0.000 0.000 0.000
6 2 45 1 1.514 -0.059 5.553 0.000 0.000 0.000
6 2 46 1 1.496 -0.027 3.551 0.000 0.000 0.000
6 2 47 1 1.534 -0.062 5.656 0.000 0.000 0.000
6 2 48 1 1.496 -0.022 3.430 0.000 0.000 0.000
6 2 49 1 1.514 -0.050 5.093 0.000 0.000 0.000
6 2 50 1 1.557 -0.046 5.038 0.000 0.000 0.000
6 2 51 1 1.525 -0.052 5.112 0.000 0.000 0.000
6 2 52 1 1.585 -0.092 7.375 0.000 0.000 0.000
6 2 53 1 1.529 -0.021 3.582 0.000 0.000 0.000
6 2 54 1 1.529 -0.036 4.197 0.000 0.000 0.000
6 2 55 1 1.562 -0.066 6.763 0.000 0.000 0.000
6 2 56 1 1.462 -0.033 3.565 0.000 0.000 0.000
6 2 57 1 1.465 -0.007 2.220 0.000 0.000 0.000
6 2 58 1 1.474 -0.048 4.733 0.000 0.000 0.000
6 2 59 1 1.493 -0.018 2.995 0.000 0.000 0.000
6 2 60 1 1.536 -0.055 5.662 0.000 0.000 0.000
6 2 61 1 1.397 0.015 0.351 0.000 0.000 0.000
6 2 62 1 1.487 -0.036 4.161 0.000 0.000 0.000
6 3 1 1 1.543 -0.049 5.345 0.000 0.000 0.000
6 3 2 1 1.562 -0.058 6.078 0.000 0.000 0.000
6 3 3 1 1.500 -0.030 3.800 0.000 0.000 0.000
6 3 4 1 1.500 -0.030 3.800 0.000 0.000 0.000
6 3 5 1 1.500 -0.030 3.800 0.000 0.000 0.000
