1 1 1 0.00054 0.01361 -0.00086 -0.01765
1 1 2 -0.00047 0.01327 -0.00031 -0.01462
1 1 3 -0.00061 0.01586 0.00088 -0.00158
1 1 4 0.00071 0.00641 0.00003 -0.01912
1 1 5 -0.00043 0.01675 0.00012 -0.00950
1 1 6 -0.00002 0.01330 0.00000 -0.00426
1 1 7 0.00003 -0.00553 -0.00011 0.00283
1 1 8 -0.00009 0.00784 -0.00005 -0.00419
1 1 9 -0.00010 0.00690 -0.00002 -0.00454
1 1 10 -0.00001 0.00520 0.00001 -0.00361
1 1 11 0.00003 0.00400 0.00000 -0.00245
1 1 12 0.00005 0.00536 0.00008 0.02326
1 1 13 0.00037 -0.02783 -0.00023 -0.00199
1 1 14 -0.00002 0.00496 -0.00001 -0.00382
1 1 15 0.00002 0.00216 0.00048 0.01625
1 1 16 -0.00113 -0.00377 0.00002 0.00836
1 1 17 -0.00003 0.00285 0.00011 0.00035
1 1 18 0.00001 0.00459 -0.00000 -0.00069
1 1 19 0.00028 -0.00620 -0.00006 -0.00239
1 1 20 -0.00001 0.00327 -0.00002 -0.00411
1 1 21 0.00000 0.00244 -0.00003 -0.00024
1 1 22 0.00005 0.00301 -0.00002 -0.00143
1 1 23 -0.00004 -0.00803 0.00002 -0.00375
1 2 1 0.00000 0.00000 0.00000 0.00000
1 2 2 0.00248 0.02486 -0.00427 -0.00500
1 2 3 -0.00308 0.01950 0.00047 -0.01064
1 2 4 0.00065 0.02509 -0.00078 -0.00937
1 2 5 -0.00056 0.01810 0.00049 -0.01046
1 2 6 0.00018 0.01332 -0.00034 -0.01890
1 2 7 0.00040 0.00823 -0.00031 -0.01237
1 2 8 -0.00022 0.01103 0.00012 -0.01115
1 2 9 -0.00003 0.00372 -0.00012 -0.01501
1 2 10 -0.00014 0.00694 -0.00004 -0.01095
1 2 11 0.00005 0.00728 -0.00003 -0.00533
1 2 12 -0.00014 0.00533 0.00005 -0.00657
1 2 13 -0.00015 0.01015 -0.00007 -0.01006
1 2 14 -0.00009 0.00545 -0.00012 -0.00730
1 2 15 0.00002 0.00486 -0.00007 -0.00411
1 2 16 -0.00002 0.00487 -0.00006 -0.00765
1 2 17 -0.00007 0.00568 -0.00000 -0.00453
1 2 18 -0.00001 0.00631 0.00005 -0.00630
1 2 19 -0.00003 0.00397 -0.00003 -0.00676
1 2 20 0.00000 0.00654 0.00002 -0.00319
1 2 21 -0.00009 0.00363 -0.00006 -0.00530
1 2 22 -0.00003 0.00260 -0.00004 -0.00332
1 2 23 -0.00001 0.00549 -0.00007 -0.00438
1 2 24 -0.00001 0.00363 -0.00004 -0.00169
1 2 25 -0.00001 0.00294 -0.00004 -0.00268
1 2 26 -0.00017 -0.00023 -0.00003 -0.00419
1 2 27 0.00054 -0.00618 0.00079 0.01848
1 2 28 -0.00001 0.00299 0.00000 -0.00220
1 2 29 0.00081 -0.01031 0.00069 0.02352
1 2 30 -0.00014 -0.00892 -0.00001 -0.00215
1 2 31 -0.00004 0.00305 0.00002 -0.00291
1 2 32 -0.00002 0.00198 -0.00043 0.01961
1 2 33 -0.00001 0.00328 -0.00007 0.00017
1 2 34 -0.00003 0.00140 0.00003 -0.00253
1 2 35 -0.00005 -0.00344 -0.00006 -0.00148
1 2 36 -0.00000 0.00252 -0.00004 -0.00399
1 2 37 0.00001 0.00018 -0.00017 -0.00263
1 2 38 -0.00002 0.00114 0.00001 -0.00210
1 2 39 -0.00003 0.00245 -0.00001 -0.00261
1 2 40 0.00001 0.00149 -0.00000 -0.00341
1 2 41 -0.00001 0.00199 -0.00001 -0.00201
1 2 42 -0.00001 0.00155 -0.00001 -0.00124
1 2 43 0.00001 0.00067 -0.00008 0.00239
1 2 44 -0.00002 -0.00107 0.00002 -0.00117
1 2 45 0.00001 0.00318 -0.00003 -0.00123
1 2 46 0.00001 0.01612 -0.00049 0.00984
1 2 47 0.00002 0.00358 0.00001 -0.00016
1 2 48 -0.00008 0.00537 -0.00000 0.00110
1 2 49 -0.00002 0.00055 -0.00002 0.00110
1 2 50 -0.00000 0.00282 0.00000 0.00019
1 2 51 -0.00066 -0.05204 0.00000 -0.00060
1 2 52 0.00035 -0.01299 0.00001 -0.00202
1 2 53 -0.00000 -0.00063 -0.00000 -0.00309
1 2 54 -0.00007 0.00086 0.00005 -0.00102
1 2 55 -0.00012 0.00149 -0.00008 0.00360
1 2 56 0.00002 -0.00132 -0.00002 0.00070
1 2 57 0.00000 -0.00112 -0.00004 -0.00360
1 2 58 -0.00002 -0.00228 -0.00001 -0.00406
1 2 59 0.00003 -0.00116 -0.00002 0.00034
1 2 60 -0.00002 -0.00035 0.00003 0.00317
1 2 61 0.00004 -0.01808 0.00008 0.00395
1 2 62 -0.00001 0.00084 -0.00002 0.00218
1 3 1 -0.00003 0.00266 -0.00004 -0.00067
1 3 2 -0.00006 0.01068 -0.00007 -0.01033
1 3 3 0.00000 0.00000 0.00000 0.00000
1 3 4 -0.00001 -0.00177 -0.00003 -0.00437
1 3 5 0.00000 0.00000 0.00000 0.00000
2 1 1 -0.00460 0.01660 -0.00228 -0.00948
2 1 2 -0.00042 0.02111 -0.00009 0.01193
2 1 3 -0.00031 0.01020 0.00007 -0.00545
2 1 4 -0.00020 0.01043 -0.00023 -0.00736
2 1 5 0.00003 0.00471 -0.00024 -0.00856
2 1 6 0.00000 0.00000 0.00000 0.00000
2 1 7 -0.00015 0.00955 0.00006 -0.00884
2 1 8 0.00001 0.00535 0.00064 0.03438
2 1 9 -0.00060 -0.04083 0.00004 0.00408
2 1 10 0.00000 0.00000 0.00000 0.00000
2 1 11 -0.00003 0.00198 0.00043 0.01860
2 1 12 -0.00004 0.00129 0.00006 -0.00211
2 1 13 0.00017 -0.02391 0.00009 -0.00341
2 1 14 0.00001 0.00597 0.00012 -0.00866
2 1 15 -0.00007 0.00692 -0.00002 -0.00612
2 1 16 -0.00017 0.01128 0.00001 -0.00281
2 1 17 0.00002 0.00293 0.00005 -0.00532
2 1 18 -0.00002 0.00300 -0.00017 0.00638
2 1 19 -0.00095 -0.12339 -0.00131 -0.11088
2 1 20 0.00005 0.00045 0.00003 -0.00067
2 1 21 -0.00002 0.00503 0.00009 -0.00178
2 1 22 0.00026 -0.02537 -0.00004 0.00402
2 1 23 -0.00015 0.01180 -0.00002 -0.00353
2 2 1 -0.00704 -0.02641 0.01658 0.25500
2 2 2 0.03332 -0.17903 0.04897 0.05083
2 2 3 0.02620 -0.06162 -0.00646 0.22918
2 2 4 -0.00358 0.01493 -0.00680 -0.00188
2 2 5 -0.00352 0.00119 -0.00256 0.00349
2 2 6 -0.00296 0.00636 -0.00439 0.00166
2 2 7 -0.00132 0.01599 -0.00178 -0.00063
2 2 8 -0.00149 0.00660 -0.00120 0.05760
2 2 9 -0.00039 0.00294 -0.00104 -0.00365
2 2 10 -0.00102 0.01165 -0.00057 0.00194
2 2 11 -0.00059 0.00766 -0.00021 -0.00542
2 2 12 -0.00037 0.00576 0.00004 -0.00691
2 2 13 -0.00012 0.00512 -0.00017 -0.00758
2 2 14 -0.00018 0.00740 -0.00016 -0.00733
2 2 15 -0.00013 0.00566 -0.00006 -0.00638
2 2 16 -0.00017 0.00595 0.00008 -0.00511
2 2 17 -0.00006 0.00408 -0.00004 -0.00471
2 2 18 -0.00008 0.00811 -0.00101 0.04577
2 2 19 -0.00007 0.00455 0.00001 -0.00468
2 2 20 -0.00002 0.00416 -0.00002 -0.00387
2 2 21 0.00000 0.00715 -0.00005 -0.00537
2 2 22 0.00003 0.00476 -0.00009 -0.00707
2 2 23 0.00005 0.00147 0.00001 -0.00551
2 2 24 -0.00002 0.00311 -0.00005 -0.00437
2 2 25 0.00003 0.00409 -0.00001 -0.00339
2 2 26 -0.00006 0.00234 0.00007 -0.00341
2 2 27 -0.00004 0.00289 -0.00001 -0.00413
2 2 28 -0.00002 0.00130 -0.00004 -0.00264
2 2 29 -0.00001 0.00508 0.00040 0.01023
2 2 30 -0.00001 0.00052 -0.00064 0.04087
2 2 31 -0.00005 0.00299 -0.00004 -0.00633
2 2 32 -0.00001 0.00362 0.00065 0.01286
2 2 33 -0.00002 0.00313 -0.00009 0.00069
2 2 34 -0.00002 -0.00067 0.00000 -0.00042
2 2 35 -0.00008 0.00308 0.00003 -0.00159
2 2 36 0.00044 0.00140 0.00109 -0.03995
2 2 37 0.00000 0.00128 -0.00008 -0.00447
2 2 38 0.00005 -0.00239 -0.00002 -0.00075
2 2 39 -0.00004 0.00183 -0.00004 -0.00285
2 2 40 -0.00008 0.00168 -0.00003 -0.00278
2 2 41 -0.00002 0.00295 -0.00004 -0.00223
2 2 42 -0.00002 0.00195 0.00003 -0.00208
2 2 43 -0.00001 -0.00107 -0.00004 -0.00206
2 2 44 -0.00000 0.00073 -0.00003 0.00017
2 2 45 -0.00002 -0.01558 -0.00001 -0.00082
2 2 46 -0.00002 -0.00070 -0.00001 0.00004
2 2 47 -0.00002 -0.00060 -0.00003 -0.00207
2 2 48 -0.00001 0.00221 -0.00002 -0.00139
2 2 49 -0.00001 -0.00024 -0.00003 0.00035
2 2 50 -0.00002 -0.00112 -0.00002 -0.00071
2 2 51 -0.00002 0.00058 0.00001 -0.00003
2 2 52 -0.00010 -0.00291 -0.00009 -0.00208
2 2 53 -0.00001 0.00166 0.00000 -0.00382
2 2 54 -0.00001 0.00110 -0.00012 -0.00099
2 2 55 -0.00002 -0.00104 -0.00007 0.00283
2 2 56 0.00001 0.00085 0.00001 0.00072
2 2 57 0.00001 -0.00248 0.00000 0.01245
2 2 58 -0.00008 -0.00199 -0.00005 0.01199
2 2 59 0.00070 0.02468 -0.00237 -0.03748
2 2 60 -0.00003 -0.00125 -0.00003 0.00502
2 2 61 -0.00003 -0.00064 -0.00022 -0.03008
2 2 62 -0.00004 -0.00500 -0.00002 -0.00270
2 3 1 -0.00012 -0.00085 -0.00020 0.00225
2 3 2 0.00015 -0.00588 -0.00007 -0.00449
2 3 3 0.00000 0.00000 0.00000 0.00000
2 3 4 -0.00065 -0.01319 -0.00157 -0.03200
2 3 5 0.00000 0.00000 0.00000 0.00000
3 1 1 -0.00835 0.01565 -0.00042 -0.00482
3 1 2 0.00011 0.01511 -0.00001 -0.00773
3 1 3 -0.00007 0.00352 0.00133 0.09413
3 1 4 0.00120 -0.06601 -0.00002 -0.01045
3 1 5 0.00104 -0.02364 -0.00001 -0.00669
3 1 6 -0.00014 0.00785 0.00026 -0.00849
3 1 7 -0.00004 0.00619 -0.00004 -0.00444
3 1 8 0.00008 0.00626 0.00002 -0.00554
3 1 9 0.00004 0.00604 0.00092 0.02222
3 1 10 0.00002 0.00578 0.00008 -0.01031
3 1 11 -0.00004 0.00290 0.00048 0.02631
3 1 12 -0.00015 0.00163 -0.00002 -0.00410
3 1 13 0.00009 0.00159 0.00000 -0.00454
3 1 14 0.00032 -0.01957 0.00001 -0.00851
3 1 15 0.00002 0.00467 0.00007 -0.00606
3 1 16 0.00008 -0.00157 -0.00003 -0.00015
3 1 17 0.00001 0.00263 -0.00006 -0.00264
3 1 18 0.00002 0.00130 -0.00005 -0.00427
3 1 19 -0.00005 0.00034 -0.00005 0.00038
3 1 20 -0.00003 0.00159 0.00003 -0.00281
3 1 21 0.00000 -0.01869 -0.00006 0.00100
3 1 22 0.00013 -0.00716 -0.00004 -0.00387
3 1 23 0.00022 -0.00489 0.00002 -0.00169
3 2 1 0.13258 -0.16451 -0.00288 0.01354
3 2 2 -0.00612 0.04415 -0.00394 0.01753
3 2 3 -0.00710 0.01343 -0.00586 -0.00173
3 2 4 0.00508 0.03028 -0.00585 -0.00882
3 2 5 0.00104 0.02612 -0.00244 -0.01422
3 2 6 -0.00080 0.00222 0.00013 -0.00038
3 2 7 -0.00188 0.00632 -0.00212 -0.00374
3 2 8 -0.00114 0.01264 -0.00153 -0.00424
3 2 9 -0.00104 0.01178 -0.00217 0.00597
3 2 10 -0.00070 0.00087 -0.00054 -0.00726
3 2 11 -0.00036 0.00701 -0.00028 -0.00449
3 2 12 -0.00052 0.00731 -0.00011 -0.00643
3 2 13 -0.00027 0.01173 -0.00015 -0.00506
3 2 14 -0.00009 0.00610 0.00001 -0.01030
3 2 15 -0.00013 0.00875 -0.00004 -0.00286
3 2 16 -0.00020 0.00722 -0.00014 -0.00612
3 2 17 0.00003 0.00728 -0.00005 -0.00393
3 2 18 -0.00001 0.00422 -0.00008 -0.00791
3 2 19 0.00004 0.00411 -0.00002 -0.00357
3 2 20 -0.00001 0.00540 -0.00002 -0.00405
3 2 21 -0.00008 0.00868 0.00006 -0.00496
3 2 22 -0.00002 0.00184 -0.00003 -0.00405
3 2 23 -0.00007 0.00516 0.00000 -0.00236
3 2 24 -0.00003 0.00446 -0.00002 -0.00286
3 2 25 0.00097 -0.02421 0.00000 -0.00238
3 2 26 -0.00006 0.00414 -0.00001 -0.00282
3 2 27 -0.00004 0.00339 -0.00001 -0.00551
3 2 28 0.00002 0.00216 -0.00004 -0.00489
3 2 29 -0.00001 0.00450 -0.00005 -0.00146
3 2 30 -0.00004 0.00220 -0.00003 -0.00442
3 2 31 -0.00002 0.00286 -0.00008 -0.00040
3 2 32 -0.00003 0.00205 -0.00001 -0.00002
3 2 33 -0.00001 0.00453 -0.00006 -0.00056
3 2 34 -0.00004 0.00094 -0.00001 -0.00477
3 2 35 -0.00006 0.00233 0.00001 -0.00103
3 2 36 -0.00003 0.00169 -0.00004 -0.00293
3 2 37 -0.00002 0.00199 0.00024 0.02649
3 2 38 -0.00005 0.00163 -0.00000 -0.00182
3 2 39 -0.00005 -0.00108 -0.00001 -0.00210
3 2 40 -0.00005 0.00201 -0.00002 -0.00078
3 2 41 -0.00006 0.00385 -0.00002 -0.00153
3 2 42 -0.00007 -0.03337 -0.00001 -0.00194
3 2 43 0.00004 0.00217 -0.00057 0.02894
3 2 44 0.00002 0.00199 -0.00003 -0.00219
3 2 45 -0.00031 0.00283 0.00002 -0.00195
3 2 46 -0.00001 0.00228 0.00003 0.00085
3 2 47 0.00000 0.00355 0.00000 -0.00001
3 2 48 -0.00002 0.00201 -0.00000 0.00110
3 2 49 0.00043 -0.00042 -0.00002 -0.00208
3 2 50 0.00021 0.01411 0.00001 -0.00021
3 2 51 0.00093 0.01754 -0.00006 0.00369
3 2 52 -0.00001 -0.00200 -0.00001 0.00037
3 2 53 0.00000 -0.00013 -0.00001 0.00189
3 2 54 -0.00000 0.00127 -0.00002 0.00178
3 2 55 -0.00001 0.00089 -0.00000 -0.00290
3 2 56 -0.00001 -0.00092 -0.00002 -0.00159
3 2 57 -0.00002 0.00408 -0.00001 0.00184
3 2 58 -0.00002 0.00172 0.00000 0.00080
3 2 59 0.00015 0.01771 -0.00006 -0.00104
3 2 60 -0.00000 -0.00223 0.00014 -0.00890
3 2 61 0.00001 0.00137 0.00003 0.00285
3 2 62 -0.00001 -0.00149 0.00002 -0.00046
3 3 1 0.00148 -0.01766 -0.00010 0.01244
3 3 2 0.00002 -0.00146 -0.00006 0.00427
3 3 3 0.00198 0.03032 -0.00153 -0.02352
3 3 4 0.00000 0.00000 0.00000 0.00000
3 3 5 0.00000 0.00000 0.00000 0.00000
4 1 1 0.00198 0.00865 0.00033 -0.00651
4 1 2 -0.00022 0.00741 0.00038 -0.00846
4 1 3 0.00003 0.00214 0.00039 -0.00907
4 1 4 0.00127 -0.06261 -0.00033 -0.00806
4 1 5 0.00017 0.01095 0.00021 0.00598
4 1 6 -0.00034 -0.00992 0.00014 0.00588
4 1 7 -0.00042 -0.02719 -0.00116 0.01372
4 1 8 -0.00008 0.00291 0.00042 0.03528
4 1 9 -0.00007 0.00480 0.00010 -0.00393
4 1 10 0.00009 0.00140 -0.00015 -0.00870
4 1 11 -0.00020 0.01036 -0.00042 0.01770
4 1 12 0.00008 0.00367 0.00005 -0.00588
4 1 13 -0.00006 0.00574 0.00000 -0.00308
4 1 14 -0.00009 -0.00095 -0.00023 -0.00424
4 1 15 0.00013 -0.00114 -0.00003 -0.00515
4 1 16 -0.00022 -0.01828 -0.00004 -0.00013
4 1 17 0.00003 0.00262 0.00004 -0.00486
4 1 18 -0.00009 -0.00599 -0.00001 -0.00290
4 1 19 -0.00006 0.00260 0.00024 0.00607
4 1 20 -0.00001 0.00191 -0.00001 -0.00279
4 1 21 -0.00004 -0.00039 0.00010 0.01935
4 1 22 -0.00002 0.00168 -0.00001 -0.00283
4 1 23 -0.00002 0.00687 -0.00006 0.00532
4 2 1 -0.00200 0.01495 0.00036 -0.00077
4 2 2 -0.00280 0.01240 0.00199 -0.04444
4 2 3 -0.00030 -0.00653 -0.00110 -0.02137
4 2 4 -0.00085 0.02731 -0.00005 -0.01164
4 2 5 0.00012 0.01219 -0.00048 -0.00389
4 2 6 -0.00070 -0.03931 0.00062 -0.01772
4 2 7 0.00009 0.00944 0.00028 -0.00215
4 2 8 -0.00000 0.01024 0.00011 -0.01312
4 2 9 0.00000 0.01022 0.00083 0.00138
4 2 10 0.00026 -0.00995 -0.00007 -0.00646
4 2 11 -0.00052 0.00940 -0.00096 0.02068
4 2 12 -0.00109 -0.05845 0.00012 -0.00815
4 2 13 0.00001 0.00636 0.00010 -0.00729
4 2 14 0.00070 -0.02606 -0.00108 0.01723
4 2 15 0.00024 0.00191 -0.00005 -0.00276
4 2 16 -0.00014 0.00604 -0.00035 -0.00117
4 2 17 -0.00019 0.00743 -0.00019 -0.00425
4 2 18 0.00001 0.00358 -0.00008 -0.00725
4 2 19 -0.00039 -0.01274 -0.00006 0.00494
4 2 20 -0.00014 0.00765 -0.00009 -0.00039
4 2 21 0.00007 0.00369 -0.00013 -0.00562
4 2 22 -0.00008 0.00342 0.00001 -0.00262
4 2 23 -0.00001 0.00253 0.00005 -0.00283
4 2 24 0.00004 0.00307 -0.00012 -0.00029
4 2 25 -0.00010 -0.00587 0.00003 -0.00522
4 2 26 -0.00004 0.00358 -0.00006 -0.00244
4 2 27 -0.00002 0.00368 -0.00002 -0.00238
4 2 28 -0.00005 0.00248 0.00001 -0.00328
4 2 29 -0.00004 0.00280 -0.00003 -0.00366
4 2 30 -0.00002 0.00334 0.00001 -0.00256
4 2 31 -0.00004 0.00445 -0.00008 -0.00233
4 2 32 -0.00002 0.00236 -0.00008 -0.00062
4 2 33 -0.00065 -0.04020 -0.00033 0.00580
4 2 34 0.00003 -0.00035 -0.00001 -0.00003
4 2 35 0.00028 -0.01904 -0.00003 -0.00286
4 2 36 -0.00006 -0.00038 -0.00019 0.01044
4 2 37 0.00007 -0.03311 0.00002 0.01076
4 2 38 0.00027 -0.02031 -0.00002 -0.00141
4 2 39 -0.00002 0.00176 -0.00001 -0.00259
4 2 40 0.00002 0.00208 -0.00015 0.03293
4 2 41 0.00001 0.00066 -0.00000 -0.00148
4 2 42 -0.00003 0.00176 -0.00001 -0.00163
4 2 43 0.00002 0.00124 0.00041 -0.02078
4 2 44 -0.00005 0.00142 0.00000 -0.00017
4 2 45 0.00002 0.00040 0.00000 -0.00223
4 2 46 -0.00001 0.00181 -0.00001 -0.00007
4 2 47 -0.00012 -0.01567 -0.00006 0.00190
4 2 48 -0.00000 0.00150 0.00005 -0.00159
4 2 49 0.00000 0.00294 -0.00000 -0.00078
4 2 50 -0.00003 -0.00088 0.00021 0.01429
4 2 51 -0.00003 0.00064 0.00000 -0.00287
4 2 52 -0.00002 0.00124 -0.00000 0.00034
4 2 53 -0.00003 0.00142 -0.00002 -0.00007
4 2 54 -0.00000 0.00307 -0.00003 0.00623
4 2 55 -0.00002 0.00124 -0.00005 0.00263
4 2 56 -0.00001 0.00068 -0.00011 0.00931
4 2 57 -0.00002 -0.00159 -0.00001 -0.00013
4 2 58 -0.00006 0.00267 0.00004 0.00090
4 2 59 -0.00001 -0.00086 -0.00000 -0.00198
4 2 60 0.00005 0.00346 -0.00001 0.00044
4 2 61 -0.00005 -0.00433 0.00006 0.00672
4 2 62 -0.00009 0.00879 -0.00028 -0.02659
4 3 1 -0.00035 -0.01249 -0.00001 -0.00122
4 3 2 -0.00005 -0.00192 -0.00004 -0.00192
4 3 3 0.00000 0.00000 0.00000 0.00000
4 3 4 0.00000 0.00000 0.00000 0.00000
4 3 5 0.00000 0.00000 0.00000 0.00000
5 1 1 -0.00208 0.01494 -0.00409 -0.00325
5 1 2 -0.00111 0.01205 -0.00195 -0.00070
5 1 3 0.00014 0.01765 0.00042 -0.01723
5 1 4 -0.00026 0.01596 0.00027 -0.00998
5 1 5 -0.00022 0.00709 -0.00007 -0.00702
5 1 6 -0.00040 0.00330 0.00028 0.05638
5 1 7 -0.00002 0.00709 -0.00054 0.01186
5 1 8 -0.00005 0.00653 -0.00013 -0.00770
5 1 9 0.00002 0.00191 -0.00044 0.03053
5 1 10 -0.00005 0.00686 -0.00008 -0.00389
5 1 11 -0.00027 0.00190 0.00035 0.03424
5 1 12 0.00011 0.00897 -0.00010 0.02835
5 1 13 -0.00026 -0.00781 -0.00008 -0.00288
5 1 14 -0.00001 0.00215 -0.00004 -0.00063
5 1 15 0.00015 -0.00002 0.00006 0.00523
5 1 16 -0.00009 0.00282 -0.00002 -0.00242
5 1 17 0.00003 0.00329 -0.00008 0.00757
5 1 18 -0.00005 0.00101 0.00000 -0.00391
5 1 19 -0.00003 0.00360 -0.00020 0.00129
5 1 20 -0.00001 0.00021 0.00004 -0.00338
5 1 21 -0.00000 0.00284 -0.00001 -0.00596
5 1 22 -0.00015 -0.00697 -0.00005 -0.00236
5 1 23 0.00001 0.00228 -0.00001 -0.00316
5 2 1 0.00569 0.01590 0.00658 0.00327
5 2 2 -0.00748 0.04106 0.00316 -0.00234
5 2 3 -0.00345 -0.00662 -0.00364 0.00481
5 2 4 -0.00525 0.01844 -0.00209 -0.00609
5 2 5 -0.00488 0.00760 -0.00657 -0.00286
5 2 6 -0.00865 -0.05674 -0.00324 0.00005
5 2 7 -0.00319 0.01260 -0.00173 -0.00287
5 2 8 -0.00185 0.01181 -0.00095 -0.00072
5 2 9 -0.00019 0.01121 -0.00506 0.04019
5 2 10 -0.00114 0.00695 -0.00033 -0.00705
5 2 11 -0.00023 0.01093 -0.00050 -0.00361
5 2 12 -0.00023 0.00476 -0.00005 -0.00482
5 2 13 -0.00006 0.00810 -0.00016 -0.00212
5 2 14 -0.00018 0.00489 -0.00006 -0.00589
5 2 15 -0.00017 0.00660 -0.00003 -0.00553
5 2 16 -0.00032 0.00421 0.00018 -0.00242
5 2 17 -0.00003 0.00527 -0.00015 -0.00820
5 2 18 -0.00008 0.00634 -0.00007 -0.00690
5 2 19 -0.00004 0.00485 0.00000 -0.00318
5 2 20 0.00002 0.00314 -0.00006 -0.00236
5 2 21 -0.00003 0.00613 -0.00002 -0.00548
5 2 22 -0.00008 0.00342 -0.00003 -0.00439
5 2 23 -0.00002 0.00400 -0.00008 -0.00355
5 2 24 -0.00008 0.00472 -0.00003 -0.00482
5 2 25 -0.00000 0.00334 -0.00004 -0.00462
5 2 26 -0.00013 0.00166 -0.00004 -0.00326
5 2 27 -0.00003 0.00242 -0.00001 0.00057
5 2 28 -0.00007 0.00459 -0.00002 -0.00249
5 2 29 -0.00004 0.00186 -0.00008 -0.00495
5 2 30 -0.00008 0.00217 -0.00003 -0.00492
5 2 31 -0.00008 0.00313 0.00001 -0.00201
5 2 32 0.00009 0.00258 -0.00006 -0.00289
5 2 33 -0.00009 0.00104 -0.00003 -0.00177
5 2 34 0.00003 0.00197 0.00001 0.00065
5 2 35 -0.00000 0.00197 -0.00005 -0.00223
5 2 36 -0.00003 0.00121 -0.00001 -0.00218
5 2 37 -0.00002 0.00079 -0.00000 -0.00204
5 2 38 -0.00005 0.00204 0.00000 -0.00222
5 2 39 -0.00000 0.00147 -0.00004 0.00060
5 2 40 -0.00002 0.00126 -0.00004 -0.00133
5 2 41 -0.00002 0.00136 0.00003 -0.00138
5 2 42 0.00003 0.00179 -0.00003 -0.00076
5 2 43 -0.00003 0.00165 -0.00004 0.01225
5 2 44 -0.00000 -0.00122 -0.00001 -0.00239
5 2 45 -0.00002 0.00318 -0.00002 -0.00199
5 2 46 -0.00006 0.00186 -0.00002 -0.00194
5 2 47 -0.00004 0.00010 -0.00001 -0.00073
5 2 48 -0.00000 -0.00078 -0.00000 0.00020
5 2 49 0.00001 0.00062 0.00014 0.01115
5 2 50 -0.00016 -0.01010 -0.00007 -0.00725
5 2 51 -0.00004 -0.00150 -0.00007 -0.00470
5 2 52 0.00002 -0.00078 -0.00001 0.00016
5 2 53 -0.00004 0.00037 0.00000 -0.00321
5 2 54 -0.00001 0.00372 -0.00001 0.00028
5 2 55 -0.00004 -0.00021 -0.00014 0.00494
5 2 56 -0.00023 -0.01417 -0.00005 0.00078
5 2 57 -0.00000 0.00079 0.00000 -0.00101
5 2 58 -0.00012 0.00564 -0.00002 -0.00107
5 2 59 0.00014 -0.00852 -0.00000 0.00852
5 2 60 -0.00001 0.00043 -0.00008 0.01091
5 2 61 -0.00008 0.00105 -0.00001 -0.00374
5 2 62 -0.00000 0.00073 -0.00002 0.00105
5 3 1 0.00081 -0.09708 -0.00037 0.03877
5 3 2 -0.00145 -0.01085 -0.00004 -0.00514
5 3 3 0.00001 -0.00147 -0.00003 0.00461
5 3 4 0.00000 0.00000 0.00000 0.00000
5 3 5 0.00000 0.00000 0.00000 0.00000
6 1 1 -0.00793 0.02751 -0.01028 -0.01115
6 1 2 -0.00028 0.01239 -0.00070 -0.00177
6 1 3 0.00011 0.01299 0.00014 -0.01685
6 1 4 -0.00021 0.00992 -0.00029 0.00625
6 1 5 -0.00021 0.00977 -0.00019 -0.00929
6 1 6 0.00001 0.00798 0.00050 0.01460
6 1 7 -0.00007 0.00236 0.00002 -0.01083
6 1 8 -0.00009 -0.02849 -0.00009 -0.00683
6 1 9 0.00005 0.00662 0.00008 -0.00064
6 1 10 -0.00004 0.00249 0.00004 -0.00297
6 1 11 0.00004 0.00301 0.00003 -0.00719
6 1 12 0.00037 -0.02332 0.00033 0.02008
6 1 13 -0.00002 0.00526 -0.00005 0.02341
6 1 14 0.00001 0.00244 0.00003 -0.00874
6 1 15 -0.00004 0.00277 -0.00027 0.00748
6 1 16 0.00038 -0.01113 0.00028 0.02060
6 1 17 -0.00001 0.00354 -0.00002 -0.00376
6 1 18 -0.00001 0.00539 0.00010 0.00083
6 1 19 0.00007 -0.00059 0.00001 -0.00073
6 1 20 -0.00016 -0.00677 -0.00009 0.02305
6 1 21 0.00000 0.00000 0.00000 0.00000
6 1 22 0.00010 -0.00198 0.00003 -0.00694
6 1 23 -0.00004 0.00180 -0.00005 -0.00140
6 2 1 0.00313 0.05092 -0.01462 0.03987
6 2 2 -0.00733 0.03788 -0.00585 -0.00004
6 2 3 -0.00631 0.03968 -0.00841 -0.04040
6 2 4 -0.00608 0.03180 -0.00456 0.00546
6 2 5 -0.00669 0.02039 -0.00501 -0.00490
6 2 6 -0.00296 0.01303 -0.00307 -0.01123
6 2 7 -0.00157 0.00620 -0.00205 -0.00213
6 2 8 -0.00097 -0.00083 -0.00172 -0.01127
6 2 9 -0.00073 0.00415 -0.00151 -0.01447
6 2 10 -0.00075 0.00933 -0.00043 -0.00809
6 2 11 -0.00026 0.00834 -0.00014 -0.01012
6 2 12 -0.00001 0.00790 -0.00103 0.02139
6 2 13 -0.00010 0.00455 -0.00021 -0.00523
6 2 14 -0.00003 0.00950 0.00003 -0.00711
6 2 15 0.00069 -0.02021 0.00130 0.06981
6 2 16 -0.00147 -0.05408 -0.00019 -0.00543
6 2 17 0.00006 0.00337 -0.00012 -0.00686
6 2 18 -0.00011 0.00638 -0.00007 -0.00617
6 2 19 -0.00020 0.00506 -0.00004 -0.00433
6 2 20 -0.00001 0.00360 -0.00001 -0.00545
6 2 21 0.00048 -0.04025 0.00004 -0.00876
6 2 22 -0.00004 0.00361 -0.00003 -0.00304
6 2 23 -0.00130 -0.11484 0.00055 0.02229
6 2 24 -0.00008 0.00476 -0.00048 0.03064
6 2 25 -0.00010 0.00266 -0.00002 -0.00267
6 2 26 -0.00072 -0.04742 0.00004 0.03467
6 2 27 -0.00043 -0.03161 0.00000 -0.00312
6 2 28 -0.00003 -0.04577 0.00044 0.02172
6 2 29 -0.00000 0.00342 0.00064 0.01543
6 2 30 0.00001 0.00022 -0.00011 -0.00332
6 2 31 0.00060 -0.05043 -0.00007 -0.00035
6 2 32 -0.00002 0.00126 0.00003 -0.00193
6 2 33 -0.00002 0.00115 0.00002 -0.00199
6 2 34 -0.00003 0.00211 -0.00005 -0.00216
6 2 35 0.00007 0.00305 0.00005 -0.00740
6 2 36 -0.00003 0.00269 -0.00004 -0.00156
6 2 37 -0.00007 0.00047 -0.00014 -0.00241
6 2 38 -0.00001 0.00050 0.00001 -0.00367
6 2 39 -0.00007 0.00246 -0.00005 -0.00027
6 2 40 -0.00004 0.00024 -0.00073 0.01864
6 2 41 -0.00004 0.00353 0.00001 -0.00233
6 2 42 -0.00002 0.00117 0.00001 -0.00260
6 2 43 -0.00002 0.00109 -0.00001 -0.00202
6 2 44 0.00001 0.00154 -0.00004 -0.00141
6 2 45 0.00002 0.00048 0.00001 -0.00454
6 2 46 0.00003 0.00118 -0.00000 0.00050
6 2 47 0.00001 0.00324 -0.00002 -0.00124
6 2 48 -0.00005 -0.00087 0.00011 -0.00112
6 2 49 -0.00002 0.00080 0.00001 -0.00084
6 2 50 0.00047 0.00296 -0.00008 0.00019
6 2 51 -0.00005 0.00020 -0.00003 -0.00097
6 2 52 -0.00002 0.00046 -0.00001 -0.00041
6 2 53 -0.00006 -0.00085 -0.00001 0.00011
6 2 54 -0.00015 -0.00472 -0.00164 -0.11354
6 2 55 -0.00009 -0.00381 -0.00006 -0.00480
6 2 56 -0.00002 -0.00616 -0.00015 0.00240
6 2 57 0.00004 -0.00020 0.00032 -0.01409
6 2 58 0.00008 0.00743 -0.00001 -0.00760
6 2 59 -0.00004 0.00084 -0.00001 -0.00016
6 2 60 0.00001 -0.00367 0.00006 -0.00184
6 2 61 0.00006 -0.00196 0.00000 0.00306
6 2 62 0.00016 0.01747 0.00002 0.00165
6 3 1 0.00000 -0.00427 0.00025 0.00934
6 3 2 0.00047 -0.05292 0.00043 -0.01706
6 3 3 0.00000 0.00000 0.00000 0.00000
6 3 4 0.00000 0.00000 0.00000 0.00000
6 3 5 0.00000 0.00000 0.00000 0.00000
