1 1 1 756.156 756.156 2.133 2.133 0.300 0.002
1 1 2 787.758 787.758 2.349 2.349 -0.014 0.002
1 1 3 670.054 670.054 2.139 2.139 0.229 0.004
1 1 4 772.650 772.650 2.577 2.577 0.043 0.003
1 1 5 736.459 736.459 2.680 2.680 -0.015 0.004
1 1 6 762.538 762.538 3.603 3.603 -0.042 0.006
1 1 7 694.739 694.739 2.907 2.907 -0.043 0.006
1 1 8 705.694 705.694 2.946 2.946 -0.020 0.006
1 1 9 736.060 736.060 3.454 3.454 0.024 0.006
1 1 10 660.728 660.728 2.419 2.419 0.121 0.008
1 1 11 777.779 777.779 2.646 2.646 -0.034 0.007
1 1 12 761.910 761.910 2.554 2.554 -0.049 0.008
1 1 13 717.432 717.432 2.273 2.273 0.007 0.009
1 1 14 731.879 731.879 2.355 2.355 0.011 0.008
1 1 15 798.194 798.194 2.919 2.919 0.063 0.008
1 1 16 513.911 513.911 2.321 2.321 -0.154 0.008
1 1 17 685.266 685.266 2.944 2.944 -0.052 0.009
1 1 18 791.704 791.704 3.330 3.330 0.020 0.008
1 1 19 819.274 819.274 3.962 3.962 0.014 0.010
1 1 20 828.198 828.198 5.012 5.012 0.073 0.009
1 1 21 802.518 802.518 4.437 4.437 -0.003 0.009
1 1 22 841.243 841.243 11.574 11.574 -0.109 0.011
1 1 23 782.206 782.206 8.612 8.612 0.022 0.011
1 2 1 1578.841 1578.841 5.948 5.948 -0.045 0.002
1 2 2 1522.445 1522.445 5.690 5.690 -0.030 0.002
1 2 3 1535.308 1535.308 5.174 5.174 -0.016 0.002
1 2 4 1571.211 1571.211 5.007 5.007 0.047 0.002
1 2 5 1499.725 1499.725 5.169 5.169 0.034 0.002
1 2 6 1438.016 1438.016 5.757 5.757 -0.010 0.003
1 2 7 1618.433 1618.433 5.850 5.850 0.011 0.002
1 2 8 1578.710 1578.710 5.087 5.087 0.008 0.003
1 2 9 1533.137 1533.137 5.920 5.920 0.010 0.003
1 2 10 1495.131 1495.131 5.378 5.378 0.009 0.004
1 2 11 1595.306 1595.306 6.321 6.321 -0.014 0.003
1 2 12 1594.189 1594.189 6.135 6.135 -0.010 0.003
1 2 13 1521.592 1521.592 5.534 5.534 -0.067 0.005
1 2 14 1620.702 1620.702 6.861 6.861 -0.031 0.005
1 2 15 1587.076 1587.076 6.207 6.207 0.014 0.005
1 2 16 1438.097 1438.097 6.544 6.544 -0.015 0.005
1 2 17 1520.384 1520.384 6.270 6.270 -0.015 0.005
1 2 18 1550.393 1550.393 7.513 7.513 -0.015 0.007
1 2 19 1564.591 1564.591 7.789 7.789 0.017 0.007
1 2 20 1534.152 1534.152 7.789 7.789 0.000 0.007
1 2 21 1472.018 1472.018 7.176 7.176 0.009 0.009
1 2 22 1505.341 1505.341 8.030 8.030 0.013 0.008
1 2 23 1516.959 1516.959 6.358 6.358 0.028 0.009
1 2 24 1526.639 1526.639 6.946 6.946 -0.016 0.008
1 2 25 1552.479 1552.479 6.812 6.812 -0.004 0.007
1 2 26 1573.652 1573.652 6.131 6.131 -0.015 0.008
1 2 27 1539.955 1539.955 6.471 6.471 0.010 0.007
1 2 28 1486.725 1486.725 7.250 7.250 0.052 0.009
1 2 29 1527.472 1527.472 6.866 6.866 0.014 0.009
1 2 30 1535.184 1535.184 5.773 5.773 0.039 0.009
1 2 31 1555.198 1555.198 5.707 5.707 -0.025 0.010
1 2 32 1580.055 1580.055 5.882 5.882 -0.025 0.005
1 2 33 1568.004 1568.004 5.828 5.828 0.015 0.007
1 2 34 1560.828 1560.828 5.404 5.404 0.033 0.006
1 2 35 1548.750 1548.750 5.318 5.318 0.026 0.007
1 2 36 1570.202 1570.202 5.563 5.563 0.026 0.007
1 2 37 1612.812 1612.812 5.799 5.799 0.005 0.007
1 2 38 1633.471 1633.471 6.204 6.204 0.055 0.006
1 2 39 1639.236 1639.236 7.656 7.656 0.019 0.009
1 2 40 1631.195 1631.195 6.662 6.662 0.048 0.008
1 2 41 1643.518 1643.518 6.876 6.876 0.023 0.007
1 2 42 1660.766 1660.766 8.438 8.438 0.080 0.010
1 2 43 1673.790 1673.790 8.713 8.713 0.072 0.010
1 2 44 1644.681 1644.681 8.539 8.539 0.067 0.010
1 2 45 1488.858 1488.858 8.858 8.858 0.228 0.008
1 2 46 1682.049 1682.049 9.816 9.816 0.023 0.010
1 2 47 1656.293 1656.293 8.253 8.253 0.045 0.010
1 2 48 1730.711 1730.711 11.428 11.428 0.054 0.008
1 2 49 1806.476 1806.476 14.988 14.988 0.046 0.010
1 2 50 1655.479 1655.479 10.241 10.241 0.081 0.008
1 2 51 1760.065 1760.065 17.464 17.464 0.061 0.007
1 2 52 1765.560 1765.560 15.017 15.017 0.095 0.009
1 2 53 1717.763 1717.763 13.882 13.882 0.044 0.009
1 2 54 1861.320 1861.320 15.114 15.114 -0.245 0.012
1 2 55 1723.861 1723.861 19.428 19.428 0.086 0.012
1 2 56 1734.357 1734.357 21.799 21.799 0.081 0.009
1 2 57 1770.632 1770.632 18.094 18.094 0.106 0.012
1 2 58 1736.455 1736.455 22.058 22.058 0.082 0.012
1 2 59 1795.764 1795.764 25.193 25.193 -0.144 0.011
1 2 60 1712.072 1712.072 34.397 34.397 0.053 0.011
1 2 61 1801.392 1801.392 44.345 44.345 0.041 0.012
1 2 62 1665.797 1665.797 24.326 24.326 0.057 0.012
1 3 1 981.154 981.154 6.156 6.156 0.110 0.009
1 3 2 997.875 997.875 4.241 4.241 -0.033 0.008
1 3 3 406.288 406.288 6.591 6.591 -0.072 0.008
1 3 4 948.232 948.232 4.767 4.767 0.151 0.010
1 3 5 511.130 511.130 5.417 5.417 0.803 0.015
2 1 1 851.876 851.876 3.031 3.031 0.158 0.002
2 1 2 867.287 867.287 3.128 3.128 0.097 0.002
2 1 3 793.080 793.080 17.728 17.728 0.127 0.005
2 1 4 749.004 749.004 3.062 3.062 -0.149 0.004
2 1 5 782.768 782.768 3.817 3.817 0.082 0.005
2 1 6 12.500 12.500 0.000 0.000 0.000 0.000
2 1 7 788.156 788.156 4.326 4.326 0.171 0.006
2 1 8 698.336 698.336 3.869 3.869 0.137 0.007
2 1 9 797.643 797.643 4.003 4.003 0.117 0.007
2 1 10 12.500 12.500 0.000 0.000 0.000 0.000
2 1 11 673.722 673.722 2.554 2.554 0.058 0.008
2 1 12 789.027 789.027 5.042 5.042 -0.014 0.012
2 1 13 746.449 746.449 2.628 2.628 0.088 0.009
2 1 14 779.039 779.039 2.929 2.929 -0.044 0.010
2 1 15 814.288 814.288 3.076 3.076 -0.049 0.011
2 1 16 749.929 749.929 2.953 2.953 -0.116 0.010
2 1 17 739.354 739.354 3.629 3.629 0.140 0.010
2 1 18 824.343 824.343 3.726 3.726 -0.139 0.008
2 1 19 12.500 12.500 0.000 0.000 0.000 0.000
2 1 20 852.464 852.464 4.993 4.993 -0.075 0.010
2 1 21 889.383 889.383 6.703 6.703 -0.066 0.010
2 1 22 860.013 860.013 5.639 5.639 -0.047 0.011
2 1 23 757.052 757.052 8.125 8.125 0.166 0.012
2 2 1 1874.919 1874.919 50.105 50.105 -0.035 0.002
2 2 2 2039.206 2039.206 37.859 37.859 0.050 0.002
2 2 3 1882.397 1882.397 23.770 23.770 0.001 0.001
2 2 4 2027.310 2027.310 19.551 19.551 0.036 0.002
2 2 5 1902.487 1902.487 12.567 12.567 0.018 0.002
2 2 6 1851.456 1851.456 9.339 9.339 -0.011 0.002
2 2 7 1800.642 1800.642 8.415 8.415 0.000 0.002
2 2 8 1820.129 1820.129 7.936 7.936 0.013 0.003
2 2 9 1734.167 1734.167 7.074 7.074 0.079 0.003
2 2 10 1775.524 1775.524 8.423 8.423 -0.012 0.002
2 2 11 1765.929 1765.929 7.660 7.660 0.029 0.002
2 2 12 1752.102 1752.102 7.398 7.398 0.007 0.003
2 2 13 1757.054 1757.054 7.748 7.748 0.054 0.004
2 2 14 1730.590 1730.590 9.789 9.789 0.100 0.005
2 2 15 1713.041 1713.041 19.074 19.074 0.030 0.005
2 2 16 1721.927 1721.927 9.470 9.470 0.030 0.004
2 2 17 1732.279 1732.279 9.254 9.254 0.058 0.005
2 2 18 1736.827 1736.827 10.548 10.548 0.055 0.007
2 2 19 1749.072 1749.072 12.251 12.251 0.069 0.007
2 2 20 1708.174 1708.174 9.439 9.439 0.081 0.006
2 2 21 1635.624 1635.624 50.820 50.820 0.047 0.008
2 2 22 1537.082 1537.082 14.919 14.919 0.070 0.007
2 2 23 1662.621 1662.621 12.442 12.442 0.065 0.008
2 2 24 1675.813 1675.813 8.659 8.659 0.104 0.009
2 2 25 1688.751 1688.751 8.735 8.735 0.062 0.009
2 2 26 1662.733 1662.733 8.802 8.802 0.081 0.008
2 2 27 1687.044 1687.044 9.199 9.199 0.046 0.008
2 2 28 1709.277 1709.277 9.733 9.733 0.032 0.009
2 2 29 1658.492 1658.492 9.066 9.066 0.037 0.011
2 2 30 1651.166 1651.166 9.275 9.275 0.026 0.012
2 2 31 1654.036 1654.036 7.339 7.339 0.088 0.014
2 2 32 1682.373 1682.373 6.688 6.688 0.036 0.007
2 2 33 1717.440 1717.440 7.102 7.102 0.041 0.008
2 2 34 1721.090 1721.090 6.237 6.237 0.027 0.007
2 2 35 1723.928 1723.928 7.238 7.238 0.021 0.008
2 2 36 1736.584 1736.584 7.087 7.087 0.006 0.009
2 2 37 1735.936 1735.936 6.827 6.827 0.052 0.008
2 2 38 1769.756 1769.756 7.404 7.404 0.034 0.007
2 2 39 1703.068 1703.068 7.111 7.111 -0.008 0.011
2 2 40 1767.524 1767.524 7.777 7.777 -0.008 0.010
2 2 41 1794.429 1794.429 8.353 8.353 -0.042 0.009
2 2 42 1768.957 1768.957 8.073 8.073 0.005 0.010
2 2 43 12.500 12.500 0.000 0.000 0.000 0.000
2 2 44 1786.300 1786.300 8.727 8.727 -0.046 0.009
2 2 45 1852.829 1852.829 10.880 10.880 -0.016 0.010
2 2 46 1820.082 1820.082 10.625 10.625 -0.016 0.010
2 2 47 1836.413 1836.413 12.402 12.402 -0.103 0.009
2 2 48 1839.166 1839.166 12.831 12.831 -0.027 0.009
2 2 49 1944.650 1944.650 31.211 31.211 0.023 0.009
2 2 50 1858.897 1858.897 13.577 13.577 -0.003 0.009
2 2 51 1923.760 1923.760 14.846 14.846 0.051 0.007
2 2 52 1944.743 1944.743 17.799 17.799 0.038 0.008
2 2 53 1909.561 1909.561 25.009 25.009 0.006 0.008
2 2 54 1976.764 1976.764 22.028 22.028 0.073 0.009
2 2 55 1918.514 1918.514 17.841 17.841 -0.016 0.011
2 2 56 1808.136 1808.136 23.851 23.851 0.091 0.008
2 2 57 1863.190 1863.190 26.361 26.361 0.080 0.010
2 2 58 1882.643 1882.643 20.145 20.145 0.047 0.013
2 2 59 1860.603 1860.603 25.712 25.712 0.067 0.014
2 2 60 1776.544 1776.544 41.130 41.130 0.103 0.012
2 2 61 1812.374 1812.374 32.962 32.962 0.052 0.011
2 2 62 1892.611 1892.611 26.412 26.412 0.065 0.011
2 3 1 884.626 884.626 5.896 5.896 0.053 0.009
2 3 2 838.117 838.117 3.492 3.492 -0.004 0.007
2 3 3 857.980 857.980 4.431 4.431 -0.115 0.009
2 3 4 796.343 796.343 4.999 4.999 -0.140 0.010
2 3 5 811.381 811.381 6.166 6.166 -0.048 0.011
3 1 1 902.384 902.384 3.905 3.905 0.031 0.001
3 1 2 856.087 856.087 2.967 2.967 0.074 0.002
3 1 3 859.975 859.975 3.397 3.397 -0.055 0.003
3 1 4 864.395 864.395 3.128 3.128 0.013 0.003
3 1 5 834.190 834.190 3.677 3.677 -0.147 0.006
3 1 6 863.707 863.707 4.389 4.389 0.033 0.007
3 1 7 832.779 832.779 3.377 3.377 -0.072 0.006
3 1 8 805.451 805.451 4.084 4.084 -0.061 0.005
3 1 9 779.076 779.076 3.384 3.384 -0.045 0.007
3 1 10 685.236 685.236 2.481 2.481 -0.118 0.008
3 1 11 773.873 773.873 4.510 4.510 -0.089 0.011
3 1 12 790.395 790.395 2.715 2.715 0.028 0.008
3 1 13 729.897 729.897 2.407 2.407 -0.087 0.009
3 1 14 739.989 739.989 2.434 2.434 -0.063 0.009
3 1 15 724.619 724.619 2.721 2.721 0.018 0.008
3 1 16 659.573 659.573 2.707 2.707 0.179 0.009
3 1 17 814.627 814.627 3.539 3.539 -0.157 0.010
3 1 18 826.625 826.625 4.277 4.277 -0.033 0.008
3 1 19 729.124 729.124 3.675 3.675 0.180 0.009
3 1 20 877.521 877.521 5.106 5.106 0.006 0.010
3 1 21 928.298 928.298 5.336 5.336 0.205 0.010
3 1 22 947.094 947.094 7.832 7.832 0.238 0.010
3 1 23 847.470 847.470 7.399 7.399 -0.046 0.012
3 2 1 1937.395 1937.395 54.656 54.656 -0.101 0.001
3 2 2 2135.922 2135.922 24.743 24.743 0.033 0.001
3 2 3 2046.677 2046.677 23.478 23.478 -0.017 0.001
3 2 4 1973.191 1973.191 12.757 12.757 -0.035 0.001
3 2 5 1840.652 1840.652 10.110 10.110 -0.071 0.001
3 2 6 1774.263 1774.263 9.661 9.661 -0.011 0.002
3 2 7 1826.662 1826.662 7.818 7.818 0.003 0.002
3 2 8 1831.335 1831.335 7.654 7.654 -0.038 0.002
3 2 9 1803.364 1803.364 8.428 8.428 -0.033 0.003
3 2 10 1745.751 1745.751 9.824 9.824 -0.020 0.002
3 2 11 1758.304 1758.304 8.114 8.114 -0.028 0.002
3 2 12 1750.816 1750.816 7.861 7.861 -0.032 0.003
3 2 13 1707.246 1707.246 7.012 7.012 -0.066 0.004
3 2 14 1696.533 1696.533 10.243 10.243 -0.068 0.004
3 2 15 1747.234 1747.234 8.272 8.272 -0.015 0.003
3 2 16 1737.355 1737.355 8.049 8.049 -0.037 0.006
3 2 17 1726.734 1726.734 7.685 7.685 -0.028 0.004
3 2 18 1647.437 1647.437 8.160 8.160 -0.091 0.006
3 2 19 1710.104 1710.104 8.261 8.261 -0.008 0.005
3 2 20 1615.094 1615.094 8.213 8.213 -0.072 0.005
3 2 21 1762.500 1762.500 7.329 7.329 -0.071 0.008
3 2 22 1702.469 1702.469 8.245 8.245 -0.117 0.006
3 2 23 1641.605 1641.605 11.263 11.263 -0.064 0.008
3 2 24 1725.038 1725.038 9.548 9.548 -0.129 0.007
3 2 25 1674.781 1674.781 7.549 7.549 -0.008 0.008
3 2 26 1665.308 1665.308 8.285 8.285 -0.060 0.008
3 2 27 1660.063 1660.063 7.757 7.757 -0.053 0.009
3 2 28 1560.454 1560.454 6.461 6.461 -0.051 0.010
3 2 29 1658.529 1658.529 6.971 6.971 -0.046 0.011
3 2 30 1673.197 1673.197 8.464 8.464 -0.005 0.010
3 2 31 1669.483 1669.483 7.248 7.248 -0.003 0.010
3 2 32 1730.083 1730.083 6.809 6.809 -0.056 0.006
3 2 33 1672.928 1672.928 6.221 6.221 -0.020 0.009
3 2 34 1717.115 1717.115 6.988 6.988 0.023 0.008
3 2 35 1737.152 1737.152 6.847 6.847 -0.020 0.008
3 2 36 1748.108 1748.108 7.540 7.540 -0.027 0.008
3 2 37 1745.062 1745.062 6.678 6.678 -0.034 0.009
3 2 38 1716.085 1716.085 7.274 7.274 -0.029 0.007
3 2 39 1716.370 1716.370 7.153 7.153 -0.016 0.008
3 2 40 1786.964 1786.964 7.958 7.958 -0.026 0.007
3 2 41 1733.037 1733.037 7.530 7.530 0.007 0.010
3 2 42 1774.702 1774.702 8.583 8.583 0.027 0.010
3 2 43 1812.377 1812.377 9.002 9.002 0.019 0.009
3 2 44 1637.500 1637.500 3.434 3.434 0.022 0.009
3 2 45 1849.429 1849.429 11.501 11.501 -0.022 0.010
3 2 46 1833.469 1833.469 11.600 11.600 0.061 0.011
3 2 47 1826.032 1826.032 11.787 11.787 0.016 0.008
3 2 48 1843.711 1843.711 12.199 12.199 0.022 0.011
3 2 49 1833.243 1833.243 29.873 29.873 0.006 0.013
3 2 50 1900.813 1900.813 14.627 14.627 0.045 0.013
3 2 51 1901.398 1901.398 16.011 16.011 0.059 0.012
3 2 52 1912.427 1912.427 15.737 15.737 0.057 0.008
3 2 53 1906.239 1906.239 18.902 18.902 0.049 0.012
3 2 54 1941.327 1941.327 16.757 16.757 0.139 0.010
3 2 55 1957.749 1957.749 22.487 22.487 0.087 0.011
3 2 56 1905.300 1905.300 33.329 33.329 0.059 0.008
3 2 57 1928.762 1928.762 43.024 43.024 -0.104 0.013
3 2 58 1830.024 1830.024 26.534 26.534 0.075 0.013
3 2 59 2023.122 2023.122 29.695 29.695 -0.129 0.012
3 2 60 1833.900 1833.900 27.946 27.946 0.061 0.011
3 2 61 2016.190 2016.190 23.137 23.137 0.128 0.012
3 2 62 2007.796 2007.796 32.825 32.825 0.169 0.011
3 3 1 600.138 600.138 5.337 5.337 0.562 0.009
3 3 2 916.180 916.180 4.241 4.241 -0.076 0.006
3 3 3 798.312 798.312 3.765 3.765 0.024 0.008
3 3 4 897.255 897.255 6.357 6.357 -0.095 0.010
3 3 5 875.298 875.298 7.877 7.877 -0.102 0.011
4 1 1 972.928 972.928 5.476 5.476 0.318 0.002
4 1 2 754.684 754.684 4.175 4.175 -0.044 0.002
4 1 3 822.625 822.625 4.645 4.645 -0.071 0.003
4 1 4 724.440 724.440 4.115 4.115 -0.057 0.004
4 1 5 776.431 776.431 5.229 5.229 0.072 0.006
4 1 6 818.873 818.873 4.713 4.713 0.170 0.006
4 1 7 757.789 757.789 4.214 4.214 -0.190 0.005
4 1 8 725.149 725.149 3.604 3.604 -0.064 0.006
4 1 9 626.147 626.147 2.590 2.590 -0.070 0.006
4 1 10 628.723 628.723 2.485 2.485 -0.167 0.008
4 1 11 640.056 640.056 3.104 3.104 -0.095 0.011
4 1 12 681.758 681.758 2.475 2.475 -0.071 0.007
4 1 13 730.230 730.230 2.764 2.764 -0.065 0.008
4 1 14 740.123 740.123 2.652 2.652 -0.074 0.010
4 1 15 824.609 824.609 3.148 3.148 -0.123 0.010
4 1 16 978.303 978.303 4.985 4.985 -0.565 0.009
4 1 17 719.322 719.322 3.099 3.099 -0.154 0.009
4 1 18 854.246 854.246 4.531 4.531 -0.068 0.008
4 1 19 785.557 785.557 4.333 4.333 -0.192 0.009
4 1 20 871.453 871.453 5.588 5.588 -0.128 0.012
4 1 21 777.460 777.460 5.510 5.510 -0.054 0.011
4 1 22 798.010 798.010 5.650 5.650 -0.076 0.010
4 1 23 731.802 731.802 7.168 7.168 0.033 0.010
4 2 1 1918.944 1918.944 16.667 16.667 -0.041 0.002
4 2 2 1740.986 1740.986 11.629 11.629 -0.033 0.002
4 2 3 1451.064 1451.064 10.210 10.210 -0.021 0.002
4 2 4 1567.552 1567.552 11.656 11.656 0.055 0.002
4 2 5 1747.549 1747.549 10.763 10.763 -0.005 0.002
4 2 6 1611.802 1611.802 10.612 10.612 -0.024 0.002
4 2 7 1589.036 1589.036 9.451 9.451 -0.033 0.002
4 2 8 1570.794 1570.794 8.012 8.012 0.003 0.003
4 2 9 1592.173 1592.173 11.559 11.559 -0.017 0.003
4 2 10 1598.953 1598.953 9.747 9.747 -0.003 0.003
4 2 11 1595.846 1595.846 11.057 11.057 0.021 0.003
4 2 12 1595.699 1595.699 8.377 8.377 -0.033 0.003
4 2 13 1541.909 1541.909 9.166 9.166 -0.012 0.003
4 2 14 1580.686 1580.686 9.514 9.514 0.016 0.004
4 2 15 1586.667 1586.667 11.344 11.344 0.030 0.004
4 2 16 1488.577 1488.577 19.254 19.254 -0.037 0.005
4 2 17 1521.386 1521.386 10.005 10.005 -0.024 0.005
4 2 18 1593.986 1593.986 10.615 10.615 0.012 0.006
4 2 19 1598.294 1598.294 8.138 8.138 -0.020 0.005
4 2 20 1530.375 1530.375 10.128 10.128 -0.017 0.006
4 2 21 1541.613 1541.613 9.101 9.101 0.016 0.008
4 2 22 1518.452 1518.452 8.313 8.313 -0.031 0.006
4 2 23 1545.576 1545.576 8.608 8.608 -0.038 0.006
4 2 24 1536.718 1536.718 7.705 7.705 -0.017 0.007
4 2 25 1569.726 1569.726 7.471 7.471 0.010 0.008
4 2 26 1585.331 1585.331 6.570 6.570 -0.009 0.007
4 2 27 1533.757 1533.757 8.452 8.452 -0.052 0.008
4 2 28 1575.123 1575.123 8.725 8.725 -0.033 0.008
4 2 29 1547.910 1547.910 7.877 7.877 -0.037 0.010
4 2 30 1538.722 1538.722 6.286 6.286 0.003 0.010
4 2 31 1555.978 1555.978 7.295 7.295 -0.083 0.010
4 2 32 1585.893 1585.893 6.124 6.124 -0.010 0.005
4 2 33 1602.005 1602.005 7.142 7.142 -0.040 0.009
4 2 34 1569.805 1569.805 6.666 6.666 -0.046 0.007
4 2 35 1596.427 1596.427 6.375 6.375 -0.002 0.006
4 2 36 1620.539 1620.539 6.865 6.865 -0.024 0.008
4 2 37 1624.949 1624.949 6.454 6.454 -0.022 0.006
4 2 38 1626.051 1626.051 6.791 6.791 -0.041 0.006
4 2 39 1595.086 1595.086 6.559 6.559 -0.046 0.007
4 2 40 1631.421 1631.421 7.469 7.469 0.004 0.008
4 2 41 1659.186 1659.186 8.277 8.277 -0.038 0.008
4 2 42 1714.163 1714.163 8.258 8.258 -0.051 0.007
4 2 43 1667.616 1667.616 7.814 7.814 -0.045 0.009
4 2 44 1644.005 1644.005 9.489 9.489 -0.012 0.008
4 2 45 1708.713 1708.713 9.302 9.302 -0.003 0.009
4 2 46 1727.656 1727.656 10.862 10.862 0.002 0.010
4 2 47 1712.598 1712.598 9.838 9.838 -0.003 0.010
4 2 48 1745.761 1745.761 15.080 15.080 0.007 0.008
4 2 49 1692.405 1692.405 12.456 12.456 -0.040 0.013
4 2 50 1764.142 1764.142 13.237 13.237 -0.010 0.009
4 2 51 1803.553 1803.553 14.347 14.347 -0.029 0.008
4 2 52 1762.484 1762.484 13.411 13.411 0.020 0.010
4 2 53 1725.066 1725.066 16.021 16.021 -0.016 0.009
4 2 54 1705.453 1705.453 19.878 19.878 0.022 0.011
4 2 55 1736.091 1736.091 14.874 14.874 -0.082 0.012
4 2 56 1713.275 1713.275 14.662 14.662 -0.031 0.009
4 2 57 1747.992 1747.992 31.177 31.177 -0.100 0.013
4 2 58 1697.071 1697.071 27.364 27.364 -0.037 0.013
4 2 59 1857.339 1857.339 22.570 22.570 -0.225 0.013
4 2 60 1726.603 1726.603 21.913 21.913 -0.015 0.014
4 2 61 1606.508 1606.508 15.422 15.422 -0.077 0.013
4 2 62 1534.343 1534.343 15.283 15.283 -0.017 0.010
4 3 1 742.464 742.464 64.905 64.905 -1.031 0.011
4 3 2 1130.967 1130.967 4.986 4.986 -0.126 0.007
4 3 3 512.500 512.500 28.499 28.499 0.329 0.007
4 3 4 512.500 512.500 18.837 18.837 -0.265 0.009
4 3 5 447.450 447.450 6.989 6.989 0.120 0.007
5 1 1 888.037 888.037 3.794 3.794 -0.009 0.001
5 1 2 773.295 773.295 2.840 2.840 0.045 0.002
5 1 3 759.485 759.485 2.896 2.896 0.013 0.002
5 1 4 429.950 429.950 6.263 6.263 -0.033 0.002
5 1 5 748.129 748.129 3.950 3.950 -0.028 0.006
5 1 6 808.559 808.559 4.211 4.211 -0.035 0.006
5 1 7 793.567 793.567 4.316 4.316 -0.057 0.007
5 1 8 677.857 677.857 3.907 3.907 -0.209 0.007
5 1 9 722.758 722.758 3.255 3.255 -0.007 0.007
5 1 10 790.881 790.881 3.372 3.372 -0.004 0.006
5 1 11 728.497 728.497 2.490 2.490 -0.129 0.007
5 1 12 692.570 692.570 2.913 2.913 -0.164 0.007
5 1 13 814.820 814.820 3.202 3.202 -0.098 0.007
5 1 14 775.595 775.595 2.838 2.838 -0.112 0.009
5 1 15 713.086 713.086 2.939 2.939 -0.230 0.008
5 1 16 805.710 805.710 3.394 3.394 -0.105 0.009
5 1 17 763.245 763.245 3.270 3.270 0.105 0.009
5 1 18 840.516 840.516 4.353 4.353 -0.113 0.008
5 1 19 801.105 801.105 3.880 3.880 -0.084 0.009
5 1 20 878.056 878.056 4.944 4.944 0.123 0.010
5 1 21 889.740 889.740 5.801 5.801 -0.076 0.010
5 1 22 924.552 924.552 8.403 8.403 -0.029 0.011
5 1 23 765.285 765.285 19.297 19.297 0.188 0.013
5 2 1 1527.455 1527.455 120.666 120.666 0.078 0.001
5 2 2 2118.895 2118.895 20.279 20.279 0.013 0.001
5 2 3 2016.306 2016.306 21.613 21.613 0.001 0.001
5 2 4 1938.279 1938.279 12.604 12.604 -0.027 0.001
5 2 5 1849.977 1849.977 10.584 10.584 0.001 0.002
5 2 6 1863.302 1863.302 8.919 8.919 0.027 0.002
5 2 7 1889.608 1889.608 9.595 9.595 0.001 0.002
5 2 8 1771.011 1771.011 8.113 8.113 0.018 0.002
5 2 9 1777.575 1777.575 8.582 8.582 0.032 0.003
5 2 10 1774.935 1774.935 8.785 8.785 0.027 0.002
5 2 11 1803.506 1803.506 8.828 8.828 0.014 0.002
5 2 12 1782.960 1782.960 8.338 8.338 -0.004 0.002
5 2 13 1760.954 1760.954 8.316 8.316 0.007 0.003
5 2 14 1660.997 1660.997 9.341 9.341 0.039 0.004
5 2 15 1743.936 1743.936 7.954 7.954 0.041 0.004
5 2 16 1805.896 1805.896 14.999 14.999 -0.078 0.005
5 2 17 1756.483 1756.483 10.367 10.367 0.016 0.005
5 2 18 1746.021 1746.021 10.054 10.054 0.036 0.006
5 2 19 1726.079 1726.079 8.948 8.948 0.015 0.006
5 2 20 1725.608 1725.608 9.248 9.248 0.022 0.005
5 2 21 1700.225 1700.225 9.343 9.343 0.029 0.009
5 2 22 1686.658 1686.658 9.627 9.627 0.067 0.007
5 2 23 1690.640 1690.640 9.213 9.213 -0.011 0.006
5 2 24 1666.305 1666.305 8.915 8.915 -0.028 0.009
5 2 25 1651.786 1651.786 8.104 8.104 0.014 0.008
5 2 26 1670.689 1670.689 7.811 7.811 0.000 0.008
5 2 27 1727.566 1727.566 8.053 8.053 -0.008 0.007
5 2 28 1571.736 1571.736 7.790 7.790 -0.026 0.010
5 2 29 1733.758 1733.758 8.282 8.282 -0.011 0.011
5 2 30 1753.941 1753.941 7.748 7.748 -0.066 0.008
5 2 31 1641.064 1641.064 6.978 6.978 -0.005 0.012
5 2 32 1742.758 1742.758 7.725 7.725 -0.023 0.006
5 2 33 1738.934 1738.934 6.955 6.955 -0.007 0.008
5 2 34 1837.500 1837.500 6.153 6.153 -0.037 0.007
5 2 35 1713.169 1713.169 7.617 7.617 -0.019 0.007
5 2 36 1800.700 1800.700 8.224 8.224 0.066 0.008
5 2 37 1766.657 1766.657 7.420 7.420 0.007 0.007
5 2 38 1764.696 1764.696 7.565 7.565 -0.018 0.006
5 2 39 1785.655 1785.655 8.301 8.301 -0.021 0.011
5 2 40 1758.876 1758.876 9.006 9.006 -0.024 0.009
5 2 41 1786.826 1786.826 9.675 9.675 -0.040 0.009
5 2 42 1809.705 1809.705 8.921 8.921 -0.059 0.009
5 2 43 1822.619 1822.619 9.943 9.943 -0.096 0.010
5 2 44 1808.681 1808.681 10.666 10.666 -0.037 0.008
5 2 45 1830.512 1830.512 11.290 11.290 -0.066 0.009
5 2 46 1784.750 1784.750 10.364 10.364 -0.064 0.011
5 2 47 1793.809 1793.809 9.936 9.936 -0.052 0.010
5 2 48 1880.267 1880.267 14.553 14.553 -0.007 0.009
5 2 49 1909.604 1909.604 18.304 18.304 -0.021 0.012
5 2 50 1908.199 1908.199 16.579 16.579 0.002 0.009
5 2 51 1912.690 1912.690 16.311 16.311 -0.075 0.009
5 2 52 1836.470 1836.470 16.927 16.927 -0.013 0.009
5 2 53 1911.988 1911.988 18.167 18.167 -0.042 0.010
5 2 54 1851.992 1851.992 58.814 58.814 -0.094 0.011
5 2 55 1883.572 1883.572 26.993 26.993 0.020 0.011
5 2 56 1929.177 1929.177 17.709 17.709 -0.049 0.014
5 2 57 1926.781 1926.781 26.883 26.883 0.020 0.016
5 2 58 1988.151 1988.151 49.599 49.599 -0.010 0.014
5 2 59 1822.374 1822.374 26.072 26.072 -0.069 0.015
5 2 60 1842.605 1842.605 21.253 21.253 0.069 0.012
5 2 61 1826.206 1826.206 21.440 21.440 -0.121 0.014
5 2 62 1868.041 1868.041 23.426 23.426 0.037 0.012
5 3 1 813.531 813.531 4.505 4.505 0.062 0.009
5 3 2 844.628 844.628 3.842 3.842 0.160 0.008
5 3 3 893.835 893.835 4.360 4.360 0.106 0.008
5 3 4 633.632 633.632 3.680 3.680 0.246 0.011
5 3 5 973.697 973.697 7.382 7.382 0.083 0.011
6 1 1 963.522 963.522 4.059 4.059 -0.120 0.002
6 1 2 809.893 809.893 3.149 3.149 0.008 0.002
6 1 3 795.711 795.711 2.871 2.871 -0.250 0.002
6 1 4 816.856 816.856 3.152 3.152 0.065 0.003
6 1 5 690.821 690.821 2.981 2.981 0.079 0.004
6 1 6 825.921 825.921 4.238 4.238 0.123 0.006
6 1 7 735.783 735.783 3.273 3.273 0.015 0.006
6 1 8 796.902 796.902 4.366 4.366 0.077 0.005
6 1 9 809.966 809.966 3.489 3.489 0.003 0.007
6 1 10 791.738 791.738 3.535 3.535 0.081 0.007
6 1 11 707.931 707.931 2.650 2.650 -0.078 0.008
6 1 12 698.575 698.575 2.583 2.583 -0.035 0.008
6 1 13 704.762 704.762 2.551 2.551 0.109 0.009
6 1 14 746.021 746.021 2.719 2.719 0.006 0.009
6 1 15 704.534 704.534 2.812 2.812 -0.136 0.009
6 1 16 637.172 637.172 2.844 2.844 0.119 0.009
6 1 17 732.886 732.886 3.216 3.216 0.137 0.010
6 1 18 720.780 720.780 3.471 3.471 0.142 0.009
6 1 19 883.378 883.378 6.955 6.955 0.115 0.009
6 1 20 823.213 823.213 5.636 5.636 0.291 0.010
6 1 21 12.500 12.500 0.000 0.000 0.000 0.000
6 1 22 942.395 942.395 9.782 9.782 0.043 0.012
6 1 23 767.874 767.874 10.126 10.126 0.061 0.013
6 2 1 2006.232 2006.232 57.740 57.740 -0.073 0.001
6 2 2 2048.499 2048.499 16.876 16.876 -0.034 0.002
6 2 3 1978.442 1978.442 32.452 32.452 -0.075 0.002
6 2 4 1935.277 1935.277 14.517 14.517 0.037 0.001
6 2 5 1826.732 1826.732 11.551 11.551 0.011 0.002
6 2 6 1832.205 1832.205 9.565 9.565 0.029 0.002
6 2 7 1819.327 1819.327 9.733 9.733 -0.026 0.002
6 2 8 1792.971 1792.971 8.326 8.326 -0.021 0.002
6 2 9 1801.880 1801.880 8.595 8.595 -0.028 0.002
6 2 10 1777.742 1777.742 8.025 8.025 0.012 0.002
6 2 11 1782.605 1782.605 9.144 9.144 -0.020 0.003
6 2 12 1840.346 1840.346 9.813 9.813 -0.048 0.002
6 2 13 1555.728 1555.728 14.307 14.307 0.022 0.003
6 2 14 1695.446 1695.446 10.060 10.060 -0.060 0.005
6 2 15 1740.487 1740.487 9.803 9.803 0.023 0.004
6 2 16 1713.730 1713.730 11.861 11.861 -0.008 0.005
6 2 17 1782.129 1782.129 11.441 11.441 -0.002 0.005
6 2 18 1734.088 1734.088 10.520 10.520 -0.003 0.007
6 2 19 1715.181 1715.181 10.061 10.061 -0.034 0.006
6 2 20 1651.434 1651.434 8.881 8.881 -0.004 0.007
6 2 21 1703.746 1703.746 10.543 10.543 0.025 0.008
6 2 22 1694.109 1694.109 10.598 10.598 -0.002 0.007
6 2 23 1656.323 1656.323 8.387 8.387 0.039 0.008
6 2 24 1628.874 1628.874 8.732 8.732 0.038 0.009
6 2 25 1697.362 1697.362 8.725 8.725 0.008 0.009
6 2 26 1693.066 1693.066 10.045 10.045 0.036 0.008
6 2 27 1628.884 1628.884 8.823 8.823 0.042 0.008
6 2 28 1590.672 1590.672 7.457 7.457 -0.066 0.012
6 2 29 1658.907 1658.907 8.592 8.592 0.047 0.012
6 2 30 1690.587 1690.587 8.178 8.178 0.001 0.009
6 2 31 1607.941 1607.941 6.603 6.603 -0.057 0.014
6 2 32 1659.591 1659.591 7.189 7.189 0.001 0.006
6 2 33 1695.183 1695.183 8.130 8.130 0.010 0.009
6 2 34 1737.089 1737.089 8.689 8.689 0.011 0.007
6 2 35 1701.090 1701.090 7.750 7.750 -0.003 0.009
6 2 36 1721.343 1721.343 7.757 7.757 -0.021 0.008
6 2 37 1734.441 1734.441 8.616 8.616 0.012 0.010
6 2 38 1756.901 1756.901 9.326 9.326 0.033 0.008
6 2 39 1717.915 1717.915 8.834 8.834 0.018 0.007
6 2 40 1773.074 1773.074 11.001 11.001 -0.017 0.009
6 2 41 1754.427 1754.427 9.777 9.777 0.025 0.012
6 2 42 1784.529 1784.529 9.334 9.334 0.006 0.011
6 2 43 1852.880 1852.880 11.068 11.068 0.050 0.012
6 2 44 1861.662 1861.662 14.763 14.763 -0.006 0.012
6 2 45 1824.158 1824.158 12.278 12.278 0.050 0.012
6 2 46 1749.186 1749.186 13.569 13.569 -0.022 0.013
6 2 47 1826.641 1826.641 16.131 16.131 0.058 0.014
6 2 48 1883.381 1883.381 17.227 17.227 0.039 0.009
6 2 49 1788.913 1788.913 12.824 12.824 -0.022 0.010
6 2 50 1916.692 1916.692 28.091 28.091 0.064 0.010
6 2 51 1925.038 1925.038 16.847 16.847 0.027 0.009
6 2 52 1921.323 1921.323 13.710 13.710 0.073 0.009
6 2 53 1922.824 1922.824 31.778 31.778 0.034 0.009
6 2 54 1944.970 1944.970 20.363 20.363 0.118 0.012
6 2 55 1830.980 1830.980 18.366 18.366 0.200 0.011
6 2 56 1858.874 1858.874 21.815 21.815 0.076 0.014
6 2 57 1927.330 1927.330 49.655 49.655 0.143 0.015
6 2 58 1946.408 1946.408 24.606 24.606 0.145 0.014
6 2 59 1885.967 1885.967 21.302 21.302 0.138 0.013
6 2 60 1897.783 1897.783 27.552 27.552 0.122 0.013
6 2 61 1898.450 1898.450 30.639 30.639 0.139 0.014
6 2 62 1812.586 1812.586 21.895 21.895 0.147 0.011
6 3 1 892.061 892.061 5.533 5.533 -0.066 0.009
6 3 2 921.176 921.176 4.900 4.900 -0.071 0.008
6 3 3 942.124 942.124 12.999 12.999 -1.290 0.015
6 3 4 914.710 914.710 6.180 6.180 -0.144 0.011
6 3 5 813.468 813.468 5.160 5.160 -0.048 0.010
