1 1 1 11.168 11.168 0.184 0.184 
1 1 2 11.597 11.597 0.205 0.205 
1 1 3 11.981 11.981 0.231 0.231 
1 1 4 11.762 11.762 0.166 0.166 
1 1 5 12.424 12.424 0.230 0.230 
1 1 6 11.832 11.832 0.174 0.174 
1 1 7 12.452 12.452 0.196 0.196 
1 1 8 12.787 12.787 0.160 0.160 
1 1 9 13.046 13.046 0.193 0.193 
1 1 10 13.240 13.240 0.203 0.203 
1 1 11 13.197 13.197 0.270 0.270 
1 1 12 13.561 13.561 0.675 0.675 
1 1 13 13.396 13.396 0.700 0.700 
1 1 14 14.018 14.018 1.165 1.165 
1 1 15 14.268 14.268 2.381 2.381 
1 1 16 15.843 15.843 25.987 25.987 
1 1 17 -132.140 -132.140 5356.624 5356.624 
1 1 18 16.000 16.000 362.039 362.039 
1 1 19 16.000 16.000 362.039 362.039 
1 1 20 16.000 16.000 362.039 362.039 
1 1 21 16.000 16.000 362.039 362.039 
1 1 22 16.000 16.000 362.039 362.039 
1 1 23 16.000 16.000 362.039 362.039 
1 2 1 13.791 13.791 2.234 2.234 
1 2 2 11.015 11.015 0.447 0.447 
1 2 3 11.744 11.744 0.243 0.243 
1 2 4 11.296 11.296 0.141 0.141 
1 2 5 11.865 11.865 0.101 0.101 
1 2 6 11.537 11.537 0.113 0.113 
1 2 7 13.263 13.263 0.105 0.105 
1 2 8 12.922 12.922 0.101 0.101 
1 2 9 13.031 13.031 0.133 0.133 
1 2 10 12.938 12.938 0.096 0.096 
1 2 11 13.587 13.587 0.119 0.119 
1 2 12 13.820 13.820 0.071 0.071 
1 2 13 12.836 12.836 0.080 0.080 
1 2 14 13.683 13.683 0.090 0.090 
1 2 15 13.736 13.736 0.059 0.059 
1 2 16 13.523 13.523 0.068 0.068 
1 2 17 13.992 13.992 0.098 0.098 
1 2 18 13.437 13.437 0.066 0.066 
1 2 19 13.909 13.909 0.067 0.067 
1 2 20 13.817 13.817 0.070 0.070 
1 2 21 13.783 13.783 0.070 0.070 
1 2 22 14.207 14.207 0.088 0.088 
1 2 23 14.145 14.145 0.094 0.094 
1 2 24 14.211 14.211 0.122 0.122 
1 2 25 14.727 14.727 0.232 0.232 
1 2 26 14.423 14.423 0.076 0.076 
1 2 27 14.928 14.928 0.090 0.090 
1 2 28 14.311 14.311 0.171 0.171 
1 2 29 14.259 14.259 0.444 0.444 
1 2 30 14.588 14.588 0.128 0.128 
1 2 31 12.833 12.833 33.382 33.382 
1 2 32 14.710 14.710 2.765 2.765 
1 2 33 16.027 16.027 0.484 0.484 
1 2 34 15.143 15.143 0.271 0.271 
1 2 35 15.484 15.484 0.865 0.865 
1 2 36 15.317 15.317 0.878 0.878 
1 2 37 15.048 15.048 0.153 0.153 
1 2 38 13.371 13.371 8.327 8.327 
1 2 39 14.840 14.840 2.405 2.405 
1 2 40 16.000 16.000 362.039 362.039 
1 2 41 14.147 14.147 86.903 86.903 
1 2 42 16.000 16.000 362.039 362.039 
1 2 43 16.000 16.000 362.039 362.039 
1 2 44 16.000 16.000 362.039 362.039 
1 2 45 16.000 16.000 362.039 362.039 
1 2 46 15.616 15.616 6.845 6.845 
1 2 47 16.000 16.000 362.039 362.039 
1 2 48 16.000 16.000 362.039 362.039 
1 2 49 16.000 16.000 362.039 362.039 
1 2 50 16.000 16.000 362.039 362.039 
1 2 51 16.000 16.000 362.039 362.039 
1 2 52 16.000 16.000 362.039 362.039 
1 2 53 16.000 16.000 362.039 362.039 
1 2 54 16.000 16.000 362.039 362.039 
1 2 55 16.000 16.000 362.039 362.039 
1 2 56 16.000 16.000 362.039 362.039 
1 2 57 15.331 15.331 1.070 1.070 
1 2 58 16.000 16.000 362.039 362.039 
1 2 59 16.000 16.000 362.039 362.039 
1 2 60 16.000 16.000 362.039 362.039 
1 2 61 16.000 16.000 362.039 362.039 
1 2 62 16.000 16.000 362.039 362.039 
1 3 1 3.610 3.610 1.515 1.515 
1 3 2 16.000 16.000 362.039 362.039 
1 3 3 16.000 16.000 362.039 362.039 
1 3 4 16.000 16.000 362.039 362.039 
1 3 5 16.000 16.000 362.039 362.039 
2 1 1 11.930 11.930 0.222 0.222 
2 1 2 12.086 12.086 0.209 0.209 
2 1 3 11.625 11.625 0.179 0.179 
2 1 4 12.736 12.736 0.269 0.269 
2 1 5 12.156 12.156 0.227 0.227 
2 1 6 16.000 16.000 362.039 362.039 
2 1 7 12.848 12.848 0.166 0.166 
2 1 8 13.120 13.120 0.167 0.167 
2 1 9 13.414 13.414 0.162 0.162 
2 1 10 16.000 16.000 362.039 362.039 
2 1 11 13.273 13.273 0.210 0.210 
2 1 12 14.096 14.096 2.079 2.079 
2 1 13 13.430 13.430 0.234 0.234 
2 1 14 13.644 13.644 1.485 1.485 
2 1 15 11.941 11.941 1.203 1.203 
2 1 16 13.608 13.608 1.111 1.111 
2 1 17 12.566 12.566 4.136 4.136 
2 1 18 16.759 16.759 61.429 61.429 
2 1 19 16.000 16.000 362.039 362.039 
2 1 20 16.000 16.000 362.039 362.039 
2 1 21 16.000 16.000 362.039 362.039 
2 1 22 20.003 20.003 36.338 36.338 
2 1 23 16.000 16.000 362.039 362.039 
2 2 1 13.792 13.792 0.806 0.806 
2 2 2 11.917 11.917 0.342 0.342 
2 2 3 12.184 12.184 0.195 0.195 
2 2 4 11.579 11.579 0.117 0.117 
2 2 5 12.068 12.068 0.124 0.124 
2 2 6 12.843 12.843 0.154 0.154 
2 2 7 12.830 12.830 0.125 0.125 
2 2 8 12.451 12.451 0.090 0.090 
2 2 9 13.149 13.149 0.117 0.117 
2 2 10 13.282 13.282 0.156 0.156 
2 2 11 13.727 13.727 0.113 0.113 
2 2 12 13.833 13.833 0.120 0.120 
2 2 13 13.475 13.475 0.085 0.085 
2 2 14 13.169 13.169 0.094 0.094 
2 2 15 13.627 13.627 0.088 0.088 
2 2 16 14.002 14.002 0.067 0.067 
2 2 17 14.243 14.243 0.056 0.056 
2 2 18 13.452 13.452 0.060 0.060 
2 2 19 13.694 13.694 0.058 0.058 
2 2 20 14.281 14.281 0.083 0.083 
2 2 21 14.059 14.059 0.076 0.076 
2 2 22 14.428 14.428 0.316 0.316 
2 2 23 14.216 14.216 0.123 0.123 
2 2 24 14.118 14.118 0.077 0.077 
2 2 25 14.592 14.592 0.116 0.116 
2 2 26 14.169 14.169 0.086 0.086 
2 2 27 14.456 14.456 0.257 0.257 
2 2 28 14.548 14.548 0.146 0.146 
2 2 29 14.203 14.203 0.092 0.092 
2 2 30 16.000 16.000 362.039 362.039 
2 2 31 14.397 14.397 0.168 0.168 
2 2 32 -234.232 -234.232 31266.161 31266.161 
2 2 33 16.695 16.695 1.728 1.728 
2 2 34 16.000 16.000 362.039 362.039 
2 2 35 14.910 14.910 0.158 0.158 
2 2 36 16.000 16.000 362.039 362.039 
2 2 37 16.000 16.000 362.039 362.039 
2 2 38 16.000 16.000 362.039 362.039 
2 2 39 16.000 16.000 362.039 362.039 
2 2 40 16.000 16.000 362.039 362.039 
2 2 41 16.000 16.000 362.039 362.039 
2 2 42 16.000 16.000 362.039 362.039 
2 2 43 13.866 13.866 2.029 2.029 
2 2 44 16.000 16.000 362.039 362.039 
2 2 45 14.761 14.761 0.268 0.268 
2 2 46 16.000 16.000 362.039 362.039 
2 2 47 16.000 16.000 362.039 362.039 
2 2 48 16.000 16.000 362.039 362.039 
2 2 49 16.000 16.000 362.039 362.039 
2 2 50 16.000 16.000 362.039 362.039 
2 2 51 29.478 29.478 51.982 51.982 
2 2 52 16.000 16.000 362.039 362.039 
2 2 53 16.000 16.000 362.039 362.039 
2 2 54 16.000 16.000 362.039 362.039 
2 2 55 16.000 16.000 362.039 362.039 
2 2 56 16.000 16.000 362.039 362.039 
2 2 57 16.000 16.000 362.039 362.039 
2 2 58 16.000 16.000 362.039 362.039 
2 2 59 16.000 16.000 362.039 362.039 
2 2 60 16.000 16.000 362.039 362.039 
2 2 61 16.000 16.000 362.039 362.039 
2 2 62 16.000 16.000 362.039 362.039 
2 3 1 -63.349 -63.349 236.949 236.949 
2 3 2 16.299 16.299 1.289 1.289 
2 3 3 16.000 16.000 362.039 362.039 
2 3 4 16.000 16.000 362.039 362.039 
2 3 5 16.000 16.000 362.039 362.039 
3 1 1 12.429 12.429 0.225 0.225 
3 1 2 12.457 12.457 0.212 0.212 
3 1 3 12.097 12.097 0.208 0.208 
3 1 4 12.545 12.545 0.218 0.218 
3 1 5 12.029 12.029 0.164 0.164 
3 1 6 12.206 12.206 0.175 0.175 
3 1 7 13.443 13.443 0.202 0.202 
3 1 8 13.599 13.599 0.227 0.227 
3 1 9 12.930 12.930 0.159 0.159 
3 1 10 13.098 13.098 0.183 0.183 
3 1 11 13.814 13.814 0.902 0.902 
3 1 12 13.586 13.586 0.431 0.431 
3 1 13 13.866 13.866 0.607 0.607 
3 1 14 12.577 12.577 2.959 2.959 
3 1 15 13.380 13.380 11.465 11.465 
3 1 16 16.000 16.000 362.039 362.039 
3 1 17 13.376 13.376 1.399 1.399 
3 1 18 16.000 16.000 362.039 362.039 
3 1 19 16.000 16.000 362.039 362.039 
3 1 20 16.000 16.000 362.039 362.039 
3 1 21 16.000 16.000 362.039 362.039 
3 1 22 16.000 16.000 362.039 362.039 
3 1 23 16.000 16.000 362.039 362.039 
3 2 1 14.750 14.750 1.157 1.157 
3 2 2 13.206 13.206 0.606 0.606 
3 2 3 18.545 18.545 2.461 2.461 
3 2 4 13.290 13.290 0.400 0.400 
3 2 5 13.516 13.516 0.348 0.348 
3 2 6 11.928 11.928 0.263 0.263 
3 2 7 13.545 13.545 0.237 0.237 
3 2 8 13.837 13.837 0.240 0.240 
3 2 9 12.687 12.687 0.176 0.176 
3 2 10 13.336 13.336 0.160 0.160 
3 2 11 13.675 13.675 0.165 0.165 
3 2 12 13.787 13.787 0.121 0.121 
3 2 13 13.374 13.374 0.102 0.102 
3 2 14 13.629 13.629 0.146 0.146 
3 2 15 14.285 14.285 0.087 0.087 
3 2 16 13.447 13.447 0.077 0.077 
3 2 17 13.765 13.765 0.075 0.075 
3 2 18 13.794 13.794 0.072 0.072 
3 2 19 14.179 14.179 0.067 0.067 
3 2 20 14.325 14.325 0.132 0.132 
3 2 21 13.799 13.799 0.078 0.078 
3 2 22 14.393 14.393 0.160 0.160 
3 2 23 14.195 14.195 0.075 0.075 
3 2 24 14.356 14.356 0.109 0.109 
3 2 25 14.226 14.226 0.090 0.090 
3 2 26 14.546 14.546 0.102 0.102 
3 2 27 14.503 14.503 0.076 0.076 
3 2 28 14.398 14.398 0.144 0.144 
3 2 29 14.376 14.376 0.139 0.139 
3 2 30 16.000 16.000 362.039 362.039 
3 2 31 16.196 16.196 7.396 7.396 
3 2 32 14.613 14.613 0.124 0.124 
3 2 33 15.137 15.137 0.321 0.321 
3 2 34 15.038 15.038 0.493 0.493 
3 2 35 17.893 17.893 7.388 7.388 
3 2 36 15.077 15.077 0.274 0.274 
3 2 37 14.644 14.644 0.150 0.150 
3 2 38 14.772 14.772 3.126 3.126 
3 2 39 12.134 12.134 2.589 2.589 
3 2 40 16.005 16.005 32.282 32.282 
3 2 41 16.000 16.000 362.039 362.039 
3 2 42 10.745 10.745 65.310 65.310 
3 2 43 16.000 16.000 362.039 362.039 
3 2 44 16.000 16.000 362.039 362.039 
3 2 45 16.000 16.000 362.039 362.039 
3 2 46 16.000 16.000 362.039 362.039 
3 2 47 16.000 16.000 362.039 362.039 
3 2 48 16.000 16.000 362.039 362.039 
3 2 49 16.000 16.000 362.039 362.039 
3 2 50 16.000 16.000 362.039 362.039 
3 2 51 16.000 16.000 362.039 362.039 
3 2 52 16.000 16.000 362.039 362.039 
3 2 53 16.000 16.000 362.039 362.039 
3 2 54 16.000 16.000 362.039 362.039 
3 2 55 16.000 16.000 362.039 362.039 
3 2 56 16.000 16.000 362.039 362.039 
3 2 57 16.000 16.000 362.039 362.039 
3 2 58 16.000 16.000 362.039 362.039 
3 2 59 16.000 16.000 362.039 362.039 
3 2 60 16.000 16.000 362.039 362.039 
3 2 61 16.000 16.000 362.039 362.039 
3 2 62 16.000 16.000 362.039 362.039 
3 3 1 16.000 16.000 362.039 362.039 
3 3 2 16.000 16.000 362.039 362.039 
3 3 3 12.552 12.552 2.849 2.849 
3 3 4 16.000 16.000 362.039 362.039 
3 3 5 16.000 16.000 362.039 362.039 
4 1 1 10.916 10.916 0.170 0.170 
4 1 2 12.086 12.086 0.198 0.198 
4 1 3 12.327 12.327 0.179 0.179 
4 1 4 12.749 12.749 0.192 0.192 
4 1 5 11.953 11.953 0.188 0.188 
4 1 6 12.199 12.199 0.266 0.266 
4 1 7 12.568 12.568 0.172 0.172 
4 1 8 12.906 12.906 0.156 0.156 
4 1 9 12.817 12.817 0.160 0.160 
4 1 10 12.761 12.761 0.179 0.179 
4 1 11 11.809 11.809 0.953 0.953 
4 1 12 12.678 12.678 0.446 0.446 
4 1 13 15.312 15.312 26.969 26.969 
4 1 14 16.000 16.000 362.039 362.039 
4 1 15 13.190 13.190 0.594 0.594 
4 1 16 16.000 16.000 362.039 362.039 
4 1 17 -14.352 -14.352 76.980 76.980 
4 1 18 14.917 14.917 10.231 10.231 
4 1 19 16.000 16.000 362.039 362.039 
4 1 20 16.000 16.000 362.039 362.039 
4 1 21 16.000 16.000 362.039 362.039 
4 1 22 16.000 16.000 362.039 362.039 
4 1 23 16.000 16.000 362.039 362.039 
4 2 1 15.703 15.703 1.988 1.988 
4 2 2 12.119 12.119 0.523 0.523 
4 2 3 12.142 12.142 0.289 0.289 
4 2 4 11.438 11.438 0.152 0.152 
4 2 5 12.108 12.108 0.130 0.130 
4 2 6 13.059 13.059 0.158 0.158 
4 2 7 13.179 13.179 0.148 0.148 
4 2 8 12.540 12.540 0.136 0.136 
4 2 9 12.740 12.740 0.162 0.162 
4 2 10 13.547 13.547 0.136 0.136 
4 2 11 13.322 13.322 0.129 0.129 
4 2 12 13.874 13.874 0.148 0.148 
4 2 13 13.724 13.724 0.120 0.120 
4 2 14 13.326 13.326 0.106 0.106 
4 2 15 13.826 13.826 0.102 0.102 
4 2 16 13.682 13.682 0.108 0.108 
4 2 17 14.164 14.164 0.157 0.157 
4 2 18 13.802 13.802 0.122 0.122 
4 2 19 14.130 14.130 0.122 0.122 
4 2 20 13.742 13.742 0.091 0.091 
4 2 21 13.621 13.621 0.078 0.078 
4 2 22 14.331 14.331 0.101 0.101 
4 2 23 14.537 14.537 0.154 0.154 
4 2 24 14.392 14.392 0.060 0.060 
4 2 25 14.461 14.461 0.236 0.236 
4 2 26 14.597 14.597 0.075 0.075 
4 2 27 15.414 15.414 0.396 0.396 
4 2 28 14.506 14.506 0.448 0.448 
4 2 29 14.186 14.186 0.178 0.178 
4 2 30 14.649 14.649 0.277 0.277 
4 2 31 14.453 14.453 0.126 0.126 
4 2 32 13.373 13.373 2.217 2.217 
4 2 33 16.000 16.000 362.039 362.039 
4 2 34 14.782 14.782 0.860 0.860 
4 2 35 15.140 15.140 0.312 0.312 
4 2 36 14.746 14.746 0.311 0.311 
4 2 37 15.195 15.195 0.389 0.389 
4 2 38 17.879 17.879 171.532 171.532 
4 2 39 14.733 14.733 13.823 13.823 
4 2 40 16.000 16.000 362.039 362.039 
4 2 41 16.000 16.000 362.039 362.039 
4 2 42 16.000 16.000 362.039 362.039 
4 2 43 15.022 15.022 2.368 2.368 
4 2 44 16.000 16.000 362.039 362.039 
4 2 45 16.000 16.000 362.039 362.039 
4 2 46 16.000 16.000 362.039 362.039 
4 2 47 16.000 16.000 362.039 362.039 
4 2 48 16.000 16.000 362.039 362.039 
4 2 49 16.000 16.000 362.039 362.039 
4 2 50 16.000 16.000 362.039 362.039 
4 2 51 16.000 16.000 362.039 362.039 
4 2 52 16.000 16.000 362.039 362.039 
4 2 53 16.000 16.000 362.039 362.039 
4 2 54 16.000 16.000 362.039 362.039 
4 2 55 16.000 16.000 362.039 362.039 
4 2 56 16.000 16.000 362.039 362.039 
4 2 57 16.000 16.000 362.039 362.039 
4 2 58 16.000 16.000 362.039 362.039 
4 2 59 16.000 16.000 362.039 362.039 
4 2 60 16.000 16.000 362.039 362.039 
4 2 61 16.000 16.000 362.039 362.039 
4 2 62 16.000 16.000 362.039 362.039 
4 3 1 16.000 16.000 362.039 362.039 
4 3 2 16.000 16.000 362.039 362.039 
4 3 3 16.000 16.000 362.039 362.039 
4 3 4 16.000 16.000 362.039 362.039 
4 3 5 16.000 16.000 362.039 362.039 
5 1 1 12.153 12.153 0.208 0.208 
5 1 2 12.337 12.337 0.215 0.215 
5 1 3 12.463 12.463 0.221 0.221 
5 1 4 12.749 12.749 0.186 0.186 
5 1 5 12.584 12.584 0.209 0.209 
5 1 6 12.290 12.290 0.181 0.181 
5 1 7 12.604 12.604 0.176 0.176 
5 1 8 12.758 12.758 0.225 0.225 
5 1 9 13.247 13.247 0.228 0.228 
5 1 10 13.705 13.705 0.231 0.231 
5 1 11 13.177 13.177 0.267 0.267 
5 1 12 13.816 13.816 0.503 0.503 
5 1 13 15.211 15.211 3.865 3.865 
5 1 14 13.452 13.452 1.910 1.910 
5 1 15 6.755 6.755 9.404 9.404 
5 1 16 13.834 13.834 5.545 5.545 
5 1 17 13.376 13.376 7.396 7.396 
5 1 18 -5.716 -5.716 41.889 41.889 
5 1 19 16.000 16.000 362.039 362.039 
5 1 20 20.648 20.648 326.758 326.758 
5 1 21 16.000 16.000 362.039 362.039 
5 1 22 16.000 16.000 362.039 362.039 
5 1 23 16.000 16.000 362.039 362.039 
5 2 1 12.746 12.746 0.619 0.619 
5 2 2 11.760 11.760 0.369 0.369 
5 2 3 11.353 11.353 0.303 0.303 
5 2 4 12.268 12.268 0.291 0.291 
5 2 5 12.246 12.246 0.339 0.339 
5 2 6 12.748 12.748 0.265 0.265 
5 2 7 13.010 13.010 0.204 0.204 
5 2 8 13.074 13.074 0.215 0.215 
5 2 9 12.477 12.477 0.161 0.161 
5 2 10 13.779 13.779 0.163 0.163 
5 2 11 13.732 13.732 0.162 0.162 
5 2 12 13.824 13.824 0.170 0.170 
5 2 13 13.716 13.716 0.107 0.107 
5 2 14 13.827 13.827 0.088 0.088 
5 2 15 13.865 13.865 0.087 0.087 
5 2 16 13.817 13.817 0.080 0.080 
5 2 17 13.841 13.841 0.088 0.088 
5 2 18 13.546 13.546 0.081 0.081 
5 2 19 14.371 14.371 0.114 0.114 
5 2 20 14.366 14.366 0.085 0.085 
5 2 21 13.755 13.755 0.060 0.060 
5 2 22 14.067 14.067 0.071 0.071 
5 2 23 14.403 14.403 0.114 0.114 
5 2 24 14.314 14.314 0.153 0.153 
5 2 25 14.610 14.610 0.087 0.087 
5 2 26 14.506 14.506 0.071 0.071 
5 2 27 14.465 14.465 0.430 0.430 
5 2 28 14.693 14.693 0.198 0.198 
5 2 29 14.413 14.413 0.113 0.113 
5 2 30 13.411 13.411 0.958 0.958 
5 2 31 22.099 22.099 31.012 31.012 
5 2 32 15.270 15.270 0.345 0.345 
5 2 33 14.647 14.647 0.255 0.255 
5 2 34 16.000 16.000 362.039 362.039 
5 2 35 16.000 16.000 362.039 362.039 
5 2 36 9.045 9.045 28.015 28.015 
5 2 37 15.554 15.554 32.571 32.571 
5 2 38 17.569 17.569 10.852 10.852 
5 2 39 17.131 17.131 3.091 3.091 
5 2 40 15.561 15.561 32.756 32.756 
5 2 41 16.000 16.000 362.039 362.039 
5 2 42 16.991 16.991 1.015 1.015 
5 2 43 16.000 16.000 362.039 362.039 
5 2 44 13.934 13.934 8.509 8.509 
5 2 45 15.542 15.542 0.166 0.166 
5 2 46 16.000 16.000 362.039 362.039 
5 2 47 16.000 16.000 362.039 362.039 
5 2 48 16.000 16.000 362.039 362.039 
5 2 49 16.000 16.000 362.039 362.039 
5 2 50 16.000 16.000 362.039 362.039 
5 2 51 16.000 16.000 362.039 362.039 
5 2 52 12.507 12.507 44.235 44.235 
5 2 53 16.000 16.000 362.039 362.039 
5 2 54 16.000 16.000 362.039 362.039 
5 2 55 16.000 16.000 362.039 362.039 
5 2 56 16.000 16.000 362.039 362.039 
5 2 57 16.000 16.000 362.039 362.039 
5 2 58 16.000 16.000 362.039 362.039 
5 2 59 16.000 16.000 362.039 362.039 
5 2 60 16.000 16.000 362.039 362.039 
5 2 61 16.000 16.000 362.039 362.039 
5 2 62 16.000 16.000 362.039 362.039 
5 3 1 16.000 16.000 362.039 362.039 
5 3 2 14.622 14.622 4.714 4.714 
5 3 3 16.000 16.000 362.039 362.039 
5 3 4 16.000 16.000 362.039 362.039 
5 3 5 16.000 16.000 362.039 362.039 
6 1 1 11.291 11.291 0.185 0.185 
6 1 2 12.104 12.104 0.255 0.255 
6 1 3 12.647 12.647 0.252 0.252 
6 1 4 12.635 12.635 0.217 0.217 
6 1 5 12.471 12.471 0.183 0.183 
6 1 6 12.444 12.444 0.202 0.202 
6 1 7 13.034 13.034 0.146 0.146 
6 1 8 13.871 13.871 0.200 0.200 
6 1 9 13.541 13.541 0.139 0.139 
6 1 10 13.506 13.506 0.337 0.337 
6 1 11 13.245 13.245 0.256 0.256 
6 1 12 13.443 13.443 0.629 0.629 
6 1 13 13.756 13.756 1.115 1.115 
6 1 14 13.596 13.596 1.131 1.131 
6 1 15 16.000 16.000 362.039 362.039 
6 1 16 16.000 16.000 362.039 362.039 
6 1 17 13.376 13.376 6.276 6.276 
6 1 18 14.819 14.819 0.507 0.507 
6 1 19 10.344 10.344 21.480 21.480 
6 1 20 16.000 16.000 362.039 362.039 
6 1 21 16.000 16.000 362.039 362.039 
6 1 22 16.000 16.000 362.039 362.039 
6 1 23 16.000 16.000 362.039 362.039 
6 2 1 13.167 13.167 0.855 0.855 
6 2 2 11.460 11.460 0.345 0.345 
6 2 3 11.107 11.107 0.201 0.201 
6 2 4 12.680 12.680 0.154 0.154 
6 2 5 12.441 12.441 0.141 0.141 
6 2 6 12.195 12.195 0.113 0.113 
6 2 7 12.989 12.989 0.112 0.112 
6 2 8 12.791 12.791 0.113 0.113 
6 2 9 12.911 12.911 0.126 0.126 
6 2 10 13.545 13.545 0.099 0.099 
6 2 11 13.398 13.398 0.110 0.110 
6 2 12 14.067 14.067 0.122 0.122 
6 2 13 13.818 13.818 0.095 0.095 
6 2 14 13.403 13.403 0.093 0.093 
6 2 15 13.910 13.910 0.085 0.085 
6 2 16 13.592 13.592 0.086 0.086 
6 2 17 13.882 13.882 0.089 0.089 
6 2 18 13.436 13.436 0.057 0.057 
6 2 19 13.827 13.827 0.066 0.066 
6 2 20 14.067 14.067 0.090 0.090 
6 2 21 13.744 13.744 0.086 0.086 
6 2 22 14.436 14.436 0.084 0.084 
6 2 23 14.203 14.203 0.140 0.140 
6 2 24 13.905 13.905 0.101 0.101 
6 2 25 14.515 14.515 0.151 0.151 
6 2 26 14.518 14.518 0.152 0.152 
6 2 27 14.474 14.474 0.222 0.222 
6 2 28 13.779 13.779 0.552 0.552 
6 2 29 14.091 14.091 0.092 0.092 
6 2 30 14.982 14.982 0.262 0.262 
6 2 31 11.260 11.260 8.279 8.279 
6 2 32 14.701 14.701 0.429 0.429 
6 2 33 14.958 14.958 1.447 1.447 
6 2 34 12.079 12.079 12.664 12.664 
6 2 35 15.371 15.371 10.092 10.092 
6 2 36 15.317 15.317 0.639 0.639 
6 2 37 11.458 11.458 88.650 88.650 
6 2 38 16.000 16.000 362.039 362.039 
6 2 39 17.405 17.405 8.456 8.456 
6 2 40 24.004 24.004 32.666 32.666 
6 2 41 13.358 13.358 23.201 23.201 
6 2 42 16.000 16.000 362.039 362.039 
6 2 43 16.000 16.000 362.039 362.039 
6 2 44 16.000 16.000 362.039 362.039 
6 2 45 16.000 16.000 362.039 362.039 
6 2 46 16.000 16.000 362.039 362.039 
6 2 47 15.756 15.756 1.570 1.570 
6 2 48 16.000 16.000 362.039 362.039 
6 2 49 16.000 16.000 362.039 362.039 
6 2 50 13.444 13.444 9.102 9.102 
6 2 51 16.000 16.000 362.039 362.039 
6 2 52 16.000 16.000 362.039 362.039 
6 2 53 16.000 16.000 362.039 362.039 
6 2 54 16.000 16.000 362.039 362.039 
6 2 55 16.000 16.000 362.039 362.039 
6 2 56 16.000 16.000 362.039 362.039 
6 2 57 16.000 16.000 362.039 362.039 
6 2 58 16.000 16.000 362.039 362.039 
6 2 59 16.000 16.000 362.039 362.039 
6 2 60 16.000 16.000 362.039 362.039 
6 2 61 16.000 16.000 362.039 362.039 
6 2 62 16.000 16.000 362.039 362.039 
6 3 1 14.709 14.709 0.146 0.146 
6 3 2 14.934 14.934 0.727 0.727 
6 3 3 16.000 16.000 362.039 362.039 
6 3 4 16.000 16.000 362.039 362.039 
6 3 5 16.000 16.000 362.039 362.039 
