1 1 1 79.992 79.992 321.704 321.704 0.000
1 1 2 85.523 85.523 374.047 374.047 0.000
1 1 3 91.055 91.055 430.495 430.495 0.000
1 1 4 96.587 96.587 491.067 491.067 0.000
1 1 5 102.118 102.118 555.782 555.782 0.000
1 1 6 105.912 105.912 602.568 602.568 0.000
1 1 7 111.444 111.444 674.309 674.309 0.000
1 1 8 116.975 116.975 750.238 750.238 0.000
1 1 9 122.507 122.507 830.373 830.373 0.000
1 1 10 128.039 128.039 914.729 914.729 0.000
1 1 11 133.570 133.570 1003.320 1003.320 0.000
1 1 12 139.102 139.102 1096.160 1096.160 0.000
1 1 13 144.634 144.634 1193.265 1193.265 0.000
1 1 14 150.165 150.165 1294.647 1294.647 0.000
1 1 15 155.697 155.697 1400.320 1400.320 0.000
1 1 16 161.228 161.228 1510.298 1510.298 0.000
1 1 17 166.760 166.760 1624.592 1624.592 0.000
1 1 18 172.292 172.292 1743.216 1743.216 0.000
1 1 19 177.823 177.823 1866.184 1866.184 0.000
1 1 20 183.355 183.355 1993.507 1993.507 0.000
1 1 21 188.887 188.887 2125.197 2125.197 0.000
1 1 22 194.418 194.418 2261.269 2261.269 0.000
1 1 23 199.950 199.950 2401.734 2401.734 0.000
1 2 1 99.986 99.986 530.342 530.342 0.000
1 2 2 103.263 103.263 569.689 569.689 0.000
1 2 3 106.539 106.539 610.497 610.497 0.000
1 2 4 109.816 109.816 652.770 652.770 0.000
1 2 5 113.093 113.093 696.511 696.511 0.000
1 2 6 116.370 116.370 741.724 741.724 0.000
1 2 7 119.647 119.647 788.412 788.412 0.000
1 2 8 122.923 122.923 836.579 836.579 0.000
1 2 9 126.200 126.200 886.227 886.227 0.000
1 2 10 129.477 129.477 937.359 937.359 0.000
1 2 11 132.754 132.754 989.979 989.979 0.000
1 2 12 136.031 136.031 1044.090 1044.090 0.000
1 2 13 139.307 139.307 1099.694 1099.694 0.000
1 2 14 142.584 142.584 1156.794 1156.794 0.000
1 2 15 145.861 145.861 1215.394 1215.394 0.000
1 2 16 149.138 149.138 1275.496 1275.496 0.000
1 2 17 152.415 152.415 1337.102 1337.102 0.000
1 2 18 155.691 155.691 1400.217 1400.217 0.000
1 2 19 158.968 158.968 1464.841 1464.841 0.000
1 2 20 162.245 162.245 1530.979 1530.979 0.000
1 2 21 165.522 165.522 1598.632 1598.632 0.000
1 2 22 168.799 168.799 1667.804 1667.804 0.000
1 2 23 172.075 172.075 1738.497 1738.497 0.000
1 2 24 175.352 175.352 1810.714 1810.714 0.000
1 2 25 178.629 178.629 1884.457 1884.457 0.000
1 2 26 181.906 181.906 1959.729 1959.729 0.000
1 2 27 185.183 185.183 2036.533 2036.533 0.000
1 2 28 188.459 188.459 2114.871 2114.871 0.000
1 2 29 191.736 191.736 2194.746 2194.746 0.000
1 2 30 195.013 195.013 2276.160 2276.160 0.000
1 2 31 198.290 198.290 2359.116 2359.116 0.000
1 2 32 201.567 201.567 2443.618 2443.618 0.000
1 2 33 204.843 204.843 2529.666 2529.666 0.000
1 2 34 208.120 208.120 2617.265 2617.265 0.000
1 2 35 211.397 211.397 2706.416 2706.416 0.000
1 2 36 214.674 214.674 2797.122 2797.122 0.000
1 2 37 217.951 217.951 2889.386 2889.386 0.000
1 2 38 221.227 221.227 2983.211 2983.211 0.000
1 2 39 224.504 224.504 3078.599 3078.599 0.000
1 2 40 227.781 227.781 3175.554 3175.554 0.000
1 2 41 231.058 231.058 3274.076 3274.076 0.000
1 2 42 234.335 234.335 3374.171 3374.171 0.000
1 2 43 237.611 237.611 3475.840 3475.840 0.000
1 2 44 240.888 240.888 3579.085 3579.085 0.000
1 2 45 244.165 244.165 3683.911 3683.911 0.000
1 2 46 247.442 247.442 3790.320 3790.320 0.000
1 2 47 250.719 250.719 3898.314 3898.314 0.000
1 2 48 253.995 253.995 4007.897 4007.897 0.000
1 2 49 257.272 257.272 4119.072 4119.072 0.000
1 2 50 260.549 260.549 4231.841 4231.841 0.000
1 2 51 263.826 263.826 4346.208 4346.208 0.000
1 2 52 267.103 267.103 4462.175 4462.175 0.000
1 2 53 270.379 270.379 4579.747 4579.747 0.000
1 2 54 273.656 273.656 4698.926 4698.926 0.000
1 2 55 276.933 276.933 4819.715 4819.715 0.000
1 2 56 280.210 280.210 4942.118 4942.118 0.000
1 2 57 283.487 283.487 5066.138 5066.138 0.000
1 2 58 286.763 286.763 5191.779 5191.779 0.000
1 2 59 290.040 290.040 5319.044 5319.044 0.000
1 2 60 293.317 293.317 5447.937 5447.937 0.000
1 2 61 296.594 296.594 5578.461 5578.461 0.000
1 2 62 299.871 299.871 5710.620 5710.620 0.000
1 3 1 200.000 200.000 2403.024 2403.024 0.000
1 3 2 200.000 200.000 2403.024 2403.024 0.000
1 3 3 200.000 200.000 2403.024 2403.024 0.000
1 3 4 200.000 200.000 2403.024 2403.024 0.000
1 3 5 200.000 200.000 2403.024 2403.024 0.000
2 1 1 79.992 79.992 321.704 321.704 0.000
2 1 2 85.523 85.523 374.047 374.047 0.000
2 1 3 91.055 91.055 430.495 430.495 0.000
2 1 4 96.587 96.587 491.067 491.067 0.000
2 1 5 102.118 102.118 555.782 555.782 0.000
2 1 6 105.912 105.912 602.568 602.568 0.000
2 1 7 111.444 111.444 674.309 674.309 0.000
2 1 8 116.975 116.975 750.238 750.238 0.000
2 1 9 122.507 122.507 830.373 830.373 0.000
2 1 10 128.039 128.039 914.729 914.729 0.000
2 1 11 133.570 133.570 1003.320 1003.320 0.000
2 1 12 139.102 139.102 1096.160 1096.160 0.000
2 1 13 144.634 144.634 1193.265 1193.265 0.000
2 1 14 150.165 150.165 1294.647 1294.647 0.000
2 1 15 155.697 155.697 1400.320 1400.320 0.000
2 1 16 161.228 161.228 1510.298 1510.298 0.000
2 1 17 166.760 166.760 1624.592 1624.592 0.000
2 1 18 172.292 172.292 1743.216 1743.216 0.000
2 1 19 177.823 177.823 1866.184 1866.184 0.000
2 1 20 183.355 183.355 1993.507 1993.507 0.000
2 1 21 188.887 188.887 2125.197 2125.197 0.000
2 1 22 194.418 194.418 2261.269 2261.269 0.000
2 1 23 199.950 199.950 2401.734 2401.734 0.000
2 2 1 99.986 99.986 530.342 530.342 0.000
2 2 2 103.263 103.263 569.689 569.689 0.000
2 2 3 106.539 106.539 610.497 610.497 0.000
2 2 4 109.816 109.816 652.770 652.770 0.000
2 2 5 113.093 113.093 696.511 696.511 0.000
2 2 6 116.370 116.370 741.724 741.724 0.000
2 2 7 119.647 119.647 788.412 788.412 0.000
2 2 8 122.923 122.923 836.579 836.579 0.000
2 2 9 126.200 126.200 886.227 886.227 0.000
2 2 10 129.477 129.477 937.359 937.359 0.000
2 2 11 132.754 132.754 989.979 989.979 0.000
2 2 12 136.031 136.031 1044.090 1044.090 0.000
2 2 13 139.307 139.307 1099.694 1099.694 0.000
2 2 14 142.584 142.584 1156.794 1156.794 0.000
2 2 15 145.861 145.861 1215.394 1215.394 0.000
2 2 16 149.138 149.138 1275.496 1275.496 0.000
2 2 17 152.415 152.415 1337.102 1337.102 0.000
2 2 18 155.691 155.691 1400.217 1400.217 0.000
2 2 19 158.968 158.968 1464.841 1464.841 0.000
2 2 20 162.245 162.245 1530.979 1530.979 0.000
2 2 21 165.522 165.522 1598.632 1598.632 0.000
2 2 22 168.799 168.799 1667.804 1667.804 0.000
2 2 23 172.075 172.075 1738.497 1738.497 0.000
2 2 24 175.352 175.352 1810.714 1810.714 0.000
2 2 25 178.629 178.629 1884.457 1884.457 0.000
2 2 26 181.906 181.906 1959.729 1959.729 0.000
2 2 27 185.183 185.183 2036.533 2036.533 0.000
2 2 28 188.459 188.459 2114.871 2114.871 0.000
2 2 29 191.736 191.736 2194.746 2194.746 0.000
2 2 30 195.013 195.013 2276.160 2276.160 0.000
2 2 31 198.290 198.290 2359.116 2359.116 0.000
2 2 32 201.567 201.567 2443.618 2443.618 0.000
2 2 33 204.843 204.843 2529.666 2529.666 0.000
2 2 34 208.120 208.120 2617.265 2617.265 0.000
2 2 35 211.397 211.397 2706.416 2706.416 0.000
2 2 36 214.674 214.674 2797.122 2797.122 0.000
2 2 37 217.951 217.951 2889.386 2889.386 0.000
2 2 38 221.227 221.227 2983.211 2983.211 0.000
2 2 39 224.504 224.504 3078.599 3078.599 0.000
2 2 40 227.781 227.781 3175.554 3175.554 0.000
2 2 41 231.058 231.058 3274.076 3274.076 0.000
2 2 42 234.335 234.335 3374.171 3374.171 0.000
2 2 43 237.611 237.611 3475.840 3475.840 0.000
2 2 44 240.888 240.888 3579.085 3579.085 0.000
2 2 45 244.165 244.165 3683.911 3683.911 0.000
2 2 46 247.442 247.442 3790.320 3790.320 0.000
2 2 47 250.719 250.719 3898.314 3898.314 0.000
2 2 48 253.995 253.995 4007.897 4007.897 0.000
2 2 49 257.272 257.272 4119.072 4119.072 0.000
2 2 50 260.549 260.549 4231.841 4231.841 0.000
2 2 51 263.826 263.826 4346.208 4346.208 0.000
2 2 52 267.103 267.103 4462.175 4462.175 0.000
2 2 53 270.379 270.379 4579.747 4579.747 0.000
2 2 54 273.656 273.656 4698.926 4698.926 0.000
2 2 55 276.933 276.933 4819.715 4819.715 0.000
2 2 56 280.210 280.210 4942.118 4942.118 0.000
2 2 57 283.487 283.487 5066.138 5066.138 0.000
2 2 58 286.763 286.763 5191.779 5191.779 0.000
2 2 59 290.040 290.040 5319.044 5319.044 0.000
2 2 60 293.317 293.317 5447.937 5447.937 0.000
2 2 61 296.594 296.594 5578.461 5578.461 0.000
2 2 62 299.871 299.871 5710.620 5710.620 0.000
2 3 1 200.000 200.000 2403.024 2403.024 0.000
2 3 2 200.000 200.000 2403.024 2403.024 0.000
2 3 3 200.000 200.000 2403.024 2403.024 0.000
2 3 4 200.000 200.000 2403.024 2403.024 0.000
2 3 5 200.000 200.000 2403.024 2403.024 0.000
3 1 1 79.992 79.992 321.704 321.704 0.000
3 1 2 85.523 85.523 374.047 374.047 0.000
3 1 3 91.055 91.055 430.495 430.495 0.000
3 1 4 96.587 96.587 491.067 491.067 0.000
3 1 5 102.118 102.118 555.782 555.782 0.000
3 1 6 105.912 105.912 602.568 602.568 0.000
3 1 7 111.444 111.444 674.309 674.309 0.000
3 1 8 116.975 116.975 750.238 750.238 0.000
3 1 9 122.507 122.507 830.373 830.373 0.000
3 1 10 128.039 128.039 914.729 914.729 0.000
3 1 11 133.570 133.570 1003.320 1003.320 0.000
3 1 12 139.102 139.102 1096.160 1096.160 0.000
3 1 13 144.634 144.634 1193.265 1193.265 0.000
3 1 14 150.165 150.165 1294.647 1294.647 0.000
3 1 15 155.697 155.697 1400.320 1400.320 0.000
3 1 16 161.228 161.228 1510.298 1510.298 0.000
3 1 17 166.760 166.760 1624.592 1624.592 0.000
3 1 18 172.292 172.292 1743.216 1743.216 0.000
3 1 19 177.823 177.823 1866.184 1866.184 0.000
3 1 20 183.355 183.355 1993.507 1993.507 0.000
3 1 21 188.887 188.887 2125.197 2125.197 0.000
3 1 22 194.418 194.418 2261.269 2261.269 0.000
3 1 23 199.950 199.950 2401.734 2401.734 0.000
3 2 1 99.986 99.986 530.342 530.342 0.000
3 2 2 103.263 103.263 569.689 569.689 0.000
3 2 3 106.539 106.539 610.497 610.497 0.000
3 2 4 109.816 109.816 652.770 652.770 0.000
3 2 5 113.093 113.093 696.511 696.511 0.000
3 2 6 116.370 116.370 741.724 741.724 0.000
3 2 7 119.647 119.647 788.412 788.412 0.000
3 2 8 122.923 122.923 836.579 836.579 0.000
3 2 9 126.200 126.200 886.227 886.227 0.000
3 2 10 129.477 129.477 937.359 937.359 0.000
3 2 11 132.754 132.754 989.979 989.979 0.000
3 2 12 136.031 136.031 1044.090 1044.090 0.000
3 2 13 139.307 139.307 1099.694 1099.694 0.000
3 2 14 142.584 142.584 1156.794 1156.794 0.000
3 2 15 145.861 145.861 1215.394 1215.394 0.000
3 2 16 149.138 149.138 1275.496 1275.496 0.000
3 2 17 152.415 152.415 1337.102 1337.102 0.000
3 2 18 155.691 155.691 1400.217 1400.217 0.000
3 2 19 158.968 158.968 1464.841 1464.841 0.000
3 2 20 162.245 162.245 1530.979 1530.979 0.000
3 2 21 165.522 165.522 1598.632 1598.632 0.000
3 2 22 168.799 168.799 1667.804 1667.804 0.000
3 2 23 172.075 172.075 1738.497 1738.497 0.000
3 2 24 175.352 175.352 1810.714 1810.714 0.000
3 2 25 178.629 178.629 1884.457 1884.457 0.000
3 2 26 181.906 181.906 1959.729 1959.729 0.000
3 2 27 185.183 185.183 2036.533 2036.533 0.000
3 2 28 188.459 188.459 2114.871 2114.871 0.000
3 2 29 191.736 191.736 2194.746 2194.746 0.000
3 2 30 195.013 195.013 2276.160 2276.160 0.000
3 2 31 198.290 198.290 2359.116 2359.116 0.000
3 2 32 201.567 201.567 2443.618 2443.618 0.000
3 2 33 204.843 204.843 2529.666 2529.666 0.000
3 2 34 208.120 208.120 2617.265 2617.265 0.000
3 2 35 211.397 211.397 2706.416 2706.416 0.000
3 2 36 214.674 214.674 2797.122 2797.122 0.000
3 2 37 217.951 217.951 2889.386 2889.386 0.000
3 2 38 221.227 221.227 2983.211 2983.211 0.000
3 2 39 224.504 224.504 3078.599 3078.599 0.000
3 2 40 227.781 227.781 3175.554 3175.554 0.000
3 2 41 231.058 231.058 3274.076 3274.076 0.000
3 2 42 234.335 234.335 3374.171 3374.171 0.000
3 2 43 237.611 237.611 3475.840 3475.840 0.000
3 2 44 240.888 240.888 3579.085 3579.085 0.000
3 2 45 244.165 244.165 3683.911 3683.911 0.000
3 2 46 247.442 247.442 3790.320 3790.320 0.000
3 2 47 250.719 250.719 3898.314 3898.314 0.000
3 2 48 253.995 253.995 4007.897 4007.897 0.000
3 2 49 257.272 257.272 4119.072 4119.072 0.000
3 2 50 260.549 260.549 4231.841 4231.841 0.000
3 2 51 263.826 263.826 4346.208 4346.208 0.000
3 2 52 267.103 267.103 4462.175 4462.175 0.000
3 2 53 270.379 270.379 4579.747 4579.747 0.000
3 2 54 273.656 273.656 4698.926 4698.926 0.000
3 2 55 276.933 276.933 4819.715 4819.715 0.000
3 2 56 280.210 280.210 4942.118 4942.118 0.000
3 2 57 283.487 283.487 5066.138 5066.138 0.000
3 2 58 286.763 286.763 5191.779 5191.779 0.000
3 2 59 290.040 290.040 5319.044 5319.044 0.000
3 2 60 293.317 293.317 5447.937 5447.937 0.000
3 2 61 296.594 296.594 5578.461 5578.461 0.000
3 2 62 299.871 299.871 5710.620 5710.620 0.000
3 3 1 200.000 200.000 2403.024 2403.024 0.000
3 3 2 200.000 200.000 2403.024 2403.024 0.000
3 3 3 200.000 200.000 2403.024 2403.024 0.000
3 3 4 200.000 200.000 2403.024 2403.024 0.000
3 3 5 200.000 200.000 2403.024 2403.024 0.000
4 1 1 79.992 79.992 321.704 321.704 0.000
4 1 2 85.523 85.523 374.047 374.047 0.000
4 1 3 91.055 91.055 430.495 430.495 0.000
4 1 4 96.587 96.587 491.067 491.067 0.000
4 1 5 102.118 102.118 555.782 555.782 0.000
4 1 6 105.912 105.912 602.568 602.568 0.000
4 1 7 111.444 111.444 674.309 674.309 0.000
4 1 8 116.975 116.975 750.238 750.238 0.000
4 1 9 122.507 122.507 830.373 830.373 0.000
4 1 10 128.039 128.039 914.729 914.729 0.000
4 1 11 133.570 133.570 1003.320 1003.320 0.000
4 1 12 139.102 139.102 1096.160 1096.160 0.000
4 1 13 144.634 144.634 1193.265 1193.265 0.000
4 1 14 150.165 150.165 1294.647 1294.647 0.000
4 1 15 155.697 155.697 1400.320 1400.320 0.000
4 1 16 161.228 161.228 1510.298 1510.298 0.000
4 1 17 166.760 166.760 1624.592 1624.592 0.000
4 1 18 172.292 172.292 1743.216 1743.216 0.000
4 1 19 177.823 177.823 1866.184 1866.184 0.000
4 1 20 183.355 183.355 1993.507 1993.507 0.000
4 1 21 188.887 188.887 2125.197 2125.197 0.000
4 1 22 194.418 194.418 2261.269 2261.269 0.000
4 1 23 199.950 199.950 2401.734 2401.734 0.000
4 2 1 99.986 99.986 530.342 530.342 0.000
4 2 2 103.263 103.263 569.689 569.689 0.000
4 2 3 106.539 106.539 610.497 610.497 0.000
4 2 4 109.816 109.816 652.770 652.770 0.000
4 2 5 113.093 113.093 696.511 696.511 0.000
4 2 6 116.370 116.370 741.724 741.724 0.000
4 2 7 119.647 119.647 788.412 788.412 0.000
4 2 8 122.923 122.923 836.579 836.579 0.000
4 2 9 126.200 126.200 886.227 886.227 0.000
4 2 10 129.477 129.477 937.359 937.359 0.000
4 2 11 132.754 132.754 989.979 989.979 0.000
4 2 12 136.031 136.031 1044.090 1044.090 0.000
4 2 13 139.307 139.307 1099.694 1099.694 0.000
4 2 14 142.584 142.584 1156.794 1156.794 0.000
4 2 15 145.861 145.861 1215.394 1215.394 0.000
4 2 16 149.138 149.138 1275.496 1275.496 0.000
4 2 17 152.415 152.415 1337.102 1337.102 0.000
4 2 18 155.691 155.691 1400.217 1400.217 0.000
4 2 19 158.968 158.968 1464.841 1464.841 0.000
4 2 20 162.245 162.245 1530.979 1530.979 0.000
4 2 21 165.522 165.522 1598.632 1598.632 0.000
4 2 22 168.799 168.799 1667.804 1667.804 0.000
4 2 23 172.075 172.075 1738.497 1738.497 0.000
4 2 24 175.352 175.352 1810.714 1810.714 0.000
4 2 25 178.629 178.629 1884.457 1884.457 0.000
4 2 26 181.906 181.906 1959.729 1959.729 0.000
4 2 27 185.183 185.183 2036.533 2036.533 0.000
4 2 28 188.459 188.459 2114.871 2114.871 0.000
4 2 29 191.736 191.736 2194.746 2194.746 0.000
4 2 30 195.013 195.013 2276.160 2276.160 0.000
4 2 31 198.290 198.290 2359.116 2359.116 0.000
4 2 32 201.567 201.567 2443.618 2443.618 0.000
4 2 33 204.843 204.843 2529.666 2529.666 0.000
4 2 34 208.120 208.120 2617.265 2617.265 0.000
4 2 35 211.397 211.397 2706.416 2706.416 0.000
4 2 36 214.674 214.674 2797.122 2797.122 0.000
4 2 37 217.951 217.951 2889.386 2889.386 0.000
4 2 38 221.227 221.227 2983.211 2983.211 0.000
4 2 39 224.504 224.504 3078.599 3078.599 0.000
4 2 40 227.781 227.781 3175.554 3175.554 0.000
4 2 41 231.058 231.058 3274.076 3274.076 0.000
4 2 42 234.335 234.335 3374.171 3374.171 0.000
4 2 43 237.611 237.611 3475.840 3475.840 0.000
4 2 44 240.888 240.888 3579.085 3579.085 0.000
4 2 45 244.165 244.165 3683.911 3683.911 0.000
4 2 46 247.442 247.442 3790.320 3790.320 0.000
4 2 47 250.719 250.719 3898.314 3898.314 0.000
4 2 48 253.995 253.995 4007.897 4007.897 0.000
4 2 49 257.272 257.272 4119.072 4119.072 0.000
4 2 50 260.549 260.549 4231.841 4231.841 0.000
4 2 51 263.826 263.826 4346.208 4346.208 0.000
4 2 52 267.103 267.103 4462.175 4462.175 0.000
4 2 53 270.379 270.379 4579.747 4579.747 0.000
4 2 54 273.656 273.656 4698.926 4698.926 0.000
4 2 55 276.933 276.933 4819.715 4819.715 0.000
4 2 56 280.210 280.210 4942.118 4942.118 0.000
4 2 57 283.487 283.487 5066.138 5066.138 0.000
4 2 58 286.763 286.763 5191.779 5191.779 0.000
4 2 59 290.040 290.040 5319.044 5319.044 0.000
4 2 60 293.317 293.317 5447.937 5447.937 0.000
4 2 61 296.594 296.594 5578.461 5578.461 0.000
4 2 62 299.871 299.871 5710.620 5710.620 0.000
4 3 1 200.000 200.000 2403.024 2403.024 0.000
4 3 2 200.000 200.000 2403.024 2403.024 0.000
4 3 3 200.000 200.000 2403.024 2403.024 0.000
4 3 4 200.000 200.000 2403.024 2403.024 0.000
4 3 5 200.000 200.000 2403.024 2403.024 0.000
5 1 1 79.992 79.992 321.704 321.704 0.000
5 1 2 85.523 85.523 374.047 374.047 0.000
5 1 3 91.055 91.055 430.495 430.495 0.000
5 1 4 96.587 96.587 491.067 491.067 0.000
5 1 5 102.118 102.118 555.782 555.782 0.000
5 1 6 105.912 105.912 602.568 602.568 0.000
5 1 7 111.444 111.444 674.309 674.309 0.000
5 1 8 116.975 116.975 750.238 750.238 0.000
5 1 9 122.507 122.507 830.373 830.373 0.000
5 1 10 128.039 128.039 914.729 914.729 0.000
5 1 11 133.570 133.570 1003.320 1003.320 0.000
5 1 12 139.102 139.102 1096.160 1096.160 0.000
5 1 13 144.634 144.634 1193.265 1193.265 0.000
5 1 14 150.165 150.165 1294.647 1294.647 0.000
5 1 15 155.697 155.697 1400.320 1400.320 0.000
5 1 16 161.228 161.228 1510.298 1510.298 0.000
5 1 17 166.760 166.760 1624.592 1624.592 0.000
5 1 18 172.292 172.292 1743.216 1743.216 0.000
5 1 19 177.823 177.823 1866.184 1866.184 0.000
5 1 20 183.355 183.355 1993.507 1993.507 0.000
5 1 21 188.887 188.887 2125.197 2125.197 0.000
5 1 22 194.418 194.418 2261.269 2261.269 0.000
5 1 23 199.950 199.950 2401.734 2401.734 0.000
5 2 1 99.986 99.986 530.342 530.342 0.000
5 2 2 103.263 103.263 569.689 569.689 0.000
5 2 3 106.539 106.539 610.497 610.497 0.000
5 2 4 109.816 109.816 652.770 652.770 0.000
5 2 5 113.093 113.093 696.511 696.511 0.000
5 2 6 116.370 116.370 741.724 741.724 0.000
5 2 7 119.647 119.647 788.412 788.412 0.000
5 2 8 122.923 122.923 836.579 836.579 0.000
5 2 9 126.200 126.200 886.227 886.227 0.000
5 2 10 129.477 129.477 937.359 937.359 0.000
5 2 11 132.754 132.754 989.979 989.979 0.000
5 2 12 136.031 136.031 1044.090 1044.090 0.000
5 2 13 139.307 139.307 1099.694 1099.694 0.000
5 2 14 142.584 142.584 1156.794 1156.794 0.000
5 2 15 145.861 145.861 1215.394 1215.394 0.000
5 2 16 149.138 149.138 1275.496 1275.496 0.000
5 2 17 152.415 152.415 1337.102 1337.102 0.000
5 2 18 155.691 155.691 1400.217 1400.217 0.000
5 2 19 158.968 158.968 1464.841 1464.841 0.000
5 2 20 162.245 162.245 1530.979 1530.979 0.000
5 2 21 165.522 165.522 1598.632 1598.632 0.000
5 2 22 168.799 168.799 1667.804 1667.804 0.000
5 2 23 172.075 172.075 1738.497 1738.497 0.000
5 2 24 175.352 175.352 1810.714 1810.714 0.000
5 2 25 178.629 178.629 1884.457 1884.457 0.000
5 2 26 181.906 181.906 1959.729 1959.729 0.000
5 2 27 185.183 185.183 2036.533 2036.533 0.000
5 2 28 188.459 188.459 2114.871 2114.871 0.000
5 2 29 191.736 191.736 2194.746 2194.746 0.000
5 2 30 195.013 195.013 2276.160 2276.160 0.000
5 2 31 198.290 198.290 2359.116 2359.116 0.000
5 2 32 201.567 201.567 2443.618 2443.618 0.000
5 2 33 204.843 204.843 2529.666 2529.666 0.000
5 2 34 208.120 208.120 2617.265 2617.265 0.000
5 2 35 211.397 211.397 2706.416 2706.416 0.000
5 2 36 214.674 214.674 2797.122 2797.122 0.000
5 2 37 217.951 217.951 2889.386 2889.386 0.000
5 2 38 221.227 221.227 2983.211 2983.211 0.000
5 2 39 224.504 224.504 3078.599 3078.599 0.000
5 2 40 227.781 227.781 3175.554 3175.554 0.000
5 2 41 231.058 231.058 3274.076 3274.076 0.000
5 2 42 234.335 234.335 3374.171 3374.171 0.000
5 2 43 237.611 237.611 3475.840 3475.840 0.000
5 2 44 240.888 240.888 3579.085 3579.085 0.000
5 2 45 244.165 244.165 3683.911 3683.911 0.000
5 2 46 247.442 247.442 3790.320 3790.320 0.000
5 2 47 250.719 250.719 3898.314 3898.314 0.000
5 2 48 253.995 253.995 4007.897 4007.897 0.000
5 2 49 257.272 257.272 4119.072 4119.072 0.000
5 2 50 260.549 260.549 4231.841 4231.841 0.000
5 2 51 263.826 263.826 4346.208 4346.208 0.000
5 2 52 267.103 267.103 4462.175 4462.175 0.000
5 2 53 270.379 270.379 4579.747 4579.747 0.000
5 2 54 273.656 273.656 4698.926 4698.926 0.000
5 2 55 276.933 276.933 4819.715 4819.715 0.000
5 2 56 280.210 280.210 4942.118 4942.118 0.000
5 2 57 283.487 283.487 5066.138 5066.138 0.000
5 2 58 286.763 286.763 5191.779 5191.779 0.000
5 2 59 290.040 290.040 5319.044 5319.044 0.000
5 2 60 293.317 293.317 5447.937 5447.937 0.000
5 2 61 296.594 296.594 5578.461 5578.461 0.000
5 2 62 299.871 299.871 5710.620 5710.620 0.000
5 3 1 200.000 200.000 2403.024 2403.024 0.000
5 3 2 200.000 200.000 2403.024 2403.024 0.000
5 3 3 200.000 200.000 2403.024 2403.024 0.000
5 3 4 200.000 200.000 2403.024 2403.024 0.000
5 3 5 200.000 200.000 2403.024 2403.024 0.000
6 1 1 79.992 79.992 321.704 321.704 0.000
6 1 2 85.523 85.523 374.047 374.047 0.000
6 1 3 91.055 91.055 430.495 430.495 0.000
6 1 4 96.587 96.587 491.067 491.067 0.000
6 1 5 102.118 102.118 555.782 555.782 0.000
6 1 6 105.912 105.912 602.568 602.568 0.000
6 1 7 111.444 111.444 674.309 674.309 0.000
6 1 8 116.975 116.975 750.238 750.238 0.000
6 1 9 122.507 122.507 830.373 830.373 0.000
6 1 10 128.039 128.039 914.729 914.729 0.000
6 1 11 133.570 133.570 1003.320 1003.320 0.000
6 1 12 139.102 139.102 1096.160 1096.160 0.000
6 1 13 144.634 144.634 1193.265 1193.265 0.000
6 1 14 150.165 150.165 1294.647 1294.647 0.000
6 1 15 155.697 155.697 1400.320 1400.320 0.000
6 1 16 161.228 161.228 1510.298 1510.298 0.000
6 1 17 166.760 166.760 1624.592 1624.592 0.000
6 1 18 172.292 172.292 1743.216 1743.216 0.000
6 1 19 177.823 177.823 1866.184 1866.184 0.000
6 1 20 183.355 183.355 1993.507 1993.507 0.000
6 1 21 188.887 188.887 2125.197 2125.197 0.000
6 1 22 194.418 194.418 2261.269 2261.269 0.000
6 1 23 199.950 199.950 2401.734 2401.734 0.000
6 2 1 99.986 99.986 530.342 530.342 0.000
6 2 2 103.263 103.263 569.689 569.689 0.000
6 2 3 106.539 106.539 610.497 610.497 0.000
6 2 4 109.816 109.816 652.770 652.770 0.000
6 2 5 113.093 113.093 696.511 696.511 0.000
6 2 6 116.370 116.370 741.724 741.724 0.000
6 2 7 119.647 119.647 788.412 788.412 0.000
6 2 8 122.923 122.923 836.579 836.579 0.000
6 2 9 126.200 126.200 886.227 886.227 0.000
6 2 10 129.477 129.477 937.359 937.359 0.000
6 2 11 132.754 132.754 989.979 989.979 0.000
6 2 12 136.031 136.031 1044.090 1044.090 0.000
6 2 13 139.307 139.307 1099.694 1099.694 0.000
6 2 14 142.584 142.584 1156.794 1156.794 0.000
6 2 15 145.861 145.861 1215.394 1215.394 0.000
6 2 16 149.138 149.138 1275.496 1275.496 0.000
6 2 17 152.415 152.415 1337.102 1337.102 0.000
6 2 18 155.691 155.691 1400.217 1400.217 0.000
6 2 19 158.968 158.968 1464.841 1464.841 0.000
6 2 20 162.245 162.245 1530.979 1530.979 0.000
6 2 21 165.522 165.522 1598.632 1598.632 0.000
6 2 22 168.799 168.799 1667.804 1667.804 0.000
6 2 23 172.075 172.075 1738.497 1738.497 0.000
6 2 24 175.352 175.352 1810.714 1810.714 0.000
6 2 25 178.629 178.629 1884.457 1884.457 0.000
6 2 26 181.906 181.906 1959.729 1959.729 0.000
6 2 27 185.183 185.183 2036.533 2036.533 0.000
6 2 28 188.459 188.459 2114.871 2114.871 0.000
6 2 29 191.736 191.736 2194.746 2194.746 0.000
6 2 30 195.013 195.013 2276.160 2276.160 0.000
6 2 31 198.290 198.290 2359.116 2359.116 0.000
6 2 32 201.567 201.567 2443.618 2443.618 0.000
6 2 33 204.843 204.843 2529.666 2529.666 0.000
6 2 34 208.120 208.120 2617.265 2617.265 0.000
6 2 35 211.397 211.397 2706.416 2706.416 0.000
6 2 36 214.674 214.674 2797.122 2797.122 0.000
6 2 37 217.951 217.951 2889.386 2889.386 0.000
6 2 38 221.227 221.227 2983.211 2983.211 0.000
6 2 39 224.504 224.504 3078.599 3078.599 0.000
6 2 40 227.781 227.781 3175.554 3175.554 0.000
6 2 41 231.058 231.058 3274.076 3274.076 0.000
6 2 42 234.335 234.335 3374.171 3374.171 0.000
6 2 43 237.611 237.611 3475.840 3475.840 0.000
6 2 44 240.888 240.888 3579.085 3579.085 0.000
6 2 45 244.165 244.165 3683.911 3683.911 0.000
6 2 46 247.442 247.442 3790.320 3790.320 0.000
6 2 47 250.719 250.719 3898.314 3898.314 0.000
6 2 48 253.995 253.995 4007.897 4007.897 0.000
6 2 49 257.272 257.272 4119.072 4119.072 0.000
6 2 50 260.549 260.549 4231.841 4231.841 0.000
6 2 51 263.826 263.826 4346.208 4346.208 0.000
6 2 52 267.103 267.103 4462.175 4462.175 0.000
6 2 53 270.379 270.379 4579.747 4579.747 0.000
6 2 54 273.656 273.656 4698.926 4698.926 0.000
6 2 55 276.933 276.933 4819.715 4819.715 0.000
6 2 56 280.210 280.210 4942.118 4942.118 0.000
6 2 57 283.487 283.487 5066.138 5066.138 0.000
6 2 58 286.763 286.763 5191.779 5191.779 0.000
6 2 59 290.040 290.040 5319.044 5319.044 0.000
6 2 60 293.317 293.317 5447.937 5447.937 0.000
6 2 61 296.594 296.594 5578.461 5578.461 0.000
6 2 62 299.871 299.871 5710.620 5710.620 0.000
6 3 1 200.000 200.000 2403.024 2403.024 0.000
6 3 2 200.000 200.000 2403.024 2403.024 0.000
6 3 3 200.000 200.000 2403.024 2403.024 0.000
6 3 4 200.000 200.000 2403.024 2403.024 0.000
6 3 5 200.000 200.000 2403.024 2403.024 0.000
