1 1 1 52.7135 0.0034 0.7950 49.7926 0.0034 0.7950
1 1 2 53.2290 0.0034 0.7950 52.6857 0.0034 0.7950
1 1 3 56.1870 0.0034 0.7950 55.0625 0.0034 0.7950
1 1 4 67.6885 0.0034 0.7950 53.6043 0.0034 0.7950
1 1 5 54.9198 0.0034 0.7950 45.1147 0.0034 0.7950
1 1 6 78.8214 0.0034 0.7950 21.3158 0.0034 0.7950
1 1 7 25.8445 0.0034 0.7950 36.6134 0.0034 0.7950
1 1 8 1.3120 0.0034 0.7950 22.9595 0.0034 0.7950
1 1 9 41.6905 0.0034 0.7950 59.7231 0.0034 0.7950
1 1 10 33.3943 0.0034 0.7950 50.4508 0.0034 0.7950
1 1 11 45.5672 0.0034 0.7950 43.9240 0.0034 0.7950
1 1 12 41.8398 0.0034 0.7950 47.1320 0.0034 0.7950
1 1 13 39.5112 0.0034 0.7950 53.7311 0.0034 0.7950
1 1 14 42.8202 0.0034 0.7950 42.6777 0.0034 0.7950
1 1 15 39.5621 0.0034 0.7950 41.6769 0.0034 0.7950
1 1 16 42.2174 0.0034 0.7950 65.0670 0.0034 0.7950
1 1 17 40.3903 0.0034 0.7950 44.7018 0.0034 0.7950
1 1 18 30.7503 0.0034 0.7950 30.9055 0.0034 0.7950
1 1 19 18.7469 0.0034 0.7950 42.0514 0.0034 0.7950
1 1 20 27.0777 0.0034 0.7950 74.6420 0.0034 0.7950
1 1 21 32.2006 0.0034 0.7950 0.0000 0.0034 0.7950
1 1 22 0.0000 0.0034 0.7950 62.0987 0.0034 0.7950
1 1 23 37.2826 0.0034 0.7950 6.8000 0.0034 0.7950
1 2 1 40.0000 0.0034 0.7950 40.0000 0.0034 0.7950
1 2 2 40.0000 0.0034 0.7950 40.0000 0.0034 0.7950
1 2 3 87.6040 0.0034 0.7950 49.8058 0.0034 0.7950
1 2 4 46.1114 0.0034 0.7950 48.5900 0.0034 0.7950
1 2 5 46.9801 0.0034 0.7950 46.8978 0.0034 0.7950
1 2 6 55.1426 0.0034 0.7950 49.3682 0.0034 0.7950
1 2 7 45.4321 0.0034 0.7950 46.7435 0.0034 0.7950
1 2 8 47.5435 0.0034 0.7950 46.9515 0.0034 0.7950
1 2 9 44.8565 0.0034 0.7950 54.3150 0.0034 0.7950
1 2 10 46.7839 0.0034 0.7950 40.1099 0.0034 0.7950
1 2 11 48.2505 0.0034 0.7950 43.7295 0.0034 0.7950
1 2 12 43.0425 0.0034 0.7950 42.6557 0.0034 0.7950
1 2 13 46.1725 0.0034 0.7950 49.9374 0.0034 0.7950
1 2 14 37.6508 0.0034 0.7950 45.3635 0.0034 0.7950
1 2 15 48.4381 0.0034 0.7950 44.7388 0.0034 0.7950
1 2 16 44.4343 0.0034 0.7950 50.7365 0.0034 0.7950
1 2 17 32.4232 0.0034 0.7950 39.1565 0.0034 0.7950
1 2 18 31.2473 0.0034 0.7950 51.5983 0.0034 0.7950
1 2 19 101.8639 0.0034 0.7950 33.5311 0.0034 0.7950
1 2 20 37.8913 0.0034 0.7950 53.1231 0.0034 0.7950
1 2 21 0.0118 0.0034 0.7950 16.8223 0.0034 0.7950
1 2 22 67.2255 0.0034 0.7950 37.5336 0.0034 0.7950
1 2 23 60.7090 0.0034 0.7950 37.6578 0.0034 0.7950
1 2 24 46.9626 0.0034 0.7950 36.4812 0.0034 0.7950
1 2 25 72.2511 0.0034 0.7950 173.2779 0.0034 0.7950
1 2 26 34.2788 0.0034 0.7950 17.5710 0.0034 0.7950
1 2 27 0.0002 0.0034 0.7950 35.7922 0.0034 0.7950
1 2 28 40.3816 0.0034 0.7950 38.1576 0.0034 0.7950
1 2 29 29.9144 0.0034 0.7950 24.2993 0.0034 0.7950
1 2 30 23.4538 0.0034 0.7950 19.3483 0.0034 0.7950
1 2 31 54.3687 0.0034 0.7950 40.0812 0.0034 0.7950
1 2 32 31.3233 0.0034 0.7950 32.0999 0.0034 0.7950
1 2 33 40.8211 0.0034 0.7950 34.4335 0.0034 0.7950
1 2 34 42.7104 0.0034 0.7950 31.7373 0.0034 0.7950
1 2 35 37.0575 0.0034 0.7950 47.6330 0.0034 0.7950
1 2 36 26.5302 0.0034 0.7950 18.8999 0.0034 0.7950
1 2 37 41.1812 0.0034 0.7950 34.1269 0.0034 0.7950
1 2 38 38.9904 0.0034 0.7950 35.7032 0.0034 0.7950
1 2 39 32.8131 0.0034 0.7950 39.6104 0.0034 0.7950
1 2 40 37.3977 0.0034 0.7950 25.5528 0.0034 0.7950
1 2 41 42.6274 0.0034 0.7950 44.7264 0.0034 0.7950
1 2 42 40.3569 0.0034 0.7950 37.4071 0.0034 0.7950
1 2 43 33.1458 0.0034 0.7950 40.9034 0.0034 0.7950
1 2 44 54.9756 0.0034 0.7950 48.4817 0.0034 0.7950
1 2 45 24.0147 0.0034 0.7950 38.7317 0.0034 0.7950
1 2 46 33.7007 0.0034 0.7950 58.0322 0.0034 0.7950
1 2 47 97.3404 0.0034 0.7950 68.2583 0.0034 0.7950
1 2 48 55.3124 0.0034 0.7950 90.2543 0.0034 0.7950
1 2 49 79.3804 0.0034 0.7950 47.8603 0.0034 0.7950
1 2 50 66.7534 0.0034 0.7950 199.9998 0.0034 0.7950
1 2 51 37.3565 0.0034 0.7950 1.0795 0.0034 0.7950
1 2 52 0.0011 0.0034 0.7950 34.4971 0.0034 0.7950
1 2 53 56.9247 0.0034 0.7950 0.0001 0.0034 0.7950
1 2 54 72.7194 0.0034 0.7950 0.0000 0.0034 0.7950
1 2 55 0.9954 0.0034 0.7950 39.1353 0.0034 0.7950
1 2 56 36.9362 0.0034 0.7950 0.0000 0.0034 0.7950
1 2 57 40.0000 0.0034 0.7950 199.9999 0.0034 0.7950
1 2 58 40.0000 0.0034 0.7950 96.6402 0.0034 0.7950
1 2 59 43.5627 0.0034 0.7950 36.1458 0.0034 0.7950
1 2 60 40.0000 0.0034 0.7950 43.0440 0.0034 0.7950
1 2 61 40.0000 0.0034 0.7950 40.0000 0.0034 0.7950
1 2 62 40.0000 0.0034 0.7950 40.0000 0.0034 0.7950
1 3 1 40.0000 0.0034 0.7950 108.3613 0.0034 0.7950
1 3 2 40.0000 0.0034 0.7950 40.0000 0.0034 0.7950
1 3 3 40.0000 0.0034 0.7950 40.0000 0.0034 0.7950
1 3 4 40.0000 0.0034 0.7950 40.0000 0.0034 0.7950
1 3 5 40.0000 0.0034 0.7950 40.0000 0.0034 0.7950
2 1 1 40.3492 0.0034 0.7950 40.3852 0.0034 0.7950
2 1 2 47.3095 0.0034 0.7950 61.0308 0.0034 0.7950
2 1 3 12.7822 0.0034 0.7950 1.9070 0.0034 0.7950
2 1 4 31.8482 0.0034 0.7950 19.3431 0.0034 0.7950
2 1 5 9.4844 0.0034 0.7950 52.8891 0.0034 0.7950
2 1 6 40.0000 0.0034 0.7950 40.0000 0.0034 0.7950
2 1 7 24.4079 0.0034 0.7950 26.7727 0.0034 0.7950
2 1 8 47.4058 0.0034 0.7950 79.4946 0.0034 0.7950
2 1 9 24.7178 0.0034 0.7950 51.7483 0.0034 0.7950
2 1 10 40.0000 0.0034 0.7950 40.0000 0.0034 0.7950
2 1 11 47.7229 0.0034 0.7950 41.0314 0.0034 0.7950
2 1 12 23.0743 0.0034 0.7950 29.8738 0.0034 0.7950
2 1 13 44.9766 0.0034 0.7950 57.1266 0.0034 0.7950
2 1 14 45.4389 0.0034 0.7950 44.5821 0.0034 0.7950
2 1 15 43.6508 0.0034 0.7950 46.6721 0.0034 0.7950
2 1 16 34.7940 0.0034 0.7950 43.6034 0.0034 0.7950
2 1 17 53.7756 0.0034 0.7950 35.2748 0.0034 0.7950
2 1 18 55.2191 0.0034 0.7950 43.4714 0.0034 0.7950
2 1 19 39.5399 0.0034 0.7950 27.9393 0.0034 0.7950
2 1 20 61.9609 0.0034 0.7950 41.4836 0.0034 0.7950
2 1 21 51.1631 0.0034 0.7950 8.4606 0.0034 0.7950
2 1 22 41.2892 0.0034 0.7950 55.2321 0.0034 0.7950
2 1 23 40.0000 0.0034 0.7950 34.5789 0.0034 0.7950
2 2 1 40.0000 0.0034 0.7950 40.0000 0.0034 0.7950
2 2 2 40.0000 0.0034 0.7950 40.0000 0.0034 0.7950
2 2 3 40.0000 0.0034 0.7950 40.0000 0.0034 0.7950
2 2 4 40.0000 0.0034 0.7950 40.0000 0.0034 0.7950
2 2 5 40.0000 0.0034 0.7950 40.0000 0.0034 0.7950
2 2 6 37.3420 0.0034 0.7950 40.0000 0.0034 0.7950
2 2 7 36.4742 0.0034 0.7950 35.1551 0.0034 0.7950
2 2 8 0.0000 0.0034 0.7950 33.4242 0.0034 0.7950
2 2 9 32.3161 0.0034 0.7950 40.0000 0.0034 0.7950
2 2 10 12.6056 0.0034 0.7950 0.0005 0.0034 0.7950
2 2 11 47.3736 0.0034 0.7950 136.7675 0.0034 0.7950
2 2 12 42.5036 0.0034 0.7950 35.8031 0.0034 0.7950
2 2 13 59.4460 0.0034 0.7950 199.9998 0.0034 0.7950
2 2 14 25.7820 0.0034 0.7950 51.8551 0.0034 0.7950
2 2 15 45.0667 0.0034 0.7950 36.9940 0.0034 0.7950
2 2 16 45.5340 0.0034 0.7950 39.2593 0.0034 0.7950
2 2 17 53.7398 0.0034 0.7950 114.8913 0.0034 0.7950
2 2 18 182.6334 0.0034 0.7950 71.3674 0.0034 0.7950
2 2 19 199.9999 0.0034 0.7950 0.0000 0.0034 0.7950
2 2 20 0.0000 0.0034 0.7950 4.1015 0.0034 0.7950
2 2 21 0.0000 0.0034 0.7950 0.0025 0.0034 0.7950
2 2 22 0.0005 0.0034 0.7950 0.0000 0.0034 0.7950
2 2 23 0.0001 0.0034 0.7950 20.0418 0.0034 0.7950
2 2 24 17.4134 0.0034 0.7950 90.3921 0.0034 0.7950
2 2 25 63.7070 0.0034 0.7950 28.4424 0.0034 0.7950
2 2 26 61.1779 0.0034 0.7950 39.5786 0.0034 0.7950
2 2 27 34.1179 0.0034 0.7950 1.4240 0.0034 0.7950
2 2 28 26.8920 0.0034 0.7950 58.2853 0.0034 0.7950
2 2 29 44.0840 0.0034 0.7950 33.9616 0.0034 0.7950
2 2 30 92.7850 0.0034 0.7950 83.9527 0.0034 0.7950
2 2 31 26.4451 0.0034 0.7950 32.0540 0.0034 0.7950
2 2 32 62.9073 0.0034 0.7950 52.3432 0.0034 0.7950
2 2 33 49.9676 0.0034 0.7950 37.8165 0.0034 0.7950
2 2 34 45.3077 0.0034 0.7950 52.4586 0.0034 0.7950
2 2 35 44.7370 0.0034 0.7950 47.4800 0.0034 0.7950
2 2 36 37.5698 0.0034 0.7950 37.7155 0.0034 0.7950
2 2 37 39.4708 0.0034 0.7950 30.2463 0.0034 0.7950
2 2 38 33.8962 0.0034 0.7950 45.8060 0.0034 0.7950
2 2 39 48.8446 0.0034 0.7950 43.9526 0.0034 0.7950
2 2 40 39.8947 0.0034 0.7950 46.3465 0.0034 0.7950
2 2 41 21.3818 0.0034 0.7950 39.2762 0.0034 0.7950
2 2 42 43.2042 0.0034 0.7950 45.6948 0.0034 0.7950
2 2 43 34.0719 0.0034 0.7950 35.8955 0.0034 0.7950
2 2 44 42.4116 0.0034 0.7950 54.7493 0.0034 0.7950
2 2 45 44.1912 0.0034 0.7950 45.5963 0.0034 0.7950
2 2 46 33.0859 0.0034 0.7950 45.0950 0.0034 0.7950
2 2 47 59.7129 0.0034 0.7950 35.5872 0.0034 0.7950
2 2 48 32.4263 0.0034 0.7950 47.3858 0.0034 0.7950
2 2 49 66.0447 0.0034 0.7950 40.8034 0.0034 0.7950
2 2 50 56.2403 0.0034 0.7950 61.6179 0.0034 0.7950
2 2 51 86.1635 0.0034 0.7950 56.0070 0.0034 0.7950
2 2 52 147.7484 0.0034 0.7950 97.8071 0.0034 0.7950
2 2 53 41.4292 0.0034 0.7950 0.0009 0.0034 0.7950
2 2 54 0.0000 0.0034 0.7950 42.6022 0.0034 0.7950
2 2 55 37.6864 0.0034 0.7950 40.0000 0.0034 0.7950
2 2 56 40.0000 0.0034 0.7950 40.0000 0.0034 0.7950
2 2 57 40.0000 0.0034 0.7950 40.0000 0.0034 0.7950
2 2 58 40.0000 0.0034 0.7950 40.0000 0.0034 0.7950
2 2 59 40.0000 0.0034 0.7950 40.0000 0.0034 0.7950
2 2 60 40.0000 0.0034 0.7950 40.0000 0.0034 0.7950
2 2 61 40.0000 0.0034 0.7950 40.0000 0.0034 0.7950
2 2 62 40.0000 0.0034 0.7950 40.0000 0.0034 0.7950
2 3 1 40.0000 0.0034 0.7950 40.0000 0.0034 0.7950
2 3 2 40.0000 0.0034 0.7950 40.0000 0.0034 0.7950
2 3 3 40.0000 0.0034 0.7950 40.0000 0.0034 0.7950
2 3 4 40.0000 0.0034 0.7950 40.0000 0.0034 0.7950
2 3 5 40.0000 0.0034 0.7950 40.0000 0.0034 0.7950
3 1 1 84.7239 0.0034 0.7950 47.6554 0.0034 0.7950
3 1 2 26.6168 0.0034 0.7950 51.1633 0.0034 0.7950
3 1 3 39.7628 0.0034 0.7950 44.1750 0.0034 0.7950
3 1 4 41.8401 0.0034 0.7950 40.3995 0.0034 0.7950
3 1 5 47.0247 0.0034 0.7950 41.5670 0.0034 0.7950
3 1 6 39.7358 0.0034 0.7950 42.0613 0.0034 0.7950
3 1 7 48.3374 0.0034 0.7950 46.4455 0.0034 0.7950
3 1 8 53.3701 0.0034 0.7950 42.2943 0.0034 0.7950
3 1 9 43.0534 0.0034 0.7950 51.7555 0.0034 0.7950
3 1 10 38.2347 0.0034 0.7950 27.0108 0.0034 0.7950
3 1 11 23.9605 0.0034 0.7950 33.3399 0.0034 0.7950
3 1 12 46.2152 0.0034 0.7950 38.8561 0.0034 0.7950
3 1 13 39.3840 0.0034 0.7950 44.2766 0.0034 0.7950
3 1 14 38.6119 0.0034 0.7950 49.4749 0.0034 0.7950
3 1 15 47.0876 0.0034 0.7950 22.7485 0.0034 0.7950
3 1 16 36.3028 0.0034 0.7950 45.0324 0.0034 0.7950
3 1 17 41.5124 0.0034 0.7950 48.3922 0.0034 0.7950
3 1 18 55.0974 0.0034 0.7950 63.0766 0.0034 0.7950
3 1 19 41.4212 0.0034 0.7950 39.7697 0.0034 0.7950
3 1 20 14.1745 0.0034 0.7950 48.8236 0.0034 0.7950
3 1 21 22.5726 0.0034 0.7950 0.0000 0.0034 0.7950
3 1 22 34.7214 0.0034 0.7950 40.0000 0.0034 0.7950
3 1 23 0.0000 0.0034 0.7950 40.0000 0.0034 0.7950
3 2 1 40.0000 0.0034 0.7950 40.0000 0.0034 0.7950
3 2 2 40.0000 0.0034 0.7950 40.0000 0.0034 0.7950
3 2 3 34.6901 0.0034 0.7950 34.7771 0.0034 0.7950
3 2 4 40.0039 0.0034 0.7950 59.4769 0.0034 0.7950
3 2 5 37.1180 0.0034 0.7950 28.0053 0.0034 0.7950
3 2 6 43.5778 0.0034 0.7950 45.9631 0.0034 0.7950
3 2 7 45.8934 0.0034 0.7950 42.5917 0.0034 0.7950
3 2 8 44.8171 0.0034 0.7950 46.3738 0.0034 0.7950
3 2 9 42.0928 0.0034 0.7950 44.0766 0.0034 0.7950
3 2 10 42.7924 0.0034 0.7950 44.2279 0.0034 0.7950
3 2 11 49.0550 0.0034 0.7950 44.3050 0.0034 0.7950
3 2 12 48.8331 0.0034 0.7950 44.7233 0.0034 0.7950
3 2 13 52.6537 0.0034 0.7950 42.6791 0.0034 0.7950
3 2 14 44.7188 0.0034 0.7950 56.8394 0.0034 0.7950
3 2 15 44.3028 0.0034 0.7950 41.4728 0.0034 0.7950
3 2 16 47.0404 0.0034 0.7950 44.1207 0.0034 0.7950
3 2 17 44.2851 0.0034 0.7950 46.9941 0.0034 0.7950
3 2 18 42.5076 0.0034 0.7950 52.6338 0.0034 0.7950
3 2 19 47.9645 0.0034 0.7950 47.2433 0.0034 0.7950
3 2 20 41.5996 0.0034 0.7950 37.2060 0.0034 0.7950
3 2 21 69.9939 0.0034 0.7950 47.1109 0.0034 0.7950
3 2 22 57.4346 0.0034 0.7950 45.4137 0.0034 0.7950
3 2 23 50.9206 0.0034 0.7950 44.9687 0.0034 0.7950
3 2 24 25.6408 0.0034 0.7950 34.8110 0.0034 0.7950
3 2 25 68.0301 0.0034 0.7950 37.8742 0.0034 0.7950
3 2 26 63.1430 0.0034 0.7950 54.0035 0.0034 0.7950
3 2 27 44.5144 0.0034 0.7950 68.1810 0.0034 0.7950
3 2 28 114.8806 0.0034 0.7950 59.7619 0.0034 0.7950
3 2 29 125.6727 0.0034 0.7950 87.5914 0.0034 0.7950
3 2 30 69.6952 0.0034 0.7950 78.7149 0.0034 0.7950
3 2 31 35.9156 0.0034 0.7950 3.3709 0.0034 0.7950
3 2 32 32.9972 0.0034 0.7950 0.0000 0.0034 0.7950
3 2 33 72.3970 0.0034 0.7950 56.8598 0.0034 0.7950
3 2 34 53.5861 0.0034 0.7950 20.0232 0.0034 0.7950
3 2 35 26.6907 0.0034 0.7950 41.8716 0.0034 0.7950
3 2 36 44.0128 0.0034 0.7950 39.2822 0.0034 0.7950
3 2 37 47.5783 0.0034 0.7950 50.2165 0.0034 0.7950
3 2 38 47.1734 0.0034 0.7950 57.7629 0.0034 0.7950
3 2 39 44.7464 0.0034 0.7950 40.9721 0.0034 0.7950
3 2 40 46.6611 0.0034 0.7950 41.8396 0.0034 0.7950
3 2 41 39.5987 0.0034 0.7950 38.8318 0.0034 0.7950
3 2 42 60.8193 0.0034 0.7950 33.0341 0.0034 0.7950
3 2 43 40.4449 0.0034 0.7950 36.6140 0.0034 0.7950
3 2 44 45.8208 0.0034 0.7950 47.4366 0.0034 0.7950
3 2 45 29.9681 0.0034 0.7950 54.8523 0.0034 0.7950
3 2 46 47.8728 0.0034 0.7950 43.0844 0.0034 0.7950
3 2 47 28.3114 0.0034 0.7950 52.9918 0.0034 0.7950
3 2 48 71.0171 0.0034 0.7950 70.7921 0.0034 0.7950
3 2 49 52.1137 0.0034 0.7950 54.9318 0.0034 0.7950
3 2 50 30.5924 0.0034 0.7950 73.1265 0.0034 0.7950
3 2 51 75.4660 0.0034 0.7950 23.3406 0.0034 0.7950
3 2 52 46.9936 0.0034 0.7950 70.2091 0.0034 0.7950
3 2 53 118.6602 0.0034 0.7950 130.2331 0.0034 0.7950
3 2 54 199.9987 0.0034 0.7950 45.3560 0.0034 0.7950
3 2 55 151.2918 0.0034 0.7950 64.7197 0.0034 0.7950
3 2 56 200.0000 0.0034 0.7950 40.0000 0.0034 0.7950
3 2 57 40.0000 0.0034 0.7950 40.0000 0.0034 0.7950
3 2 58 40.0000 0.0034 0.7950 40.0000 0.0034 0.7950
3 2 59 40.0000 0.0034 0.7950 40.0000 0.0034 0.7950
3 2 60 40.0000 0.0034 0.7950 40.0000 0.0034 0.7950
3 2 61 40.0000 0.0034 0.7950 40.0000 0.0034 0.7950
3 2 62 40.0000 0.0034 0.7950 40.0000 0.0034 0.7950
3 3 1 118.1322 0.0034 0.7950 31.1275 0.0034 0.7950
3 3 2 92.2271 0.0034 0.7950 40.0000 0.0034 0.7950
3 3 3 40.0000 0.0034 0.7950 40.0000 0.0034 0.7950
3 3 4 40.0000 0.0034 0.7950 40.0000 0.0034 0.7950
3 3 5 40.0000 0.0034 0.7950 40.0000 0.0034 0.7950
4 1 1 53.7099 0.0034 0.7950 44.6049 0.0034 0.7950
4 1 2 74.4172 0.0034 0.7950 61.7344 0.0034 0.7950
4 1 3 66.7354 0.0034 0.7950 99.3515 0.0034 0.7950
4 1 4 25.2821 0.0034 0.7950 61.8339 0.0034 0.7950
4 1 5 18.5693 0.0034 0.7950 27.2304 0.0034 0.7950
4 1 6 42.0390 0.0034 0.7950 42.9515 0.0034 0.7950
4 1 7 63.1581 0.0034 0.7950 60.5685 0.0034 0.7950
4 1 8 41.9317 0.0034 0.7950 35.5972 0.0034 0.7950
4 1 9 0.0008 0.0034 0.7950 0.0002 0.0034 0.7950
4 1 10 52.9357 0.0034 0.7950 59.4823 0.0034 0.7950
4 1 11 28.6829 0.0034 0.7950 16.3306 0.0034 0.7950
4 1 12 64.6046 0.0034 0.7950 51.0312 0.0034 0.7950
4 1 13 43.2065 0.0034 0.7950 38.1243 0.0034 0.7950
4 1 14 49.0303 0.0034 0.7950 49.9595 0.0034 0.7950
4 1 15 40.7899 0.0034 0.7950 33.5808 0.0034 0.7950
4 1 16 37.1705 0.0034 0.7950 45.2428 0.0034 0.7950
4 1 17 42.1193 0.0034 0.7950 38.8442 0.0034 0.7950
4 1 18 40.0000 0.0034 0.7950 40.0000 0.0034 0.7950
4 1 19 58.8180 0.0034 0.7950 29.3124 0.0034 0.7950
4 1 20 26.6911 0.0034 0.7950 14.1313 0.0034 0.7950
4 1 21 28.1804 0.0034 0.7950 10.2776 0.0034 0.7950
4 1 22 0.0008 0.0034 0.7950 0.0000 0.0034 0.7950
4 1 23 54.4485 0.0034 0.7950 0.0012 0.0034 0.7950
4 2 1 53.7750 0.0034 0.7950 52.5893 0.0034 0.7950
4 2 2 53.2950 0.0034 0.7950 53.0281 0.0034 0.7950
4 2 3 44.4172 0.0034 0.7950 52.6640 0.0034 0.7950
4 2 4 49.7266 0.0034 0.7950 47.5034 0.0034 0.7950
4 2 5 54.2798 0.0034 0.7950 43.0798 0.0034 0.7950
4 2 6 41.5785 0.0034 0.7950 51.2219 0.0034 0.7950
4 2 7 46.7085 0.0034 0.7950 47.6473 0.0034 0.7950
4 2 8 43.6697 0.0034 0.7950 35.4194 0.0034 0.7950
4 2 9 45.3943 0.0034 0.7950 44.4038 0.0034 0.7950
4 2 10 80.9942 0.0034 0.7950 38.0999 0.0034 0.7950
4 2 11 46.7417 0.0034 0.7950 199.9977 0.0034 0.7950
4 2 12 45.2033 0.0034 0.7950 45.7004 0.0034 0.7950
4 2 13 0.0319 0.0034 0.7950 0.0005 0.0034 0.7950
4 2 14 4.8495 0.0034 0.7950 0.0000 0.0034 0.7950
4 2 15 41.2594 0.0034 0.7950 42.3144 0.0034 0.7950
4 2 16 30.7035 0.0034 0.7950 29.3728 0.0034 0.7950
4 2 17 21.5043 0.0034 0.7950 36.8353 0.0034 0.7950
4 2 18 35.4941 0.0034 0.7950 47.6078 0.0034 0.7950
4 2 19 200.0000 0.0034 0.7950 50.0694 0.0034 0.7950
4 2 20 20.4961 0.0034 0.7950 30.9001 0.0034 0.7950
4 2 21 92.7211 0.0034 0.7950 95.0533 0.0034 0.7950
4 2 22 43.2973 0.0034 0.7950 97.5021 0.0034 0.7950
4 2 23 46.3963 0.0034 0.7950 70.4539 0.0034 0.7950
4 2 24 13.9477 0.0034 0.7950 92.9120 0.0034 0.7950
4 2 25 40.5585 0.0034 0.7950 67.2374 0.0034 0.7950
4 2 26 40.4778 0.0034 0.7950 45.2375 0.0034 0.7950
4 2 27 54.3772 0.0034 0.7950 45.1253 0.0034 0.7950
4 2 28 41.5396 0.0034 0.7950 34.4770 0.0034 0.7950
4 2 29 25.5129 0.0034 0.7950 46.6496 0.0034 0.7950
4 2 30 42.5519 0.0034 0.7950 50.6745 0.0034 0.7950
4 2 31 28.5014 0.0034 0.7950 67.4330 0.0034 0.7950
4 2 32 48.7676 0.0034 0.7950 27.2315 0.0034 0.7950
4 2 33 53.6167 0.0034 0.7950 50.8904 0.0034 0.7950
4 2 34 16.7671 0.0034 0.7950 52.4372 0.0034 0.7950
4 2 35 52.0929 0.0034 0.7950 32.9275 0.0034 0.7950
4 2 36 58.6772 0.0034 0.7950 41.9375 0.0034 0.7950
4 2 37 45.9495 0.0034 0.7950 43.6217 0.0034 0.7950
4 2 38 36.0889 0.0034 0.7950 21.6611 0.0034 0.7950
4 2 39 38.9112 0.0034 0.7950 27.7004 0.0034 0.7950
4 2 40 34.1291 0.0034 0.7950 48.2019 0.0034 0.7950
4 2 41 43.1415 0.0034 0.7950 47.4265 0.0034 0.7950
4 2 42 50.8287 0.0034 0.7950 47.8325 0.0034 0.7950
4 2 43 54.6216 0.0034 0.7950 39.9927 0.0034 0.7950
4 2 44 41.0246 0.0034 0.7950 43.4803 0.0034 0.7950
4 2 45 35.0779 0.0034 0.7950 48.6429 0.0034 0.7950
4 2 46 51.1945 0.0034 0.7950 53.4198 0.0034 0.7950
4 2 47 51.1492 0.0034 0.7950 45.9020 0.0034 0.7950
4 2 48 52.2194 0.0034 0.7950 32.2433 0.0034 0.7950
4 2 49 69.2429 0.0034 0.7950 52.9655 0.0034 0.7950
4 2 50 67.5476 0.0034 0.7950 46.9185 0.0034 0.7950
4 2 51 43.4800 0.0034 0.7950 15.4622 0.0034 0.7950
4 2 52 41.5146 0.0034 0.7950 72.6609 0.0034 0.7950
4 2 53 58.7631 0.0034 0.7950 41.9328 0.0034 0.7950
4 2 54 114.5620 0.0034 0.7950 22.2532 0.0034 0.7950
4 2 55 40.0000 0.0034 0.7950 36.8388 0.0034 0.7950
4 2 56 40.0000 0.0034 0.7950 19.0815 0.0034 0.7950
4 2 57 40.0000 0.0034 0.7950 108.9153 0.0034 0.7950
4 2 58 50.1949 0.0034 0.7950 40.0000 0.0034 0.7950
4 2 59 26.5925 0.0034 0.7950 40.0000 0.0034 0.7950
4 2 60 40.0000 0.0034 0.7950 40.0000 0.0034 0.7950
4 2 61 40.0000 0.0034 0.7950 40.0000 0.0034 0.7950
4 2 62 40.0000 0.0034 0.7950 40.0000 0.0034 0.7950
4 3 1 131.0183 0.0034 0.7950 40.0000 0.0034 0.7950
4 3 2 40.0000 0.0034 0.7950 40.0000 0.0034 0.7950
4 3 3 40.0000 0.0034 0.7950 40.0000 0.0034 0.7950
4 3 4 40.0000 0.0034 0.7950 40.0000 0.0034 0.7950
4 3 5 40.0000 0.0034 0.7950 40.0000 0.0034 0.7950
5 1 1 40.0000 0.0034 0.7950 40.0000 0.0034 0.7950
5 1 2 40.0000 0.0034 0.7950 40.0000 0.0034 0.7950
5 1 3 40.0000 0.0034 0.7950 40.0000 0.0034 0.7950
5 1 4 40.0000 0.0034 0.7950 40.0000 0.0034 0.7950
5 1 5 40.0000 0.0034 0.7950 40.0000 0.0034 0.7950
5 1 6 40.0000 0.0034 0.7950 40.0000 0.0034 0.7950
5 1 7 40.0000 0.0034 0.7950 40.0000 0.0034 0.7950
5 1 8 37.8175 0.0034 0.7950 84.3314 0.0034 0.7950
5 1 9 97.6533 0.0034 0.7950 0.0002 0.0034 0.7950
5 1 10 34.7855 0.0034 0.7950 54.4829 0.0034 0.7950
5 1 11 39.9909 0.0034 0.7950 42.3334 0.0034 0.7950
5 1 12 33.5184 0.0034 0.7950 47.0561 0.0034 0.7950
5 1 13 24.2526 0.0034 0.7950 44.6701 0.0034 0.7950
5 1 14 48.9776 0.0034 0.7950 36.5098 0.0034 0.7950
5 1 15 45.4339 0.0034 0.7950 49.5250 0.0034 0.7950
5 1 16 71.2049 0.0034 0.7950 28.3061 0.0034 0.7950
5 1 17 11.8554 0.0034 0.7950 70.1866 0.0034 0.7950
5 1 18 70.5011 0.0034 0.7950 10.1952 0.0034 0.7950
5 1 19 60.8291 0.0034 0.7950 18.0832 0.0034 0.7950
5 1 20 93.7843 0.0034 0.7950 58.3208 0.0034 0.7950
5 1 21 121.3681 0.0034 0.7950 75.8229 0.0034 0.7950
5 1 22 40.0000 0.0034 0.7950 40.0000 0.0034 0.7950
5 1 23 40.0000 0.0034 0.7950 40.0000 0.0034 0.7950
5 2 1 40.0000 0.0034 0.7950 40.0000 0.0034 0.7950
5 2 2 40.0000 0.0034 0.7950 40.0000 0.0034 0.7950
5 2 3 40.0000 0.0034 0.7950 40.0000 0.0034 0.7950
5 2 4 40.0000 0.0034 0.7950 40.0000 0.0034 0.7950
5 2 5 40.0000 0.0034 0.7950 40.0000 0.0034 0.7950
5 2 6 40.0000 0.0034 0.7950 40.0000 0.0034 0.7950
5 2 7 40.0000 0.0034 0.7950 40.0000 0.0034 0.7950
5 2 8 40.0000 0.0034 0.7950 40.0000 0.0034 0.7950
5 2 9 40.0000 0.0034 0.7950 40.0000 0.0034 0.7950
5 2 10 40.0000 0.0034 0.7950 40.0000 0.0034 0.7950
5 2 11 40.0000 0.0034 0.7950 40.0000 0.0034 0.7950
5 2 12 40.0000 0.0034 0.7950 40.0000 0.0034 0.7950
5 2 13 40.0000 0.0034 0.7950 40.0000 0.0034 0.7950
5 2 14 40.0000 0.0034 0.7950 40.0000 0.0034 0.7950
5 2 15 40.0000 0.0034 0.7950 40.0000 0.0034 0.7950
5 2 16 40.0000 0.0034 0.7950 40.0000 0.0034 0.7950
5 2 17 40.0000 0.0034 0.7950 40.0000 0.0034 0.7950
5 2 18 40.0000 0.0034 0.7950 40.0000 0.0034 0.7950
5 2 19 40.0000 0.0034 0.7950 40.0000 0.0034 0.7950
5 2 20 40.0000 0.0034 0.7950 40.0000 0.0034 0.7950
5 2 21 40.0000 0.0034 0.7950 40.0000 0.0034 0.7950
5 2 22 40.0000 0.0034 0.7950 40.0000 0.0034 0.7950
5 2 23 42.8348 0.0034 0.7950 40.0000 0.0034 0.7950
5 2 24 40.0000 0.0034 0.7950 40.0000 0.0034 0.7950
5 2 25 26.1026 0.0034 0.7950 40.0000 0.0034 0.7950
5 2 26 40.0000 0.0034 0.7950 39.5397 0.0034 0.7950
5 2 27 44.4230 0.0034 0.7950 83.8429 0.0034 0.7950
5 2 28 92.1057 0.0034 0.7950 151.8585 0.0034 0.7950
5 2 29 87.0782 0.0034 0.7950 82.7147 0.0034 0.7950
5 2 30 84.6531 0.0034 0.7950 53.3680 0.0034 0.7950
5 2 31 2.9172 0.0034 0.7950 11.3355 0.0034 0.7950
5 2 32 101.5088 0.0034 0.7950 73.2052 0.0034 0.7950
5 2 33 63.6762 0.0034 0.7950 73.8776 0.0034 0.7950
5 2 34 92.7203 0.0034 0.7950 62.7202 0.0034 0.7950
5 2 35 79.9954 0.0034 0.7950 98.2431 0.0034 0.7950
5 2 36 74.0487 0.0034 0.7950 33.4349 0.0034 0.7950
5 2 37 63.6364 0.0034 0.7950 55.9373 0.0034 0.7950
5 2 38 51.4590 0.0034 0.7950 67.5311 0.0034 0.7950
5 2 39 81.9335 0.0034 0.7950 66.8708 0.0034 0.7950
5 2 40 194.1446 0.0034 0.7950 66.0976 0.0034 0.7950
5 2 41 199.9995 0.0034 0.7950 111.2359 0.0034 0.7950
5 2 42 0.0006 0.0034 0.7950 116.3461 0.0034 0.7950
5 2 43 0.0000 0.0034 0.7950 85.7711 0.0034 0.7950
5 2 44 0.0000 0.0034 0.7950 191.6627 0.0034 0.7950
5 2 45 199.9994 0.0034 0.7950 77.8457 0.0034 0.7950
5 2 46 40.0000 0.0034 0.7950 65.5215 0.0034 0.7950
5 2 47 199.9589 0.0034 0.7950 126.6003 0.0034 0.7950
5 2 48 40.0000 0.0034 0.7950 70.9098 0.0034 0.7950
5 2 49 65.9006 0.0034 0.7950 200.0000 0.0034 0.7950
5 2 50 0.0002 0.0034 0.7950 119.3460 0.0034 0.7950
5 2 51 39.4890 0.0034 0.7950 199.9993 0.0034 0.7950
5 2 52 199.9995 0.0034 0.7950 103.2040 0.0034 0.7950
5 2 53 40.5281 0.0034 0.7950 39.5397 0.0034 0.7950
5 2 54 40.0000 0.0034 0.7950 40.0000 0.0034 0.7950
5 2 55 40.0000 0.0034 0.7950 40.0000 0.0034 0.7950
5 2 56 40.0000 0.0034 0.7950 40.0000 0.0034 0.7950
5 2 57 40.0000 0.0034 0.7950 40.0000 0.0034 0.7950
5 2 58 40.0000 0.0034 0.7950 40.0000 0.0034 0.7950
5 2 59 40.0000 0.0034 0.7950 40.0000 0.0034 0.7950
5 2 60 40.0000 0.0034 0.7950 40.0000 0.0034 0.7950
5 2 61 40.0000 0.0034 0.7950 40.0000 0.0034 0.7950
5 2 62 40.0000 0.0034 0.7950 40.0000 0.0034 0.7950
5 3 1 40.0000 0.0034 0.7950 40.0000 0.0034 0.7950
5 3 2 40.0000 0.0034 0.7950 40.0000 0.0034 0.7950
5 3 3 40.0000 0.0034 0.7950 40.0000 0.0034 0.7950
5 3 4 40.0000 0.0034 0.7950 40.0000 0.0034 0.7950
5 3 5 40.0000 0.0034 0.7950 40.0000 0.0034 0.7950
6 1 1 62.7350 0.0034 0.7950 56.1889 0.0034 0.7950
6 1 2 44.8920 0.0034 0.7950 49.7005 0.0034 0.7950
6 1 3 48.3270 0.0034 0.7950 55.4506 0.0034 0.7950
6 1 4 51.4122 0.0034 0.7950 47.3748 0.0034 0.7950
6 1 5 47.1507 0.0034 0.7950 51.0161 0.0034 0.7950
6 1 6 48.2719 0.0034 0.7950 47.6475 0.0034 0.7950
6 1 7 41.6856 0.0034 0.7950 36.9680 0.0034 0.7950
6 1 8 43.0941 0.0034 0.7950 46.4689 0.0034 0.7950
6 1 9 41.9251 0.0034 0.7950 33.8384 0.0034 0.7950
6 1 10 42.1813 0.0034 0.7950 44.4953 0.0034 0.7950
6 1 11 36.1152 0.0034 0.7950 39.5397 0.0034 0.7950
6 1 12 38.0871 0.0034 0.7950 51.6289 0.0034 0.7950
6 1 13 44.3799 0.0034 0.7950 32.9751 0.0034 0.7950
6 1 14 38.9544 0.0034 0.7950 49.9908 0.0034 0.7950
6 1 15 36.9631 0.0034 0.7950 47.3857 0.0034 0.7950
6 1 16 68.3437 0.0034 0.7950 40.7773 0.0034 0.7950
6 1 17 52.9899 0.0034 0.7950 38.9363 0.0034 0.7950
6 1 18 33.9433 0.0034 0.7950 57.8852 0.0034 0.7950
6 1 19 63.7246 0.0034 0.7950 56.8853 0.0034 0.7950
6 1 20 100.1237 0.0034 0.7950 34.7644 0.0034 0.7950
6 1 21 40.0000 0.0034 0.7950 40.0000 0.0034 0.7950
6 1 22 40.0000 0.0034 0.7950 40.0000 0.0034 0.7950
6 1 23 40.0000 0.0034 0.7950 40.0000 0.0034 0.7950
6 2 1 40.0000 0.0034 0.7950 40.0000 0.0034 0.7950
6 2 2 53.2407 0.0034 0.7950 49.2196 0.0034 0.7950
6 2 3 47.9504 0.0034 0.7950 53.7618 0.0034 0.7950
6 2 4 56.2977 0.0034 0.7950 40.3290 0.0034 0.7950
6 2 5 51.6712 0.0034 0.7950 45.7635 0.0034 0.7950
6 2 6 53.4363 0.0034 0.7950 43.8582 0.0034 0.7950
6 2 7 41.3148 0.0034 0.7950 45.6468 0.0034 0.7950
6 2 8 41.0972 0.0034 0.7950 46.7036 0.0034 0.7950
6 2 9 49.7230 0.0034 0.7950 54.5964 0.0034 0.7950
6 2 10 47.6782 0.0034 0.7950 44.6118 0.0034 0.7950
6 2 11 46.9389 0.0034 0.7950 46.3814 0.0034 0.7950
6 2 12 39.0759 0.0034 0.7950 40.2722 0.0034 0.7950
6 2 13 43.5077 0.0034 0.7950 49.5909 0.0034 0.7950
6 2 14 41.7582 0.0034 0.7950 43.6075 0.0034 0.7950
6 2 15 41.6153 0.0034 0.7950 46.1134 0.0034 0.7950
6 2 16 40.5635 0.0034 0.7950 51.0941 0.0034 0.7950
6 2 17 39.3831 0.0034 0.7950 44.6968 0.0034 0.7950
6 2 18 46.3485 0.0034 0.7950 49.7198 0.0034 0.7950
6 2 19 48.9219 0.0034 0.7950 46.1128 0.0034 0.7950
6 2 20 41.1570 0.0034 0.7950 41.7879 0.0034 0.7950
6 2 21 42.9921 0.0034 0.7950 45.2150 0.0034 0.7950
6 2 22 45.0695 0.0034 0.7950 43.3188 0.0034 0.7950
6 2 23 43.0966 0.0034 0.7950 24.2025 0.0034 0.7950
6 2 24 46.6212 0.0034 0.7950 34.4666 0.0034 0.7950
6 2 25 49.7242 0.0034 0.7950 60.0435 0.0034 0.7950
6 2 26 46.9578 0.0034 0.7950 41.8009 0.0034 0.7950
6 2 27 40.3630 0.0034 0.7950 58.0864 0.0034 0.7950
6 2 28 30.5110 0.0034 0.7950 23.1877 0.0034 0.7950
6 2 29 66.0911 0.0034 0.7950 63.3225 0.0034 0.7950
6 2 30 58.9448 0.0034 0.7950 46.1418 0.0034 0.7950
6 2 31 49.0755 0.0034 0.7950 105.9986 0.0034 0.7950
6 2 32 41.1108 0.0034 0.7950 37.6327 0.0034 0.7950
6 2 33 13.6484 0.0034 0.7950 29.8504 0.0034 0.7950
6 2 34 51.6895 0.0034 0.7950 30.6139 0.0034 0.7950
6 2 35 36.4653 0.0034 0.7950 43.6650 0.0034 0.7950
6 2 36 43.0616 0.0034 0.7950 51.1277 0.0034 0.7950
6 2 37 35.9040 0.0034 0.7950 52.3059 0.0034 0.7950
6 2 38 46.1400 0.0034 0.7950 47.8792 0.0034 0.7950
6 2 39 34.2920 0.0034 0.7950 37.8722 0.0034 0.7950
6 2 40 30.5553 0.0034 0.7950 50.3307 0.0034 0.7950
6 2 41 52.8074 0.0034 0.7950 27.8290 0.0034 0.7950
6 2 42 32.0653 0.0034 0.7950 44.5306 0.0034 0.7950
6 2 43 40.0853 0.0034 0.7950 54.4262 0.0034 0.7950
6 2 44 50.9594 0.0034 0.7950 44.2287 0.0034 0.7950
6 2 45 41.6396 0.0034 0.7950 22.8367 0.0034 0.7950
6 2 46 39.7681 0.0034 0.7950 56.2200 0.0034 0.7950
6 2 47 34.4009 0.0034 0.7950 26.9762 0.0034 0.7950
6 2 48 67.3236 0.0034 0.7950 81.3636 0.0034 0.7950
6 2 49 40.9775 0.0034 0.7950 22.5964 0.0034 0.7950
6 2 50 16.2739 0.0034 0.7950 192.8697 0.0034 0.7950
6 2 51 29.0708 0.0034 0.7950 139.4204 0.0034 0.7950
6 2 52 97.8630 0.0034 0.7950 0.0001 0.0034 0.7950
6 2 53 33.5931 0.0034 0.7950 40.0000 0.0034 0.7950
6 2 54 40.0000 0.0034 0.7950 40.0000 0.0034 0.7950
6 2 55 40.0000 0.0034 0.7950 40.0000 0.0034 0.7950
6 2 56 40.0000 0.0034 0.7950 40.0000 0.0034 0.7950
6 2 57 40.0000 0.0034 0.7950 40.0000 0.0034 0.7950
6 2 58 40.0000 0.0034 0.7950 40.0000 0.0034 0.7950
6 2 59 40.0000 0.0034 0.7950 40.0000 0.0034 0.7950
6 2 60 40.0000 0.0034 0.7950 40.0000 0.0034 0.7950
6 2 61 40.0000 0.0034 0.7950 40.0000 0.0034 0.7950
6 2 62 40.0000 0.0034 0.7950 40.0000 0.0034 0.7950
6 3 1 40.0000 0.0034 0.7950 40.0000 0.0034 0.7950
6 3 2 40.0000 0.0034 0.7950 40.0000 0.0034 0.7950
6 3 3 40.0000 0.0034 0.7950 40.0000 0.0034 0.7950
6 3 4 40.0000 0.0034 0.7950 40.0000 0.0034 0.7950
6 3 5 40.0000 0.0034 0.7950 40.0000 0.0034 0.7950
