1 1 1 0.315 0.272
1 1 2 -0.186 0.342
1 1 3 0.837 0.303
1 1 4 0.181 0.397
1 1 5 -0.675 0.292
1 1 6 -0.856 0.487
1 1 7 -0.413 0.305
1 1 8 0.177 0.080
1 1 9 0.646 0.323
1 1 10 -0.835 0.385
1 1 11 -0.160 0.369
1 1 12 -0.104 0.333
1 1 13 -0.580 0.347
1 1 14 -0.551 0.299
1 1 15 0.596 0.348
1 1 16 0.279 0.395
1 1 17 0.272 0.337
1 1 18 0.826 0.406
1 1 19 1.000 0.956
1 1 20 0.471 0.353
1 1 21 1.364 0.988
1 1 22 -0.659 0.080
1 1 23 0.015 0.080
1 2 1 -0.030 0.040
1 2 2 -0.892 0.050
1 2 3 0.506 0.306
1 2 4 -0.329 0.216
1 2 5 -0.466 0.182
1 2 6 0.103 0.246
1 2 7 0.541 0.201
1 2 8 -0.013 0.180
1 2 9 0.737 0.085
1 2 10 0.043 0.232
1 2 11 0.088 0.226
1 2 12 0.464 0.332
1 2 13 -0.237 0.110
1 2 14 0.915 0.211
1 2 15 -0.364 0.221
1 2 16 -0.870 0.232
1 2 17 -0.493 0.162
1 2 18 -0.083 0.374
1 2 19 -0.899 0.201
1 2 20 0.491 0.238
1 2 21 -0.827 0.119
1 2 22 -0.711 0.128
1 2 23 -0.589 0.256
1 2 24 -0.207 0.187
1 2 25 -0.132 0.303
1 2 26 0.180 0.218
1 2 27 0.364 0.276
1 2 28 0.527 0.185
1 2 29 0.725 0.200
1 2 30 -0.723 0.269
1 2 31 0.580 0.236
1 2 32 0.391 0.280
1 2 33 1.018 0.251
1 2 34 0.648 0.230
1 2 35 0.756 0.213
1 2 36 0.049 0.211
1 2 37 0.704 0.276
1 2 38 -0.993 0.288
1 2 39 0.452 0.244
1 2 40 -0.841 0.372
1 2 41 0.565 0.128
1 2 42 -0.074 0.347
1 2 43 -0.528 0.365
1 2 44 -1.061 0.300
1 2 45 -0.237 0.350
1 2 46 0.978 0.040
1 2 47 0.571 0.040
1 2 48 0.021 0.392
1 2 49 -1.370 0.158
1 2 50 0.618 0.040
1 2 51 -0.341 0.040
1 2 52 -1.290 0.399
1 2 53 0.305 0.446
1 2 54 -0.303 0.040
1 2 55 -0.749 0.062
1 2 56 -1.087 0.040
1 2 57 0.603 0.040
1 2 58 -0.612 0.100
1 2 59 0.045 0.040
1 2 60 -0.580 0.040
1 2 61 0.164 0.040
1 2 62 -0.501 0.040
1 3 1 -0.753 0.080
1 3 2 -1.087 0.740
1 3 3 -1.024 0.080
1 3 4 -0.591 0.387
1 3 5 -0.687 0.100
2 1 1 -0.290 0.080
2 1 2 -0.123 0.255
2 1 3 -0.157 0.199
2 1 4 0.913 0.111
2 1 5 -0.358 0.286
2 1 6 0.000 0.100
2 1 7 0.402 0.201
2 1 8 -0.916 0.339
2 1 9 -0.659 0.282
2 1 10 0.000 0.100
2 1 11 0.759 0.345
2 1 12 1.011 0.345
2 1 13 -0.680 0.416
2 1 14 0.792 0.259
2 1 15 -0.916 0.453
2 1 16 -0.436 0.481
2 1 17 0.351 0.345
2 1 18 0.146 0.491
2 1 19 -0.909 0.080
2 1 20 0.592 0.376
2 1 21 -0.121 0.425
2 1 22 -0.129 0.131
2 1 23 -3.319 0.081
2 2 1 -0.855 0.040
2 2 2 -0.311 0.040
2 2 3 1.182 0.138
2 2 4 0.523 0.368
2 2 5 -0.004 0.040
2 2 6 -0.370 0.299
2 2 7 0.177 0.040
2 2 8 0.842 0.106
2 2 9 -0.829 0.247
2 2 10 -1.563 0.155
2 2 11 0.168 0.133
2 2 12 0.948 0.152
2 2 13 0.720 0.307
2 2 14 -0.016 0.155
2 2 15 0.785 0.171
2 2 16 -0.451 0.127
2 2 17 0.349 0.141
2 2 18 0.441 0.147
2 2 19 0.396 0.133
2 2 20 0.069 0.087
2 2 21 0.540 0.124
2 2 22 0.983 0.079
2 2 23 -0.930 0.262
2 2 24 -0.180 0.345
2 2 25 -0.153 0.169
2 2 26 -0.580 0.166
2 2 27 1.128 0.263
2 2 28 0.032 0.200
2 2 29 -0.297 0.248
2 2 30 -0.436 0.170
2 2 31 -0.543 0.186
2 2 32 -0.764 0.273
2 2 33 -0.128 0.374
2 2 34 -0.159 0.256
2 2 35 0.355 0.207
2 2 36 0.897 0.283
2 2 37 -0.321 0.286
2 2 38 -0.135 0.193
2 2 39 0.272 0.302
2 2 40 -0.079 0.327
2 2 41 0.993 0.287
2 2 42 -0.624 0.372
2 2 43 -0.773 0.304
2 2 44 -0.919 0.042
2 2 45 -0.309 0.325
2 2 46 -0.000 0.299
2 2 47 -1.046 0.284
2 2 48 0.524 0.477
2 2 49 0.689 0.299
2 2 50 0.594 0.040
2 2 51 0.284 0.040
2 2 52 -0.250 0.100
2 2 53 -0.337 0.244
2 2 54 -0.292 0.330
2 2 55 0.332 0.084
2 2 56 0.594 0.040
2 2 57 0.783 0.040
2 2 58 -0.178 0.040
2 2 59 0.395 0.040
2 2 60 0.249 0.040
2 2 61 -0.293 0.042
2 2 62 0.175 0.041
2 3 1 1.237 0.337
2 3 2 -0.090 0.080
2 3 3 7.925 0.255
2 3 4 0.137 0.100
2 3 5 0.000 0.100
3 1 1 -0.436 0.318
3 1 2 0.781 0.318
3 1 3 0.490 0.354
3 1 4 -0.681 0.242
3 1 5 -0.336 0.234
3 1 6 -0.411 0.829
3 1 7 -0.733 0.198
3 1 8 -0.793 0.331
3 1 9 0.508 0.428
3 1 10 -0.333 0.245
3 1 11 -0.334 0.350
3 1 12 0.401 0.247
3 1 13 0.886 0.269
3 1 14 -0.601 0.266
3 1 15 0.162 0.391
3 1 16 -0.781 0.415
3 1 17 -1.033 0.317
3 1 18 -0.879 0.347
3 1 19 0.217 0.380
3 1 20 -0.061 0.459
3 1 21 0.490 0.846
3 1 22 -0.286 0.080
3 1 23 -0.730 0.080
3 2 1 -0.304 0.040
3 2 2 -0.776 0.074
3 2 3 0.260 0.044
3 2 4 0.074 0.451
3 2 5 -0.800 0.146
3 2 6 -0.046 0.262
3 2 7 -0.362 0.133
3 2 8 -0.518 0.195
3 2 9 0.098 0.199
3 2 10 -0.763 0.217
3 2 11 -0.156 0.186
3 2 12 0.598 0.192
3 2 13 0.005 0.172
3 2 14 0.104 0.185
3 2 15 -0.858 0.185
3 2 16 0.200 0.164
3 2 17 -0.250 0.155
3 2 18 1.001 0.162
3 2 19 -0.277 0.155
3 2 20 -0.395 0.138
3 2 21 -0.063 0.153
3 2 22 -0.307 0.159
3 2 23 0.028 0.190
3 2 24 -0.026 0.150
3 2 25 -0.864 0.234
3 2 26 0.026 0.129
3 2 27 0.091 0.131
3 2 28 0.641 0.184
3 2 29 0.781 0.183
3 2 30 -1.205 0.309
3 2 31 -0.269 0.282
3 2 32 0.762 0.362
3 2 33 -0.669 0.313
3 2 34 0.025 0.233
3 2 35 0.281 0.295
3 2 36 -0.950 0.205
3 2 37 -0.695 0.184
3 2 38 -0.093 0.243
3 2 39 -0.567 0.225
3 2 40 0.245 0.304
3 2 41 0.673 0.261
3 2 42 -0.326 0.274
3 2 43 -0.491 0.215
3 2 44 0.829 0.282
3 2 45 0.645 0.308
3 2 46 -1.136 0.318
3 2 47 0.782 0.040
3 2 48 0.376 0.284
3 2 49 0.812 0.256
3 2 50 0.832 0.321
3 2 51 -0.865 0.040
3 2 52 0.566 0.330
3 2 53 -0.274 0.040
3 2 54 -0.241 0.325
3 2 55 -1.056 0.106
3 2 56 -0.655 0.040
3 2 57 -0.028 0.072
3 2 58 -1.037 0.040
3 2 59 1.233 0.128
3 2 60 0.472 0.043
3 2 61 -0.233 0.040
3 2 62 0.494 0.717
3 3 1 -1.267 0.997
3 3 2 1.277 0.748
3 3 3 -0.268 0.080
3 3 4 -0.141 0.080
3 3 5 -0.962 0.100
4 1 1 -1.036 0.204
4 1 2 -0.168 0.185
4 1 3 0.783 0.248
4 1 4 0.098 0.201
4 1 5 -0.211 0.289
4 1 6 -0.101 0.304
4 1 7 -0.787 0.283
4 1 8 -0.517 0.237
4 1 9 -0.893 0.080
4 1 10 0.512 0.359
4 1 11 0.596 0.357
4 1 12 -0.564 0.316
4 1 13 0.768 0.269
4 1 14 0.691 0.336
4 1 15 0.278 0.396
4 1 16 0.130 0.446
4 1 17 0.845 0.347
4 1 18 0.000 0.100
4 1 19 -0.569 0.547
4 1 20 0.292 0.534
4 1 21 -0.349 0.329
4 1 22 -0.706 0.080
4 1 23 -0.296 0.080
4 2 1 1.007 0.050
4 2 2 -0.109 0.170
4 2 3 -0.412 0.100
4 2 4 0.895 0.135
4 2 5 -0.263 0.204
4 2 6 -0.046 0.178
4 2 7 1.024 0.190
4 2 8 -0.059 0.162
4 2 9 -0.587 0.227
4 2 10 0.876 0.120
4 2 11 0.532 0.139
4 2 12 -0.630 0.121
4 2 13 -0.641 0.131
4 2 14 0.617 0.127
4 2 15 -0.150 0.167
4 2 16 -0.401 0.126
4 2 17 -0.726 0.138
4 2 18 -0.620 0.264
4 2 19 -1.057 0.332
4 2 20 0.553 0.127
4 2 21 -0.368 0.297
4 2 22 -0.492 0.131
4 2 23 0.385 0.353
4 2 24 -0.716 0.120
4 2 25 -0.819 0.117
4 2 26 0.282 0.059
4 2 27 -0.087 0.100
4 2 28 0.291 0.071
4 2 29 -0.233 0.309
4 2 30 -0.807 0.111
4 2 31 0.857 0.142
4 2 32 0.472 0.188
4 2 33 -0.576 0.040
4 2 34 -0.728 0.275
4 2 35 -0.311 0.267
4 2 36 0.438 0.110
4 2 37 -0.204 0.148
4 2 38 -0.624 0.243
4 2 39 0.179 0.260
4 2 40 0.141 0.237
4 2 41 0.189 0.219
4 2 42 -0.686 0.139
4 2 43 0.625 0.332
4 2 44 0.465 0.282
4 2 45 -0.062 0.111
4 2 46 0.692 0.248
4 2 47 -0.712 0.113
4 2 48 0.531 0.272
4 2 49 -0.545 0.040
4 2 50 -0.564 0.312
4 2 51 0.216 0.344
4 2 52 -0.464 0.498
4 2 53 0.797 0.046
4 2 54 0.251 0.086
4 2 55 -0.015 0.058
4 2 56 0.665 0.040
4 2 57 0.866 0.454
4 2 58 0.842 0.040
4 2 59 -0.334 0.040
4 2 60 0.366 0.040
4 2 61 -0.806 0.040
4 2 62 0.564 0.040
4 3 1 -0.248 0.080
4 3 2 -0.958 0.999
4 3 3 0.000 0.100
4 3 4 0.000 0.100
4 3 5 0.000 0.100
5 1 1 -0.963 0.080
5 1 2 -0.073 0.080
5 1 3 -0.913 0.080
5 1 4 -0.208 0.080
5 1 5 0.607 0.346
5 1 6 0.871 0.080
5 1 7 0.704 1.000
5 1 8 0.181 0.421
5 1 9 0.370 0.246
5 1 10 0.400 0.381
5 1 11 1.241 0.439
5 1 12 -0.437 0.352
5 1 13 0.827 0.515
5 1 14 0.055 0.411
5 1 15 0.285 0.456
5 1 16 0.913 0.426
5 1 17 0.343 0.414
5 1 18 0.759 0.541
5 1 19 0.096 0.489
5 1 20 0.158 0.477
5 1 21 -0.449 0.080
5 1 22 -0.752 0.080
5 1 23 0.765 0.520
5 2 1 0.275 0.040
5 2 2 0.642 0.440
5 2 3 -0.334 0.040
5 2 4 -0.497 0.046
5 2 5 0.733 0.040
5 2 6 -0.635 0.040
5 2 7 -0.586 0.040
5 2 8 -0.276 0.040
5 2 9 -0.235 0.040
5 2 10 -0.106 0.040
5 2 11 -0.146 0.040
5 2 12 0.478 0.040
5 2 13 -0.295 0.040
5 2 14 4.548 0.253
5 2 15 -1.243 0.301
5 2 16 -0.663 0.059
5 2 17 -0.284 0.040
5 2 18 -0.412 0.040
5 2 19 -0.037 0.100
5 2 20 -0.627 0.383
5 2 21 0.473 0.040
5 2 22 -0.236 0.040
5 2 23 0.951 0.122
5 2 24 -0.171 0.072
5 2 25 0.157 0.248
5 2 26 0.936 0.109
5 2 27 -0.954 0.127
5 2 28 0.940 0.040
5 2 29 -0.660 0.593
5 2 30 -0.268 0.092
5 2 31 -0.378 0.518
5 2 32 0.730 0.104
5 2 33 0.579 0.040
5 2 34 -0.932 0.141
5 2 35 0.347 0.040
5 2 36 -0.157 0.057
5 2 37 0.355 0.346
5 2 38 0.277 0.040
5 2 39 -0.078 0.396
5 2 40 0.920 0.250
5 2 41 0.992 0.040
5 2 42 -0.032 0.285
5 2 43 -0.951 0.865
5 2 44 -0.683 0.040
5 2 45 0.938 0.040
5 2 46 -0.088 0.391
5 2 47 -0.549 0.320
5 2 48 -0.714 0.542
5 2 49 -0.653 0.389
5 2 50 -0.861 0.040
5 2 51 0.760 0.081
5 2 52 1.005 0.095
5 2 53 -1.011 0.040
5 2 54 0.329 0.045
5 2 55 -0.360 0.065
5 2 56 -0.060 1.000
5 2 57 -1.219 0.329
5 2 58 -0.105 0.994
5 2 59 -0.063 0.040
5 2 60 -1.041 0.054
5 2 61 -0.924 0.048
5 2 62 -0.611 0.040
5 3 1 -0.361 0.318
5 3 2 -0.363 0.080
5 3 3 0.668 0.080
5 3 4 0.553 0.393
5 3 5 0.000 0.100
6 1 1 -0.028 0.203
6 1 2 -0.252 0.268
6 1 3 0.693 0.191
6 1 4 0.303 0.185
6 1 5 0.807 0.292
6 1 6 -0.413 0.255
6 1 7 0.269 0.246
6 1 8 0.389 0.255
6 1 9 -0.137 0.476
6 1 10 -0.335 0.356
6 1 11 -0.563 0.386
6 1 12 0.690 0.280
6 1 13 -0.060 0.439
6 1 14 0.678 0.333
6 1 15 0.712 0.311
6 1 16 0.614 0.351
6 1 17 -0.235 0.347
6 1 18 0.316 0.336
6 1 19 0.712 0.404
6 1 20 -0.417 0.299
6 1 21 0.000 0.100
6 1 22 -1.192 1.000
6 1 23 1.202 0.080
6 2 1 -0.482 0.040
6 2 2 -0.523 0.348
6 2 3 -0.706 0.147
6 2 4 0.143 0.145
6 2 5 0.412 0.179
6 2 6 0.566 0.169
6 2 7 -0.912 0.155
6 2 8 0.656 0.181
6 2 9 0.524 0.173
6 2 10 -0.653 0.059
6 2 11 1.023 0.173
6 2 12 0.192 0.167
6 2 13 -0.007 0.183
6 2 14 -0.028 0.166
6 2 15 0.388 0.186
6 2 16 0.040 0.177
6 2 17 -0.366 0.185
6 2 18 -0.641 0.193
6 2 19 0.756 0.192
6 2 20 0.868 0.154
6 2 21 0.981 0.174
6 2 22 -0.094 0.147
6 2 23 0.652 0.201
6 2 24 0.149 0.150
6 2 25 -0.318 0.148
6 2 26 0.738 0.100
6 2 27 0.939 0.142
6 2 28 0.687 0.315
6 2 29 0.105 0.275
6 2 30 -0.645 0.206
6 2 31 0.665 0.185
6 2 32 -1.100 0.353
6 2 33 -0.312 0.100
6 2 34 1.075 0.209
6 2 35 -0.987 0.100
6 2 36 0.677 0.259
6 2 37 -0.264 0.399
6 2 38 -0.780 0.384
6 2 39 0.834 0.302
6 2 40 0.105 0.302
6 2 41 0.631 0.341
6 2 42 -0.748 0.280
6 2 43 0.386 0.239
6 2 44 0.292 0.302
6 2 45 -0.997 0.100
6 2 46 -0.584 0.394
6 2 47 0.009 0.335
6 2 48 -0.769 0.272
6 2 49 0.255 0.047
6 2 50 -0.131 0.053
6 2 51 0.349 0.108
6 2 52 0.685 0.046
6 2 53 0.073 0.040
6 2 54 0.840 0.040
6 2 55 -0.607 0.040
6 2 56 0.745 0.336
6 2 57 0.629 0.040
6 2 58 0.288 0.040
6 2 59 -0.940 0.671
6 2 60 0.153 0.910
6 2 61 -1.059 0.081
6 2 62 0.181 0.040
6 3 1 -0.153 0.080
6 3 2 -0.590 0.080
6 3 3 0.399 0.080
6 3 4 -0.503 0.266
6 3 5 0.000 0.100
