1 1 1 1.659
1 1 2 0.064
1 1 3 2.804
1 1 4 1.411
1 1 5 -0.116
1 1 6 4.483
1 1 7 0.111
1 1 8 -0.041
1 1 9 -1.539
1 1 10 1.465
1 1 11 5.864
1 1 12 2.107
1 1 13 -3.365
1 1 14 0.799
1 1 15 1.545
1 1 16 1.646
1 1 17 -3.231
1 1 18 2.511
1 1 19 -0.138
1 1 20 1.235
1 1 21 0.866
1 1 22 -0.880
1 1 23 0.418
1 2 1 0.108
1 2 2 0.652
1 2 3 1.333
1 2 4 1.089
1 2 5 1.625
1 2 6 -0.528
1 2 7 -1.000
1 2 8 -0.583
1 2 9 -1.600
1 2 10 0.843
1 2 11 0.843
1 2 12 1.597
1 2 13 0.321
1 2 14 -0.332
1 2 15 0.782
1 2 16 -0.775
1 2 17 0.594
1 2 18 1.203
1 2 19 -0.093
1 2 20 0.159
1 2 21 0.180
1 2 22 -0.039
1 2 23 -0.892
1 2 24 0.719
1 2 25 1.064
1 2 26 0.644
1 2 27 0.705
1 2 28 0.997
1 2 29 -0.032
1 2 30 0.178
1 2 31 0.590
1 2 32 1.063
1 2 33 1.156
1 2 34 0.124
1 2 35 -0.054
1 2 36 0.098
1 2 37 -0.443
1 2 38 -0.226
1 2 39 -0.712
1 2 40 -1.271
1 2 41 1.279
1 2 42 0.186
1 2 43 0.304
1 2 44 0.279
1 2 45 -1.223
1 2 46 0.441
1 2 47 0.607
1 2 48 1.012
1 2 49 1.050
1 2 50 -0.500
1 2 51 0.113
1 2 52 -0.492
1 2 53 0.621
1 2 54 -2.205
1 2 55 -0.143
1 2 56 0.087
1 2 57 0.105
1 2 58 0.159
1 2 59 -2.392
1 2 60 0.023
1 2 61 1.527
1 2 62 0.397
1 3 1 10.414
1 3 2 -6.187
1 3 3 -7.427
1 3 4 -7.373
1 3 5 -1.340
2 1 1 -3.752
2 1 2 1.771
2 1 3 1.096
2 1 4 -1.930
2 1 5 -0.666
2 1 6 0.000
2 1 7 -0.211
2 1 8 -1.443
2 1 9 -0.028
2 1 10 0.000
2 1 11 -0.080
2 1 12 2.114
2 1 13 0.239
2 1 14 2.183
2 1 15 0.495
2 1 16 0.130
2 1 17 4.798
2 1 18 -1.135
2 1 19 -9.785
2 1 20 2.426
2 1 21 -4.681
2 1 22 0.768
2 1 23 -1.556
2 2 1 -1.618
2 2 2 0.218
2 2 3 0.406
2 2 4 1.400
2 2 5 -0.235
2 2 6 -1.557
2 2 7 0.889
2 2 8 -0.734
2 2 9 2.079
2 2 10 1.566
2 2 11 1.721
2 2 12 0.954
2 2 13 -0.600
2 2 14 0.222
2 2 15 -0.152
2 2 16 0.691
2 2 17 0.646
2 2 18 0.216
2 2 19 0.094
2 2 20 -0.141
2 2 21 -0.214
2 2 22 0.058
2 2 23 -0.203
2 2 24 -0.161
2 2 25 0.204
2 2 26 0.584
2 2 27 1.288
2 2 28 0.447
2 2 29 1.321
2 2 30 1.516
2 2 31 -0.086
2 2 32 2.257
2 2 33 -0.074
2 2 34 0.023
2 2 35 0.456
2 2 36 0.526
2 2 37 -0.948
2 2 38 0.605
2 2 39 -0.061
2 2 40 1.286
2 2 41 2.064
2 2 42 0.324
2 2 43 -0.432
2 2 44 1.257
2 2 45 0.843
2 2 46 0.351
2 2 47 1.121
2 2 48 2.054
2 2 49 1.052
2 2 50 0.956
2 2 51 0.158
2 2 52 1.438
2 2 53 1.095
2 2 54 -0.804
2 2 55 -1.886
2 2 56 -0.538
2 2 57 0.550
2 2 58 0.304
2 2 59 1.391
2 2 60 -0.497
2 2 61 1.530
2 2 62 -0.696
2 3 1 8.874
2 3 2 0.452
2 3 3 -0.415
2 3 4 -8.952
2 3 5 6.373
3 1 1 -0.594
3 1 2 1.802
3 1 3 0.888
3 1 4 0.955
3 1 5 1.990
3 1 6 -0.096
3 1 7 7.051
3 1 8 0.533
3 1 9 0.947
3 1 10 0.732
3 1 11 -0.817
3 1 12 1.003
3 1 13 1.453
3 1 14 -2.704
3 1 15 7.650
3 1 16 1.487
3 1 17 -8.154
3 1 18 -1.841
3 1 19 -0.442
3 1 20 2.342
3 1 21 -2.713
3 1 22 -4.350
3 1 23 1.237
3 2 1 -1.610
3 2 2 5.174
3 2 3 2.496
3 2 4 -1.251
3 2 5 1.574
3 2 6 0.300
3 2 7 0.544
3 2 8 0.454
3 2 9 1.356
3 2 10 0.434
3 2 11 0.806
3 2 12 1.137
3 2 13 1.812
3 2 14 0.083
3 2 15 0.627
3 2 16 -0.098
3 2 17 0.571
3 2 18 -1.491
3 2 19 -0.476
3 2 20 0.382
3 2 21 1.307
3 2 22 0.189
3 2 23 0.216
3 2 24 1.458
3 2 25 1.187
3 2 26 1.578
3 2 27 -0.485
3 2 28 0.290
3 2 29 2.522
3 2 30 -1.002
3 2 31 -0.432
3 2 32 1.021
3 2 33 -0.070
3 2 34 0.068
3 2 35 1.295
3 2 36 -0.598
3 2 37 -0.244
3 2 38 0.811
3 2 39 -0.903
3 2 40 0.537
3 2 41 0.769
3 2 42 1.158
3 2 43 -0.557
3 2 44 0.722
3 2 45 0.956
3 2 46 0.032
3 2 47 0.299
3 2 48 0.974
3 2 49 -0.103
3 2 50 -2.768
3 2 51 -0.158
3 2 52 0.438
3 2 53 1.937
3 2 54 -0.921
3 2 55 0.900
3 2 56 0.303
3 2 57 1.570
3 2 58 0.225
3 2 59 -1.701
3 2 60 -0.422
3 2 61 -0.396
3 2 62 -0.998
3 3 1 -4.515
3 3 2 1.167
3 3 3 -6.060
3 3 4 -2.253
3 3 5 0.000
4 1 1 1.839
4 1 2 3.262
4 1 3 1.391
4 1 4 -1.534
4 1 5 -0.709
4 1 6 3.865
4 1 7 0.896
4 1 8 -0.865
4 1 9 -0.671
4 1 10 1.085
4 1 11 2.766
4 1 12 -1.344
4 1 13 0.283
4 1 14 -0.812
4 1 15 4.002
4 1 16 3.156
4 1 17 -2.496
4 1 18 0.836
4 1 19 0.281
4 1 20 0.858
4 1 21 -0.066
4 1 22 2.058
4 1 23 0.158
4 2 1 -0.349
4 2 2 -0.890
4 2 3 -1.575
4 2 4 0.266
4 2 5 0.539
4 2 6 -1.252
4 2 7 -0.035
4 2 8 0.477
4 2 9 1.946
4 2 10 1.177
4 2 11 0.897
4 2 12 1.246
4 2 13 0.610
4 2 14 0.408
4 2 15 0.351
4 2 16 -0.720
4 2 17 0.603
4 2 18 -1.246
4 2 19 0.142
4 2 20 1.891
4 2 21 -0.218
4 2 22 0.482
4 2 23 0.423
4 2 24 0.032
4 2 25 0.956
4 2 26 1.025
4 2 27 1.304
4 2 28 0.519
4 2 29 1.124
4 2 30 0.452
4 2 31 0.182
4 2 32 0.085
4 2 33 -0.070
4 2 34 0.915
4 2 35 0.792
4 2 36 1.461
4 2 37 0.885
4 2 38 1.469
4 2 39 0.193
4 2 40 -1.360
4 2 41 1.185
4 2 42 1.281
4 2 43 0.659
4 2 44 0.746
4 2 45 0.149
4 2 46 -1.003
4 2 47 0.947
4 2 48 0.049
4 2 49 0.907
4 2 50 0.003
4 2 51 0.989
4 2 52 -0.039
4 2 53 1.075
4 2 54 0.126
4 2 55 1.429
4 2 56 1.015
4 2 57 -0.051
4 2 58 -0.028
4 2 59 -1.440
4 2 60 1.225
4 2 61 1.582
4 2 62 -1.023
4 3 1 1.692
4 3 2 1.619
4 3 3 -5.393
4 3 4 9.049
4 3 5 1.647
5 1 1 -0.965
5 1 2 2.424
5 1 3 -0.493
5 1 4 0.164
5 1 5 0.119
5 1 6 3.592
5 1 7 -1.822
5 1 8 1.170
5 1 9 1.510
5 1 10 1.906
5 1 11 -0.479
5 1 12 -0.612
5 1 13 2.428
5 1 14 1.561
5 1 15 -3.326
5 1 16 9.416
5 1 17 2.511
5 1 18 -0.100
5 1 19 -1.346
5 1 20 -0.517
5 1 21 0.521
5 1 22 -0.872
5 1 23 -0.162
5 2 1 1.541
5 2 2 -0.999
5 2 3 0.057
5 2 4 0.825
5 2 5 0.057
5 2 6 1.457
5 2 7 0.879
5 2 8 0.309
5 2 9 0.673
5 2 10 1.370
5 2 11 0.158
5 2 12 0.715
5 2 13 0.410
5 2 14 0.719
5 2 15 0.656
5 2 16 2.543
5 2 17 -0.011
5 2 18 0.347
5 2 19 1.503
5 2 20 0.276
5 2 21 0.315
5 2 22 -0.395
5 2 23 0.009
5 2 24 0.614
5 2 25 1.465
5 2 26 0.602
5 2 27 1.250
5 2 28 1.681
5 2 29 0.983
5 2 30 1.272
5 2 31 1.186
5 2 32 0.678
5 2 33 1.218
5 2 34 0.410
5 2 35 0.517
5 2 36 -0.432
5 2 37 0.115
5 2 38 -0.794
5 2 39 -0.563
5 2 40 0.158
5 2 41 1.059
5 2 42 1.673
5 2 43 0.982
5 2 44 0.773
5 2 45 1.582
5 2 46 0.042
5 2 47 0.785
5 2 48 -0.509
5 2 49 -0.702
5 2 50 0.479
5 2 51 1.139
5 2 52 0.121
5 2 53 0.895
5 2 54 1.473
5 2 55 -0.654
5 2 56 2.027
5 2 57 -0.254
5 2 58 0.305
5 2 59 -0.553
5 2 60 -0.084
5 2 61 2.214
5 2 62 -1.081
5 3 1 0.258
5 3 2 1.450
5 3 3 3.263
5 3 4 -2.893
5 3 5 -7.759
6 1 1 3.523
6 1 2 0.024
6 1 3 -2.599
6 1 4 2.012
6 1 5 2.276
6 1 6 -1.959
6 1 7 0.028
6 1 8 2.918
6 1 9 2.029
6 1 10 -0.209
6 1 11 0.123
6 1 12 0.080
6 1 13 1.932
6 1 14 -5.340
6 1 15 -2.338
6 1 16 0.078
6 1 17 3.746
6 1 18 0.386
6 1 19 -0.210
6 1 20 2.220
6 1 21 0.000
6 1 22 -3.624
6 1 23 -0.303
6 2 1 -1.612
6 2 2 -0.167
6 2 3 -0.131
6 2 4 1.949
6 2 5 0.899
6 2 6 1.487
6 2 7 -0.624
6 2 8 -1.679
6 2 9 -0.540
6 2 10 0.463
6 2 11 0.695
6 2 12 1.131
6 2 13 0.108
6 2 14 0.297
6 2 15 0.243
6 2 16 -0.831
6 2 17 -1.189
6 2 18 -0.029
6 2 19 1.475
6 2 20 -0.451
6 2 21 0.921
6 2 22 0.443
6 2 23 -0.149
6 2 24 1.115
6 2 25 1.012
6 2 26 0.436
6 2 27 0.652
6 2 28 0.640
6 2 29 0.761
6 2 30 0.622
6 2 31 0.872
6 2 32 0.472
6 2 33 -1.045
6 2 34 -0.093
6 2 35 0.360
6 2 36 0.798
6 2 37 0.206
6 2 38 -1.155
6 2 39 -0.414
6 2 40 1.157
6 2 41 2.105
6 2 42 1.593
6 2 43 -0.316
6 2 44 0.631
6 2 45 0.487
6 2 46 0.988
6 2 47 0.332
6 2 48 0.105
6 2 49 1.062
6 2 50 1.115
6 2 51 1.008
6 2 52 -0.223
6 2 53 1.242
6 2 54 0.790
6 2 55 0.815
6 2 56 0.834
6 2 57 0.894
6 2 58 -0.127
6 2 59 -0.423
6 2 60 0.182
6 2 61 0.399
6 2 62 -0.687
6 3 1 -0.845
6 3 2 1.824
6 3 3 12.363
6 3 4 -6.705
6 3 5 3.307
