1 1 1 765.232 765.232 2.622 2.622 0.341 0.003
1 1 2 848.931 848.931 3.384 3.384 0.044 0.003
1 1 3 695.759 695.759 2.885 2.885 0.150 0.005
1 1 4 839.226 839.226 4.022 4.022 0.170 0.004
1 1 5 871.420 871.420 4.991 4.991 0.033 0.005
1 1 6 812.825 812.825 5.966 5.966 -0.193 0.008
1 1 7 693.955 693.955 3.947 3.947 -0.057 0.007
1 1 8 737.553 737.553 131.455 131.455 0.055 0.008
1 1 9 739.038 739.038 7.342 7.342 0.059 0.008
1 1 10 681.349 681.349 4.464 4.464 0.050 0.010
1 1 11 812.964 812.964 4.595 4.595 -0.308 0.010
1 1 12 774.995 774.995 4.004 4.004 -0.017 0.010
1 1 13 671.689 671.689 3.137 3.137 0.119 0.012
1 1 14 803.495 803.495 4.203 4.203 -0.053 0.010
1 1 15 742.741 742.741 4.944 4.944 -0.055 0.010
1 1 16 561.336 561.336 3.491 3.491 -0.263 0.012
1 1 17 694.543 694.543 6.104 6.104 -0.088 0.014
1 1 18 767.888 767.888 7.735 7.735 -0.006 0.011
1 1 19 835.949 835.949 11.718 11.718 -0.016 0.014
1 1 20 728.497 728.497 7.526 7.526 -0.009 0.013
1 1 21 821.460 821.460 8.712 8.712 0.016 0.012
1 1 22 778.751 778.751 6.389 6.389 -0.285 0.015
1 1 23 695.275 695.275 7.107 7.107 -0.030 0.015
1 2 1 1594.677 1594.677 8.709 8.709 -0.039 0.004
1 2 2 1154.571 1154.571 193.877 193.877 -0.018 0.002
1 2 3 1386.967 1386.967 7.353 7.353 0.022 0.002
1 2 4 1343.562 1343.562 6.125 6.125 0.073 0.002
1 2 5 1274.921 1274.921 5.889 5.889 0.139 0.003
1 2 6 1186.012 1186.012 5.841 5.841 0.082 0.003
1 2 7 1436.498 1436.498 6.083 6.083 0.020 0.003
1 2 8 1352.661 1352.661 5.328 5.328 0.047 0.003
1 2 9 1267.800 1267.800 5.280 5.280 -0.033 0.003
1 2 10 1215.184 1215.184 5.684 5.684 -0.008 0.004
1 2 11 1308.625 1308.625 5.875 5.875 0.005 0.004
1 2 12 1340.986 1340.986 7.739 7.739 -0.023 0.004
1 2 13 1225.300 1225.300 7.269 7.269 -0.144 0.007
1 2 14 1353.907 1353.907 8.223 8.223 0.004 0.006
1 2 15 1309.356 1309.356 8.592 8.592 -0.012 0.006
1 2 16 1128.162 1128.162 8.457 8.457 -0.042 0.007
1 2 17 1132.138 1132.138 10.191 10.191 0.010 0.006
1 2 18 1282.523 1282.523 7.093 7.093 0.020 0.009
1 2 19 1313.254 1313.254 7.943 7.943 -0.009 0.009
1 2 20 1266.677 1266.677 6.718 6.718 0.025 0.009
1 2 21 1137.622 1137.622 13.162 13.162 0.087 0.012
1 2 22 1124.017 1124.017 10.582 10.582 -0.032 0.010
1 2 23 1200.731 1200.731 7.900 7.900 0.092 0.012
1 2 24 1196.307 1196.307 7.729 7.729 -0.053 0.010
1 2 25 1280.629 1280.629 8.350 8.350 0.041 0.009
1 2 26 1342.321 1342.321 7.591 7.591 -0.009 0.010
1 2 27 1238.851 1238.851 8.221 8.221 0.050 0.009
1 2 28 1258.936 1258.936 14.207 14.207 0.278 0.013
1 2 29 1315.090 1315.090 10.456 10.456 0.060 0.012
1 2 30 1309.416 1309.416 9.476 9.476 0.048 0.012
1 2 31 1228.236 1228.236 9.955 9.955 -0.047 0.014
1 2 32 1255.852 1255.852 6.801 6.801 -0.092 0.007
1 2 33 1302.342 1302.342 9.277 9.277 0.020 0.009
1 2 34 1246.267 1246.267 6.596 6.596 0.015 0.009
1 2 35 1234.979 1234.979 9.565 9.565 -0.004 0.010
1 2 36 1307.163 1307.163 9.691 9.691 -0.095 0.010
1 2 37 1354.761 1354.761 8.737 8.737 0.017 0.010
1 2 38 1388.564 1388.564 8.966 8.966 0.048 0.008
1 2 39 1295.043 1295.043 7.261 7.261 -0.004 0.011
1 2 40 1368.748 1368.748 8.622 8.622 0.052 0.011
1 2 41 1350.202 1350.202 9.286 9.286 0.003 0.009
1 2 42 1359.665 1359.665 8.720 8.720 0.108 0.014
1 2 43 1347.432 1347.432 8.494 8.494 -0.005 0.014
1 2 44 1300.015 1300.015 11.793 11.793 0.011 0.014
1 2 45 1374.822 1374.822 10.671 10.671 0.129 0.012
1 2 46 1454.978 1454.978 12.247 12.247 -0.051 0.013
1 2 47 1244.071 1244.071 12.924 12.924 -0.015 0.013
1 2 48 1316.747 1316.747 11.396 11.396 0.104 0.011
1 2 49 1605.272 1605.272 14.449 14.449 0.117 0.012
1 2 50 1265.613 1265.613 13.515 13.515 0.104 0.011
1 2 51 1332.881 1332.881 14.142 14.142 0.103 0.010
1 2 52 1417.233 1417.233 16.230 16.230 0.151 0.013
1 2 53 1293.586 1293.586 16.307 16.307 -0.022 0.012
1 2 54 1310.557 1310.557 22.626 22.626 0.072 0.012
1 2 55 1243.906 1243.906 19.423 19.423 0.069 0.014
1 2 56 1291.682 1291.682 17.518 17.518 0.094 0.013
1 2 57 1269.146 1269.146 21.252 21.252 0.092 0.016
1 2 58 1359.608 1359.608 27.158 27.158 0.025 0.015
1 2 59 1260.455 1260.455 12.007 12.007 0.038 0.013
1 2 60 1414.349 1414.349 15.253 15.253 0.030 0.015
1 2 61 1265.169 1265.169 17.211 17.211 -0.017 0.017
1 2 62 1187.566 1187.566 19.391 19.391 0.128 0.017
1 3 1 619.499 619.499 5.860 5.860 0.195 0.013
1 3 2 675.764 675.764 3.619 3.619 -0.134 0.011
1 3 3 576.318 576.318 3.555 3.555 0.115 0.012
1 3 4 643.717 643.717 5.569 5.569 0.081 0.015
1 3 5 499.245 499.245 6.745 6.745 0.391 0.016
2 1 1 907.481 907.481 5.660 5.660 0.152 0.002
2 1 2 813.569 813.569 3.700 3.700 -0.021 0.003
2 1 3 744.119 744.119 3.521 3.521 0.124 0.006
2 1 4 714.921 714.921 3.860 3.860 -0.041 0.005
2 1 5 813.235 813.235 6.300 6.300 0.300 0.007
2 1 6 12.500 12.500 0.000 0.000 0.000 0.000
2 1 7 774.473 774.473 4.012 4.012 0.149 0.007
2 1 8 612.632 612.632 5.424 5.424 0.157 0.008
2 1 9 773.899 773.899 5.564 5.564 0.212 0.009
2 1 10 12.500 12.500 0.000 0.000 0.000 0.000
2 1 11 683.441 683.441 4.382 4.382 0.091 0.010
2 1 12 695.125 695.125 6.672 6.672 -0.014 0.016
2 1 13 752.751 752.751 3.787 3.787 0.118 0.012
2 1 14 785.187 785.187 3.554 3.554 0.009 0.012
2 1 15 817.327 817.327 6.226 6.226 0.043 0.014
2 1 16 707.769 707.769 5.352 5.352 -0.094 0.014
2 1 17 751.596 751.596 5.508 5.508 -0.112 0.014
2 1 18 828.174 828.174 6.995 6.995 0.019 0.011
2 1 19 1.017 1.017 1.414 1.414 1.901 0.020
2 1 20 718.324 718.324 10.779 10.779 -0.213 0.013
2 1 21 809.272 809.272 34.589 34.589 0.019 0.014
2 1 22 820.789 820.789 7.837 7.837 -0.184 0.014
2 1 23 612.467 612.467 6.595 6.595 0.236 0.015
2 2 1 1680.270 1680.270 29.635 29.635 -0.062 0.002
2 2 2 2075.980 2075.980 22.532 22.532 -0.047 0.002
2 2 3 1773.766 1773.766 25.531 25.531 0.038 0.002
2 2 4 1778.738 1778.738 19.277 19.277 0.061 0.003
2 2 5 1607.327 1607.327 16.439 16.439 0.042 0.003
2 2 6 1562.786 1562.786 9.486 9.486 -0.043 0.002
2 2 7 1428.184 1428.184 10.551 10.551 -0.020 0.003
2 2 8 1518.240 1518.240 8.359 8.359 -0.011 0.004
2 2 9 1333.482 1333.482 10.901 10.901 0.299 0.003
2 2 10 1484.396 1484.396 10.797 10.797 -0.051 0.003
2 2 11 1433.170 1433.170 9.260 9.260 0.066 0.003
2 2 12 1425.005 1425.005 6.450 6.450 -0.064 0.004
2 2 13 1385.678 1385.678 7.208 7.208 -0.015 0.004
2 2 14 1352.549 1352.549 7.833 7.833 0.129 0.006
2 2 15 1403.858 1403.858 11.060 11.060 -0.136 0.006
2 2 16 1310.811 1310.811 7.916 7.916 0.057 0.006
2 2 17 1413.366 1413.366 78.395 78.395 0.060 0.006
2 2 18 1389.779 1389.779 8.120 8.120 0.166 0.009
2 2 19 1458.412 1458.412 8.804 8.804 0.080 0.009
2 2 20 1359.274 1359.274 9.981 9.981 0.123 0.008
2 2 21 1356.272 1356.272 10.971 10.971 0.060 0.011
2 2 22 1289.225 1289.225 17.086 17.086 0.098 0.008
2 2 23 1191.942 1191.942 9.666 9.666 0.003 0.010
2 2 24 1377.905 1377.905 13.397 13.397 0.097 0.011
2 2 25 1153.609 1153.609 24.802 24.802 0.039 0.010
2 2 26 1315.842 1315.842 7.668 7.668 0.068 0.010
2 2 27 1364.863 1364.863 8.902 8.902 0.170 0.009
2 2 28 1385.014 1385.014 13.541 13.541 -0.066 0.011
2 2 29 1274.979 1274.979 11.079 11.079 0.078 0.013
2 2 30 1312.893 1312.893 9.180 9.180 0.098 0.013
2 2 31 1260.028 1260.028 8.412 8.412 0.184 0.016
2 2 32 1370.814 1370.814 7.888 7.888 0.085 0.009
2 2 33 1386.353 1386.353 8.220 8.220 0.012 0.010
2 2 34 1461.502 1461.502 7.970 7.970 0.070 0.008
2 2 35 1361.922 1361.922 12.032 12.032 0.045 0.009
2 2 36 1402.642 1402.642 8.361 8.361 -0.061 0.010
2 2 37 1414.962 1414.962 8.228 8.228 0.125 0.010
2 2 38 1425.055 1425.055 8.028 8.028 0.126 0.008
2 2 39 1376.051 1376.051 7.833 7.833 -0.060 0.013
2 2 40 1453.286 1453.286 11.743 11.743 -0.093 0.012
2 2 41 1464.458 1464.458 10.014 10.014 -0.088 0.011
2 2 42 1479.538 1479.538 10.321 10.321 0.084 0.013
2 2 43 1449.849 1449.849 13.475 13.475 -0.025 0.014
2 2 44 1401.282 1401.282 13.755 13.755 -0.055 0.011
2 2 45 1523.259 1523.259 11.215 11.215 0.008 0.013
2 2 46 1461.519 1461.519 15.244 15.244 -0.031 0.013
2 2 47 1412.598 1412.598 9.324 9.324 -0.198 0.013
2 2 48 1495.392 1495.392 12.600 12.600 -0.026 0.012
2 2 49 1619.033 1619.033 17.540 17.540 0.020 0.012
2 2 50 1427.326 1427.326 12.086 12.086 0.036 0.012
2 2 51 1582.685 1582.685 11.520 11.520 0.076 0.010
2 2 52 1460.936 1460.936 34.191 34.191 -0.052 0.011
2 2 53 1550.102 1550.102 40.479 40.479 0.009 0.011
2 2 54 1545.442 1545.442 12.928 12.928 0.070 0.012
2 2 55 1558.796 1558.796 14.899 14.899 0.043 0.014
2 2 56 1376.222 1376.222 14.341 14.341 0.115 0.011
2 2 57 1462.500 1462.500 6.350 6.350 0.108 0.013
2 2 58 1375.339 1375.339 17.806 17.806 0.130 0.014
2 2 59 1446.920 1446.920 29.256 29.256 0.058 0.018
2 2 60 1501.203 1501.203 18.137 18.137 0.171 0.017
2 2 61 1538.164 1538.164 22.345 22.345 0.021 0.013
2 2 62 1506.513 1506.513 18.922 18.922 0.134 0.014
2 3 1 592.753 592.753 4.913 4.913 0.004 0.014
2 3 2 693.417 693.417 4.209 4.209 -0.168 0.010
2 3 3 598.939 598.939 3.946 3.946 -0.115 0.011
2 3 4 585.635 585.635 5.103 5.103 0.023 0.016
2 3 5 600.429 600.429 7.063 7.063 0.128 0.013
3 1 1 952.633 952.633 4.139 4.139 0.140 0.001
3 1 2 801.642 801.642 3.156 3.156 0.059 0.002
3 1 3 805.895 805.895 3.572 3.572 0.024 0.004
3 1 4 786.740 786.740 4.426 4.426 -0.020 0.004
3 1 5 924.832 924.832 5.156 5.156 -0.330 0.007
3 1 6 740.255 740.255 9.650 9.650 0.059 0.009
3 1 7 -464.326 -464.326 489.821 489.821 -0.153 0.007
3 1 8 674.470 674.470 7.024 7.024 -0.156 0.007
3 1 9 813.908 813.908 4.951 4.951 0.032 0.008
3 1 10 685.393 685.393 2.987 2.987 -0.082 0.010
3 1 11 783.840 783.840 5.748 5.748 -0.145 0.013
3 1 12 761.795 761.795 4.617 4.617 0.071 0.011
3 1 13 736.771 736.771 4.143 4.143 -0.084 0.012
3 1 14 814.613 814.613 4.663 4.663 0.071 0.011
3 1 15 781.740 781.740 5.750 5.750 -0.217 0.011
3 1 16 660.936 660.936 5.442 5.442 0.148 0.013
3 1 17 737.028 737.028 9.663 9.663 -0.122 0.013
3 1 18 805.180 805.180 7.203 7.203 0.106 0.011
3 1 19 690.033 690.033 7.142 7.142 0.126 0.012
3 1 20 865.941 865.941 14.926 14.926 -0.037 0.013
3 1 21 859.885 859.885 7.530 7.530 0.365 0.013
3 1 22 956.070 956.070 8.880 8.880 0.296 0.012
3 1 23 723.464 723.464 14.136 14.136 -0.031 0.016
3 2 1 1289.381 1289.381 159.703 159.703 -0.114 0.002
3 2 2 2061.149 2061.149 17.524 17.524 0.063 0.002
3 2 3 1924.638 1924.638 15.147 15.147 0.057 0.001
3 2 4 1756.948 1756.948 19.109 19.109 -0.031 0.001
3 2 5 1547.482 1547.482 10.432 10.432 -0.104 0.002
3 2 6 1462.500 1462.500 7.378 7.378 0.144 0.003
3 2 7 1486.958 1486.958 7.814 7.814 -0.019 0.002
3 2 8 1437.500 1437.500 7.505 7.505 0.003 0.002
3 2 9 1450.339 1450.339 7.618 7.618 -0.006 0.004
3 2 10 1424.219 1424.219 6.175 6.175 0.008 0.003
3 2 11 1452.738 1452.738 6.508 6.508 -0.001 0.003
3 2 12 1413.695 1413.695 7.937 7.937 -0.001 0.003
3 2 13 1413.309 1413.309 8.132 8.132 -0.117 0.005
3 2 14 1340.151 1340.151 7.006 7.006 -0.069 0.005
3 2 15 1357.614 1357.614 98.172 98.172 0.091 0.004
3 2 16 1355.129 1355.129 8.348 8.348 0.024 0.007
3 2 17 1365.900 1365.900 42.336 42.336 -0.052 0.005
3 2 18 1319.853 1319.853 8.711 8.711 -0.166 0.007
3 2 19 1456.181 1456.181 6.994 6.994 -0.022 0.006
3 2 20 1216.895 1216.895 7.222 7.222 -0.115 0.007
3 2 21 1379.468 1379.468 66.679 66.679 -0.122 0.010
3 2 22 1268.394 1268.394 18.692 18.692 -0.261 0.008
3 2 23 1274.425 1274.425 7.530 7.530 -0.077 0.009
3 2 24 1516.550 1516.550 10.338 10.338 -0.319 0.009
3 2 25 1363.204 1363.204 12.130 12.130 0.031 0.010
3 2 26 1352.159 1352.159 12.281 12.281 -0.220 0.009
3 2 27 1400.512 1400.512 9.207 9.207 -0.040 0.010
3 2 28 1155.739 1155.739 12.174 12.174 -0.094 0.012
3 2 29 1292.996 1292.996 7.397 7.397 -0.043 0.014
3 2 30 1326.806 1326.806 8.185 8.185 -0.058 0.013
3 2 31 1358.718 1358.718 6.617 6.617 0.047 0.013
3 2 32 1392.663 1392.663 9.914 9.914 -0.059 0.008
3 2 33 1288.950 1288.950 7.130 7.130 0.061 0.011
3 2 34 1392.058 1392.058 8.784 8.784 -0.020 0.009
3 2 35 1422.782 1422.782 7.954 7.954 0.018 0.010
3 2 36 1427.127 1427.127 7.507 7.507 0.008 0.010
3 2 37 1430.352 1430.352 8.320 8.320 -0.078 0.010
3 2 38 1388.225 1388.225 8.583 8.583 0.014 0.008
3 2 39 1402.762 1402.762 9.129 9.129 0.027 0.010
3 2 40 1525.886 1525.886 12.127 12.127 -0.022 0.009
3 2 41 1456.825 1456.825 10.755 10.755 0.080 0.012
3 2 42 1517.387 1517.387 13.883 13.883 0.056 0.012
3 2 43 1594.420 1594.420 15.666 15.666 0.040 0.011
3 2 44 1357.116 1357.116 11.556 11.556 0.106 0.012
3 2 45 1412.500 1412.500 25.860 25.860 -0.046 0.013
3 2 46 1481.687 1481.687 10.152 10.152 0.107 0.014
3 2 47 1468.047 1468.047 12.896 12.896 0.072 0.011
3 2 48 1438.835 1438.835 12.735 12.735 0.136 0.013
3 2 49 1554.678 1554.678 16.066 16.066 -0.044 0.014
3 2 50 1482.641 1482.641 13.134 13.134 0.072 0.016
3 2 51 1529.820 1529.820 14.917 14.917 0.166 0.015
3 2 52 1399.865 1399.865 14.351 14.351 0.060 0.010
3 2 53 1481.703 1481.703 15.526 15.526 0.007 0.015
3 2 54 1550.226 1550.226 19.618 19.618 0.216 0.013
3 2 55 1597.849 1597.849 16.497 16.497 0.201 0.013
3 2 56 1564.843 1564.843 17.187 17.187 0.004 0.011
3 2 57 1787.500 1787.500 436.895 436.895 0.119 0.015
3 2 58 1523.260 1523.260 13.167 13.167 0.096 0.014
3 2 59 1521.654 1521.654 18.227 18.227 0.085 0.016
3 2 60 1351.796 1351.796 12.347 12.347 0.038 0.014
3 2 61 1668.219 1668.219 31.092 31.092 0.324 0.016
3 2 62 1808.139 1808.139 17.750 17.750 0.271 0.013
3 3 1 413.422 413.422 22.003 22.003 0.453 0.015
3 3 2 738.700 738.700 4.477 4.477 -0.012 0.009
3 3 3 555.951 555.951 4.812 4.812 0.192 0.011
3 3 4 630.563 630.563 8.398 8.398 0.055 0.014
3 3 5 12.500 12.500 0.000 0.000 0.000 0.000
4 1 1 1095.458 1095.458 5.900 5.900 0.546 0.002
4 1 2 814.071 814.071 5.914 5.914 -0.021 0.002
4 1 3 875.383 875.383 5.234 5.234 -0.057 0.003
4 1 4 721.070 721.070 4.026 4.026 0.032 0.004
4 1 5 743.458 743.458 9.591 9.591 0.152 0.008
4 1 6 292.438 292.438 72.102 72.102 0.447 0.007
4 1 7 725.911 725.911 5.052 5.052 -0.137 0.007
4 1 8 694.057 694.057 4.284 4.284 -0.026 0.008
4 1 9 664.728 664.728 6.140 6.140 -0.107 0.008
4 1 10 688.522 688.522 4.649 4.649 -0.346 0.009
4 1 11 609.857 609.857 4.802 4.802 -0.076 0.014
4 1 12 695.140 695.140 4.431 4.431 0.081 0.009
4 1 13 744.573 744.573 3.894 3.894 -0.070 0.010
4 1 14 722.551 722.551 3.842 3.842 0.022 0.012
4 1 15 804.855 804.855 4.705 4.705 -0.119 0.012
4 1 16 947.055 947.055 7.075 7.075 -0.611 0.011
4 1 17 644.488 644.488 4.182 4.182 -0.099 0.012
4 1 18 884.773 884.773 8.901 8.901 -0.164 0.010
4 1 19 803.890 803.890 9.592 9.592 -0.324 0.013
4 1 20 860.131 860.131 10.672 10.672 -0.103 0.016
4 1 21 824.541 824.541 12.386 12.386 -0.107 0.015
4 1 22 745.004 745.004 7.933 7.933 -0.110 0.012
4 1 23 724.078 724.078 7.505 7.505 0.204 0.014
4 2 1 1743.568 1743.568 235.241 235.241 0.019 0.003
4 2 2 1535.336 1535.336 13.666 13.666 0.003 0.001
4 2 3 1337.500 1337.500 12.689 12.689 0.010 0.002
4 2 4 1382.236 1382.236 9.498 9.498 0.177 0.003
4 2 5 1428.395 1428.395 8.647 8.647 0.072 0.002
4 2 6 1274.735 1274.735 8.215 8.215 -0.005 0.002
4 2 7 1202.291 1202.291 13.612 13.612 -0.058 0.002
4 2 8 1268.707 1268.707 6.595 6.595 0.043 0.004
4 2 9 1168.611 1168.611 13.850 13.850 0.026 0.004
4 2 10 1186.432 1186.432 11.341 11.341 -0.022 0.003
4 2 11 1202.200 1202.200 10.223 10.223 0.069 0.004
4 2 12 1210.941 1210.941 19.993 19.993 -0.096 0.003
4 2 13 1254.234 1254.234 11.332 11.332 -0.011 0.004
4 2 14 1184.759 1184.759 10.758 10.758 0.145 0.005
4 2 15 1192.940 1192.940 11.999 11.999 0.082 0.005
4 2 16 1186.518 1186.518 14.832 14.832 -0.011 0.006
4 2 17 1126.855 1126.855 10.717 10.717 -0.039 0.006
4 2 18 1314.050 1314.050 8.789 8.789 0.033 0.007
4 2 19 1243.700 1243.700 17.219 17.219 -0.053 0.006
4 2 20 1158.585 1158.585 10.042 10.042 0.080 0.008
4 2 21 1183.199 1183.199 9.419 9.419 0.020 0.011
4 2 22 1118.199 1118.199 11.016 11.016 -0.037 0.008
4 2 23 1264.475 1264.475 6.485 6.485 -0.130 0.008
4 2 24 1250.953 1250.953 11.402 11.402 0.034 0.008
4 2 25 1266.181 1266.181 9.712 9.712 -0.017 0.010
4 2 26 1308.219 1308.219 9.736 9.736 0.064 0.010
4 2 27 1230.453 1230.453 8.705 8.705 0.027 0.010
4 2 28 1302.705 1302.705 11.354 11.354 0.003 0.009
4 2 29 1281.700 1281.700 10.285 10.285 0.021 0.013
4 2 30 1241.122 1241.122 7.922 7.922 0.086 0.011
4 2 31 1302.664 1302.664 6.569 6.569 -0.009 0.013
4 2 32 1303.105 1303.105 8.459 8.459 -0.018 0.007
4 2 33 1278.486 1278.486 8.768 8.768 -0.047 0.010
4 2 34 1240.845 1240.845 7.596 7.596 -0.085 0.009
4 2 35 1251.872 1251.872 8.210 8.210 0.034 0.008
4 2 36 1325.806 1325.806 7.051 7.051 -0.049 0.009
4 2 37 1386.043 1386.043 10.119 10.119 -0.028 0.008
4 2 38 1328.768 1328.768 9.826 9.826 -0.015 0.008
4 2 39 1248.268 1248.268 7.745 7.745 -0.085 0.009
4 2 40 1357.010 1357.010 8.398 8.398 0.046 0.010
4 2 41 1349.019 1349.019 12.651 12.651 -0.049 0.010
4 2 42 1356.690 1356.690 10.732 10.732 0.015 0.010
4 2 43 1353.158 1353.158 20.794 20.794 0.064 0.012
4 2 44 1328.567 1328.567 8.566 8.566 0.012 0.011
4 2 45 1335.047 1335.047 11.362 11.362 0.080 0.011
4 2 46 1435.356 1435.356 10.836 10.836 0.085 0.013
4 2 47 1353.610 1353.610 13.056 13.056 -0.033 0.013
4 2 48 1307.387 1307.387 10.981 10.981 0.033 0.011
4 2 49 1309.933 1309.933 9.492 9.492 -0.037 0.007
4 2 50 1392.625 1392.625 14.330 14.330 -0.036 0.010
4 2 51 1483.459 1483.459 19.606 19.606 -0.099 0.010
4 2 52 1380.724 1380.724 13.850 13.850 0.007 0.012
4 2 53 1376.487 1376.487 11.119 11.119 -0.017 0.012
4 2 54 1278.219 1278.219 23.530 23.530 0.076 0.014
4 2 55 1374.697 1374.697 13.537 13.537 -0.181 0.016
4 2 56 1334.431 1334.431 15.887 15.887 -0.041 0.012
4 2 57 1403.062 1403.062 14.917 14.917 -0.006 0.017
4 2 58 1158.762 1158.762 47.143 47.143 -0.064 0.016
4 2 59 1360.198 1360.198 13.230 13.230 -0.052 0.012
4 2 60 1335.021 1335.021 15.291 15.291 -0.036 0.015
4 2 61 1207.492 1207.492 14.805 14.805 -0.093 0.017
4 2 62 1154.181 1154.181 20.063 20.063 -0.031 0.014
4 3 1 513.790 513.790 4.386 4.386 -0.041 0.013
4 3 2 692.154 692.154 3.383 3.383 -0.054 0.011
4 3 3 675.878 675.878 6.285 6.285 0.330 0.012
4 3 4 663.868 663.868 5.221 5.221 0.015 0.015
4 3 5 754.561 754.561 7.757 7.757 0.127 0.012
5 1 1 931.789 931.789 4.194 4.194 0.028 0.002
5 1 2 832.676 832.676 3.888 3.888 0.071 0.002
5 1 3 842.091 842.091 3.507 3.507 0.087 0.002
5 1 4 -3502.534 -3502.534 27349.987 27349.987 -0.095 0.003
5 1 5 744.184 744.184 4.381 4.381 -0.002 0.006
5 1 6 -1072.443 -1072.443 4349.830 4349.830 -0.051 0.007
5 1 7 779.878 779.878 6.328 6.328 0.036 0.008
5 1 8 635.997 635.997 5.522 5.522 -0.149 0.009
5 1 9 814.651 814.651 4.913 4.913 0.011 0.008
5 1 10 -603.050 -603.050 382.028 382.028 -0.083 0.008
5 1 11 774.736 774.736 4.025 4.025 -0.101 0.009
5 1 12 671.571 671.571 3.824 3.824 -0.225 0.009
5 1 13 831.100 831.100 4.915 4.915 -0.082 0.009
5 1 14 747.674 747.674 5.156 5.156 -0.097 0.012
5 1 15 735.629 735.629 4.599 4.599 -0.088 0.010
5 1 16 816.178 816.178 5.495 5.495 -0.188 0.011
5 1 17 780.803 780.803 5.774 5.774 0.175 0.011
5 1 18 870.715 870.715 7.474 7.474 0.005 0.010
5 1 19 884.873 884.873 6.923 6.923 0.084 0.011
5 1 20 892.577 892.577 6.098 6.098 0.330 0.012
5 1 21 777.630 777.630 45.722 45.722 -0.046 0.011
5 1 22 928.103 928.103 13.538 13.538 0.043 0.012
5 1 23 709.396 709.396 7.232 7.232 0.263 0.016
5 2 1 2058.073 2058.073 659.375 659.375 0.046 0.001
5 2 2 1913.872 1913.872 17.505 17.505 -0.001 0.002
5 2 3 1641.050 1641.050 26.210 26.210 -0.035 0.002
5 2 4 1619.029 1619.029 17.347 17.347 -0.082 0.002
5 2 5 1549.501 1549.501 9.803 9.803 0.007 0.003
5 2 6 1563.561 1563.561 9.487 9.487 0.046 0.002
5 2 7 1626.513 1626.513 10.121 10.121 -0.004 0.002
5 2 8 1424.708 1424.708 6.571 6.571 0.041 0.003
5 2 9 1479.259 1479.259 8.059 8.059 0.078 0.003
5 2 10 1491.279 1491.279 8.212 8.212 0.051 0.003
5 2 11 1538.837 1538.837 8.418 8.418 -0.005 0.003
5 2 12 1465.971 1465.971 7.458 7.458 0.038 0.003
5 2 13 1499.966 1499.966 8.039 8.039 0.024 0.004
5 2 14 1273.504 1273.504 7.274 7.274 0.058 0.005
5 2 15 1441.207 1441.207 8.407 8.407 0.054 0.005
5 2 16 1573.051 1573.051 8.044 8.044 -0.196 0.005
5 2 17 1485.114 1485.114 9.205 9.205 -0.002 0.006
5 2 18 1479.207 1479.207 13.364 13.364 0.088 0.008
5 2 19 1355.589 1355.589 8.956 8.956 -0.070 0.007
5 2 20 1394.629 1394.629 14.219 14.219 0.089 0.007
5 2 21 1205.863 1205.863 17.391 17.391 0.149 0.010
5 2 22 1175.630 1175.630 19.041 19.041 0.060 0.009
5 2 23 1220.598 1220.598 21.673 21.673 -0.067 0.007
5 2 24 1420.388 1420.388 10.410 10.410 0.005 0.010
5 2 25 1342.402 1342.402 9.058 9.058 -0.001 0.010
5 2 26 1318.366 1318.366 9.695 9.695 -0.029 0.010
5 2 27 1475.623 1475.623 7.696 7.696 -0.024 0.008
5 2 28 1231.713 1231.713 8.741 8.741 -0.010 0.012
5 2 29 1432.135 1432.135 9.188 9.188 0.031 0.013
5 2 30 1464.859 1464.859 8.538 8.538 -0.122 0.009
5 2 31 1252.907 1252.907 8.364 8.364 0.060 0.015
5 2 32 1408.072 1408.072 7.257 7.257 -0.061 0.007
5 2 33 1388.678 1388.678 9.497 9.497 -0.025 0.010
5 2 34 1499.641 1499.641 8.815 8.815 -0.102 0.008
5 2 35 1413.200 1413.200 11.386 11.386 0.039 0.009
5 2 36 1484.205 1484.205 8.165 8.165 0.034 0.008
5 2 37 1453.035 1453.035 9.224 9.224 0.053 0.009
5 2 38 1467.703 1467.703 11.249 11.249 -0.059 0.007
5 2 39 1443.148 1443.148 13.892 13.892 0.069 0.013
5 2 40 1447.317 1447.317 9.185 9.185 -0.032 0.010
5 2 41 1434.729 1434.729 9.158 9.158 -0.071 0.010
5 2 42 1468.575 1468.575 9.997 9.997 0.004 0.012
5 2 43 1433.286 1433.286 10.723 10.723 -0.193 0.012
5 2 44 1402.716 1402.716 13.662 13.662 0.012 0.010
5 2 45 1476.888 1476.888 12.698 12.698 -0.139 0.011
5 2 46 1385.588 1385.588 11.316 11.316 0.005 0.013
5 2 47 1377.486 1377.486 13.646 13.646 0.105 0.013
5 2 48 1490.645 1490.645 11.454 11.454 0.069 0.011
5 2 49 1542.195 1542.195 20.737 20.737 0.020 0.014
5 2 50 1651.347 1651.347 13.975 13.975 0.226 0.011
5 2 51 1476.807 1476.807 17.611 17.611 -0.104 0.010
5 2 52 1389.247 1389.247 10.059 10.059 0.015 0.011
5 2 53 1365.971 1365.971 8.586 8.586 -0.024 0.012
5 2 54 1440.718 1440.718 17.195 17.195 -0.123 0.013
5 2 55 1458.385 1458.385 20.337 20.337 0.054 0.013
5 2 56 1653.762 1653.762 13.775 13.775 -0.111 0.017
5 2 57 1514.249 1514.249 25.573 25.573 0.112 0.016
5 2 58 1452.806 1452.806 14.016 14.016 0.051 0.014
5 2 59 1489.199 1489.199 25.344 25.344 -0.022 0.017
5 2 60 1438.159 1438.159 18.008 18.008 0.118 0.015
5 2 61 1435.096 1435.096 12.739 12.739 -0.190 0.016
5 2 62 1265.863 1265.863 44.533 44.533 0.110 0.014
5 3 1 636.581 636.581 6.458 6.458 0.107 0.012
5 3 2 551.643 551.643 3.320 3.320 -0.047 0.011
5 3 3 727.699 727.699 6.294 6.294 0.025 0.011
5 3 4 483.566 483.566 4.275 4.275 0.427 0.015
5 3 5 654.255 654.255 6.025 6.025 0.086 0.015
6 1 1 959.930 959.930 4.168 4.168 -0.310 0.002
6 1 2 876.791 876.791 3.445 3.445 -0.039 0.002
6 1 3 861.413 861.413 3.550 3.550 -0.040 0.002
6 1 4 840.635 840.635 3.703 3.703 0.130 0.004
6 1 5 742.901 742.901 3.668 3.668 0.328 0.005
6 1 6 917.138 917.138 5.871 5.871 0.069 0.007
6 1 7 787.595 787.595 3.822 3.822 -0.026 0.007
6 1 8 787.159 787.159 93.099 93.099 -0.088 0.006
6 1 9 859.701 859.701 6.051 6.051 -0.120 0.008
6 1 10 829.489 829.489 5.054 5.054 0.197 0.009
6 1 11 740.019 740.019 5.750 5.750 -0.098 0.010
6 1 12 654.129 654.129 3.476 3.476 0.068 0.010
6 1 13 721.328 721.328 4.273 4.273 0.046 0.011
6 1 14 759.456 759.456 3.521 3.521 0.067 0.010
6 1 15 657.959 657.959 3.888 3.888 -0.155 0.011
6 1 16 636.106 636.106 3.805 3.805 0.161 0.012
6 1 17 660.539 660.539 4.443 4.443 0.199 0.012
6 1 18 700.227 700.227 5.193 5.193 0.275 0.011
6 1 19 921.384 921.384 8.887 8.887 0.213 0.011
6 1 20 765.872 765.872 9.152 9.152 0.408 0.012
6 1 21 12.500 12.500 0.000 0.000 0.000 0.000
6 1 22 888.237 888.237 10.808 10.808 0.217 0.014
6 1 23 708.507 708.507 8.749 8.749 0.131 0.016
6 2 1 2365.721 2365.721 26.405 26.405 -0.077 0.002
6 2 2 1881.281 1881.281 118.735 118.735 -0.055 0.002
6 2 3 1936.536 1936.536 22.749 22.749 -0.141 0.002
6 2 4 1628.729 1628.729 13.750 13.750 0.078 0.001
6 2 5 1552.243 1552.243 9.409 9.409 0.019 0.002
6 2 6 1525.639 1525.639 5.632 5.632 0.073 0.002
6 2 7 1517.220 1517.220 9.112 9.112 -0.027 0.002
6 2 8 1527.152 1527.152 8.508 8.508 -0.006 0.003
6 2 9 1456.290 1456.290 6.950 6.950 -0.070 0.003
6 2 10 1469.045 1469.045 8.821 8.821 0.019 0.003
6 2 11 1474.910 1474.910 9.340 9.340 -0.018 0.003
6 2 12 1639.473 1639.473 6.735 6.735 -0.070 0.003
6 2 13 1403.394 1403.394 11.976 11.976 0.033 0.004
6 2 14 1374.657 1374.657 8.127 8.127 -0.139 0.005
6 2 15 1444.323 1444.323 6.555 6.555 0.067 0.005
6 2 16 1374.198 1374.198 7.338 7.338 -0.054 0.006
6 2 17 1510.668 1510.668 9.538 9.538 -0.066 0.006
6 2 18 1368.398 1368.398 7.256 7.256 -0.056 0.008
6 2 19 1370.977 1370.977 12.707 12.707 -0.101 0.008
6 2 20 1321.213 1321.213 8.317 8.317 -0.052 0.008
6 2 21 1346.995 1346.995 7.381 7.381 0.089 0.010
6 2 22 1400.330 1400.330 12.964 12.964 -0.078 0.008
6 2 23 1345.243 1345.243 9.432 9.432 0.050 0.009
6 2 24 1266.215 1266.215 6.595 6.595 0.088 0.011
6 2 25 1445.361 1445.361 11.898 11.898 0.002 0.010
6 2 26 1367.173 1367.173 7.135 7.135 -0.032 0.010
6 2 27 1279.942 1279.942 8.773 8.773 0.037 0.009
6 2 28 1231.068 1231.068 7.869 7.869 -0.218 0.014
6 2 29 1338.718 1338.718 8.066 8.066 0.171 0.015
6 2 30 1406.530 1406.530 12.816 12.816 -0.149 0.011
6 2 31 1235.104 1235.104 7.743 7.743 -0.099 0.017
6 2 32 1314.166 1314.166 7.794 7.794 -0.024 0.007
6 2 33 1328.788 1328.788 8.224 8.224 0.004 0.011
6 2 34 1446.020 1446.020 7.497 7.497 -0.054 0.008
6 2 35 1370.917 1370.917 11.245 11.245 -0.007 0.011
6 2 36 1403.601 1403.601 8.217 8.217 -0.006 0.010
6 2 37 1401.290 1401.290 8.450 8.450 0.028 0.012
6 2 38 1489.171 1489.171 11.545 11.545 0.109 0.009
6 2 39 1351.886 1351.886 7.274 7.274 0.016 0.008
6 2 40 1461.420 1461.420 9.898 9.898 0.003 0.010
6 2 41 1405.541 1405.541 24.912 24.912 0.067 0.013
6 2 42 1405.101 1405.101 12.482 12.482 -0.060 0.013
6 2 43 1549.072 1549.072 15.442 15.442 0.136 0.014
6 2 44 1544.374 1544.374 12.889 12.889 -0.194 0.013
6 2 45 1477.348 1477.348 13.081 13.081 0.092 0.010
6 2 46 1376.886 1376.886 15.607 15.607 -0.177 0.013
6 2 47 1381.112 1381.112 12.206 12.206 0.050 0.015
6 2 48 1503.014 1503.014 17.597 17.597 0.035 0.010
6 2 49 1367.657 1367.657 18.061 18.061 -0.045 0.012
6 2 50 1500.820 1500.820 16.104 16.104 0.178 0.013
6 2 51 1527.267 1527.267 14.963 14.963 0.019 0.010
6 2 52 1572.775 1572.775 15.701 15.701 0.060 0.011
6 2 53 1553.979 1553.979 12.463 12.463 0.031 0.010
6 2 54 1587.782 1587.782 18.308 18.308 0.091 0.014
6 2 55 1587.557 1587.557 15.981 15.981 0.193 0.011
6 2 56 1485.049 1485.049 15.829 15.829 -0.012 0.016
6 2 57 1557.219 1557.219 17.563 17.563 0.104 0.013
6 2 58 1429.289 1429.289 13.832 13.832 0.140 0.015
6 2 59 1460.438 1460.438 71.047 71.047 0.231 0.015
6 2 60 1198.945 1198.945 52.133 52.133 0.070 0.014
6 2 61 1452.340 1452.340 37.357 37.357 0.149 0.015
6 2 62 1379.653 1379.653 7.520 7.520 0.121 0.014
6 3 1 669.934 669.934 5.816 5.816 -0.059 0.013
6 3 2 554.333 554.333 3.544 3.544 0.004 0.011
6 3 3 622.033 622.033 10.480 10.480 -0.682 0.014
6 3 4 646.471 646.471 4.610 4.610 -0.207 0.014
6 3 5 585.626 585.626 10.916 10.916 0.055 0.012
