1 1 1 62.080 0.500 0.000 71.942 0.500 0.000
1 1 2 68.707 0.500 0.000 62.434 0.500 0.000
1 1 3 71.738 0.500 0.000 73.462 0.500 0.000
1 1 4 72.898 0.500 0.000 68.874 0.500 0.000
1 1 5 66.225 0.500 0.000 76.839 0.500 0.000
1 1 6 83.117 0.500 0.000 60.309 0.500 0.000
1 1 7 64.814 0.500 0.000 66.514 0.500 0.000
1 1 8 69.122 0.500 0.000 70.670 0.500 0.000
1 1 9 55.866 0.500 0.000 68.066 0.500 0.000
1 1 10 77.198 0.500 0.000 62.711 0.500 0.000
1 1 11 69.448 0.500 0.000 46.520 0.500 0.000
1 1 12 69.841 0.500 0.000 60.115 0.500 0.000
1 1 13 69.664 0.500 0.000 84.937 0.500 0.000
1 1 14 66.370 0.500 0.000 65.034 0.500 0.000
1 1 15 50.854 0.500 0.000 76.484 0.500 0.000
1 1 16 74.537 0.500 0.000 79.367 0.500 0.000
1 1 17 69.398 0.500 0.000 68.810 0.500 0.000
1 1 18 69.636 0.500 0.000 69.326 0.500 0.000
1 1 19 77.824 0.500 0.000 12.875 0.500 0.000
1 1 20 25.683 0.500 0.000 73.946 0.500 0.000
1 1 21 74.662 0.500 0.000 23.678 0.500 0.000
1 1 22 43.650 0.500 0.000 36.607 0.500 0.000
1 1 23 0.000 0.500 0.000 0.004 0.500 0.000
1 2 1 40.000 0.500 0.000 40.000 0.500 0.000
1 2 2 51.200 0.500 0.000 51.787 0.500 0.000
1 2 3 53.234 0.500 0.000 49.496 0.500 0.000
1 2 4 56.466 0.500 0.000 55.548 0.500 0.000
1 2 5 57.339 0.500 0.000 46.843 0.500 0.000
1 2 6 60.014 0.500 0.000 59.112 0.500 0.000
1 2 7 54.856 0.500 0.000 51.187 0.500 0.000
1 2 8 53.730 0.500 0.000 53.476 0.500 0.000
1 2 9 52.933 0.500 0.000 72.512 0.500 0.000
1 2 10 55.685 0.500 0.000 65.572 0.500 0.000
1 2 11 58.636 0.500 0.000 54.323 0.500 0.000
1 2 12 60.539 0.500 0.000 52.322 0.500 0.000
1 2 13 71.317 0.500 0.000 65.397 0.500 0.000
1 2 14 55.795 0.500 0.000 64.266 0.500 0.000
1 2 15 65.844 0.500 0.000 57.840 0.500 0.000
1 2 16 54.964 0.500 0.000 73.617 0.500 0.000
1 2 17 55.403 0.500 0.000 61.633 0.500 0.000
1 2 18 85.051 0.500 0.000 73.322 0.500 0.000
1 2 19 59.629 0.500 0.000 78.833 0.500 0.000
1 2 20 75.174 0.500 0.000 65.862 0.500 0.000
1 2 21 65.524 0.500 0.000 72.662 0.500 0.000
1 2 22 58.509 0.500 0.000 68.989 0.500 0.000
1 2 23 64.743 0.500 0.000 64.887 0.500 0.000
1 2 24 64.414 0.500 0.000 51.373 0.500 0.000
1 2 25 60.937 0.500 0.000 58.039 0.500 0.000
1 2 26 48.640 0.500 0.000 55.688 0.500 0.000
1 2 27 54.822 0.500 0.000 52.421 0.500 0.000
1 2 28 58.449 0.500 0.000 57.441 0.500 0.000
1 2 29 53.093 0.500 0.000 45.815 0.500 0.000
1 2 30 54.603 0.500 0.000 59.920 0.500 0.000
1 2 31 54.351 0.500 0.000 70.967 0.500 0.000
1 2 32 36.471 0.500 0.000 35.325 0.500 0.000
1 2 33 64.894 0.500 0.000 58.272 0.500 0.000
1 2 34 45.843 0.500 0.000 38.936 0.500 0.000
1 2 35 40.866 0.500 0.000 54.957 0.500 0.000
1 2 36 47.810 0.500 0.000 53.468 0.500 0.000
1 2 37 7.741 0.500 0.000 60.146 0.500 0.000
1 2 38 44.770 0.500 0.000 31.029 0.500 0.000
1 2 39 58.647 0.500 0.000 51.357 0.500 0.000
1 2 40 43.413 0.500 0.000 50.471 0.500 0.000
1 2 41 38.877 0.500 0.000 50.784 0.500 0.000
1 2 42 62.497 0.500 0.000 59.557 0.500 0.000
1 2 43 47.719 0.500 0.000 48.990 0.500 0.000
1 2 44 38.188 0.500 0.000 43.630 0.500 0.000
1 2 45 20.349 0.500 0.000 82.798 0.500 0.000
1 2 46 39.795 0.500 0.000 20.825 0.500 0.000
1 2 47 50.564 0.500 0.000 53.859 0.500 0.000
1 2 48 40.557 0.500 0.000 47.267 0.500 0.000
1 2 49 42.379 0.500 0.000 0.000 0.500 0.000
1 2 50 60.625 0.500 0.000 38.385 0.500 0.000
1 2 51 22.262 0.500 0.000 33.230 0.500 0.000
1 2 52 48.015 0.500 0.000 64.216 0.500 0.000
1 2 53 3.460 0.500 0.000 0.000 0.500 0.000
1 2 54 64.683 0.500 0.000 187.255 0.500 0.000
1 2 55 62.007 0.500 0.000 33.663 0.500 0.000
1 2 56 8.149 0.500 0.000 23.943 0.500 0.000
1 2 57 85.688 0.500 0.000 57.166 0.500 0.000
1 2 58 0.000 0.500 0.000 0.000 0.500 0.000
1 2 59 41.113 0.500 0.000 33.198 0.500 0.000
1 2 60 72.378 0.500 0.000 33.144 0.500 0.000
1 2 61 21.234 0.500 0.000 38.479 0.500 0.000
1 2 62 26.997 0.500 0.000 40.000 0.500 0.000
1 3 1 32.699 0.500 0.000 0.000 0.500 0.000
1 3 2 29.904 0.500 0.000 40.000 0.500 0.000
1 3 3 40.000 0.500 0.000 40.000 0.500 0.000
1 3 4 40.000 0.500 0.000 40.000 0.500 0.000
1 3 5 40.000 0.500 0.000 40.000 0.500 0.000
2 1 1 65.338 0.500 0.000 82.227 0.500 0.000
2 1 2 64.534 0.500 0.000 62.212 0.500 0.000
2 1 3 62.043 0.500 0.000 57.098 0.500 0.000
2 1 4 68.346 0.500 0.000 66.022 0.500 0.000
2 1 5 66.320 0.500 0.000 67.246 0.500 0.000
2 1 6 40.000 0.500 0.000 40.000 0.500 0.000
2 1 7 58.871 0.500 0.000 60.338 0.500 0.000
2 1 8 63.253 0.500 0.000 70.321 0.500 0.000
2 1 9 66.375 0.500 0.000 63.242 0.500 0.000
2 1 10 40.000 0.500 0.000 40.000 0.500 0.000
2 1 11 67.163 0.500 0.000 80.810 0.500 0.000
2 1 12 57.177 0.500 0.000 54.054 0.500 0.000
2 1 13 52.672 0.500 0.000 66.063 0.500 0.000
2 1 14 62.096 0.500 0.000 70.744 0.500 0.000
2 1 15 68.685 0.500 0.000 71.599 0.500 0.000
2 1 16 49.977 0.500 0.000 71.913 0.500 0.000
2 1 17 40.926 0.500 0.000 66.708 0.500 0.000
2 1 18 50.829 0.500 0.000 80.032 0.500 0.000
2 1 19 73.589 0.500 0.000 24.018 0.500 0.000
2 1 20 56.836 0.500 0.000 57.578 0.500 0.000
2 1 21 56.137 0.500 0.000 68.376 0.500 0.000
2 1 22 106.861 0.500 0.000 181.180 0.500 0.000
2 1 23 12.927 0.500 0.000 40.000 0.500 0.000
2 2 1 49.955 0.500 0.000 63.917 0.500 0.000
2 2 2 55.671 0.500 0.000 60.932 0.500 0.000
2 2 3 58.188 0.500 0.000 54.422 0.500 0.000
2 2 4 60.775 0.500 0.000 48.931 0.500 0.000
2 2 5 50.006 0.500 0.000 58.922 0.500 0.000
2 2 6 51.199 0.500 0.000 60.781 0.500 0.000
2 2 7 55.501 0.500 0.000 55.818 0.500 0.000
2 2 8 55.055 0.500 0.000 61.635 0.500 0.000
2 2 9 65.630 0.500 0.000 53.263 0.500 0.000
2 2 10 53.866 0.500 0.000 57.181 0.500 0.000
2 2 11 52.283 0.500 0.000 60.029 0.500 0.000
2 2 12 54.411 0.500 0.000 55.675 0.500 0.000
2 2 13 47.641 0.500 0.000 61.103 0.500 0.000
2 2 14 69.476 0.500 0.000 67.609 0.500 0.000
2 2 15 61.761 0.500 0.000 64.434 0.500 0.000
2 2 16 56.889 0.500 0.000 60.891 0.500 0.000
2 2 17 53.752 0.500 0.000 54.290 0.500 0.000
2 2 18 72.004 0.500 0.000 67.678 0.500 0.000
2 2 19 54.122 0.500 0.000 69.353 0.500 0.000
2 2 20 54.696 0.500 0.000 60.824 0.500 0.000
2 2 21 55.993 0.500 0.000 57.659 0.500 0.000
2 2 22 50.365 0.500 0.000 54.631 0.500 0.000
2 2 23 54.111 0.500 0.000 76.299 0.500 0.000
2 2 24 62.952 0.500 0.000 59.524 0.500 0.000
2 2 25 50.162 0.500 0.000 61.709 0.500 0.000
2 2 26 53.403 0.500 0.000 52.872 0.500 0.000
2 2 27 52.779 0.500 0.000 61.363 0.500 0.000
2 2 28 38.920 0.500 0.000 51.663 0.500 0.000
2 2 29 54.073 0.500 0.000 50.796 0.500 0.000
2 2 30 60.231 0.500 0.000 44.669 0.500 0.000
2 2 31 48.600 0.500 0.000 47.070 0.500 0.000
2 2 32 63.486 0.500 0.000 44.091 0.500 0.000
2 2 33 46.308 0.500 0.000 56.230 0.500 0.000
2 2 34 48.948 0.500 0.000 37.060 0.500 0.000
2 2 35 36.610 0.500 0.000 22.558 0.500 0.000
2 2 36 23.905 0.500 0.000 56.988 0.500 0.000
2 2 37 42.668 0.500 0.000 15.228 0.500 0.000
2 2 38 35.892 0.500 0.000 38.089 0.500 0.000
2 2 39 53.684 0.500 0.000 58.233 0.500 0.000
2 2 40 41.386 0.500 0.000 32.646 0.500 0.000
2 2 41 66.647 0.500 0.000 65.514 0.500 0.000
2 2 42 50.685 0.500 0.000 51.683 0.500 0.000
2 2 43 53.305 0.500 0.000 47.276 0.500 0.000
2 2 44 49.036 0.500 0.000 39.821 0.500 0.000
2 2 45 47.534 0.500 0.000 55.589 0.500 0.000
2 2 46 50.615 0.500 0.000 37.316 0.500 0.000
2 2 47 53.616 0.500 0.000 58.287 0.500 0.000
2 2 48 58.512 0.500 0.000 44.504 0.500 0.000
2 2 49 36.062 0.500 0.000 38.599 0.500 0.000
2 2 50 64.621 0.500 0.000 29.706 0.500 0.000
2 2 51 44.291 0.500 0.000 28.199 0.500 0.000
2 2 52 0.000 0.500 0.000 36.628 0.500 0.000
2 2 53 88.517 0.500 0.000 147.487 0.500 0.000
2 2 54 18.268 0.500 0.000 2.649 0.500 0.000
2 2 55 200.000 0.500 0.000 70.772 0.500 0.000
2 2 56 33.614 0.500 0.000 6.626 0.500 0.000
2 2 57 57.371 0.500 0.000 67.035 0.500 0.000
2 2 58 0.002 0.500 0.000 40.000 0.500 0.000
2 2 59 40.000 0.500 0.000 40.000 0.500 0.000
2 2 60 34.535 0.500 0.000 40.000 0.500 0.000
2 2 61 40.000 0.500 0.000 47.555 0.500 0.000
2 2 62 40.000 0.500 0.000 40.000 0.500 0.000
2 3 1 125.962 0.500 0.000 32.964 0.500 0.000
2 3 2 40.000 0.500 0.000 25.259 0.500 0.000
2 3 3 40.000 0.500 0.000 40.000 0.500 0.000
2 3 4 40.000 0.500 0.000 40.000 0.500 0.000
2 3 5 40.000 0.500 0.000 40.000 0.500 0.000
3 1 1 70.276 0.500 0.000 68.416 0.500 0.000
3 1 2 68.697 0.500 0.000 68.186 0.500 0.000
3 1 3 61.317 0.500 0.000 54.014 0.500 0.000
3 1 4 68.210 0.500 0.000 63.540 0.500 0.000
3 1 5 70.406 0.500 0.000 61.090 0.500 0.000
3 1 6 70.818 0.500 0.000 66.928 0.500 0.000
3 1 7 66.179 0.500 0.000 68.097 0.500 0.000
3 1 8 59.173 0.500 0.000 53.714 0.500 0.000
3 1 9 76.305 0.500 0.000 65.546 0.500 0.000
3 1 10 58.012 0.500 0.000 72.354 0.500 0.000
3 1 11 39.981 0.500 0.000 61.230 0.500 0.000
3 1 12 58.167 0.500 0.000 48.414 0.500 0.000
3 1 13 67.619 0.500 0.000 71.024 0.500 0.000
3 1 14 82.041 0.500 0.000 86.233 0.500 0.000
3 1 15 89.520 0.500 0.000 68.583 0.500 0.000
3 1 16 74.713 0.500 0.000 65.325 0.500 0.000
3 1 17 53.977 0.500 0.000 69.703 0.500 0.000
3 1 18 62.751 0.500 0.000 56.843 0.500 0.000
3 1 19 38.334 0.500 0.000 58.915 0.500 0.000
3 1 20 57.739 0.500 0.000 62.442 0.500 0.000
3 1 21 69.028 0.500 0.000 48.493 0.500 0.000
3 1 22 99.054 0.500 0.000 0.000 0.500 0.000
3 1 23 70.583 0.500 0.000 0.000 0.500 0.000
3 2 1 54.686 0.500 0.000 58.355 0.500 0.000
3 2 2 56.986 0.500 0.000 50.998 0.500 0.000
3 2 3 57.998 0.500 0.000 50.042 0.500 0.000
3 2 4 46.770 0.500 0.000 62.756 0.500 0.000
3 2 5 53.119 0.500 0.000 51.665 0.500 0.000
3 2 6 63.050 0.500 0.000 60.259 0.500 0.000
3 2 7 56.040 0.500 0.000 55.610 0.500 0.000
3 2 8 54.221 0.500 0.000 53.543 0.500 0.000
3 2 9 59.587 0.500 0.000 62.502 0.500 0.000
3 2 10 54.939 0.500 0.000 61.055 0.500 0.000
3 2 11 54.379 0.500 0.000 48.070 0.500 0.000
3 2 12 58.371 0.500 0.000 54.971 0.500 0.000
3 2 13 70.328 0.500 0.000 58.728 0.500 0.000
3 2 14 53.699 0.500 0.000 64.437 0.500 0.000
3 2 15 55.397 0.500 0.000 57.861 0.500 0.000
3 2 16 58.168 0.500 0.000 66.370 0.500 0.000
3 2 17 55.504 0.500 0.000 58.640 0.500 0.000
3 2 18 60.720 0.500 0.000 65.857 0.500 0.000
3 2 19 59.671 0.500 0.000 69.597 0.500 0.000
3 2 20 54.121 0.500 0.000 51.828 0.500 0.000
3 2 21 79.765 0.500 0.000 57.221 0.500 0.000
3 2 22 49.875 0.500 0.000 63.376 0.500 0.000
3 2 23 69.437 0.500 0.000 59.039 0.500 0.000
3 2 24 68.419 0.500 0.000 50.579 0.500 0.000
3 2 25 62.039 0.500 0.000 56.640 0.500 0.000
3 2 26 61.005 0.500 0.000 52.656 0.500 0.000
3 2 27 44.502 0.500 0.000 61.962 0.500 0.000
3 2 28 47.969 0.500 0.000 64.829 0.500 0.000
3 2 29 65.536 0.500 0.000 60.363 0.500 0.000
3 2 30 44.878 0.500 0.000 62.160 0.500 0.000
3 2 31 52.857 0.500 0.000 40.075 0.500 0.000
3 2 32 51.709 0.500 0.000 46.008 0.500 0.000
3 2 33 47.512 0.500 0.000 44.716 0.500 0.000
3 2 34 40.967 0.500 0.000 58.398 0.500 0.000
3 2 35 60.723 0.500 0.000 28.315 0.500 0.000
3 2 36 35.196 0.500 0.000 24.344 0.500 0.000
3 2 37 30.905 0.500 0.000 54.610 0.500 0.000
3 2 38 41.520 0.500 0.000 29.427 0.500 0.000
3 2 39 45.819 0.500 0.000 49.828 0.500 0.000
3 2 40 9.280 0.500 0.000 30.675 0.500 0.000
3 2 41 51.133 0.500 0.000 38.813 0.500 0.000
3 2 42 50.248 0.500 0.000 45.965 0.500 0.000
3 2 43 28.684 0.500 0.000 61.854 0.500 0.000
3 2 44 42.936 0.500 0.000 26.560 0.500 0.000
3 2 45 83.043 0.500 0.000 69.065 0.500 0.000
3 2 46 47.276 0.500 0.000 32.659 0.500 0.000
3 2 47 13.361 0.500 0.000 30.128 0.500 0.000
3 2 48 52.768 0.500 0.000 45.196 0.500 0.000
3 2 49 13.975 0.500 0.000 35.241 0.500 0.000
3 2 50 43.093 0.500 0.000 22.460 0.500 0.000
3 2 51 36.391 0.500 0.000 43.701 0.500 0.000
3 2 52 64.252 0.500 0.000 0.000 0.500 0.000
3 2 53 64.500 0.500 0.000 42.000 0.500 0.000
3 2 54 7.011 0.500 0.000 5.045 0.500 0.000
3 2 55 107.105 0.500 0.000 0.000 0.500 0.000
3 2 56 34.021 0.500 0.000 74.554 0.500 0.000
3 2 57 200.000 0.500 0.000 95.795 0.500 0.000
3 2 58 33.822 0.500 0.000 36.876 0.500 0.000
3 2 59 199.999 0.500 0.000 0.001 0.500 0.000
3 2 60 71.736 0.500 0.000 40.000 0.500 0.000
3 2 61 40.000 0.500 0.000 40.000 0.500 0.000
3 2 62 29.848 0.500 0.000 0.000 0.500 0.000
3 3 1 0.000 0.500 0.000 0.000 0.500 0.000
3 3 2 40.000 0.500 0.000 27.100 0.500 0.000
3 3 3 40.000 0.500 0.000 40.000 0.500 0.000
3 3 4 40.000 0.500 0.000 40.000 0.500 0.000
3 3 5 40.000 0.500 0.000 40.000 0.500 0.000
4 1 1 71.746 0.500 0.000 64.872 0.500 0.000
4 1 2 75.226 0.500 0.000 70.553 0.500 0.000
4 1 3 68.886 0.500 0.000 67.732 0.500 0.000
4 1 4 59.390 0.500 0.000 67.351 0.500 0.000
4 1 5 63.203 0.500 0.000 62.358 0.500 0.000
4 1 6 72.119 0.500 0.000 120.851 0.500 0.000
4 1 7 76.728 0.500 0.000 69.264 0.500 0.000
4 1 8 65.908 0.500 0.000 58.478 0.500 0.000
4 1 9 65.380 0.500 0.000 72.307 0.500 0.000
4 1 10 65.316 0.500 0.000 83.389 0.500 0.000
4 1 11 66.058 0.500 0.000 61.025 0.500 0.000
4 1 12 59.950 0.500 0.000 74.986 0.500 0.000
4 1 13 67.572 0.500 0.000 57.195 0.500 0.000
4 1 14 56.703 0.500 0.000 76.964 0.500 0.000
4 1 15 65.847 0.500 0.000 63.432 0.500 0.000
4 1 16 78.574 0.500 0.000 50.029 0.500 0.000
4 1 17 70.606 0.500 0.000 62.722 0.500 0.000
4 1 18 61.169 0.500 0.000 47.109 0.500 0.000
4 1 19 59.556 0.500 0.000 42.119 0.500 0.000
4 1 20 46.709 0.500 0.000 54.004 0.500 0.000
4 1 21 24.022 0.500 0.000 125.785 0.500 0.000
4 1 22 109.015 0.500 0.000 53.101 0.500 0.000
4 1 23 72.869 0.500 0.000 0.000 0.500 0.000
4 2 1 48.417 0.500 0.000 39.356 0.500 0.000
4 2 2 58.518 0.500 0.000 59.028 0.500 0.000
4 2 3 50.550 0.500 0.000 55.056 0.500 0.000
4 2 4 60.877 0.500 0.000 55.879 0.500 0.000
4 2 5 58.526 0.500 0.000 54.520 0.500 0.000
4 2 6 50.129 0.500 0.000 58.629 0.500 0.000
4 2 7 54.054 0.500 0.000 55.311 0.500 0.000
4 2 8 61.771 0.500 0.000 56.247 0.500 0.000
4 2 9 52.426 0.500 0.000 59.400 0.500 0.000
4 2 10 52.874 0.500 0.000 60.511 0.500 0.000
4 2 11 56.940 0.500 0.000 59.690 0.500 0.000
4 2 12 52.641 0.500 0.000 48.626 0.500 0.000
4 2 13 57.915 0.500 0.000 53.358 0.500 0.000
4 2 14 60.416 0.500 0.000 56.263 0.500 0.000
4 2 15 56.563 0.500 0.000 54.896 0.500 0.000
4 2 16 55.339 0.500 0.000 62.494 0.500 0.000
4 2 17 58.517 0.500 0.000 52.992 0.500 0.000
4 2 18 60.655 0.500 0.000 61.541 0.500 0.000
4 2 19 49.874 0.500 0.000 60.441 0.500 0.000
4 2 20 75.406 0.500 0.000 53.866 0.500 0.000
4 2 21 61.035 0.500 0.000 58.154 0.500 0.000
4 2 22 58.438 0.500 0.000 60.640 0.500 0.000
4 2 23 56.949 0.500 0.000 57.986 0.500 0.000
4 2 24 58.499 0.500 0.000 65.878 0.500 0.000
4 2 25 61.414 0.500 0.000 56.930 0.500 0.000
4 2 26 57.827 0.500 0.000 63.147 0.500 0.000
4 2 27 62.727 0.500 0.000 53.628 0.500 0.000
4 2 28 49.155 0.500 0.000 55.788 0.500 0.000
4 2 29 57.358 0.500 0.000 62.680 0.500 0.000
4 2 30 50.194 0.500 0.000 44.715 0.500 0.000
4 2 31 56.456 0.500 0.000 37.594 0.500 0.000
4 2 32 49.467 0.500 0.000 54.087 0.500 0.000
4 2 33 35.590 0.500 0.000 69.696 0.500 0.000
4 2 34 50.465 0.500 0.000 46.732 0.500 0.000
4 2 35 39.832 0.500 0.000 56.320 0.500 0.000
4 2 36 64.805 0.500 0.000 50.940 0.500 0.000
4 2 37 42.978 0.500 0.000 52.220 0.500 0.000
4 2 38 52.986 0.500 0.000 19.151 0.500 0.000
4 2 39 45.849 0.500 0.000 43.262 0.500 0.000
4 2 40 50.177 0.500 0.000 42.003 0.500 0.000
4 2 41 45.286 0.500 0.000 55.082 0.500 0.000
4 2 42 21.157 0.500 0.000 47.322 0.500 0.000
4 2 43 49.197 0.500 0.000 30.523 0.500 0.000
4 2 44 50.516 0.500 0.000 54.072 0.500 0.000
4 2 45 54.240 0.500 0.000 60.374 0.500 0.000
4 2 46 29.903 0.500 0.000 31.888 0.500 0.000
4 2 47 19.905 0.500 0.000 64.144 0.500 0.000
4 2 48 45.858 0.500 0.000 21.673 0.500 0.000
4 2 49 79.713 0.500 0.000 68.576 0.500 0.000
4 2 50 33.894 0.500 0.000 44.121 0.500 0.000
4 2 51 60.797 0.500 0.000 9.794 0.500 0.000
4 2 52 58.164 0.500 0.000 39.961 0.500 0.000
4 2 53 63.125 0.500 0.000 47.307 0.500 0.000
4 2 54 65.639 0.500 0.000 193.691 0.500 0.000
4 2 55 113.882 0.500 0.000 46.101 0.500 0.000
4 2 56 0.000 0.500 0.000 54.712 0.500 0.000
4 2 57 0.009 0.500 0.000 40.000 0.500 0.000
4 2 58 0.000 0.500 0.000 65.569 0.500 0.000
4 2 59 9.240 0.500 0.000 0.012 0.500 0.000
4 2 60 44.107 0.500 0.000 40.000 0.500 0.000
4 2 61 45.146 0.500 0.000 40.000 0.500 0.000
4 2 62 200.000 0.500 0.000 33.736 0.500 0.000
4 3 1 55.635 0.500 0.000 52.228 0.500 0.000
4 3 2 40.000 0.500 0.000 40.000 0.500 0.000
4 3 3 40.000 0.500 0.000 40.000 0.500 0.000
4 3 4 40.000 0.500 0.000 40.000 0.500 0.000
4 3 5 40.000 0.500 0.000 40.000 0.500 0.000
5 1 1 68.872 0.500 0.000 69.802 0.500 0.000
5 1 2 69.744 0.500 0.000 53.088 0.500 0.000
5 1 3 67.944 0.500 0.000 75.773 0.500 0.000
5 1 4 74.181 0.500 0.000 62.592 0.500 0.000
5 1 5 65.552 0.500 0.000 60.751 0.500 0.000
5 1 6 75.234 0.500 0.000 70.444 0.500 0.000
5 1 7 63.591 0.500 0.000 65.759 0.500 0.000
5 1 8 57.646 0.500 0.000 66.697 0.500 0.000
5 1 9 70.208 0.500 0.000 55.393 0.500 0.000
5 1 10 65.754 0.500 0.000 65.850 0.500 0.000
5 1 11 59.801 0.500 0.000 74.311 0.500 0.000
5 1 12 44.480 0.500 0.000 76.076 0.500 0.000
5 1 13 56.471 0.500 0.000 52.758 0.500 0.000
5 1 14 54.609 0.500 0.000 68.278 0.500 0.000
5 1 15 56.738 0.500 0.000 68.200 0.500 0.000
5 1 16 63.291 0.500 0.000 51.525 0.500 0.000
5 1 17 88.348 0.500 0.000 80.369 0.500 0.000
5 1 18 59.007 0.500 0.000 78.089 0.500 0.000
5 1 19 74.079 0.500 0.000 86.420 0.500 0.000
5 1 20 76.249 0.500 0.000 40.901 0.500 0.000
5 1 21 70.951 0.500 0.000 100.762 0.500 0.000
5 1 22 48.869 0.500 0.000 35.371 0.500 0.000
5 1 23 30.477 0.500 0.000 31.778 0.500 0.000
5 2 1 60.250 0.500 0.000 42.255 0.500 0.000
5 2 2 58.001 0.500 0.000 58.084 0.500 0.000
5 2 3 65.393 0.500 0.000 55.414 0.500 0.000
5 2 4 58.977 0.500 0.000 58.000 0.500 0.000
5 2 5 50.941 0.500 0.000 60.465 0.500 0.000
5 2 6 57.481 0.500 0.000 51.562 0.500 0.000
5 2 7 58.812 0.500 0.000 55.604 0.500 0.000
5 2 8 56.933 0.500 0.000 55.624 0.500 0.000
5 2 9 67.273 0.500 0.000 70.989 0.500 0.000
5 2 10 54.384 0.500 0.000 59.214 0.500 0.000
5 2 11 47.639 0.500 0.000 50.654 0.500 0.000
5 2 12 55.814 0.500 0.000 56.460 0.500 0.000
5 2 13 59.991 0.500 0.000 59.716 0.500 0.000
5 2 14 54.911 0.500 0.000 58.563 0.500 0.000
5 2 15 58.764 0.500 0.000 58.536 0.500 0.000
5 2 16 69.961 0.500 0.000 57.958 0.500 0.000
5 2 17 47.992 0.500 0.000 70.703 0.500 0.000
5 2 18 68.988 0.500 0.000 73.325 0.500 0.000
5 2 19 62.689 0.500 0.000 57.692 0.500 0.000
5 2 20 56.329 0.500 0.000 58.067 0.500 0.000
5 2 21 76.406 0.500 0.000 64.584 0.500 0.000
5 2 22 57.122 0.500 0.000 61.476 0.500 0.000
5 2 23 52.745 0.500 0.000 60.875 0.500 0.000
5 2 24 68.962 0.500 0.000 60.199 0.500 0.000
5 2 25 62.861 0.500 0.000 58.374 0.500 0.000
5 2 26 54.162 0.500 0.000 56.135 0.500 0.000
5 2 27 46.390 0.500 0.000 47.635 0.500 0.000
5 2 28 61.337 0.500 0.000 37.379 0.500 0.000
5 2 29 63.871 0.500 0.000 45.951 0.500 0.000
5 2 30 62.719 0.500 0.000 27.562 0.500 0.000
5 2 31 52.396 0.500 0.000 48.232 0.500 0.000
5 2 32 35.896 0.500 0.000 35.574 0.500 0.000
5 2 33 54.588 0.500 0.000 30.706 0.500 0.000
5 2 34 23.806 0.500 0.000 48.263 0.500 0.000
5 2 35 44.216 0.500 0.000 17.693 0.500 0.000
5 2 36 47.977 0.500 0.000 35.918 0.500 0.000
5 2 37 48.990 0.500 0.000 3.517 0.500 0.000
5 2 38 18.106 0.500 0.000 55.376 0.500 0.000
5 2 39 32.083 0.500 0.000 29.905 0.500 0.000
5 2 40 37.022 0.500 0.000 52.548 0.500 0.000
5 2 41 63.868 0.500 0.000 40.989 0.500 0.000
5 2 42 55.990 0.500 0.000 43.496 0.500 0.000
5 2 43 50.391 0.500 0.000 70.039 0.500 0.000
5 2 44 26.363 0.500 0.000 37.971 0.500 0.000
5 2 45 69.764 0.500 0.000 38.975 0.500 0.000
5 2 46 40.288 0.500 0.000 40.458 0.500 0.000
5 2 47 36.333 0.500 0.000 9.921 0.500 0.000
5 2 48 26.555 0.500 0.000 30.817 0.500 0.000
5 2 49 14.940 0.500 0.000 42.476 0.500 0.000
5 2 50 20.627 0.500 0.000 0.000 0.500 0.000
5 2 51 41.558 0.500 0.000 12.558 0.500 0.000
5 2 52 40.960 0.500 0.000 38.233 0.500 0.000
5 2 53 33.779 0.500 0.000 19.370 0.500 0.000
5 2 54 0.000 0.500 0.000 117.002 0.500 0.000
5 2 55 95.792 0.500 0.000 48.271 0.500 0.000
5 2 56 28.732 0.500 0.000 40.375 0.500 0.000
5 2 57 19.497 0.500 0.000 40.000 0.500 0.000
5 2 58 40.000 0.500 0.000 40.000 0.500 0.000
5 2 59 40.000 0.500 0.000 40.000 0.500 0.000
5 2 60 40.000 0.500 0.000 40.000 0.500 0.000
5 2 61 40.000 0.500 0.000 44.514 0.500 0.000
5 2 62 40.000 0.500 0.000 40.000 0.500 0.000
5 3 1 80.482 0.500 0.000 40.000 0.500 0.000
5 3 2 40.000 0.500 0.000 40.000 0.500 0.000
5 3 3 40.000 0.500 0.000 40.000 0.500 0.000
5 3 4 40.000 0.500 0.000 40.000 0.500 0.000
5 3 5 40.000 0.500 0.000 40.000 0.500 0.000
6 1 1 73.369 0.500 0.000 60.992 0.500 0.000
6 1 2 72.281 0.500 0.000 65.143 0.500 0.000
6 1 3 71.785 0.500 0.000 73.083 0.500 0.000
6 1 4 66.011 0.500 0.000 62.469 0.500 0.000
6 1 5 74.454 0.500 0.000 71.725 0.500 0.000
6 1 6 69.016 0.500 0.000 70.944 0.500 0.000
6 1 7 63.526 0.500 0.000 67.124 0.500 0.000
6 1 8 63.416 0.500 0.000 55.023 0.500 0.000
6 1 9 56.984 0.500 0.000 56.083 0.500 0.000
6 1 10 47.883 0.500 0.000 70.591 0.500 0.000
6 1 11 57.660 0.500 0.000 65.361 0.500 0.000
6 1 12 60.537 0.500 0.000 60.376 0.500 0.000
6 1 13 67.014 0.500 0.000 67.113 0.500 0.000
6 1 14 70.326 0.500 0.000 64.785 0.500 0.000
6 1 15 53.009 0.500 0.000 74.667 0.500 0.000
6 1 16 85.503 0.500 0.000 82.494 0.500 0.000
6 1 17 71.884 0.500 0.000 48.777 0.500 0.000
6 1 18 74.113 0.500 0.000 98.546 0.500 0.000
6 1 19 57.162 0.500 0.000 120.133 0.500 0.000
6 1 20 55.091 0.500 0.000 60.809 0.500 0.000
6 1 21 40.000 0.500 0.000 40.000 0.500 0.000
6 1 22 123.823 0.500 0.000 33.220 0.500 0.000
6 1 23 0.087 0.500 0.000 40.000 0.500 0.000
6 2 1 42.981 0.500 0.000 58.670 0.500 0.000
6 2 2 60.518 0.500 0.000 52.940 0.500 0.000
6 2 3 62.094 0.500 0.000 58.341 0.500 0.000
6 2 4 52.609 0.500 0.000 50.100 0.500 0.000
6 2 5 58.826 0.500 0.000 51.458 0.500 0.000
6 2 6 69.537 0.500 0.000 54.158 0.500 0.000
6 2 7 53.613 0.500 0.000 51.929 0.500 0.000
6 2 8 54.304 0.500 0.000 63.657 0.500 0.000
6 2 9 53.270 0.500 0.000 62.294 0.500 0.000
6 2 10 57.495 0.500 0.000 57.901 0.500 0.000
6 2 11 52.529 0.500 0.000 61.115 0.500 0.000
6 2 12 55.438 0.500 0.000 45.652 0.500 0.000
6 2 13 56.895 0.500 0.000 59.705 0.500 0.000
6 2 14 57.913 0.500 0.000 63.818 0.500 0.000
6 2 15 59.645 0.500 0.000 58.717 0.500 0.000
6 2 16 57.325 0.500 0.000 70.848 0.500 0.000
6 2 17 55.992 0.500 0.000 71.941 0.500 0.000
6 2 18 69.699 0.500 0.000 72.569 0.500 0.000
6 2 19 68.648 0.500 0.000 59.415 0.500 0.000
6 2 20 57.338 0.500 0.000 68.350 0.500 0.000
6 2 21 68.984 0.500 0.000 58.240 0.500 0.000
6 2 22 62.798 0.500 0.000 58.124 0.500 0.000
6 2 23 59.678 0.500 0.000 60.511 0.500 0.000
6 2 24 68.162 0.500 0.000 58.197 0.500 0.000
6 2 25 57.965 0.500 0.000 65.666 0.500 0.000
6 2 26 62.288 0.500 0.000 59.930 0.500 0.000
6 2 27 38.714 0.500 0.000 68.182 0.500 0.000
6 2 28 63.301 0.500 0.000 53.154 0.500 0.000
6 2 29 63.652 0.500 0.000 39.649 0.500 0.000
6 2 30 45.758 0.500 0.000 44.381 0.500 0.000
6 2 31 55.184 0.500 0.000 52.214 0.500 0.000
6 2 32 37.687 0.500 0.000 46.231 0.500 0.000
6 2 33 36.339 0.500 0.000 41.671 0.500 0.000
6 2 34 63.086 0.500 0.000 36.050 0.500 0.000
6 2 35 50.417 0.500 0.000 20.606 0.500 0.000
6 2 36 27.321 0.500 0.000 36.350 0.500 0.000
6 2 37 18.447 0.500 0.000 67.139 0.500 0.000
6 2 38 31.893 0.500 0.000 52.603 0.500 0.000
6 2 39 61.096 0.500 0.000 41.586 0.500 0.000
6 2 40 45.320 0.500 0.000 13.897 0.500 0.000
6 2 41 28.558 0.500 0.000 65.481 0.500 0.000
6 2 42 71.948 0.500 0.000 76.926 0.500 0.000
6 2 43 10.015 0.500 0.000 62.348 0.500 0.000
6 2 44 0.000 0.500 0.000 83.632 0.500 0.000
6 2 45 22.801 0.500 0.000 78.770 0.500 0.000
6 2 46 46.814 0.500 0.000 46.859 0.500 0.000
6 2 47 25.893 0.500 0.000 66.644 0.500 0.000
6 2 48 30.436 0.500 0.000 36.202 0.500 0.000
6 2 49 7.145 0.500 0.000 19.578 0.500 0.000
6 2 50 47.654 0.500 0.000 52.465 0.500 0.000
6 2 51 49.908 0.500 0.000 0.000 0.500 0.000
6 2 52 5.871 0.500 0.000 51.131 0.500 0.000
6 2 53 130.656 0.500 0.000 63.669 0.500 0.000
6 2 54 68.304 0.500 0.000 0.001 0.500 0.000
6 2 55 26.666 0.500 0.000 0.000 0.500 0.000
6 2 56 0.000 0.500 0.000 0.000 0.500 0.000
6 2 57 28.137 0.500 0.000 17.156 0.500 0.000
6 2 58 0.003 0.500 0.000 200.000 0.500 0.000
6 2 59 40.000 0.500 0.000 40.000 0.500 0.000
6 2 60 40.000 0.500 0.000 25.401 0.500 0.000
6 2 61 3.981 0.500 0.000 40.000 0.500 0.000
6 2 62 40.000 0.500 0.000 40.000 0.500 0.000
6 3 1 40.000 0.500 0.000 40.000 0.500 0.000
6 3 2 11.580 0.500 0.000 42.691 0.500 0.000
6 3 3 40.000 0.500 0.000 40.000 0.500 0.000
6 3 4 40.000 0.500 0.000 40.000 0.500 0.000
6 3 5 40.000 0.500 0.000 40.000 0.500 0.000
