1 1 1 0.02345 0.02345
1 1 2 0.02345 0.02333
1 1 3 0.02281 0.02413
1 1 4 0.02363 0.02335
1 1 5 0.02449 0.02398
1 1 6 0.02345 0.02742
1 1 7 0.02346 0.02300
1 1 8 0.02307 0.02345
1 1 9 0.02322 0.02377
1 1 10 0.02617 0.02346
1 1 11 0.02346 0.02346
1 1 12 0.02372 0.02229
1 1 13 0.02283 0.02346
1 1 14 0.02347 0.02347
1 1 15 0.02344 0.02248
1 1 16 0.02344 0.02404
1 1 17 0.02381 0.02300
1 1 18 0.02345 0.02344
1 1 19 0.02433 0.02345
1 1 20 0.02345 0.02346
1 1 21 0.02301 0.02346
1 1 22 0.02346 0.02345
1 1 23 0.02345 0.02346
1 2 1 0.02368 0.02359
1 2 2 0.02346 0.02346
1 2 3 0.02344 0.02329
1 2 4 0.02356 0.02358
1 2 5 0.02345 0.02345
1 2 6 0.02344 0.02355
1 2 7 0.02343 0.02478
1 2 8 0.02352 0.02351
1 2 9 0.02347 0.02347
1 2 10 0.02345 0.02338
1 2 11 0.02344 0.02352
1 2 12 0.02331 0.02343
1 2 13 0.02352 0.02360
1 2 14 0.02346 0.02346
1 2 15 0.02345 0.02363
1 2 16 0.02346 0.02357
1 2 17 0.02346 0.02332
1 2 18 0.02367 0.02331
1 2 19 0.02309 0.02346
1 2 20 0.02344 0.02344
1 2 21 0.02368 0.02347
1 2 22 0.02380 0.02362
1 2 23 0.02346 0.02337
1 2 24 0.02345 0.02345
1 2 25 0.02358 0.02376
1 2 26 0.02344 0.02344
1 2 27 0.02344 0.02344
1 2 28 0.02344 0.02344
1 2 29 0.02344 0.02204
1 2 30 0.02347 0.02347
1 2 31 0.02344 0.02344
1 2 32 0.02344 0.02344
1 2 33 0.02429 0.02343
1 2 34 0.02344 0.02344
1 2 35 0.02344 0.02344
1 2 36 0.02296 0.02396
1 2 37 0.02343 0.02343
1 2 38 0.01745 0.02344
1 2 39 0.02445 0.02344
1 2 40 0.02347 0.02347
1 2 41 0.02344 0.02344
1 2 42 0.02345 0.02345
1 2 43 0.02346 0.02346
1 2 44 0.02347 0.01270
1 2 45 0.02346 0.02346
1 2 46 0.02344 0.03172
1 2 47 0.02344 0.02344
1 2 48 0.02345 0.02345
1 2 49 0.02408 0.02384
1 2 50 0.02344 0.02343
1 2 51 0.02347 0.02347
1 2 52 0.02559 0.02344
1 2 53 0.02345 0.02345
1 2 54 0.02345 0.02345
1 2 55 0.02344 0.02344
1 2 56 0.02343 0.02345
1 2 57 0.02344 0.02344
1 2 58 0.02345 0.02345
1 2 59 0.02345 0.02345
1 2 60 0.02345 0.02345
1 2 61 0.02345 0.02345
1 2 62 0.02345 0.02345
1 3 1 0.02345 0.02345
1 3 2 0.02345 0.02345
1 3 3 0.02345 0.02345
1 3 4 0.02345 0.02345
1 3 5 0.02345 0.02345
2 1 1 0.02345 0.02345
2 1 2 0.02345 0.02345
2 1 3 0.02345 0.02345
2 1 4 0.02345 0.02345
2 1 5 0.02345 0.02345
2 1 6 0.02345 0.02345
2 1 7 0.02345 0.02345
2 1 8 0.02345 0.02345
2 1 9 0.02345 0.02345
2 1 10 0.02345 0.02345
2 1 11 0.02345 0.02345
2 1 12 0.02345 0.02345
2 1 13 0.02345 0.02345
2 1 14 0.02345 0.02345
2 1 15 0.02345 0.02345
2 1 16 0.02345 0.02345
2 1 17 0.02345 0.02345
2 1 18 0.02345 0.02345
2 1 19 0.02345 0.02345
2 1 20 0.02345 0.02345
2 1 21 0.02345 0.02345
2 1 22 0.02345 0.02345
2 1 23 0.02345 0.02345
2 2 1 0.02345 0.02345
2 2 2 0.02345 0.02345
2 2 3 0.02345 0.02345
2 2 4 0.02345 0.02345
2 2 5 0.02345 0.02345
2 2 6 0.02345 0.02345
2 2 7 0.02345 0.02345
2 2 8 0.02345 0.02345
2 2 9 0.02345 0.02345
2 2 10 0.02345 0.02345
2 2 11 0.02345 0.02345
2 2 12 0.02345 0.02345
2 2 13 0.02345 0.02345
2 2 14 0.02345 0.02345
2 2 15 0.02345 0.02345
2 2 16 0.02345 0.02345
2 2 17 0.02345 0.02345
2 2 18 0.02345 0.02345
2 2 19 0.02345 0.02345
2 2 20 0.02345 0.02345
2 2 21 0.02345 0.02345
2 2 22 0.02345 0.02345
2 2 23 0.02345 0.02345
2 2 24 0.02345 0.02345
2 2 25 0.02345 0.02345
2 2 26 0.02345 0.02345
2 2 27 0.02345 0.02345
2 2 28 0.02345 0.02345
2 2 29 0.02345 0.02345
2 2 30 0.02345 0.02345
2 2 31 0.02345 0.02345
2 2 32 0.02345 0.02345
2 2 33 0.02345 0.02345
2 2 34 0.02345 0.02345
2 2 35 0.02345 0.02345
2 2 36 0.02345 0.02345
2 2 37 0.02345 0.02345
2 2 38 0.02345 0.02345
2 2 39 0.02345 0.02345
2 2 40 0.02345 0.02345
2 2 41 0.02345 0.02345
2 2 42 0.02345 0.02345
2 2 43 0.02345 0.02345
2 2 44 0.02345 0.02345
2 2 45 0.02345 0.02345
2 2 46 0.02345 0.02345
2 2 47 0.02345 0.02345
2 2 48 0.02345 0.02345
2 2 49 0.02345 0.02345
2 2 50 0.02345 0.02345
2 2 51 0.02345 0.02345
2 2 52 0.02345 0.02345
2 2 53 0.02345 0.02345
2 2 54 0.02345 0.02345
2 2 55 0.02345 0.02345
2 2 56 0.02345 0.02345
2 2 57 0.02345 0.02345
2 2 58 0.02345 0.02345
2 2 59 0.02345 0.02345
2 2 60 0.02345 0.02345
2 2 61 0.02345 0.02345
2 2 62 0.02345 0.02345
2 3 1 0.02345 0.02345
2 3 2 0.02345 0.02345
2 3 3 0.02345 0.02345
2 3 4 0.02345 0.02345
2 3 5 0.02345 0.02345
3 1 1 0.02346 0.02346
3 1 2 0.02344 0.02287
3 1 3 0.02344 0.02344
3 1 4 0.02346 0.02346
3 1 5 0.02329 0.02346
3 1 6 0.02345 0.02372
3 1 7 0.02347 0.02347
3 1 8 0.02227 0.02662
3 1 9 0.02345 0.02361
3 1 10 0.02313 0.02346
3 1 11 0.02347 0.02346
3 1 12 0.02325 0.02345
3 1 13 0.02387 0.02344
3 1 14 0.02409 0.02420
3 1 15 0.02388 0.02345
3 1 16 0.02383 0.02269
3 1 17 0.02345 0.02228
3 1 18 0.02255 0.02479
3 1 19 0.02324 0.02317
3 1 20 0.02346 0.02229
3 1 21 0.02277 0.02306
3 1 22 0.01980 0.02347
3 1 23 0.02160 0.02346
3 2 1 0.02383 0.02375
3 2 2 0.02373 0.02346
3 2 3 0.02376 0.02344
3 2 4 0.02344 0.02364
3 2 5 0.02359 0.02346
3 2 6 0.02361 0.02344
3 2 7 0.02369 0.02362
3 2 8 0.02345 0.02363
3 2 9 0.02344 0.02367
3 2 10 0.02346 0.02346
3 2 11 0.02356 0.02345
3 2 12 0.02343 0.02343
3 2 13 0.02355 0.02380
3 2 14 0.02344 0.02344
3 2 15 0.02346 0.02346
3 2 16 0.02344 0.02344
3 2 17 0.02345 0.02345
3 2 18 0.02347 0.02347
3 2 19 0.02345 0.02345
3 2 20 0.02345 0.02345
3 2 21 0.02345 0.02357
3 2 22 0.02345 0.02345
3 2 23 0.02345 0.02345
3 2 24 0.02345 0.02371
3 2 25 0.02346 0.02375
3 2 26 0.02364 0.02344
3 2 27 0.02345 0.02345
3 2 28 0.02573 0.02345
3 2 29 0.02343 0.02344
3 2 30 0.02057 0.02343
3 2 31 0.02346 0.02345
3 2 32 0.02343 0.02343
3 2 33 0.02346 0.02346
3 2 34 0.02381 0.02345
3 2 35 0.02345 0.02345
3 2 36 0.02500 0.02548
3 2 37 0.02391 0.02365
3 2 38 0.02345 0.02290
3 2 39 0.02346 0.02346
3 2 40 0.02344 0.02344
3 2 41 0.02343 0.02344
3 2 42 0.02392 0.02346
3 2 43 0.02346 0.02346
3 2 44 0.02207 0.02862
3 2 45 0.02344 0.02344
3 2 46 0.02344 0.02343
3 2 47 0.02472 0.02833
3 2 48 0.02345 0.02344
3 2 49 0.02344 0.02343
3 2 50 0.02347 0.02345
3 2 51 0.02347 0.02346
3 2 52 0.02344 0.02344
3 2 53 0.02346 0.02346
3 2 54 0.02346 0.02346
3 2 55 0.02347 0.02345
3 2 56 0.02345 0.02346
3 2 57 0.02345 0.02345
3 2 58 0.02347 0.02347
3 2 59 0.02345 0.02345
3 2 60 0.02345 0.02345
3 2 61 0.02345 0.02345
3 2 62 0.02345 0.02346
3 3 1 0.02345 0.02345
3 3 2 0.02345 0.02345
3 3 3 0.02345 0.02345
3 3 4 0.02345 0.02345
3 3 5 0.02345 0.02345
4 1 1 0.02231 0.02244
4 1 2 0.02372 0.02363
4 1 3 0.02356 0.02274
4 1 4 0.02345 0.02370
4 1 5 0.02369 0.02345
4 1 6 0.02367 0.02369
4 1 7 0.02494 0.02474
4 1 8 0.02346 0.02366
4 1 9 0.02344 0.02396
4 1 10 0.02345 0.02339
4 1 11 0.02365 0.02344
4 1 12 0.02360 0.02347
4 1 13 0.02389 0.02387
4 1 14 0.02344 0.02353
4 1 15 0.02357 0.02331
4 1 16 0.02346 0.02332
4 1 17 0.02360 0.02353
4 1 18 0.02346 0.02346
4 1 19 0.02347 0.02347
4 1 20 0.02308 0.02345
4 1 21 0.02346 0.02347
4 1 22 0.02224 0.02466
4 1 23 0.02346 0.02346
4 2 1 0.02301 0.02347
4 2 2 0.02345 0.02345
4 2 3 0.02359 0.02352
4 2 4 0.02344 0.02344
4 2 5 0.02353 0.02357
4 2 6 0.02344 0.02344
4 2 7 0.02347 0.02357
4 2 8 0.02365 0.02349
4 2 9 0.02349 0.02346
4 2 10 0.02347 0.02347
4 2 11 0.02326 0.02344
4 2 12 0.02357 0.02353
4 2 13 0.02346 0.02346
4 2 14 0.02344 0.02306
4 2 15 0.02345 0.02352
4 2 16 0.02360 0.02363
4 2 17 0.02339 0.02351
4 2 18 0.02338 0.02359
4 2 19 0.02347 0.02347
4 2 20 0.02344 0.02393
4 2 21 0.02355 0.02352
4 2 22 0.02357 0.02352
4 2 23 0.02356 0.02344
4 2 24 0.02353 0.02356
4 2 25 0.02352 0.02342
4 2 26 0.02355 0.02353
4 2 27 0.02333 0.02345
4 2 28 0.02374 0.02365
4 2 29 0.02358 0.02354
4 2 30 0.02347 0.02347
4 2 31 0.02343 0.02343
4 2 32 0.02363 0.02363
4 2 33 0.02326 0.02353
4 2 34 0.02415 0.02421
4 2 35 0.02347 0.02347
4 2 36 0.02352 0.02345
4 2 37 0.02347 0.02357
4 2 38 0.02347 0.02315
4 2 39 0.02346 0.02346
4 2 40 0.02381 0.02358
4 2 41 0.02337 0.02363
4 2 42 0.02346 0.02579
4 2 43 0.02328 0.02360
4 2 44 0.02345 0.02345
4 2 45 0.02353 0.02329
4 2 46 0.02344 0.02332
4 2 47 0.02452 0.02486
4 2 48 0.02329 0.02306
4 2 49 0.02364 0.02346
4 2 50 0.02346 0.02367
4 2 51 0.02389 0.02357
4 2 52 0.02253 0.02346
4 2 53 0.02344 0.02344
4 2 54 0.02345 0.02345
4 2 55 0.02361 0.02345
4 2 56 0.02344 0.02304
4 2 57 0.02345 0.02345
4 2 58 0.02345 0.02345
4 2 59 0.02345 0.02345
4 2 60 0.02345 0.02345
4 2 61 0.02345 0.02345
4 2 62 0.02345 0.02345
4 3 1 0.02345 0.02345
4 3 2 0.02345 0.02345
4 3 3 0.02345 0.02345
4 3 4 0.02345 0.02345
4 3 5 0.02345 0.02345
5 1 1 0.02347 0.02347
5 1 2 0.02345 0.02345
5 1 3 0.02343 0.02344
5 1 4 0.02168 0.02345
5 1 5 0.02344 0.02379
5 1 6 0.02402 0.02346
5 1 7 0.02344 0.02344
5 1 8 0.02344 0.02344
5 1 9 0.02344 0.02377
5 1 10 0.02329 0.02344
5 1 11 0.02286 0.02347
5 1 12 0.02366 0.02346
5 1 13 0.02344 0.02305
5 1 14 0.02346 0.02346
5 1 15 0.02288 0.02366
5 1 16 0.02344 0.02671
5 1 17 0.02382 0.02367
5 1 18 0.02325 0.02369
5 1 19 0.02310 0.02361
5 1 20 0.02323 0.02346
5 1 21 0.02346 0.02346
5 1 22 0.02345 0.02344
5 1 23 0.02346 0.02345
5 2 1 0.02388 0.02478
5 2 2 0.02409 0.02366
5 2 3 0.02371 0.02358
5 2 4 0.02357 0.02364
5 2 5 0.02367 0.02319
5 2 6 0.02372 0.02345
5 2 7 0.02345 0.02358
5 2 8 0.02345 0.02345
5 2 9 0.02343 0.02343
5 2 10 0.02389 0.02405
5 2 11 0.02367 0.02345
5 2 12 0.02343 0.02343
5 2 13 0.02362 0.02344
5 2 14 0.02227 0.02565
5 2 15 0.02379 0.02346
5 2 16 0.02346 0.02346
5 2 17 0.02344 0.02345
5 2 18 0.02345 0.02345
5 2 19 0.02344 0.02390
5 2 20 0.02345 0.02345
5 2 21 0.02344 0.02344
5 2 22 0.02345 0.02345
5 2 23 0.02347 0.02347
5 2 24 0.02328 0.02345
5 2 25 0.02344 0.02315
5 2 26 0.02347 0.02347
5 2 27 0.02346 0.02347
5 2 28 0.02366 0.02346
5 2 29 0.02383 0.02368
5 2 30 0.02345 0.02345
5 2 31 0.02345 0.02316
5 2 32 0.02445 0.02344
5 2 33 0.02344 0.02344
5 2 34 0.02347 0.02363
5 2 35 0.02344 0.02344
5 2 36 0.02315 0.02345
5 2 37 0.02344 0.02354
5 2 38 0.02344 0.02374
5 2 39 0.02345 0.02345
5 2 40 0.02345 0.02844
5 2 41 0.02110 0.02189
5 2 42 0.02360 0.02345
5 2 43 0.02347 0.02347
5 2 44 0.02346 0.02346
5 2 45 0.02347 0.02347
5 2 46 0.02322 0.02378
5 2 47 0.02346 0.02347
5 2 48 0.02420 0.02345
5 2 49 0.02346 0.02375
5 2 50 0.02388 0.02347
5 2 51 0.02344 0.02344
5 2 52 0.02238 0.01649
5 2 53 0.02347 0.02347
5 2 54 0.02345 0.02498
5 2 55 0.02345 0.02346
5 2 56 0.02346 0.02562
5 2 57 0.02345 0.02345
5 2 58 0.02345 0.02345
5 2 59 0.02345 0.02345
5 2 60 0.02345 0.02345
5 2 61 0.02345 0.02345
5 2 62 0.02345 0.02345
5 3 1 0.02345 0.02345
5 3 2 0.02345 0.02345
5 3 3 0.02345 0.02345
5 3 4 0.02345 0.02345
5 3 5 0.02345 0.02345
6 1 1 0.02345 0.02334
6 1 2 0.02368 0.02345
6 1 3 0.02343 0.02343
6 1 4 0.02344 0.02384
6 1 5 0.02344 0.02344
6 1 6 0.02346 0.02346
6 1 7 0.02345 0.02345
6 1 8 0.02344 0.02345
6 1 9 0.02346 0.02369
6 1 10 0.02312 0.02369
6 1 11 0.02346 0.02346
6 1 12 0.02344 0.02418
6 1 13 0.02346 0.02345
6 1 14 0.02344 0.02372
6 1 15 0.02344 0.02382
6 1 16 0.02344 0.02344
6 1 17 0.02346 0.02346
6 1 18 0.02373 0.02374
6 1 19 0.02396 0.02363
6 1 20 0.02288 0.02416
6 1 21 0.02345 0.02345
6 1 22 0.02346 0.02346
6 1 23 0.02345 0.02345
6 2 1 0.02423 0.02392
6 2 2 0.02377 0.02345
6 2 3 0.02384 0.02346
6 2 4 0.02318 0.02344
6 2 5 0.02256 0.02456
6 2 6 0.02347 0.02267
6 2 7 0.02362 0.02361
6 2 8 0.02347 0.02300
6 2 9 0.02179 0.02201
6 2 10 0.02345 0.02346
6 2 11 0.02346 0.02346
6 2 12 0.02362 0.02359
6 2 13 0.02361 0.02357
6 2 14 0.02344 0.02321
6 2 15 0.02343 0.02436
6 2 16 0.02344 0.02344
6 2 17 0.02327 0.02345
6 2 18 0.02345 0.02357
6 2 19 0.02347 0.02347
6 2 20 0.02347 0.02347
6 2 21 0.02372 0.02346
6 2 22 0.02359 0.02345
6 2 23 0.02343 0.02426
6 2 24 0.02358 0.02344
6 2 25 0.02345 0.02345
6 2 26 0.02344 0.02343
6 2 27 0.02347 0.02347
6 2 28 0.02811 0.02343
6 2 29 0.02345 0.02374
6 2 30 0.02368 0.02396
6 2 31 0.02471 0.02343
6 2 32 0.02347 0.02347
6 2 33 0.02345 0.02345
6 2 34 0.02304 0.02347
6 2 35 0.02347 0.02347
6 2 36 0.02344 0.02344
6 2 37 0.02346 0.02323
6 2 38 0.02346 0.02300
6 2 39 0.02345 0.02135
6 2 40 0.02345 0.02345
6 2 41 0.02344 0.02344
6 2 42 0.02346 0.02346
6 2 43 0.02344 0.02523
6 2 44 0.02344 0.02344
6 2 45 0.02346 0.02347
6 2 46 0.02346 0.02346
6 2 47 0.02345 0.02345
6 2 48 0.02346 0.02347
6 2 49 0.02344 0.02323
6 2 50 0.02345 0.02469
6 2 51 0.02344 0.02344
6 2 52 0.02085 0.02344
6 2 53 0.02346 0.02345
6 2 54 0.02343 0.02727
6 2 55 0.02346 0.02347
6 2 56 0.02345 0.02345
6 2 57 0.02345 0.02345
6 2 58 0.02345 0.02345
6 2 59 0.02345 0.02345
6 2 60 0.02345 0.02345
6 2 61 0.02345 0.02345
6 2 62 0.02345 0.02345
6 3 1 0.02345 0.02345
6 3 2 0.02345 0.02345
6 3 3 0.02345 0.02345
6 3 4 0.02345 0.02345
6 3 5 0.02345 0.02345
