1 1 1 0.228 0.123
1 1 2 -0.148 0.142
1 1 3 0.994 0.130
1 1 4 0.002 0.142
1 1 5 -1.017 0.145
1 1 6 0.960 0.211
1 1 7 -0.622 0.171
1 1 8 0.062 0.172
1 1 9 0.407 0.216
1 1 10 1.025 0.160
1 1 11 -0.535 0.165
1 1 12 -0.358 0.185
1 1 13 -0.729 0.186
1 1 14 -0.880 0.177
1 1 15 0.406 0.209
1 1 16 0.312 0.292
1 1 17 0.187 0.257
1 1 18 0.278 0.234
1 1 19 0.287 0.257
1 1 20 -0.040 0.250
1 1 21 -0.639 0.267
1 1 22 -0.980 0.362
1 1 23 -0.397 0.437
1 2 1 0.399 0.135
1 2 2 -0.408 0.127
1 2 3 0.740 0.116
1 2 4 0.025 0.119
1 2 5 -0.103 0.121
1 2 6 0.368 0.114
1 2 7 0.938 0.103
1 2 8 0.349 0.096
1 2 9 -0.864 0.117
1 2 10 0.258 0.095
1 2 11 0.434 0.092
1 2 12 0.798 0.093
1 2 13 0.057 0.109
1 2 14 -0.536 0.091
1 2 15 -0.102 0.096
1 2 16 -0.584 0.106
1 2 17 -0.334 0.089
1 2 18 0.270 0.111
1 2 19 -0.640 0.101
1 2 20 0.658 0.106
1 2 21 -0.721 0.112
1 2 22 -0.479 0.097
1 2 23 -0.394 0.110
1 2 24 -0.069 0.099
1 2 25 -0.148 0.097
1 2 26 0.317 0.096
1 2 27 0.391 0.093
1 2 28 0.738 0.101
1 2 29 0.725 0.108
1 2 30 -0.780 0.106
1 2 31 0.517 0.112
1 2 32 0.421 0.108
1 2 33 0.938 0.108
1 2 34 0.632 0.111
1 2 35 0.704 0.122
1 2 36 0.053 0.119
1 2 37 0.758 0.118
1 2 38 0.986 0.116
1 2 39 0.435 0.128
1 2 40 -0.862 0.130
1 2 41 0.616 0.126
1 2 42 -0.005 0.143
1 2 43 -0.427 0.134
1 2 44 0.991 0.141
1 2 45 -0.268 0.137
1 2 46 0.843 0.144
1 2 47 0.785 0.160
1 2 48 -0.071 0.150
1 2 49 0.629 0.164
1 2 50 0.765 0.146
1 2 51 -0.741 0.152
1 2 52 0.881 0.175
1 2 53 0.165 0.100
1 2 54 -0.180 0.164
1 2 55 0.477 0.186
1 2 56 0.925 0.183
1 2 57 0.498 0.164
1 2 58 -0.972 0.199
1 2 59 -0.037 0.168
1 2 60 -0.788 0.196
1 2 61 0.877 0.331
1 2 62 -0.414 0.211
1 3 1 -1.198 0.150
1 3 2 -0.995 0.574
1 3 3 -0.075 0.160
1 3 4 0.000 0.100
1 3 5 0.000 0.100
2 1 1 -0.377 0.100
2 1 2 -0.159 0.133
2 1 3 -0.118 0.142
2 1 4 0.983 0.142
2 1 5 -0.435 0.163
2 1 6 0.000 0.100
2 1 7 0.334 0.147
2 1 8 -0.841 0.163
2 1 9 -0.817 0.164
2 1 10 0.000 0.100
2 1 11 0.331 0.168
2 1 12 0.804 0.256
2 1 13 -1.000 0.189
2 1 14 0.594 0.207
2 1 15 0.875 0.226
2 1 16 -0.403 0.245
2 1 17 0.354 0.265
2 1 18 -0.099 0.270
2 1 19 -0.061 0.259
2 1 20 0.606 0.229
2 1 21 -0.261 0.248
2 1 22 -0.823 0.280
2 1 23 0.610 0.304
2 2 1 -0.862 0.374
2 2 2 0.625 0.132
2 2 3 0.415 0.373
2 2 4 0.475 0.130
2 2 5 0.343 0.111
2 2 6 0.011 0.117
2 2 7 0.450 0.103
2 2 8 -0.802 0.113
2 2 9 -0.523 0.099
2 2 10 0.133 0.102
2 2 11 0.451 0.098
2 2 12 -0.768 0.091
2 2 13 0.879 0.099
2 2 14 0.259 0.100
2 2 15 -0.871 0.096
2 2 16 -0.129 0.091
2 2 17 0.595 0.086
2 2 18 0.753 0.099
2 2 19 0.606 0.101
2 2 20 0.327 0.086
2 2 21 0.852 0.100
2 2 22 -0.913 0.090
2 2 23 -0.592 0.115
2 2 24 -0.048 0.110
2 2 25 0.058 0.098
2 2 26 -0.441 0.094
2 2 27 -0.794 0.102
2 2 28 0.189 0.093
2 2 29 -0.083 0.102
2 2 30 -0.230 0.102
2 2 31 -0.292 0.115
2 2 32 -0.638 0.108
2 2 33 0.015 0.120
2 2 34 -0.047 0.110
2 2 35 0.383 0.114
2 2 36 0.897 0.124
2 2 37 -0.136 0.123
2 2 38 -0.056 0.117
2 2 39 0.304 0.134
2 2 40 -0.065 0.136
2 2 41 -0.970 0.126
2 2 42 -0.598 0.150
2 2 43 0.000 0.100
2 2 44 0.996 0.134
2 2 45 -0.284 0.146
2 2 46 -0.015 0.100
2 2 47 -0.897 0.148
2 2 48 0.435 0.100
2 2 49 0.795 0.146
2 2 50 0.701 0.149
2 2 51 0.361 0.145
2 2 52 -0.151 0.153
2 2 53 -0.410 0.146
2 2 54 -0.519 0.150
2 2 55 -0.689 0.163
2 2 56 0.391 0.144
2 2 57 0.679 0.138
2 2 58 -0.501 0.239
2 2 59 0.197 0.304
2 2 60 0.490 0.089
2 2 61 0.669 0.084
2 2 62 0.274 0.085
2 3 1 -1.238 0.150
2 3 2 -0.145 0.274
2 3 3 0.000 0.100
2 3 4 0.000 0.100
2 3 5 0.000 0.100
3 1 1 -0.694 0.109
3 1 2 0.838 0.135
3 1 3 0.539 0.142
3 1 4 -0.683 0.126
3 1 5 -0.510 0.160
3 1 6 -0.215 0.151
3 1 7 -0.810 0.114
3 1 8 -0.898 0.175
3 1 9 0.233 0.173
3 1 10 -0.570 0.162
3 1 11 -0.677 0.265
3 1 12 0.209 0.170
3 1 13 0.700 0.176
3 1 14 1.028 0.221
3 1 15 -0.156 0.308
3 1 16 -0.943 0.252
3 1 17 0.776 0.304
3 1 18 0.922 0.241
3 1 19 0.060 0.268
3 1 20 -0.071 0.289
3 1 21 -0.041 0.263
3 1 22 -0.800 0.239
3 1 23 -0.629 0.353
3 2 1 -5.685 0.912
3 2 2 -0.427 0.170
3 2 3 0.437 0.117
3 2 4 0.239 0.119
3 2 5 -0.470 0.125
3 2 6 0.307 0.131
3 2 7 0.045 0.115
3 2 8 -0.236 0.106
3 2 9 0.411 0.109
3 2 10 -0.381 0.105
3 2 11 0.137 0.101
3 2 12 0.808 0.105
3 2 13 0.293 0.104
3 2 14 0.425 0.102
3 2 15 -0.599 0.087
3 2 16 0.483 0.101
3 2 17 0.021 0.097
3 2 18 -0.747 0.097
3 2 19 -0.075 0.096
3 2 20 -0.105 0.093
3 2 21 0.091 0.113
3 2 22 -0.033 0.097
3 2 23 0.203 0.104
3 2 24 0.135 0.094
3 2 25 -0.633 0.109
3 2 26 0.362 0.099
3 2 27 0.230 0.101
3 2 28 0.976 0.101
3 2 29 0.847 0.104
3 2 30 0.897 0.114
3 2 31 -0.215 0.100
3 2 32 0.893 0.109
3 2 33 -0.581 0.117
3 2 34 0.065 0.109
3 2 35 0.251 0.123
3 2 36 -0.952 0.122
3 2 37 -0.689 0.127
3 2 38 -0.081 0.120
3 2 39 -0.608 0.116
3 2 40 0.409 0.120
3 2 41 0.714 0.128
3 2 42 -0.406 0.139
3 2 43 -0.506 0.134
3 2 44 0.912 0.135
3 2 45 0.698 0.151
3 2 46 0.937 0.152
3 2 47 0.887 0.148
3 2 48 0.351 0.155
3 2 49 0.751 0.151
3 2 50 0.927 0.152
3 2 51 -0.761 0.160
3 2 52 0.505 0.147
3 2 53 -0.314 0.164
3 2 54 -0.490 0.155
3 2 55 -0.846 0.146
3 2 56 -0.422 0.158
3 2 57 -0.161 0.147
3 2 58 -0.885 0.111
3 2 59 -0.172 0.222
3 2 60 -0.164 0.188
3 2 61 -0.026 0.197
3 2 62 0.021 0.165
3 3 1 0.050 0.150
3 3 2 -1.331 0.850
3 3 3 0.000 0.100
3 3 4 0.000 0.100
3 3 5 0.000 0.100
4 1 1 0.789 0.080
4 1 2 -0.153 0.337
4 1 3 0.833 0.251
4 1 4 0.104 0.211
4 1 5 -0.265 0.222
4 1 6 0.131 0.306
4 1 7 0.992 0.143
4 1 8 -0.709 0.166
4 1 9 0.447 0.165
4 1 10 0.214 0.170
4 1 11 0.423 0.221
4 1 12 -0.799 0.175
4 1 13 0.445 0.149
4 1 14 0.392 0.229
4 1 15 -0.115 0.168
4 1 16 -0.400 0.230
4 1 17 0.530 0.250
4 1 18 -0.503 0.221
4 1 19 -0.754 0.254
4 1 20 0.204 0.273
4 1 21 -0.797 0.193
4 1 22 -0.867 0.265
4 1 23 -0.893 0.243
4 2 1 -0.884 0.184
4 2 2 0.118 0.144
4 2 3 -0.586 0.144
4 2 4 0.760 0.144
4 2 5 0.186 0.137
4 2 6 0.364 0.133
4 2 7 -0.793 0.126
4 2 8 0.203 0.137
4 2 9 -0.244 0.137
4 2 10 -0.814 0.133
4 2 11 0.887 0.144
4 2 12 -0.437 0.118
4 2 13 -0.389 0.127
4 2 14 0.879 0.125
4 2 15 0.131 0.138
4 2 16 -0.176 0.137
4 2 17 -0.452 0.113
4 2 18 -0.365 0.130
4 2 19 -0.786 0.134
4 2 20 0.696 0.133
4 2 21 -0.327 0.119
4 2 22 -0.288 0.099
4 2 23 0.321 0.101
4 2 24 -0.639 0.103
4 2 25 -0.692 0.104
4 2 26 0.381 0.105
4 2 27 0.145 0.103
4 2 28 0.452 0.103
4 2 29 -0.107 0.110
4 2 30 -0.777 0.108
4 2 31 0.861 0.111
4 2 32 0.494 0.106
4 2 33 0.721 0.123
4 2 34 0.987 0.116
4 2 35 -0.950 0.111
4 2 36 0.184 0.127
4 2 37 -0.819 0.115
4 2 38 -0.860 0.116
4 2 39 -0.331 0.118
4 2 40 -0.139 0.123
4 2 41 -0.059 0.128
4 2 42 -0.951 0.133
4 2 43 0.394 0.136
4 2 44 0.092 0.134
4 2 45 -0.422 0.145
4 2 46 0.390 0.157
4 2 47 1.051 0.157
4 2 48 0.261 0.144
4 2 49 -0.428 0.153
4 2 50 -0.584 0.160
4 2 51 0.033 0.151
4 2 52 -0.397 0.148
4 2 53 0.707 0.158
4 2 54 0.244 0.165
4 2 55 -0.119 0.155
4 2 56 0.604 0.156
4 2 57 0.544 0.158
4 2 58 0.735 0.171
4 2 59 -0.266 0.241
4 2 60 0.093 0.130
4 2 61 -0.925 0.329
4 2 62 0.844 0.143
4 3 1 -0.081 0.150
4 3 2 1.054 0.155
4 3 3 -0.140 0.269
4 3 4 0.000 0.100
4 3 5 0.000 0.100
5 1 1 -0.774 0.104
5 1 2 0.076 0.138
5 1 3 0.826 0.123
5 1 4 -0.999 0.131
5 1 5 0.502 0.163
5 1 6 -0.931 0.154
5 1 7 0.322 0.179
5 1 8 0.442 0.190
5 1 9 0.346 0.164
5 1 10 0.367 0.169
5 1 11 -0.834 0.144
5 1 12 -0.608 0.195
5 1 13 0.563 0.181
5 1 14 -0.306 0.190
5 1 15 0.369 0.228
5 1 16 0.680 0.204
5 1 17 0.057 0.254
5 1 18 0.249 0.292
5 1 19 -0.118 0.248
5 1 20 -0.372 0.304
5 1 21 -0.599 0.294
5 1 22 0.517 0.336
5 1 23 -0.223 0.408
5 2 1 0.648 0.323
5 2 2 0.709 0.135
5 2 3 0.071 0.275
5 2 4 -0.239 0.183
5 2 5 -0.704 0.124
5 2 6 -0.289 0.127
5 2 7 -0.029 0.123
5 2 8 0.125 0.125
5 2 9 0.794 0.120
5 2 10 0.504 0.098
5 2 11 0.264 0.108
5 2 12 0.813 0.105
5 2 13 0.257 0.107
5 2 14 0.930 0.094
5 2 15 -0.658 0.106
5 2 16 -0.505 0.105
5 2 17 0.301 0.105
5 2 18 0.086 0.111
5 2 19 0.442 0.097
5 2 20 -0.055 0.089
5 2 21 0.699 0.112
5 2 22 0.145 0.097
5 2 23 -0.864 0.094
5 2 24 0.014 0.103
5 2 25 0.352 0.103
5 2 26 -0.809 0.098
5 2 27 -0.734 0.098
5 2 28 -0.726 0.102
5 2 29 -0.341 0.110
5 2 30 -0.176 0.108
5 2 31 -0.112 0.115
5 2 32 0.892 0.109
5 2 33 0.580 0.115
5 2 34 -0.770 0.118
5 2 35 0.484 0.116
5 2 36 -0.150 0.122
5 2 37 0.302 0.122
5 2 38 0.415 0.120
5 2 39 0.051 0.130
5 2 40 0.933 0.133
5 2 41 -1.001 0.138
5 2 42 -0.010 0.141
5 2 43 -0.788 0.157
5 2 44 -0.437 0.144
5 2 45 -0.893 0.153
5 2 46 -0.235 0.157
5 2 47 -0.690 0.177
5 2 48 0.943 0.168
5 2 49 -0.602 0.209
5 2 50 -0.786 0.188
5 2 51 0.668 0.170
5 2 52 -0.982 0.190
5 2 53 -0.916 0.221
5 2 54 0.340 0.239
5 2 55 -0.343 0.207
5 2 56 -0.385 0.118
5 2 57 -0.383 0.396
5 2 58 0.223 0.292
5 2 59 -0.592 0.426
5 2 60 -0.614 0.379
5 2 61 -0.641 0.339
5 2 62 -0.027 0.359
5 3 1 0.546 0.624
5 3 2 -0.052 0.995
5 3 3 0.155 0.160
5 3 4 -0.295 0.165
5 3 5 0.000 0.100
6 1 1 0.115 0.097
6 1 2 -0.245 0.118
6 1 3 0.818 0.122
6 1 4 0.323 0.126
6 1 5 0.670 0.126
6 1 6 -0.334 0.151
6 1 7 0.211 0.159
6 1 8 0.288 0.154
6 1 9 -0.389 0.178
6 1 10 -0.506 0.181
6 1 11 -0.686 0.172
6 1 12 0.615 0.186
6 1 13 -0.227 0.175
6 1 14 0.433 0.198
6 1 15 0.524 0.223
6 1 16 0.431 0.214
6 1 17 -0.371 0.216
6 1 18 0.075 0.200
6 1 19 0.229 0.232
6 1 20 -0.863 0.288
6 1 21 0.000 0.100
6 1 22 -0.418 0.303
6 1 23 0.291 0.338
6 2 1 0.002 0.030
6 2 2 -0.114 0.133
6 2 3 -0.343 0.296
6 2 4 0.628 0.147
6 2 5 0.889 0.119
6 2 6 -0.859 0.125
6 2 7 -0.378 0.108
6 2 8 -0.916 0.115
6 2 9 0.977 0.115
6 2 10 -0.252 0.098
6 2 11 -0.570 0.105
6 2 12 0.541 0.093
6 2 13 0.388 0.098
6 2 14 0.369 0.096
6 2 15 0.793 0.096
6 2 16 0.412 0.100
6 2 17 -0.108 0.105
6 2 18 -0.225 0.108
6 2 19 -0.871 0.104
6 2 20 -0.770 0.095
6 2 21 -0.709 0.101
6 2 22 0.223 0.091
6 2 23 0.825 0.097
6 2 24 0.337 0.098
6 2 25 -0.084 0.100
6 2 26 0.874 0.096
6 2 27 -0.778 0.091
6 2 28 0.848 0.106
6 2 29 0.267 0.111
6 2 30 -0.420 0.104
6 2 31 0.891 0.113
6 2 32 -0.852 0.102
6 2 33 -0.103 0.116
6 2 34 -0.844 0.117
6 2 35 -0.750 0.123
6 2 36 0.755 0.122
6 2 37 -0.261 0.127
6 2 38 -0.698 0.122
6 2 39 0.958 0.121
6 2 40 0.129 0.126
6 2 41 0.654 0.140
6 2 42 -0.571 0.143
6 2 43 0.495 0.156
6 2 44 0.476 0.145
6 2 45 -0.949 0.111
6 2 46 -0.477 0.161
6 2 47 0.101 0.167
6 2 48 -0.686 0.129
6 2 49 0.506 0.175
6 2 50 0.075 0.174
6 2 51 0.381 0.185
6 2 52 0.586 0.176
6 2 53 0.013 0.200
6 2 54 0.739 0.173
6 2 55 -0.412 0.218
6 2 56 0.437 0.238
6 2 57 0.446 0.340
6 2 58 0.312 0.347
6 2 59 0.902 0.268
6 2 60 -0.618 0.083
6 2 61 0.965 0.084
6 2 62 -1.017 0.346
6 3 1 1.086 0.193
6 3 2 -0.906 0.155
6 3 3 0.000 0.100
6 3 4 -0.625 0.165
6 3 5 0.000 0.100
