1 1 1 423.63 423.58 10.00
1 1 2 424.08 423.33 10.00
1 1 3 423.83 423.08 10.00
1 1 4 424.48 423.08 10.00
1 1 5 422.78 423.78 10.00
1 1 6 423.42 423.17 10.00
1 1 7 422.17 422.92 10.00
1 1 8 423.63 423.67 10.00
1 1 9 423.33 422.58 10.00
1 1 10 422.42 421.83 10.00
1 1 11 423.33 421.63 10.00
1 1 12 421.67 421.73 10.00
1 1 13 421.17 421.58 10.00
1 1 14 421.67 421.63 10.00
1 1 15 422.17 422.08 10.00
1 1 16 421.67 421.88 10.00
1 1 17 422.17 421.53 10.00
1 1 18 421.92 421.28 10.00
1 1 19 422.03 421.38 10.00
1 1 20 421.78 420.28 10.00
1 1 21 421.83 421.03 10.00
1 1 22 420.78 421.78 10.00
1 1 23 422.53 421.53 10.00
1 2 1 423.67 422.88 10.00
1 2 2 423.42 423.98 10.00
1 2 3 423.98 422.38 10.00
1 2 4 424.42 423.42 10.00
1 2 5 422.67 423.13 10.00
1 2 6 423.38 423.42 10.00
1 2 7 422.88 423.48 10.00
1 2 8 423.38 424.03 10.00
1 2 9 423.92 422.63 10.00
1 2 10 423.53 422.58 10.00
1 2 11 423.28 422.33 10.00
1 2 12 423.28 422.53 10.00
1 2 13 422.92 422.63 10.00
1 2 14 422.38 422.03 10.00
1 2 15 423.33 422.33 10.00
1 2 16 422.48 421.58 10.00
1 2 17 423.48 422.33 10.00
1 2 18 423.17 422.28 10.00
1 2 19 423.28 421.98 10.00
1 2 20 423.28 422.38 10.00
1 2 21 421.88 421.98 10.00
1 2 22 422.38 422.67 10.00
1 2 23 421.67 422.42 10.00
1 2 24 421.88 422.98 10.00
1 2 25 422.98 421.88 10.00
1 2 26 422.42 421.17 10.00
1 2 27 421.98 421.73 10.00
1 2 28 421.33 421.17 10.00
1 2 29 421.92 421.08 10.00
1 2 30 421.33 421.53 10.00
1 2 31 422.03 421.42 10.00
1 2 32 421.13 421.48 10.00
1 2 33 422.13 422.08 10.00
1 2 34 422.92 422.38 10.00
1 2 35 422.78 421.88 10.00
1 2 36 422.53 422.13 10.00
1 2 37 421.53 422.17 10.00
1 2 38 421.88 422.03 10.00
1 2 39 422.03 422.63 10.00
1 2 40 421.88 422.63 10.00
1 2 41 422.58 421.83 10.00
1 2 42 422.13 421.17 10.00
1 2 43 422.38 421.33 10.00
1 2 44 422.03 421.13 10.00
1 2 45 421.08 421.23 10.00
1 2 46 421.73 420.63 10.00
1 2 47 420.98 420.92 10.00
1 2 48 421.13 421.13 10.00
1 2 49 428.67 428.42 10.00
1 2 50 428.08 428.08 10.00
1 2 51 429.08 428.92 10.00
1 2 52 428.42 427.83 10.00
1 2 53 427.92 427.58 10.00
1 2 54 427.33 427.48 10.00
1 2 55 427.42 428.08 10.00
1 2 56 427.73 428.08 10.00
1 2 57 426.58 426.58 10.00
1 2 58 426.58 426.53 10.00
1 2 59 427.58 426.63 10.00
1 2 60 427.08 426.63 10.00
1 2 61 426.08 426.67 10.00
1 2 62 426.33 426.48 10.00
1 3 1 420.88 419.92 10.00
1 3 2 421.28 419.88 10.00
1 3 3 421.13 420.13 10.00
1 3 4 420.03 419.73 10.00
1 3 5 421.53 419.53 10.00
2 1 1 383.48 383.23 10.00
2 1 2 383.58 383.13 10.00
2 1 3 383.03 382.42 10.00
2 1 4 383.98 383.08 10.00
2 1 5 381.67 382.98 10.00
2 1 6 0.00 0.00 10.00
2 1 7 382.13 382.88 10.00
2 1 8 383.08 383.67 10.00
2 1 9 383.42 382.17 10.00
2 1 10 0.00 0.00 10.00
2 1 11 382.98 382.48 10.00
2 1 12 382.67 381.33 10.00
2 1 13 382.28 382.08 10.00
2 1 14 381.92 380.88 10.00
2 1 15 382.23 381.42 10.00
2 1 16 381.78 382.17 10.00
2 1 17 382.58 381.33 10.00
2 1 18 381.83 381.73 10.00
2 1 19 0.00 0.00 10.00
2 1 20 381.33 380.38 10.00
2 1 21 381.58 381.58 10.00
2 1 22 381.23 381.48 10.00
2 1 23 382.08 381.73 10.00
2 2 1 383.78 382.08 10.00
2 2 2 384.23 383.23 10.00
2 2 3 383.58 383.03 10.00
2 2 4 383.23 382.67 10.00
2 2 5 382.28 382.48 10.00
2 2 6 382.83 382.83 10.00
2 2 7 383.83 383.38 10.00
2 2 8 382.58 383.53 10.00
2 2 9 383.92 382.83 10.00
2 2 10 383.28 382.23 10.00
2 2 11 383.83 381.88 10.00
2 2 12 383.17 381.67 10.00
2 2 13 382.73 382.13 10.00
2 2 14 382.67 381.23 10.00
2 2 15 382.28 381.98 10.00
2 2 16 382.13 381.48 10.00
2 2 17 383.98 383.17 10.00
2 2 18 383.78 383.17 10.00
2 2 19 383.58 382.38 10.00
2 2 20 384.17 383.48 10.00
2 2 21 382.67 382.67 10.00
2 2 22 383.28 382.88 10.00
2 2 23 382.83 382.83 10.00
2 2 24 382.63 383.28 10.00
2 2 25 383.78 382.73 10.00
2 2 26 383.28 381.98 10.00
2 2 27 383.08 382.88 10.00
2 2 28 382.63 382.13 10.00
2 2 29 382.67 382.38 10.00
2 2 30 381.92 381.53 10.00
2 2 31 382.03 382.38 10.00
2 2 32 381.58 381.78 10.00
2 2 33 382.58 381.98 10.00
2 2 34 383.58 383.17 10.00
2 2 35 383.03 382.58 10.00
2 2 36 382.73 382.78 10.00
2 2 37 381.67 382.08 10.00
2 2 38 382.67 382.98 10.00
2 2 39 381.78 382.17 10.00
2 2 40 382.13 382.73 10.00
2 2 41 382.38 381.88 10.00
2 2 42 382.13 381.13 10.00
2 2 43 382.08 381.13 10.00
2 2 44 381.92 381.73 10.00
2 2 45 381.63 381.38 10.00
2 2 46 381.88 380.92 10.00
2 2 47 381.88 381.17 10.00
2 2 48 381.38 380.88 10.00
2 2 49 382.98 382.98 10.00
2 2 50 382.63 382.38 10.00
2 2 51 382.67 382.23 10.00
2 2 52 383.13 382.23 10.00
2 2 53 381.78 381.73 10.00
2 2 54 381.88 382.23 10.00
2 2 55 382.98 381.78 10.00
2 2 56 382.38 382.03 10.00
2 2 57 381.48 381.13 10.00
2 2 58 381.48 380.63 10.00
2 2 59 381.48 380.38 10.00
2 2 60 381.73 380.98 10.00
2 2 61 380.88 380.73 10.00
2 2 62 381.03 380.63 10.00
2 3 1 381.17 381.33 10.00
2 3 2 381.83 380.83 10.00
2 3 3 380.17 380.17 10.00
2 3 4 381.83 380.28 10.00
2 3 5 380.13 380.92 10.00
3 1 1 422.67 422.33 10.00
3 1 2 422.88 422.63 10.00
3 1 3 422.03 422.08 10.00
3 1 4 422.73 421.67 10.00
3 1 5 421.63 422.17 10.00
3 1 6 422.28 421.63 10.00
3 1 7 427.33 422.92 10.00
3 1 8 422.73 422.48 10.00
3 1 9 422.98 422.38 10.00
3 1 10 421.73 420.48 10.00
3 1 11 423.03 421.78 10.00
3 1 12 421.17 420.28 10.00
3 1 13 420.92 421.23 10.00
3 1 14 421.78 421.08 10.00
3 1 15 422.48 421.17 10.00
3 1 16 421.38 421.08 10.00
3 1 17 421.42 421.13 10.00
3 1 18 420.78 420.53 10.00
3 1 19 421.63 420.73 10.00
3 1 20 420.42 420.03 10.00
3 1 21 420.08 420.42 10.00
3 1 22 420.28 420.38 10.00
3 1 23 420.92 420.88 10.00
3 2 1 422.58 421.78 10.00
3 2 2 423.13 420.08 10.00
3 2 3 422.83 421.98 10.00
3 2 4 423.53 422.42 10.00
3 2 5 422.78 422.33 10.00
3 2 6 422.48 422.63 10.00
3 2 7 422.42 422.53 10.00
3 2 8 423.23 422.83 10.00
3 2 9 423.73 422.42 10.00
3 2 10 422.98 421.88 10.00
3 2 11 423.17 421.88 10.00
3 2 12 422.33 421.13 10.00
3 2 13 421.78 421.38 10.00
3 2 14 421.67 421.58 10.00
3 2 15 422.08 421.83 10.00
3 2 16 421.42 421.38 10.00
3 2 17 422.53 422.63 10.00
3 2 18 422.63 423.03 10.00
3 2 19 422.63 422.58 10.00
3 2 20 423.28 422.42 10.00
3 2 21 421.88 422.28 10.00
3 2 22 422.88 422.48 10.00
3 2 23 421.67 422.58 10.00
3 2 24 422.92 422.83 10.00
3 2 25 422.67 422.38 10.00
3 2 26 422.98 421.38 10.00
3 2 27 423.08 421.08 10.00
3 2 28 422.38 421.17 10.00
3 2 29 421.48 420.98 10.00
3 2 30 422.03 420.92 10.00
3 2 31 421.73 421.53 10.00
3 2 32 420.92 420.83 10.00
3 2 33 421.83 421.33 10.00
3 2 34 422.23 421.98 10.00
3 2 35 421.48 421.38 10.00
3 2 36 421.83 421.28 10.00
3 2 37 420.98 420.83 10.00
3 2 38 421.63 421.78 10.00
3 2 39 420.53 421.17 10.00
3 2 40 422.58 421.67 10.00
3 2 41 421.38 420.83 10.00
3 2 42 421.48 420.42 10.00
3 2 43 421.38 419.98 10.00
3 2 44 420.88 420.73 10.00
3 2 45 420.63 419.92 10.00
3 2 46 420.53 420.33 10.00
3 2 47 420.28 420.03 10.00
3 2 48 420.13 419.08 10.00
3 2 49 422.67 421.92 10.00
3 2 50 421.67 421.67 10.00
3 2 51 421.92 421.92 10.00
3 2 52 422.53 421.28 10.00
3 2 53 421.23 421.08 10.00
3 2 54 421.33 420.92 10.00
3 2 55 421.92 421.58 10.00
3 2 56 421.67 421.78 10.00
3 2 57 420.42 420.17 10.00
3 2 58 420.38 420.23 10.00
3 2 59 420.83 420.08 10.00
3 2 60 420.92 420.17 10.00
3 2 61 419.58 419.42 10.00
3 2 62 420.42 419.83 10.00
3 3 1 420.63 419.38 10.00
3 3 2 420.17 419.53 10.00
3 3 3 419.28 419.38 10.00
3 3 4 420.28 419.78 10.00
3 3 5 418.63 419.78 10.00
4 1 1 419.13 418.53 10.00
4 1 2 419.92 419.03 10.00
4 1 3 418.88 418.33 10.00
4 1 4 418.17 418.63 10.00
4 1 5 418.58 418.08 10.00
4 1 6 418.08 417.03 10.00
4 1 7 418.17 418.48 10.00
4 1 8 417.58 418.38 10.00
4 1 9 418.83 417.92 10.00
4 1 10 418.63 417.58 10.00
4 1 11 419.28 417.88 10.00
4 1 12 418.08 417.17 10.00
4 1 13 417.83 417.73 10.00
4 1 14 417.38 417.48 10.00
4 1 15 417.53 416.53 10.00
4 1 16 418.28 416.03 10.00
4 1 17 417.88 417.78 10.00
4 1 18 418.03 416.63 10.00
4 1 19 418.78 417.88 10.00
4 1 20 417.03 416.53 10.00
4 1 21 418.13 417.63 10.00
4 1 22 416.92 416.78 10.00
4 1 23 417.38 417.78 10.00
4 2 1 419.67 418.98 10.00
4 2 2 419.88 419.08 10.00
4 2 3 419.78 418.83 10.00
4 2 4 419.78 419.23 10.00
4 2 5 418.78 418.67 10.00
4 2 6 419.23 419.28 10.00
4 2 7 419.42 419.08 10.00
4 2 8 419.28 419.48 10.00
4 2 9 419.78 418.23 10.00
4 2 10 419.28 417.83 10.00
4 2 11 419.58 417.78 10.00
4 2 12 418.88 417.42 10.00
4 2 13 418.48 417.73 10.00
4 2 14 417.53 417.83 10.00
4 2 15 417.67 418.42 10.00
4 2 16 417.78 417.67 10.00
4 2 17 418.88 418.53 10.00
4 2 18 418.88 418.63 10.00
4 2 19 419.08 418.53 10.00
4 2 20 419.17 418.78 10.00
4 2 21 417.88 418.13 10.00
4 2 22 418.33 419.42 10.00
4 2 23 418.63 418.63 10.00
4 2 24 419.08 419.38 10.00
4 2 25 419.48 418.23 10.00
4 2 26 418.98 418.13 10.00
4 2 27 418.88 418.08 10.00
4 2 28 418.17 417.42 10.00
4 2 29 418.73 418.08 10.00
4 2 30 417.92 417.42 10.00
4 2 31 418.17 418.08 10.00
4 2 32 416.63 417.28 10.00
4 2 33 418.88 418.13 10.00
4 2 34 419.17 418.98 10.00
4 2 35 418.42 418.73 10.00
4 2 36 418.67 418.03 10.00
4 2 37 417.42 418.28 10.00
4 2 38 417.63 418.38 10.00
4 2 39 417.83 418.28 10.00
4 2 40 418.03 418.83 10.00
4 2 41 418.98 417.98 10.00
4 2 42 418.13 417.13 10.00
4 2 43 418.38 417.88 10.00
4 2 44 418.13 416.88 10.00
4 2 45 417.78 417.42 10.00
4 2 46 416.78 417.13 10.00
4 2 47 417.23 417.08 10.00
4 2 48 417.33 416.78 10.00
4 2 49 418.67 418.88 10.00
4 2 50 418.42 418.38 10.00
4 2 51 419.08 418.88 10.00
4 2 52 418.63 418.73 10.00
4 2 53 417.53 417.83 10.00
4 2 54 417.83 418.17 10.00
4 2 55 418.33 418.33 10.00
4 2 56 418.23 418.67 10.00
4 2 57 417.17 417.33 10.00
4 2 58 417.33 416.83 10.00
4 2 59 417.17 416.73 10.00
4 2 60 417.28 415.28 10.00
4 2 61 416.53 416.83 10.00
4 2 62 416.23 417.03 10.00
4 3 1 416.63 416.28 10.00
4 3 2 416.33 415.78 10.00
4 3 3 417.42 416.38 10.00
4 3 4 416.98 416.78 10.00
4 3 5 416.58 415.63 10.00
5 1 1 425.13 424.92 10.00
5 1 2 424.23 424.92 10.00
5 1 3 424.88 425.13 10.00
5 1 4 424.73 424.78 10.00
5 1 5 423.17 424.17 10.00
5 1 6 424.53 424.83 10.00
5 1 7 423.63 424.33 10.00
5 1 8 423.83 425.63 10.00
5 1 9 425.38 424.08 10.00
5 1 10 424.08 423.23 10.00
5 1 11 424.03 423.03 10.00
5 1 12 424.53 423.78 10.00
5 1 13 423.48 423.23 10.00
5 1 14 423.17 422.78 10.00
5 1 15 423.28 424.03 10.00
5 1 16 423.28 423.23 10.00
5 1 17 424.53 423.78 10.00
5 1 18 422.92 422.67 10.00
5 1 19 422.53 423.78 10.00
5 1 20 423.42 422.78 10.00
5 1 21 422.67 422.78 10.00
5 1 22 422.03 422.28 10.00
5 1 23 423.03 423.13 10.00
5 2 1 425.08 424.92 10.00
5 2 2 424.73 424.67 10.00
5 2 3 424.67 424.33 10.00
5 2 4 424.28 424.88 10.00
5 2 5 423.88 423.78 10.00
5 2 6 424.08 424.48 10.00
5 2 7 424.13 424.38 10.00
5 2 8 423.88 425.08 10.00
5 2 9 424.48 424.03 10.00
5 2 10 424.92 423.33 10.00
5 2 11 425.17 424.33 10.00
5 2 12 424.42 423.73 10.00
5 2 13 424.38 423.78 10.00
5 2 14 423.98 423.23 10.00
5 2 15 424.08 423.98 10.00
5 2 16 423.48 423.67 10.00
5 2 17 425.03 424.42 10.00
5 2 18 425.58 425.13 10.00
5 2 19 424.38 424.13 10.00
5 2 20 425.53 424.92 10.00
5 2 21 423.88 424.38 10.00
5 2 22 424.92 424.73 10.00
5 2 23 424.33 424.13 10.00
5 2 24 424.67 425.53 10.00
5 2 25 424.88 423.92 10.00
5 2 26 424.83 423.63 10.00
5 2 27 424.42 423.92 10.00
5 2 28 424.03 423.03 10.00
5 2 29 423.73 423.28 10.00
5 2 30 423.92 423.08 10.00
5 2 31 423.42 423.63 10.00
5 2 32 423.48 423.38 10.00
5 2 33 424.42 424.23 10.00
5 2 34 424.58 424.13 10.00
5 2 35 424.73 423.63 10.00
5 2 36 424.03 423.83 10.00
5 2 37 423.38 423.53 10.00
5 2 38 423.92 423.98 10.00
5 2 39 423.17 423.58 10.00
5 2 40 423.63 424.48 10.00
5 2 41 423.88 423.83 10.00
5 2 42 423.33 422.92 10.00
5 2 43 423.58 423.03 10.00
5 2 44 423.38 422.88 10.00
5 2 45 423.17 422.98 10.00
5 2 46 422.63 422.28 10.00
5 2 47 422.78 422.88 10.00
5 2 48 422.23 422.48 10.00
5 2 49 424.58 423.92 10.00
5 2 50 424.58 423.17 10.00
5 2 51 424.58 423.92 10.00
5 2 52 424.33 424.08 10.00
5 2 53 423.83 423.03 10.00
5 2 54 423.33 423.78 10.00
5 2 55 424.17 423.33 10.00
5 2 56 423.08 423.48 10.00
5 2 57 422.98 422.17 10.00
5 2 58 422.08 422.58 10.00
5 2 59 422.58 421.83 10.00
5 2 60 422.67 421.98 10.00
5 2 61 421.63 422.17 10.00
5 2 62 422.17 422.28 10.00
5 3 1 422.38 421.78 10.00
5 3 2 421.48 420.78 10.00
5 3 3 422.53 422.58 10.00
5 3 4 421.33 421.78 10.00
5 3 5 421.67 421.13 10.00
6 1 1 423.33 423.13 10.00
6 1 2 423.03 423.17 10.00
6 1 3 423.17 423.33 10.00
6 1 4 423.58 423.08 10.00
6 1 5 422.83 423.08 10.00
6 1 6 422.73 422.92 10.00
6 1 7 422.67 422.88 10.00
6 1 8 422.73 423.03 10.00
6 1 9 423.48 421.92 10.00
6 1 10 422.03 421.83 10.00
6 1 11 423.17 422.03 10.00
6 1 12 421.92 421.48 10.00
6 1 13 421.88 421.63 10.00
6 1 14 421.08 421.67 10.00
6 1 15 421.73 422.73 10.00
6 1 16 421.78 421.67 10.00
6 1 17 427.63 426.38 10.00
6 1 18 427.28 426.38 10.00
6 1 19 426.28 427.67 10.00
6 1 20 427.28 426.38 10.00
6 1 21 0.00 0.00 10.00
6 1 22 425.67 425.78 10.00
6 1 23 426.38 426.03 10.00
6 2 1 423.28 422.78 10.00
6 2 2 423.83 422.67 10.00
6 2 3 423.83 423.33 10.00
6 2 4 423.58 422.48 10.00
6 2 5 422.98 423.23 10.00
6 2 6 422.78 422.78 10.00
6 2 7 422.73 423.28 10.00
6 2 8 423.08 423.08 10.00
6 2 9 423.58 422.67 10.00
6 2 10 423.13 422.23 10.00
6 2 11 423.08 422.23 10.00
6 2 12 422.53 421.88 10.00
6 2 13 422.88 422.23 10.00
6 2 14 422.17 421.48 10.00
6 2 15 422.63 421.63 10.00
6 2 16 421.63 421.73 10.00
6 2 17 423.42 423.08 10.00
6 2 18 423.73 423.33 10.00
6 2 19 422.98 422.83 10.00
6 2 20 423.53 422.28 10.00
6 2 21 422.03 421.38 10.00
6 2 22 422.38 422.92 10.00
6 2 23 422.13 422.98 10.00
6 2 24 422.83 422.63 10.00
6 2 25 423.67 422.98 10.00
6 2 26 423.13 422.28 10.00
6 2 27 423.28 422.08 10.00
6 2 28 422.08 421.58 10.00
6 2 29 421.92 421.92 10.00
6 2 30 421.73 421.88 10.00
6 2 31 422.23 422.08 10.00
6 2 32 421.17 420.98 10.00
6 2 33 422.53 422.13 10.00
6 2 34 422.73 422.92 10.00
6 2 35 422.28 421.78 10.00
6 2 36 423.23 422.28 10.00
6 2 37 421.17 421.63 10.00
6 2 38 421.83 422.58 10.00
6 2 39 421.98 421.98 10.00
6 2 40 422.58 422.92 10.00
6 2 41 422.17 421.33 10.00
6 2 42 421.78 420.92 10.00
6 2 43 422.13 421.17 10.00
6 2 44 421.78 420.92 10.00
6 2 45 421.13 420.48 10.00
6 2 46 420.98 421.08 10.00
6 2 47 421.08 421.03 10.00
6 2 48 420.83 420.88 10.00
6 2 49 428.03 427.53 10.00
6 2 50 427.92 427.53 10.00
6 2 51 428.53 428.08 10.00
6 2 52 428.08 427.83 10.00
6 2 53 427.53 427.38 10.00
6 2 54 427.23 427.67 10.00
6 2 55 427.92 427.83 10.00
6 2 56 427.48 428.03 10.00
6 2 57 427.08 425.78 10.00
6 2 58 426.67 425.67 10.00
6 2 59 426.33 426.23 10.00
6 2 60 427.17 426.08 10.00
6 2 61 425.92 426.17 10.00
6 2 62 426.03 426.42 10.00
6 3 1 425.42 425.38 10.00
6 3 2 423.98 424.13 10.00
6 3 3 426.13 425.92 10.00
6 3 4 425.67 424.53 10.00
6 3 5 425.17 425.58 10.00
