1 1 1 79.290 79.290 53.430 53.430 -0.007
1 1 2 114.031 114.031 66.180 66.180 -0.026
1 1 3 79.438 79.438 27.933 27.933 -0.308
1 1 4 115.667 115.667 38.989 38.989 -0.151
1 1 5 128.538 128.538 37.192 37.192 0.007
1 1 6 84.479 84.479 17.239 17.239 -0.814
1 1 7 113.974 113.974 24.657 24.657 -0.090
1 1 8 113.983 113.983 22.385 22.385 -0.022
1 1 9 131.533 131.533 24.158 24.158 0.152
1 1 10 122.244 122.244 20.053 20.053 -0.051
1 1 11 122.017 122.017 17.933 17.933 -0.712
1 1 12 129.022 129.022 17.830 17.830 -0.346
1 1 13 115.748 115.748 14.138 14.138 0.426
1 1 14 150.932 150.932 19.714 19.714 -0.062
1 1 15 158.331 158.331 20.080 20.080 -0.072
1 1 16 161.236 161.236 18.623 18.623 -0.419
1 1 17 146.922 146.922 15.765 15.765 0.222
1 1 18 173.471 173.471 19.256 19.256 -0.174
1 1 19 143.105 143.105 13.675 13.675 0.018
1 1 20 178.797 178.797 18.243 18.243 -0.051
1 1 21 190.144 190.144 18.950 18.950 -0.087
1 1 22 166.029 166.029 14.849 14.849 -0.033
1 1 23 166.817 166.817 14.252 14.252 0.026
1 2 1 133.384 133.384 232.579 232.579 -0.034
1 2 2 117.023 117.023 116.108 116.108 -0.105
1 2 3 84.975 84.975 59.543 59.543 -0.230
1 2 4 114.604 114.604 78.670 78.670 -0.080
1 2 5 119.813 119.813 71.095 71.095 -0.155
1 2 6 129.713 129.713 75.465 75.465 0.077
1 2 7 164.328 164.328 88.391 88.391 0.106
1 2 8 151.129 151.129 72.798 72.798 0.074
1 2 9 160.732 160.732 71.887 71.887 0.144
1 2 10 138.500 138.500 53.216 53.216 -0.084
1 2 11 167.837 167.837 66.770 66.770 -0.085
1 2 12 201.384 201.384 80.479 80.479 -0.128
1 2 13 134.625 134.625 40.504 40.504 -0.113
1 2 14 146.241 146.241 44.094 44.094 -0.009
1 2 15 166.073 166.073 50.713 50.713 -0.063
1 2 16 161.099 161.099 45.003 45.003 0.039
1 2 17 169.540 169.540 46.530 46.530 -0.058
1 2 18 127.249 127.249 27.666 27.666 -0.170
1 2 19 146.023 146.023 33.179 33.179 0.004
1 2 20 147.233 147.233 32.397 32.397 -0.016
1 2 21 122.270 122.270 22.883 22.883 -0.014
1 2 22 158.206 158.206 32.949 32.949 0.027
1 2 23 140.352 140.352 26.605 26.605 0.102
1 2 24 160.119 160.119 30.539 30.539 -0.053
1 2 25 181.007 181.007 35.550 35.550 -0.091
1 2 26 172.213 172.213 32.179 32.179 -0.060
1 2 27 205.098 205.098 39.533 39.533 -0.066
1 2 28 152.287 152.287 24.633 24.633 -0.119
1 2 29 146.340 146.340 22.310 22.310 0.039
1 2 30 163.401 163.401 25.701 25.701 0.011
1 2 31 128.157 128.157 17.623 17.623 -0.072
1 2 32 299.906 299.906 59.369 59.369 -0.059
1 2 33 211.647 211.647 34.405 34.405 -0.098
1 2 34 275.321 275.321 50.166 50.166 0.012
1 2 35 239.332 239.332 39.599 39.599 0.042
1 2 36 239.167 239.167 38.426 38.426 0.027
1 2 37 253.482 253.482 41.437 41.437 0.077
1 2 38 315.175 315.175 54.694 54.694 0.052
1 2 39 222.634 222.634 32.117 32.117 0.099
1 2 40 232.575 232.575 33.255 33.255 0.117
1 2 41 273.465 273.465 41.396 41.396 -0.044
1 2 42 198.842 198.842 25.170 25.170 0.061
1 2 43 199.222 199.222 25.229 25.229 0.000
1 2 44 216.805 216.805 27.228 27.228 0.042
1 2 45 247.639 247.639 37.504 37.504 0.443
1 2 46 212.122 212.122 25.712 25.712 0.005
1 2 47 225.177 225.177 27.519 27.519 0.026
1 2 48 282.078 282.078 38.114 38.114 -0.034
1 2 49 216.257 216.257 25.998 25.998 -0.084
1 2 50 302.381 302.381 40.523 40.523 0.076
1 2 51 348.696 348.696 49.041 49.041 0.033
1 2 52 269.334 269.334 31.943 31.943 0.093
1 2 53 281.828 281.828 34.681 34.681 0.002
1 2 54 196.268 196.268 28.119 28.119 0.191
1 2 55 229.613 229.613 25.062 25.062 0.063
1 2 56 318.790 318.790 40.232 40.232 0.036
1 2 57 228.976 228.976 24.501 24.501 0.084
1 2 58 242.196 242.196 27.685 27.685 0.045
1 2 59 258.663 258.663 37.174 37.174 0.103
1 2 60 263.243 263.243 28.411 28.411 0.053
1 2 61 239.471 239.471 26.976 26.976 -0.072
1 2 62 252.752 252.752 27.594 27.594 0.044
1 3 1 169.632 169.632 17.297 17.297 -0.972
1 3 2 203.027 203.027 19.107 19.107 0.523
1 3 3 229.063 229.063 23.457 23.457 0.519
1 3 4 208.079 208.079 19.262 19.262 0.812
1 3 5 190.235 190.235 20.468 20.468 1.243
2 1 1 60.386 60.386 98.449 98.449 0.877
2 1 2 94.033 94.033 47.819 47.819 -0.165
2 1 3 61.888 61.888 18.440 18.440 -0.132
2 1 4 99.189 99.189 31.101 31.101 0.140
2 1 5 86.468 86.468 20.426 20.426 0.134
2 1 6 151.704 151.704 1323.614 1323.614 0.000
2 1 7 114.652 114.652 24.508 24.508 0.238
2 1 8 118.767 118.767 23.078 23.078 0.301
2 1 9 122.583 122.583 21.802 21.802 0.116
2 1 10 167.617 167.617 1642.694 1642.694 0.000
2 1 11 134.376 134.376 20.998 20.998 0.054
2 1 12 89.306 89.306 10.379 10.379 -0.352
2 1 13 126.827 126.827 16.568 16.568 0.034
2 1 14 127.928 127.928 15.206 15.206 -0.285
2 1 15 120.006 120.006 13.263 13.263 -0.090
2 1 16 134.313 134.313 14.486 14.486 -0.172
2 1 17 133.954 133.954 13.643 13.643 -0.334
2 1 18 179.264 179.264 20.322 20.322 -0.050
2 1 19 203.423 203.423 2492.164 2492.164 0.000
2 1 20 159.692 159.692 15.242 15.242 -0.294
2 1 21 163.012 163.012 15.221 15.221 0.374
2 1 22 169.247 169.247 15.287 15.287 -0.098
2 1 23 163.515 163.515 13.896 13.896 0.407
2 2 1 174.248 174.248 2186.651 2186.651 0.142
2 2 2 156.742 156.742 190.178 190.178 -0.015
2 2 3 145.767 145.767 142.994 142.994 -0.031
2 2 4 138.848 138.848 101.574 101.574 -0.123
2 2 5 137.080 137.080 92.412 92.412 0.062
2 2 6 275.088 275.088 234.862 234.862 0.119
2 2 7 137.918 137.918 68.512 68.512 -0.083
2 2 8 120.985 120.985 51.428 51.428 0.146
2 2 9 147.983 147.983 67.019 67.019 -0.147
2 2 10 174.844 174.844 72.865 72.865 -0.148
2 2 11 162.862 162.862 63.014 63.014 -0.106
2 2 12 188.442 188.442 74.479 74.479 -0.076
2 2 13 158.778 158.778 51.711 51.711 0.105
2 2 14 123.771 123.771 34.200 34.200 0.066
2 2 15 141.204 141.204 39.708 39.708 0.066
2 2 16 154.143 154.143 42.157 42.157 -0.023
2 2 17 164.328 164.328 44.517 44.517 -0.012
2 2 18 118.867 118.867 25.293 25.293 0.030
2 2 19 123.465 123.465 25.725 25.725 0.079
2 2 20 157.462 157.462 35.645 35.645 0.094
2 2 21 127.689 127.689 24.321 24.321 0.123
2 2 22 168.026 168.026 35.949 35.949 0.078
2 2 23 155.383 155.383 31.108 31.108 0.029
2 2 24 131.056 131.056 22.554 22.554 0.120
2 2 25 155.279 155.279 28.419 28.419 0.026
2 2 26 159.249 159.249 28.626 28.626 0.040
2 2 27 193.694 193.694 36.338 36.338 -0.068
2 2 28 169.963 169.963 29.132 29.132 -0.024
2 2 29 150.617 150.617 23.261 23.261 -0.075
2 2 30 149.344 149.344 22.649 22.649 -0.143
2 2 31 124.191 124.191 16.832 16.832 0.046
2 2 32 231.024 231.024 40.523 40.523 -0.106
2 2 33 216.212 216.212 35.662 35.662 0.039
2 2 34 267.330 267.330 48.094 48.094 0.020
2 2 35 248.742 248.742 41.634 41.634 -0.003
2 2 36 214.814 214.814 32.695 32.695 -0.032
2 2 37 235.438 235.438 36.608 36.608 0.099
2 2 38 284.000 284.000 46.853 46.853 -0.000
2 2 39 189.778 189.778 25.115 25.115 -0.009
2 2 40 203.490 203.490 27.284 27.284 -0.098
2 2 41 235.819 235.819 33.482 33.482 -0.164
2 2 42 214.213 214.213 28.172 28.172 -0.033
2 2 43 310.287 310.287 6141.655 6141.655 0.000
2 2 44 256.399 256.399 34.934 34.934 -0.113
2 2 45 210.192 210.192 25.498 25.498 -0.108
2 2 46 227.566 227.566 27.904 27.904 -0.042
2 2 47 240.169 240.169 30.089 30.089 -0.111
2 2 48 249.548 249.548 32.023 32.023 -0.153
2 2 49 241.714 241.714 29.016 29.016 -0.056
2 2 50 266.115 266.115 33.013 33.013 -0.071
2 2 51 322.300 322.300 43.387 43.387 0.052
2 2 52 292.642 292.642 36.538 36.538 -0.046
2 2 53 283.607 283.607 34.559 34.559 -0.051
2 2 54 276.601 276.601 33.197 33.197 0.129
2 2 55 230.129 230.129 26.263 26.263 0.150
2 2 56 308.023 308.023 37.391 37.391 0.088
2 2 57 267.307 267.307 30.181 30.181 0.060
2 2 58 203.467 203.467 20.829 20.829 0.071
2 2 59 208.980 208.980 21.040 21.040 -0.002
2 2 60 237.798 237.798 26.416 26.416 0.128
2 2 61 266.274 266.274 30.099 30.099 -0.034
2 2 62 273.352 273.352 30.146 30.146 0.085
2 3 1 168.160 168.160 15.720 15.720 -0.810
2 3 2 223.978 223.978 21.625 21.625 0.049
2 3 3 184.801 184.801 15.792 15.792 -0.023
2 3 4 192.628 192.628 18.578 18.578 0.802
2 3 5 191.117 191.117 17.788 17.788 -0.614
3 1 1 149.440 149.440 127.735 127.735 0.106
3 1 2 109.146 109.146 58.660 58.660 -0.163
3 1 3 83.686 83.686 28.323 28.323 -0.204
3 1 4 116.942 116.942 39.930 39.930 -0.112
3 1 5 76.401 76.401 16.016 16.016 -0.482
3 1 6 78.101 78.101 16.242 16.242 0.140
3 1 7 106.153 106.153 39.912 39.912 -1.108
3 1 8 136.587 136.587 29.349 29.349 -0.048
3 1 9 127.500 127.500 22.968 22.968 -0.149
3 1 10 122.820 122.820 20.084 20.084 -0.157
3 1 11 93.657 93.657 12.173 12.173 0.178
3 1 12 123.336 123.336 17.032 17.032 -0.085
3 1 13 128.348 128.348 16.730 16.730 -0.252
3 1 14 137.665 137.665 16.960 16.960 0.294
3 1 15 149.755 149.755 19.878 19.878 -0.691
3 1 16 152.927 152.927 17.618 17.618 0.138
3 1 17 140.445 140.445 16.417 16.417 0.807
3 1 18 193.709 193.709 22.825 22.825 0.100
3 1 19 168.363 168.363 17.325 17.325 0.237
3 1 20 156.434 156.434 14.915 14.915 -0.116
3 1 21 168.104 168.104 15.451 15.451 0.447
3 1 22 179.075 179.075 15.915 15.915 0.642
3 1 23 169.728 169.728 14.609 14.609 -0.094
3 2 1 81.714 81.714 347.263 347.263 0.031
3 2 2 143.139 143.139 1166.603 1166.603 0.000
3 2 3 72.760 72.760 103.911 103.911 -0.396
3 2 4 179.246 179.246 149.321 149.321 0.082
3 2 5 122.625 122.625 72.556 72.556 -0.242
3 2 6 127.305 127.305 74.402 74.402 -0.013
3 2 7 157.419 157.419 85.152 85.152 -0.024
3 2 8 169.884 169.884 87.199 87.199 -0.060
3 2 9 126.091 126.091 50.948 50.948 -0.164
3 2 10 159.190 159.190 65.817 65.817 -0.068
3 2 11 184.819 184.819 77.137 77.137 -0.079
3 2 12 192.282 192.282 76.664 76.664 -0.100
3 2 13 151.973 151.973 46.564 46.564 -0.227
3 2 14 160.899 160.899 50.664 50.664 -0.102
3 2 15 185.096 185.096 59.434 59.434 -0.070
3 2 16 129.240 129.240 32.390 32.390 -0.015
3 2 17 181.683 181.683 51.559 51.559 -0.072
3 2 18 149.064 149.064 35.362 35.362 0.090
3 2 19 198.888 198.888 52.682 52.682 0.021
3 2 20 176.052 176.052 42.178 42.178 -0.080
3 2 21 126.949 126.949 23.910 23.910 -0.199
3 2 22 168.563 168.563 36.050 36.050 -0.100
3 2 23 152.333 152.333 30.125 30.125 -0.070
3 2 24 160.599 160.599 30.131 30.131 -0.236
3 2 25 162.378 162.378 30.129 30.129 -0.128
3 2 26 170.931 170.931 31.532 31.532 -0.163
3 2 27 161.778 161.778 27.763 27.763 -0.004
3 2 28 150.704 150.704 24.299 24.299 -0.062
3 2 29 132.760 132.760 19.200 19.200 -0.313
3 2 30 161.111 161.111 25.110 25.110 0.080
3 2 31 156.419 156.419 23.482 23.482 0.062
3 2 32 252.651 252.651 45.828 45.828 -0.098
3 2 33 190.132 190.132 29.413 29.413 -0.030
3 2 34 245.523 245.523 42.659 42.659 -0.043
3 2 35 208.711 208.711 31.870 31.870 -0.095
3 2 36 223.207 223.207 34.600 34.600 0.054
3 2 37 223.796 223.796 34.062 34.062 0.039
3 2 38 279.008 279.008 45.566 45.566 -0.044
3 2 39 240.640 240.640 35.751 35.751 0.083
3 2 40 277.909 277.909 43.683 43.683 0.004
3 2 41 207.584 207.584 27.559 27.559 -0.085
3 2 42 211.454 211.454 27.603 27.603 -0.056
3 2 43 239.277 239.277 32.087 32.087 0.055
3 2 44 247.224 247.224 33.164 33.164 -0.032
3 2 45 226.035 226.035 28.707 28.707 -0.073
3 2 46 193.213 193.213 21.985 21.985 0.035
3 2 47 267.998 267.998 35.285 35.285 0.002
3 2 48 210.530 210.530 24.196 24.196 -0.013
3 2 49 187.026 187.026 19.628 19.628 0.053
3 2 50 181.976 181.976 19.638 19.638 0.337
3 2 51 194.919 194.919 20.266 20.266 0.080
3 2 52 320.217 320.217 41.451 41.451 0.052
3 2 53 200.464 200.464 20.816 20.816 -0.054
3 2 54 250.139 250.139 28.137 28.137 0.166
3 2 55 243.629 243.629 26.648 26.648 0.019
3 2 56 336.453 336.453 42.763 42.763 0.050
3 2 57 220.017 220.017 25.916 25.916 0.143
3 2 58 208.793 208.793 20.444 20.444 0.126
3 2 59 227.017 227.017 29.638 29.638 0.209
3 2 60 250.926 250.926 27.491 27.491 0.075
3 2 61 230.682 230.682 23.487 23.487 0.141
3 2 62 257.805 257.805 27.677 27.677 0.189
3 3 1 178.094 178.094 15.725 15.725 1.119
3 3 2 233.786 233.786 23.012 23.012 -0.123
3 3 3 211.404 211.404 19.728 19.728 0.473
3 3 4 196.483 196.483 16.979 16.979 0.123
3 3 5 219.901 219.901 20.460 20.460 0.112
4 1 1 81.908 81.908 56.151 56.151 0.047
4 1 2 79.983 79.983 54.515 54.515 -0.561
4 1 3 105.922 105.922 38.515 38.515 -0.279
4 1 4 107.513 107.513 35.264 35.264 0.115
4 1 5 74.268 74.268 16.113 16.113 0.272
4 1 6 86.225 86.225 18.478 18.478 -0.242
4 1 7 125.503 125.503 27.683 27.683 -0.292
4 1 8 114.402 114.402 22.492 22.492 0.086
4 1 9 139.184 139.184 26.437 26.437 0.036
4 1 10 134.504 134.504 22.876 22.876 -0.206
4 1 11 91.087 91.087 11.344 11.344 -0.509
4 1 12 165.322 165.322 26.515 26.515 0.077
4 1 13 149.193 149.193 21.124 21.124 -0.058
4 1 14 125.375 125.375 14.930 14.930 0.006
4 1 15 127.705 127.705 13.969 13.969 -0.550
4 1 16 144.172 144.172 14.974 14.974 -0.775
4 1 17 162.625 162.625 18.421 18.421 0.157
4 1 18 184.279 184.279 21.209 21.209 -0.049
4 1 19 174.246 174.246 18.365 18.365 -0.088
4 1 20 133.270 133.270 11.715 11.715 -0.168
4 1 21 154.668 154.668 13.920 13.920 -0.000
4 1 22 188.040 188.040 17.857 17.857 -0.174
4 1 23 194.187 194.187 17.899 17.899 0.016
4 2 1 112.860 112.860 186.209 186.209 0.067
4 2 2 104.251 104.251 99.111 99.111 0.145
4 2 3 134.238 134.238 161.579 161.579 0.176
4 2 4 112.610 112.610 77.103 77.103 0.048
4 2 5 132.599 132.599 87.342 87.342 -0.045
4 2 6 133.226 133.226 76.218 76.218 0.137
4 2 7 165.618 165.618 91.568 91.568 -0.018
4 2 8 114.261 114.261 48.342 48.342 -0.054
4 2 9 125.734 125.734 48.514 48.514 -0.239
4 2 10 174.959 174.959 74.688 74.688 -0.098
4 2 11 147.381 147.381 54.997 54.997 -0.078
4 2 12 179.303 179.303 68.488 68.488 -0.130
4 2 13 173.210 173.210 59.370 59.370 -0.055
4 2 14 142.573 142.573 42.397 42.397 -0.020
4 2 15 174.570 174.570 54.925 54.925 0.018
4 2 16 146.340 146.340 38.986 38.986 0.038
4 2 17 168.047 168.047 45.817 45.817 -0.071
4 2 18 151.359 151.359 36.098 36.098 0.127
4 2 19 198.644 198.644 52.491 52.491 -0.051
4 2 20 152.476 152.476 33.380 33.380 -0.219
4 2 21 130.061 130.061 25.088 25.088 0.041
4 2 22 176.301 176.301 38.736 38.736 -0.037
4 2 23 199.548 199.548 45.148 45.148 -0.048
4 2 24 181.008 181.008 36.780 36.780 -0.006
4 2 25 162.486 162.486 30.327 30.327 -0.055
4 2 26 179.635 179.635 34.256 34.256 -0.082
4 2 27 182.308 182.308 33.040 33.040 -0.125
4 2 28 192.749 192.749 35.114 35.114 -0.067
4 2 29 147.970 147.970 22.586 22.586 -0.130
4 2 30 152.529 152.529 23.172 23.172 -0.038
4 2 31 147.085 147.085 21.427 21.427 -0.056
4 2 32 313.279 313.279 63.680 63.680 -0.012
4 2 33 188.440 188.440 29.040 29.040 0.011
4 2 34 256.318 256.318 44.868 44.868 -0.082
4 2 35 293.832 293.832 53.364 53.364 -0.039
4 2 36 241.813 241.813 38.881 38.881 -0.102
4 2 37 300.455 300.455 53.573 53.573 -0.060
4 2 38 303.187 303.187 51.950 51.950 -0.084
4 2 39 267.416 267.416 41.974 41.974 -0.031
4 2 40 259.589 259.589 39.565 39.565 0.110
4 2 41 265.862 265.862 39.926 39.926 -0.058
4 2 42 285.272 285.272 43.081 43.081 -0.098
4 2 43 236.509 236.509 31.530 31.530 -0.060
4 2 44 267.120 267.120 37.257 37.257 -0.054
4 2 45 266.152 266.152 37.038 37.038 -0.030
4 2 46 232.417 232.417 29.460 29.460 0.100
4 2 47 239.155 239.155 30.486 30.486 -0.043
4 2 48 300.229 300.229 41.210 41.210 0.018
4 2 49 179.347 179.347 19.334 19.334 -0.073
4 2 50 261.030 261.030 32.388 32.388 0.001
4 2 51 303.804 303.804 39.998 39.998 -0.030
4 2 52 268.977 268.977 33.293 33.293 0.043
4 2 53 274.418 274.418 33.381 33.381 -0.032
4 2 54 249.689 249.689 28.806 28.806 0.032
4 2 55 219.564 219.564 24.571 24.571 -0.129
4 2 56 315.052 315.052 40.231 40.231 -0.031
4 2 57 193.842 193.842 21.333 21.333 0.004
4 2 58 220.990 220.990 24.534 24.534 -0.024
4 2 59 209.209 209.209 29.691 29.691 0.064
4 2 60 211.123 211.123 24.777 24.777 -0.081
4 2 61 235.268 235.268 27.854 27.854 -0.131
4 2 62 302.692 302.692 36.448 36.448 0.049
4 3 1 184.045 184.045 16.458 16.458 -1.312
4 3 2 204.537 204.537 18.831 18.831 -0.144
4 3 3 230.732 230.732 20.716 20.716 0.795
4 3 4 204.648 204.648 17.744 17.744 -1.087
4 3 5 237.677 237.677 21.520 21.520 0.120
5 1 1 133.512 133.512 110.936 110.936 0.106
5 1 2 112.978 112.978 59.541 59.541 -0.281
5 1 3 170.734 170.734 84.672 84.672 0.061
5 1 4 133.755 133.755 49.206 49.206 -0.042
5 1 5 85.965 85.965 20.330 20.330 -0.022
5 1 6 93.906 93.906 19.851 19.851 -0.627
5 1 7 97.777 97.777 19.405 19.405 0.223
5 1 8 104.188 104.188 18.760 18.760 -0.416
5 1 9 133.587 133.587 24.610 24.610 -0.176
5 1 10 138.878 138.878 23.984 23.984 -0.196
5 1 11 140.010 140.010 22.275 22.275 -0.091
5 1 12 152.230 152.230 23.423 23.423 -0.068
5 1 13 165.664 165.664 24.085 24.085 -0.319
5 1 14 128.100 128.100 15.321 15.321 -0.238
5 1 15 177.157 177.157 23.774 23.774 0.061
5 1 16 157.100 157.100 19.762 19.762 -0.983
5 1 17 160.485 160.485 18.063 18.063 -0.137
5 1 18 192.928 192.928 22.641 22.641 -0.121
5 1 19 197.212 197.212 22.106 22.106 0.098
5 1 20 175.169 175.169 17.655 17.655 0.149
5 1 21 182.003 182.003 17.760 17.760 -0.071
5 1 22 176.972 176.972 16.358 16.358 0.045
5 1 23 166.021 166.021 14.100 14.100 0.207
5 2 1 79.388 79.388 330.128 330.128 -0.141
5 2 2 113.147 113.147 113.013 113.013 0.135
5 2 3 154.054 154.054 158.924 158.924 -0.007
5 2 4 140.538 140.538 101.947 101.947 -0.133
5 2 5 114.560 114.560 70.460 70.460 0.022
5 2 6 113.449 113.449 59.551 59.551 -0.162
5 2 7 139.238 139.238 69.593 69.593 -0.080
5 2 8 145.244 145.244 69.566 69.566 0.010
5 2 9 136.389 136.389 58.628 58.628 -0.041
5 2 10 174.719 174.719 74.690 74.690 -0.095
5 2 11 200.923 200.923 88.069 88.069 -0.000
5 2 12 222.025 222.025 96.219 96.219 -0.047
5 2 13 180.652 180.652 63.499 63.499 -0.036
5 2 14 166.866 166.866 53.710 53.710 -0.013
5 2 15 165.482 165.482 50.573 50.573 0.001
5 2 16 148.329 148.329 37.411 37.411 -0.297
5 2 17 155.837 155.837 41.129 41.129 -0.005
5 2 18 132.989 132.989 29.923 29.923 -0.013
5 2 19 163.848 163.848 39.110 39.110 -0.111
5 2 20 177.299 177.299 42.816 42.816 0.001
5 2 21 119.999 119.999 22.250 22.250 -0.002
5 2 22 148.264 148.264 29.812 29.812 0.098
5 2 23 186.671 186.671 40.927 40.927 0.002
5 2 24 144.368 144.368 26.136 26.136 -0.076
5 2 25 161.366 161.366 29.874 29.874 -0.125
5 2 26 159.790 159.790 28.814 28.814 -0.046
5 2 27 192.895 192.895 35.993 35.993 -0.099
5 2 28 150.608 150.608 24.035 24.035 -0.207
5 2 29 133.588 133.588 19.403 19.403 -0.116
5 2 30 204.556 204.556 35.725 35.725 -0.129
5 2 31 132.259 132.259 18.226 18.226 -0.120
5 2 32 272.247 272.247 51.517 51.517 -0.048
5 2 33 209.719 209.719 33.998 33.998 -0.094
5 2 34 262.532 262.532 46.690 46.690 -0.045
5 2 35 254.592 254.592 43.092 43.092 -0.025
5 2 36 255.773 255.773 42.458 42.458 0.051
5 2 37 264.402 264.402 43.802 43.802 0.011
5 2 38 332.879 332.879 59.307 59.307 0.048
5 2 39 186.286 186.286 24.400 24.400 0.056
5 2 40 246.829 246.829 36.574 36.574 -0.010
5 2 41 241.090 241.090 34.192 34.192 -0.077
5 2 42 227.641 227.641 30.677 30.677 -0.153
5 2 43 220.945 220.945 28.359 28.359 -0.139
5 2 44 278.190 278.190 39.485 39.485 -0.083
5 2 45 241.876 241.876 31.636 31.636 -0.150
5 2 46 222.531 222.531 26.966 26.966 -0.061
5 2 47 225.785 225.785 27.262 27.262 -0.050
5 2 48 269.802 269.802 35.347 35.347 0.027
5 2 49 208.060 208.060 23.366 23.366 0.029
5 2 50 282.564 282.564 35.929 35.929 -0.056
5 2 51 303.945 303.945 40.153 40.153 -0.105
5 2 52 304.227 304.227 38.977 38.977 -0.022
5 2 53 263.105 263.105 31.090 31.090 -0.051
5 2 54 238.980 238.980 26.362 26.362 -0.117
5 2 55 246.491 246.491 27.319 27.319 0.079
5 2 56 201.396 201.396 20.833 20.833 -0.139
5 2 57 186.041 186.041 19.080 19.080 0.046
5 2 58 218.717 218.717 23.104 23.104 -0.022
5 2 59 186.486 186.486 21.273 21.273 0.031
5 2 60 261.413 261.413 34.524 34.524 0.055
5 2 61 223.564 223.564 27.255 27.255 -0.213
5 2 62 259.933 259.933 33.832 33.832 0.095
5 3 1 187.543 187.543 17.310 17.310 0.077
5 3 2 197.924 197.924 17.949 17.949 0.090
5 3 3 225.196 225.196 21.268 21.268 -0.115
5 3 4 205.695 205.695 19.018 19.018 0.418
5 3 5 203.437 203.437 22.739 22.739 0.851
6 1 1 58.677 58.677 80.045 80.045 -0.811
6 1 2 124.343 124.343 75.306 75.306 0.001
6 1 3 152.529 152.529 71.837 71.837 0.019
6 1 4 115.824 115.824 38.083 38.083 -0.225
6 1 5 114.766 114.766 30.136 30.136 -0.250
6 1 6 93.738 93.738 20.234 20.234 0.509
6 1 7 110.974 110.974 23.769 23.769 -0.003
6 1 8 155.747 155.747 34.746 34.746 -0.230
6 1 9 125.273 125.273 22.200 22.200 -0.233
6 1 10 124.702 124.702 20.670 20.670 0.025
6 1 11 128.972 128.972 19.723 19.723 -0.065
6 1 12 139.568 139.568 20.498 20.498 -0.076
6 1 13 135.475 135.475 18.270 18.270 -0.104
6 1 14 143.860 143.860 18.425 18.425 0.605
6 1 15 152.681 152.681 18.974 18.974 0.115
6 1 16 163.331 163.331 19.412 19.412 0.162
6 1 17 155.318 155.318 17.113 17.113 -0.244
6 1 18 197.935 197.935 23.567 23.567 0.084
6 1 19 178.068 178.068 18.972 18.972 0.094
6 1 20 181.761 181.761 18.666 18.666 0.111
6 1 21 211.379 211.379 2705.928 2705.928 0.000
6 1 22 155.652 155.652 15.096 15.096 0.619
6 1 23 170.301 170.301 14.671 14.671 0.145
6 2 1 122.476 122.476 297.152 297.152 0.006
6 2 2 112.267 112.267 116.098 116.098 -0.025
6 2 3 143.389 143.389 139.145 139.145 -0.051
6 2 4 185.528 185.528 205.231 205.231 -0.115
6 2 5 169.289 169.289 126.036 126.036 -0.102
6 2 6 147.919 147.919 89.772 89.772 -0.123
6 2 7 170.498 170.498 95.430 95.430 0.036
6 2 8 125.336 125.336 53.214 53.214 0.179
6 2 9 158.278 158.278 73.536 73.536 0.003
6 2 10 183.141 183.141 81.205 81.205 -0.045
6 2 11 159.403 159.403 61.764 61.764 -0.090
6 2 12 210.081 210.081 85.881 85.881 -0.134
6 2 13 175.349 175.349 60.764 60.764 0.007
6 2 14 135.259 135.259 38.836 38.836 -0.111
6 2 15 169.396 169.396 52.372 52.372 0.001
6 2 16 151.560 151.560 41.086 41.086 0.073
6 2 17 146.147 146.147 37.105 37.105 0.099
6 2 18 129.766 129.766 28.846 28.846 0.001
6 2 19 148.938 148.938 33.654 33.654 -0.173
6 2 20 155.214 155.214 35.072 35.072 0.028
6 2 21 132.685 132.685 25.771 25.771 -0.094
6 2 22 168.666 168.666 36.271 36.271 -0.055
6 2 23 160.414 160.414 32.581 32.581 0.061
6 2 24 139.899 139.899 24.927 24.927 -0.081
6 2 25 155.198 155.198 28.273 28.273 -0.080
6 2 26 157.698 157.698 28.256 28.256 -0.011
6 2 27 188.479 188.479 34.907 34.907 -0.064
6 2 28 134.219 134.219 20.390 20.390 -0.105
6 2 29 126.032 126.032 17.826 17.826 -0.054
6 2 30 172.562 172.562 27.910 27.910 -0.014
6 2 31 118.778 118.778 15.540 15.540 -0.100
6 2 32 296.744 296.744 58.581 58.581 -0.039
6 2 33 197.384 197.384 31.037 31.037 0.090
6 2 34 259.346 259.346 45.909 45.909 -0.012
6 2 35 225.221 225.221 35.771 35.771 -0.060
6 2 36 241.837 241.837 38.952 38.952 -0.090
6 2 37 217.682 217.682 32.971 32.971 0.001
6 2 38 284.732 284.732 47.736 47.736 0.091
6 2 39 309.833 309.833 52.356 52.356 0.031
6 2 40 260.495 260.495 39.618 39.618 -0.033
6 2 41 207.686 207.686 28.266 28.266 -0.154
6 2 42 214.143 214.143 28.095 28.095 -0.106
6 2 43 190.462 190.462 23.199 23.199 0.058
6 2 44 208.429 208.429 26.123 26.123 -0.020
6 2 45 177.566 177.566 20.545 20.545 -0.000
6 2 46 206.842 206.842 24.815 24.815 -0.045
6 2 47 187.683 187.683 21.255 21.255 0.028
6 2 48 311.436 311.436 44.129 44.129 0.033
6 2 49 257.345 257.345 32.900 32.900 -0.051
6 2 50 254.257 254.257 32.308 32.308 -0.038
6 2 51 302.808 302.808 39.802 39.802 -0.016
6 2 52 285.091 285.091 36.214 36.214 0.061
6 2 53 301.222 301.222 37.852 37.852 -0.027
6 2 54 228.581 228.581 25.216 25.216 0.058
6 2 55 274.203 274.203 33.115 33.115 0.153
6 2 56 218.201 218.201 23.817 23.817 -0.001
6 2 57 193.618 193.618 20.251 20.251 0.109
6 2 58 221.108 221.108 24.582 24.582 0.141
6 2 59 375.516 375.516 10209.211 10209.211 0.000
6 2 60 246.106 246.106 30.156 30.156 0.116
6 2 61 243.806 243.806 29.631 29.631 0.098
6 2 62 290.492 290.492 37.806 37.806 0.160
6 3 1 179.536 179.536 16.230 16.230 0.032
6 3 2 205.800 205.800 18.886 18.886 -0.249
6 3 3 216.919 216.919 81.400 81.400 -2.343
6 3 4 214.265 214.265 22.450 22.450 0.407
6 3 5 239.927 239.927 24.338 24.338 -0.322
