1 1 1 0.437 0.154
1 1 2 -0.023 0.186
1 1 3 0.978 0.158
1 1 4 0.202 0.199
1 1 5 -0.608 0.197
1 1 6 -0.780 0.287
1 1 7 -0.433 0.109
1 1 8 0.267 0.170
1 1 9 0.637 0.249
1 1 10 -0.744 0.180
1 1 11 -0.232 0.276
1 1 12 -0.167 0.251
1 1 13 -0.534 0.226
1 1 14 -0.706 0.343
1 1 15 0.624 0.231
1 1 16 0.740 0.444
1 1 17 0.404 0.289
1 1 18 0.594 0.323
1 1 19 0.725 0.583
1 1 20 0.205 0.270
1 1 21 -0.378 0.080
1 1 22 -0.437 0.398
1 1 23 0.224 0.080
1 2 1 0.477 0.040
1 2 2 -0.686 0.047
1 2 3 0.685 0.122
1 2 4 -0.165 0.122
1 2 5 -0.271 0.148
1 2 6 0.254 0.158
1 2 7 0.691 0.128
1 2 8 0.150 0.129
1 2 9 0.904 0.139
1 2 10 0.160 0.131
1 2 11 0.215 0.129
1 2 12 0.556 0.133
1 2 13 -0.216 0.156
1 2 14 -1.002 0.114
1 2 15 -0.256 0.123
1 2 16 -0.776 0.124
1 2 17 -0.384 0.107
1 2 18 0.080 0.143
1 2 19 -0.816 0.105
1 2 20 0.598 0.112
1 2 21 -0.759 0.109
1 2 22 -0.654 0.102
1 2 23 -0.608 0.101
1 2 24 -0.182 0.117
1 2 25 -0.203 0.135
1 2 26 0.201 0.131
1 2 27 0.332 0.125
1 2 28 0.526 0.124
1 2 29 0.691 0.135
1 2 30 -0.763 0.147
1 2 31 0.562 0.153
1 2 32 0.373 0.141
1 2 33 0.946 0.179
1 2 34 0.616 0.160
1 2 35 0.663 0.100
1 2 36 -0.016 0.180
1 2 37 0.741 0.166
1 2 38 0.991 0.168
1 2 39 0.423 0.181
1 2 40 -0.862 0.110
1 2 41 0.607 0.173
1 2 42 0.038 0.265
1 2 43 -0.569 0.183
1 2 44 1.079 0.291
1 2 45 -0.396 0.182
1 2 46 0.812 0.234
1 2 47 0.685 0.109
1 2 48 -0.072 0.127
1 2 49 0.430 0.218
1 2 50 0.793 0.117
1 2 51 -0.562 0.296
1 2 52 -0.987 0.100
1 2 53 0.303 0.085
1 2 54 -0.241 0.040
1 2 55 0.536 0.080
1 2 56 0.949 0.040
1 2 57 0.350 0.042
1 2 58 -0.776 0.040
1 2 59 0.231 0.406
1 2 60 -0.596 0.043
1 2 61 0.926 0.040
1 2 62 -0.677 0.040
1 3 1 -0.622 0.080
1 3 2 -0.619 0.138
1 3 3 -16.748 0.998
1 3 4 0.791 0.080
1 3 5 -0.462 0.100
2 1 1 -0.016 0.220
2 1 2 -0.030 0.184
2 1 3 -0.038 0.140
2 1 4 -0.940 0.138
2 1 5 -0.243 0.226
2 1 6 0.000 0.100
2 1 7 0.476 0.180
2 1 8 -0.788 0.180
2 1 9 -0.599 0.201
2 1 10 0.000 0.100
2 1 11 0.797 0.235
2 1 12 1.005 0.261
2 1 13 -0.703 0.247
2 1 14 0.813 0.217
2 1 15 -0.780 0.404
2 1 16 -0.227 0.308
2 1 17 0.362 0.367
2 1 18 0.388 0.339
2 1 19 1.607 0.323
2 1 20 0.808 0.371
2 1 21 0.241 0.532
2 1 22 -0.853 0.080
2 1 23 -0.253 0.080
2 2 1 -0.980 0.976
2 2 2 0.224 0.061
2 2 3 0.477 0.048
2 2 4 0.283 0.121
2 2 5 0.171 0.091
2 2 6 -0.128 0.100
2 2 7 0.228 0.134
2 2 8 0.934 0.093
2 2 9 -0.726 0.108
2 2 10 -0.038 0.104
2 2 11 0.267 0.092
2 2 12 -0.946 0.120
2 2 13 0.703 0.119
2 2 14 0.120 0.114
2 2 15 0.903 0.126
2 2 16 -0.341 0.104
2 2 17 0.434 0.109
2 2 18 0.527 0.118
2 2 19 0.467 0.119
2 2 20 0.183 0.099
2 2 21 0.673 0.114
2 2 22 -0.902 0.114
2 2 23 -0.832 0.128
2 2 24 -0.107 0.158
2 2 25 -0.063 0.129
2 2 26 -0.554 0.111
2 2 27 -0.875 0.114
2 2 28 0.065 0.114
2 2 29 -0.286 0.136
2 2 30 -0.387 0.112
2 2 31 -0.488 0.124
2 2 32 -0.708 0.137
2 2 33 -0.080 0.163
2 2 34 -0.105 0.141
2 2 35 0.360 0.158
2 2 36 0.884 0.155
2 2 37 -0.261 0.162
2 2 38 -0.109 0.156
2 2 39 0.248 0.154
2 2 40 0.060 0.344
2 2 41 0.904 0.941
2 2 42 -0.698 0.202
2 2 43 -0.734 0.161
2 2 44 -0.927 0.161
2 2 45 -0.347 0.162
2 2 46 -0.087 0.110
2 2 47 -0.946 0.149
2 2 48 0.366 0.259
2 2 49 0.782 0.133
2 2 50 0.685 0.086
2 2 51 0.390 0.040
2 2 52 -0.128 0.354
2 2 53 -0.428 0.125
2 2 54 -0.417 0.050
2 2 55 -0.634 0.040
2 2 56 0.528 0.066
2 2 57 0.748 0.040
2 2 58 -0.114 0.040
2 2 59 0.305 0.040
2 2 60 -0.539 0.040
2 2 61 0.129 0.043
2 2 62 -0.062 0.040
2 3 1 -0.793 0.080
2 3 2 0.092 0.080
2 3 3 -0.369 0.080
2 3 4 0.388 0.100
2 3 5 0.000 0.100
3 1 1 -0.437 0.100
3 1 2 -1.101 0.240
3 1 3 0.650 0.149
3 1 4 -0.579 0.156
3 1 5 -0.242 0.181
3 1 6 -0.121 0.172
3 1 7 -0.665 0.137
3 1 8 -0.763 0.100
3 1 9 0.672 0.228
3 1 10 -0.271 0.187
3 1 11 -0.275 0.364
3 1 12 0.418 0.266
3 1 13 0.918 0.259
3 1 14 -0.543 0.313
3 1 15 0.077 0.357
3 1 16 -0.646 0.380
3 1 17 -1.003 0.357
3 1 18 -0.716 0.080
3 1 19 0.232 0.351
3 1 20 0.161 0.372
3 1 21 0.049 0.080
3 1 22 -0.358 0.080
3 1 23 -0.238 0.080
3 2 1 -0.340 0.503
3 2 2 -0.581 0.056
3 2 3 0.213 0.100
3 2 4 0.197 0.343
3 2 5 -0.655 0.121
3 2 6 0.106 0.180
3 2 7 -0.210 0.130
3 2 8 -0.420 0.125
3 2 9 0.199 0.130
3 2 10 -0.636 0.141
3 2 11 -0.059 0.122
3 2 12 0.693 0.131
3 2 13 0.106 0.131
3 2 14 0.192 0.129
3 2 15 -0.784 0.125
3 2 16 0.278 0.120
3 2 17 -0.166 0.121
3 2 18 -0.921 0.122
3 2 19 -0.202 0.113
3 2 20 -0.327 0.103
3 2 21 0.014 0.138
3 2 22 -0.266 0.109
3 2 23 0.057 0.135
3 2 24 0.039 0.121
3 2 25 -0.777 0.138
3 2 26 0.071 0.113
3 2 27 0.106 0.127
3 2 28 0.690 0.117
3 2 29 0.752 0.125
3 2 30 0.927 0.155
3 2 31 -0.280 0.151
3 2 32 0.808 0.167
3 2 33 -0.640 0.241
3 2 34 0.047 0.157
3 2 35 0.241 0.149
3 2 36 -0.995 0.146
3 2 37 -0.756 0.143
3 2 38 -0.100 0.148
3 2 39 -0.631 0.152
3 2 40 0.274 0.133
3 2 41 0.615 0.180
3 2 42 -0.401 0.173
3 2 43 -0.485 0.167
3 2 44 0.893 0.267
3 2 45 0.674 0.159
3 2 46 0.969 0.219
3 2 47 0.850 0.089
3 2 48 0.439 0.172
3 2 49 0.723 0.149
3 2 50 -1.084 0.099
3 2 51 -0.729 0.349
3 2 52 0.413 0.095
3 2 53 -0.408 0.040
3 2 54 -0.278 0.331
3 2 55 0.919 0.092
3 2 56 -0.449 0.054
3 2 57 0.013 0.047
3 2 58 -0.834 0.040
3 2 59 0.113 0.040
3 2 60 -0.189 0.040
3 2 61 0.147 0.040
3 2 62 0.196 0.040
3 3 1 -0.120 0.080
3 3 2 -0.662 0.100
3 3 3 -0.433 0.080
3 3 4 -0.227 0.080
3 3 5 -0.687 0.100
4 1 1 -0.944 0.153
4 1 2 -0.082 0.145
4 1 3 0.887 0.141
4 1 4 0.157 0.173
4 1 5 -0.160 0.140
4 1 6 -0.014 0.148
4 1 7 -0.791 0.184
4 1 8 -0.465 0.246
4 1 9 0.819 0.213
4 1 10 0.545 0.262
4 1 11 0.607 0.153
4 1 12 -0.566 0.274
4 1 13 0.718 0.233
4 1 14 0.648 0.300
4 1 15 0.187 0.297
4 1 16 0.053 0.367
4 1 17 0.771 0.252
4 1 18 0.000 0.100
4 1 19 -0.509 0.312
4 1 20 0.119 0.490
4 1 21 -0.603 0.462
4 1 22 -0.472 0.321
4 1 23 -0.463 0.080
4 2 1 -0.922 0.141
4 2 2 0.040 0.166
4 2 3 -0.355 0.133
4 2 4 0.939 0.125
4 2 5 -0.162 0.138
4 2 6 0.063 0.127
4 2 7 -0.886 0.132
4 2 8 0.028 0.124
4 2 9 -0.517 0.123
4 2 10 0.949 0.072
4 2 11 0.611 0.107
4 2 12 -0.548 0.099
4 2 13 -0.559 0.096
4 2 14 0.682 0.111
4 2 15 -0.097 0.109
4 2 16 -0.358 0.120
4 2 17 -0.655 0.112
4 2 18 -0.543 0.143
4 2 19 -0.884 0.133
4 2 20 0.561 0.091
4 2 21 -0.429 0.119
4 2 22 -0.427 0.118
4 2 23 0.298 0.132
4 2 24 -0.655 0.112
4 2 25 -0.807 0.107
4 2 26 0.312 0.125
4 2 27 0.026 0.120
4 2 28 0.341 0.109
4 2 29 -0.191 0.120
4 2 30 -0.823 0.112
4 2 31 0.805 0.124
4 2 32 0.474 0.105
4 2 33 -0.673 0.179
4 2 34 -0.802 0.157
4 2 35 -0.382 0.127
4 2 36 0.493 0.146
4 2 37 -0.230 0.146
4 2 38 -0.607 0.138
4 2 39 0.176 0.139
4 2 40 0.176 0.135
4 2 41 0.172 0.129
4 2 42 -0.709 0.135
4 2 43 0.630 0.158
4 2 44 0.361 0.152
4 2 45 -0.147 0.103
4 2 46 0.694 0.131
4 2 47 -0.708 0.104
4 2 48 0.491 0.227
4 2 49 -0.541 0.365
4 2 50 -0.553 0.115
4 2 51 0.048 0.106
4 2 52 -0.360 0.106
4 2 53 0.748 0.057
4 2 54 0.352 0.212
4 2 55 -0.049 0.237
4 2 56 0.665 0.040
4 2 57 1.867 0.059
4 2 58 -0.901 0.040
4 2 59 -0.977 0.040
4 2 60 0.258 0.040
4 2 61 -0.832 0.040
4 2 62 1.056 0.040
4 3 1 -0.166 0.080
4 3 2 -0.879 0.738
4 3 3 0.000 0.100
4 3 4 0.000 0.100
4 3 5 0.000 0.100
5 1 1 -0.697 0.080
5 1 2 0.146 0.101
5 1 3 0.953 0.080
5 1 4 -0.006 0.080
5 1 5 0.597 0.080
5 1 6 -0.801 0.080
5 1 7 0.438 0.080
5 1 8 0.428 0.137
5 1 9 0.509 0.171
5 1 10 0.560 0.124
5 1 11 -0.795 0.268
5 1 12 -0.382 0.273
5 1 13 0.825 0.326
5 1 14 -0.051 0.284
5 1 15 0.417 0.310
5 1 16 1.073 0.360
5 1 17 0.526 0.513
5 1 18 0.784 0.449
5 1 19 0.397 0.391
5 1 20 -0.041 0.255
5 1 21 -0.556 0.279
5 1 22 -0.868 0.080
5 1 23 -0.509 0.080
5 2 1 0.743 0.040
5 2 2 1.008 0.441
5 2 3 -0.014 0.040
5 2 4 -0.336 0.040
5 2 5 0.987 0.040
5 2 6 -0.629 0.040
5 2 7 -0.318 0.082
5 2 8 -0.080 0.093
5 2 9 0.548 0.040
5 2 10 0.199 0.086
5 2 11 0.105 0.084
5 2 12 0.608 0.068
5 2 13 -0.077 0.040
5 2 14 0.200 0.040
5 2 15 -1.008 0.251
5 2 16 -0.603 0.065
5 2 17 -0.189 0.613
5 2 18 -0.209 0.040
5 2 19 0.257 0.094
5 2 20 -0.313 0.040
5 2 21 0.556 0.040
5 2 22 -0.032 0.098
5 2 23 1.019 0.098
5 2 24 -0.113 0.040
5 2 25 0.243 0.220
5 2 26 -0.982 0.093
5 2 27 -0.859 0.093
5 2 28 -0.887 0.076
5 2 29 -0.397 0.126
5 2 30 -0.179 0.105
5 2 31 -0.286 0.113
5 2 32 0.756 0.124
5 2 33 0.494 0.135
5 2 34 -0.851 0.104
5 2 35 0.375 0.112
5 2 36 -0.187 0.129
5 2 37 0.275 0.121
5 2 38 0.395 0.149
5 2 39 0.065 0.107
5 2 40 0.930 0.144
5 2 41 0.957 0.091
5 2 42 -0.029 0.332
5 2 43 -0.874 0.335
5 2 44 -0.564 0.345
5 2 45 -0.972 0.089
5 2 46 -0.152 0.276
5 2 47 -0.663 0.142
5 2 48 0.893 0.065
5 2 49 -0.612 0.086
5 2 50 -0.814 0.090
5 2 51 0.790 0.040
5 2 52 -0.951 0.040
5 2 53 0.964 0.040
5 2 54 0.414 0.072
5 2 55 -0.224 0.552
5 2 56 -0.266 0.040
5 2 57 0.052 0.040
5 2 58 0.120 0.040
5 2 59 -0.306 0.040
5 2 60 -0.284 0.040
5 2 61 0.124 0.996
5 2 62 -0.647 0.999
5 3 1 0.327 0.080
5 3 2 -0.164 0.080
5 3 3 -0.730 0.999
5 3 4 -1.178 0.336
5 3 5 0.000 0.100
6 1 1 0.196 0.119
6 1 2 -0.037 0.128
6 1 3 0.868 0.150
6 1 4 0.483 0.144
6 1 5 0.925 0.138
6 1 6 -0.264 0.148
6 1 7 0.412 0.172
6 1 8 0.521 0.179
6 1 9 -0.119 0.255
6 1 10 -0.271 0.225
6 1 11 -0.374 0.281
6 1 12 0.801 0.230
6 1 13 -0.065 0.280
6 1 14 0.720 0.263
6 1 15 0.860 0.233
6 1 16 0.774 0.349
6 1 17 -0.115 0.307
6 1 18 0.384 0.139
6 1 19 0.518 0.349
6 1 20 -0.550 0.351
6 1 21 0.000 0.100
6 1 22 0.920 0.996
6 1 23 0.542 0.419
6 2 1 -0.414 0.758
6 2 2 -0.296 0.152
6 2 3 -0.411 0.106
6 2 4 0.418 0.140
6 2 5 0.654 0.133
6 2 6 0.811 0.143
6 2 7 -0.695 0.124
6 2 8 0.868 0.125
6 2 9 0.742 0.149
6 2 10 -0.491 0.114
6 2 11 -0.791 0.130
6 2 12 0.367 0.106
6 2 13 0.171 0.120
6 2 14 0.136 0.119
6 2 15 0.561 0.115
6 2 16 0.212 0.153
6 2 17 -0.222 0.139
6 2 18 -0.505 0.149
6 2 19 0.916 0.123
6 2 20 1.004 0.124
6 2 21 -0.896 0.129
6 2 22 0.046 0.117
6 2 23 0.801 0.158
6 2 24 0.316 0.158
6 2 25 -0.181 0.125
6 2 26 0.778 0.124
6 2 27 -0.934 0.147
6 2 28 0.746 0.150
6 2 29 0.195 0.154
6 2 30 -0.483 0.185
6 2 31 0.761 0.161
6 2 32 -0.962 0.161
6 2 33 -0.157 0.161
6 2 34 -0.854 0.178
6 2 35 -0.824 0.139
6 2 36 0.716 0.161
6 2 37 -0.224 0.186
6 2 38 -0.726 0.215
6 2 39 0.855 0.164
6 2 40 0.101 0.117
6 2 41 0.581 0.135
6 2 42 -0.621 0.166
6 2 43 0.473 0.134
6 2 44 0.289 0.108
6 2 45 -1.108 0.268
6 2 46 -0.506 0.287
6 2 47 0.088 0.156
6 2 48 -0.749 0.090
6 2 49 0.368 0.146
6 2 50 0.092 0.232
6 2 51 0.391 0.130
6 2 52 0.696 0.075
6 2 53 0.303 0.422
6 2 54 2.018 0.674
6 2 55 -0.578 0.040
6 2 56 0.262 0.040
6 2 57 0.743 0.040
6 2 58 0.013 0.040
6 2 59 -1.544 0.998
6 2 60 -0.998 0.044
6 2 61 -0.165 0.040
6 2 62 -0.383 0.040
6 3 1 0.171 0.634
6 3 2 -0.813 0.080
6 3 3 0.223 0.080
6 3 4 -0.474 0.807
6 3 5 0.000 0.100
