1 1 1 0.454 0.173
1 1 2 -0.021 0.197
1 1 3 -1.025 0.172
1 1 4 0.205 0.163
1 1 5 -0.610 0.205
1 1 6 -0.757 0.257
1 1 7 -0.435 0.113
1 1 8 0.245 0.169
1 1 9 0.631 0.240
1 1 10 -0.725 0.209
1 1 11 -0.240 0.221
1 1 12 -0.172 0.253
1 1 13 -0.506 0.239
1 1 14 -0.586 0.266
1 1 15 0.644 0.250
1 1 16 0.602 0.393
1 1 17 0.406 0.249
1 1 18 0.618 0.292
1 1 19 1.217 0.990
1 1 20 0.341 0.384
1 1 21 1.358 0.894
1 1 22 -0.390 0.506
1 1 23 -0.110 0.080
1 2 1 0.284 0.040
1 2 2 -0.690 0.054
1 2 3 0.684 0.123
1 2 4 -0.161 0.105
1 2 5 -0.273 0.140
1 2 6 0.256 0.153
1 2 7 0.693 0.126
1 2 8 0.147 0.127
1 2 9 0.903 0.146
1 2 10 0.165 0.126
1 2 11 0.213 0.130
1 2 12 0.554 0.132
1 2 13 -0.211 0.151
1 2 14 -1.003 0.114
1 2 15 -0.257 0.117
1 2 16 -0.781 0.110
1 2 17 -0.384 0.103
1 2 18 0.070 0.127
1 2 19 -0.810 0.102
1 2 20 0.593 0.089
1 2 21 -0.751 0.125
1 2 22 -0.658 0.102
1 2 23 -0.604 0.109
1 2 24 -0.177 0.120
1 2 25 -0.196 0.121
1 2 26 0.193 0.126
1 2 27 0.329 0.109
1 2 28 0.538 0.125
1 2 29 0.687 0.150
1 2 30 -0.772 0.144
1 2 31 0.559 0.156
1 2 32 0.370 0.137
1 2 33 0.925 0.154
1 2 34 0.610 0.139
1 2 35 0.708 0.160
1 2 36 -0.037 0.100
1 2 37 0.743 0.151
1 2 38 -1.013 0.186
1 2 39 0.425 0.165
1 2 40 -0.841 0.204
1 2 41 0.600 0.175
1 2 42 0.002 0.306
1 2 43 -0.712 0.110
1 2 44 1.072 0.311
1 2 45 -0.378 0.192
1 2 46 1.101 0.954
1 2 47 0.686 0.122
1 2 48 -0.101 0.040
1 2 49 0.445 0.200
1 2 50 0.763 0.111
1 2 51 -0.707 0.329
1 2 52 0.682 0.040
1 2 53 0.284 0.040
1 2 54 -0.159 0.063
1 2 55 -0.765 0.040
1 2 56 0.904 0.046
1 2 57 0.508 0.040
1 2 58 -0.788 0.040
1 2 59 0.180 0.426
1 2 60 -0.602 0.040
1 2 61 0.664 0.040
1 2 62 -1.691 0.895
1 3 1 0.622 0.080
1 3 2 -0.864 0.096
1 3 3 -0.795 0.999
1 3 4 -0.558 1.000
1 3 5 -0.462 0.100
2 1 1 -0.007 0.229
2 1 2 -0.054 0.228
2 1 3 -0.087 0.100
2 1 4 -0.952 0.130
2 1 5 -0.190 0.260
2 1 6 0.000 0.100
2 1 7 0.462 0.146
2 1 8 -0.835 0.259
2 1 9 -0.623 0.199
2 1 10 0.000 0.100
2 1 11 0.817 0.297
2 1 12 1.038 0.306
2 1 13 -0.698 0.312
2 1 14 0.827 0.268
2 1 15 -0.949 0.442
2 1 16 -0.315 0.360
2 1 17 0.328 0.346
2 1 18 0.466 0.381
2 1 19 0.821 0.080
2 1 20 0.746 0.437
2 1 21 0.101 0.460
2 1 22 -0.757 0.080
2 1 23 0.893 0.080
2 2 1 0.984 0.040
2 2 2 0.222 0.045
2 2 3 0.485 0.043
2 2 4 0.238 0.100
2 2 5 0.165 0.060
2 2 6 -0.158 0.096
2 2 7 0.261 0.064
2 2 8 0.940 0.092
2 2 9 -0.730 0.109
2 2 10 -0.034 0.090
2 2 11 0.266 0.067
2 2 12 -0.950 0.109
2 2 13 0.697 0.140
2 2 14 0.131 0.108
2 2 15 0.868 0.091
2 2 16 -0.344 0.104
2 2 17 0.426 0.097
2 2 18 0.532 0.102
2 2 19 0.463 0.121
2 2 20 0.163 0.047
2 2 21 0.704 0.101
2 2 22 -0.894 0.110
2 2 23 -0.844 0.108
2 2 24 -0.101 0.145
2 2 25 -0.062 0.123
2 2 26 -0.561 0.112
2 2 27 -0.900 0.122
2 2 28 0.063 0.109
2 2 29 -0.292 0.109
2 2 30 -0.393 0.109
2 2 31 -0.496 0.103
2 2 32 -0.735 0.121
2 2 33 -0.073 0.138
2 2 34 -0.099 0.130
2 2 35 0.349 0.148
2 2 36 0.878 0.135
2 2 37 -0.252 0.156
2 2 38 -0.114 0.149
2 2 39 0.238 0.151
2 2 40 -0.049 0.618
2 2 41 -1.005 0.129
2 2 42 -0.680 0.173
2 2 43 -0.746 0.158
2 2 44 -0.987 0.100
2 2 45 -0.350 0.144
2 2 46 -0.087 0.110
2 2 47 -0.919 0.442
2 2 48 0.313 0.275
2 2 49 0.802 0.132
2 2 50 0.684 0.082
2 2 51 5.456 0.042
2 2 52 -0.204 0.346
2 2 53 -0.385 0.113
2 2 54 -0.449 0.040
2 2 55 -0.647 0.063
2 2 56 0.449 0.040
2 2 57 0.823 0.040
2 2 58 -0.281 0.040
2 2 59 0.393 0.040
2 2 60 -0.539 0.040
2 2 61 0.606 0.044
2 2 62 -0.830 0.040
2 3 1 -0.760 0.080
2 3 2 -0.243 0.409
2 3 3 -0.589 0.998
2 3 4 0.388 0.100
2 3 5 0.000 0.100
3 1 1 -0.354 0.161
3 1 2 0.923 0.161
3 1 3 0.650 0.149
3 1 4 -0.601 0.135
3 1 5 -0.234 0.208
3 1 6 -0.129 0.164
3 1 7 -0.658 0.163
3 1 8 -0.688 0.160
3 1 9 0.647 0.195
3 1 10 -0.292 0.184
3 1 11 -0.247 0.397
3 1 12 0.354 0.361
3 1 13 0.888 0.235
3 1 14 -0.492 0.276
3 1 15 0.060 0.327
3 1 16 -0.623 0.336
3 1 17 -1.010 0.379
3 1 18 1.281 0.322
3 1 19 0.186 0.330
3 1 20 0.070 0.455
3 1 21 0.052 0.080
3 1 22 -0.350 0.080
3 1 23 -0.188 0.080
3 2 1 0.121 0.486
3 2 2 -0.580 0.052
3 2 3 0.338 0.110
3 2 4 0.209 0.140
3 2 5 -0.649 0.117
3 2 6 0.082 0.149
3 2 7 -0.192 0.108
3 2 8 -0.424 0.121
3 2 9 0.207 0.118
3 2 10 -0.635 0.143
3 2 11 -0.053 0.123
3 2 12 0.692 0.119
3 2 13 0.100 0.125
3 2 14 0.188 0.122
3 2 15 -0.784 0.124
3 2 16 0.277 0.118
3 2 17 -0.167 0.114
3 2 18 -0.927 0.117
3 2 19 -0.194 0.102
3 2 20 -0.330 0.107
3 2 21 0.020 0.140
3 2 22 -0.264 0.111
3 2 23 0.047 0.127
3 2 24 0.025 0.121
3 2 25 -0.780 0.134
3 2 26 0.070 0.110
3 2 27 0.110 0.137
3 2 28 0.685 0.115
3 2 29 0.752 0.128
3 2 30 0.927 0.123
3 2 31 -0.283 0.127
3 2 32 0.826 0.146
3 2 33 -0.671 0.155
3 2 34 0.063 0.356
3 2 35 0.238 0.154
3 2 36 -1.006 0.136
3 2 37 -0.759 0.143
3 2 38 -0.099 0.154
3 2 39 -0.645 0.152
3 2 40 0.265 0.129
3 2 41 0.551 0.256
3 2 42 -0.392 0.156
3 2 43 -0.512 0.160
3 2 44 0.867 0.207
3 2 45 0.636 0.303
3 2 46 0.983 0.233
3 2 47 0.856 0.081
3 2 48 0.418 0.128
3 2 49 0.722 0.204
3 2 50 0.908 0.100
3 2 51 -0.888 0.100
3 2 52 0.436 0.084
3 2 53 -0.425 0.040
3 2 54 -0.585 0.385
3 2 55 0.918 0.095
3 2 56 -0.408 0.040
3 2 57 0.029 0.040
3 2 58 -0.531 0.040
3 2 59 0.020 0.040
3 2 60 -0.273 0.040
3 2 61 0.181 0.040
3 2 62 0.190 0.041
3 3 1 -0.744 0.239
3 3 2 0.837 0.080
3 3 3 -0.448 0.080
3 3 4 -0.222 0.080
3 3 5 -0.687 0.100
4 1 1 -0.943 0.175
4 1 2 -0.085 0.174
4 1 3 0.874 0.132
4 1 4 0.180 0.140
4 1 5 -0.144 0.080
4 1 6 -0.024 0.145
4 1 7 -0.766 0.216
4 1 8 -0.456 0.223
4 1 9 0.808 0.147
4 1 10 0.532 0.265
4 1 11 0.603 0.184
4 1 12 -0.533 0.274
4 1 13 0.721 0.250
4 1 14 0.704 0.438
4 1 15 0.247 0.282
4 1 16 0.055 0.397
4 1 17 0.719 0.294
4 1 18 0.000 0.100
4 1 19 -0.505 0.291
4 1 20 0.162 0.571
4 1 21 -0.739 0.426
4 1 22 -0.413 0.382
4 1 23 -0.435 0.080
4 2 1 -0.827 0.061
4 2 2 0.027 0.181
4 2 3 -0.354 0.139
4 2 4 0.941 0.122
4 2 5 -0.159 0.142
4 2 6 0.062 0.129
4 2 7 -0.879 0.135
4 2 8 0.022 0.118
4 2 9 -0.525 0.121
4 2 10 0.961 0.071
4 2 11 0.622 0.087
4 2 12 -0.530 0.077
4 2 13 -0.567 0.093
4 2 14 0.697 0.105
4 2 15 -0.099 0.100
4 2 16 -0.366 0.096
4 2 17 -0.649 0.118
4 2 18 -0.543 0.138
4 2 19 -0.910 0.119
4 2 20 0.579 0.084
4 2 21 -0.421 0.112
4 2 22 -0.442 0.094
4 2 23 0.296 0.134
4 2 24 -0.658 0.103
4 2 25 -0.823 0.089
4 2 26 0.315 0.132
4 2 27 0.016 0.105
4 2 28 0.330 0.081
4 2 29 -0.208 0.119
4 2 30 -0.814 0.097
4 2 31 0.826 0.107
4 2 32 0.473 0.110
4 2 33 -0.664 0.169
4 2 34 -0.810 0.159
4 2 35 -0.372 0.119
4 2 36 0.476 0.123
4 2 37 -0.229 0.149
4 2 38 -0.611 0.147
4 2 39 0.178 0.138
4 2 40 0.165 0.142
4 2 41 0.194 0.128
4 2 42 -0.708 0.150
4 2 43 0.633 0.144
4 2 44 0.354 0.140
4 2 45 -0.153 0.097
4 2 46 0.698 0.141
4 2 47 -0.705 0.089
4 2 48 0.438 0.110
4 2 49 -0.513 0.346
4 2 50 -0.554 0.114
4 2 51 0.056 0.110
4 2 52 -0.373 0.094
4 2 53 0.755 0.043
4 2 54 0.239 0.094
4 2 55 0.039 0.040
4 2 56 0.669 0.040
4 2 57 0.827 0.040
4 2 58 -0.883 0.040
4 2 59 -0.345 0.040
4 2 60 0.427 0.040
4 2 61 -0.841 0.040
4 2 62 0.960 0.040
4 3 1 -0.143 0.080
4 3 2 -0.887 0.747
4 3 3 0.000 0.100
4 3 4 0.000 0.100
4 3 5 0.000 0.100
5 1 1 -0.925 0.080
5 1 2 0.148 0.112
5 1 3 -1.325 0.878
5 1 4 -0.015 0.080
5 1 5 0.566 0.080
5 1 6 -0.820 0.080
5 1 7 0.362 0.080
5 1 8 0.417 0.118
5 1 9 0.452 0.225
5 1 10 0.537 0.085
5 1 11 -0.762 0.274
5 1 12 -0.332 0.340
5 1 13 0.833 0.326
5 1 14 -0.019 0.293
5 1 15 0.428 0.282
5 1 16 1.047 0.451
5 1 17 0.605 0.504
5 1 18 0.793 0.372
5 1 19 0.425 0.341
5 1 20 0.083 0.080
5 1 21 -0.452 0.101
5 1 22 -0.909 0.080
5 1 23 -0.556 0.080
5 2 1 0.723 0.040
5 2 2 0.677 0.571
5 2 3 -0.224 0.040
5 2 4 -0.328 0.064
5 2 5 0.959 0.050
5 2 6 -0.618 0.040
5 2 7 -0.362 0.040
5 2 8 -0.052 0.040
5 2 9 3.901 0.236
5 2 10 0.262 0.040
5 2 11 0.070 0.040
5 2 12 0.603 0.040
5 2 13 -0.069 0.040
5 2 14 0.536 0.040
5 2 15 -0.995 0.310
5 2 16 -0.590 0.040
5 2 17 -0.077 0.040
5 2 18 0.021 0.040
5 2 19 0.232 0.087
5 2 20 -0.317 0.040
5 2 21 0.817 0.040
5 2 22 0.078 0.262
5 2 23 1.024 0.081
5 2 24 0.037 0.264
5 2 25 -63.883 0.973
5 2 26 -0.986 0.054
5 2 27 -0.867 0.075
5 2 28 -0.922 0.040
5 2 29 -0.410 0.107
5 2 30 -0.179 0.099
5 2 31 -0.272 0.126
5 2 32 0.735 0.096
5 2 33 0.503 0.131
5 2 34 -0.855 0.104
5 2 35 0.385 0.094
5 2 36 -0.165 0.084
5 2 37 0.282 0.122
5 2 38 0.400 0.158
5 2 39 0.119 0.215
5 2 40 0.923 0.132
5 2 41 0.967 0.085
5 2 42 -0.147 0.107
5 2 43 -0.764 0.064
5 2 44 -0.410 0.408
5 2 45 -1.012 0.066
5 2 46 -0.335 0.597
5 2 47 -0.587 0.058
5 2 48 0.938 0.040
5 2 49 -0.603 0.079
5 2 50 -0.790 0.040
5 2 51 0.709 0.040
5 2 52 -1.085 0.045
5 2 53 0.965 0.040
5 2 54 0.487 0.040
5 2 55 -0.577 0.504
5 2 56 -0.364 0.040
5 2 57 0.161 0.040
5 2 58 0.572 0.612
5 2 59 -0.759 0.040
5 2 60 1.400 0.999
5 2 61 0.012 0.171
5 2 62 -0.781 0.995
5 3 1 0.389 0.239
5 3 2 -0.491 0.301
5 3 3 -0.862 1.000
5 3 4 0.488 0.100
5 3 5 0.000 0.100
6 1 1 0.187 0.114
6 1 2 -0.020 0.131
6 1 3 0.870 0.146
6 1 4 0.499 0.149
6 1 5 0.933 0.144
6 1 6 -0.271 0.179
6 1 7 0.406 0.171
6 1 8 0.530 0.200
6 1 9 -0.118 0.253
6 1 10 -0.229 0.284
6 1 11 -0.496 0.279
6 1 12 0.844 0.262
6 1 13 -0.059 0.295
6 1 14 0.727 0.233
6 1 15 0.865 0.236
6 1 16 0.778 0.333
6 1 17 -0.145 0.338
6 1 18 0.378 0.125
6 1 19 0.514 0.339
6 1 20 -0.556 0.308
6 1 21 0.000 0.100
6 1 22 0.346 0.451
6 1 23 0.768 0.997
6 2 1 -0.257 0.040
6 2 2 -0.269 0.238
6 2 3 -0.362 0.133
6 2 4 0.429 0.143
6 2 5 0.653 0.130
6 2 6 0.819 0.152
6 2 7 -0.686 0.125
6 2 8 0.865 0.126
6 2 9 0.745 0.149
6 2 10 -0.486 0.111
6 2 11 -0.791 0.119
6 2 12 0.368 0.111
6 2 13 0.170 0.117
6 2 14 0.135 0.122
6 2 15 0.561 0.113
6 2 16 0.216 0.158
6 2 17 -0.226 0.134
6 2 18 -0.508 0.157
6 2 19 0.921 0.124
6 2 20 -1.002 0.123
6 2 21 -0.893 0.121
6 2 22 0.052 0.118
6 2 23 0.806 0.157
6 2 24 0.313 0.143
6 2 25 -0.174 0.105
6 2 26 0.772 0.129
6 2 27 -0.939 0.141
6 2 28 0.761 0.133
6 2 29 0.207 0.153
6 2 30 -0.498 0.162
6 2 31 0.757 0.158
6 2 32 -0.967 0.157
6 2 33 -0.180 0.125
6 2 34 -0.837 0.206
6 2 35 -0.825 0.145
6 2 36 0.715 0.184
6 2 37 -0.244 0.153
6 2 38 -0.730 0.165
6 2 39 0.847 0.142
6 2 40 0.063 0.100
6 2 41 0.588 0.155
6 2 42 -0.618 0.161
6 2 43 0.478 0.121
6 2 44 0.276 0.092
6 2 45 -1.095 0.252
6 2 46 -0.706 0.909
6 2 47 0.113 0.100
6 2 48 -0.758 0.095
6 2 49 0.351 0.099
6 2 50 0.097 0.266
6 2 51 0.463 0.110
6 2 52 0.730 0.040
6 2 53 -0.036 0.040
6 2 54 0.778 0.757
6 2 55 -0.466 0.040
6 2 56 0.247 0.040
6 2 57 0.755 0.040
6 2 58 0.016 0.051
6 2 59 0.934 0.040
6 2 60 -0.972 0.042
6 2 61 0.162 0.951
6 2 62 0.199 0.040
6 3 1 -0.050 0.584
6 3 2 -0.453 0.080
6 3 3 0.408 0.178
6 3 4 -0.511 0.535
6 3 5 0.000 0.100
