1 1 1 89.659 89.659 58.901 58.901 -0.247
1 1 2 114.716 114.716 66.892 66.892 0.022
1 1 3 101.571 101.571 34.200 34.200 -0.413
1 1 4 116.523 116.523 38.685 38.685 -0.219
1 1 5 127.833 127.833 36.954 36.954 0.036
1 1 6 87.909 87.909 17.798 17.798 -0.810
1 1 7 118.100 118.100 26.082 26.082 -0.022
1 1 8 116.956 116.956 23.277 23.277 0.018
1 1 9 134.966 134.966 24.859 24.859 0.213
1 1 10 123.188 123.188 20.029 20.029 -0.226
1 1 11 127.555 127.555 18.721 18.721 -0.546
1 1 12 131.805 131.805 18.602 18.602 -0.302
1 1 13 118.097 118.097 14.688 14.688 0.344
1 1 14 152.727 152.727 20.087 20.087 -0.054
1 1 15 161.813 161.813 20.763 20.763 -0.036
1 1 16 163.585 163.585 17.851 17.851 -0.771
1 1 17 151.118 151.118 16.088 16.088 0.465
1 1 18 175.926 175.926 19.706 19.706 -0.159
1 1 19 142.760 142.760 13.622 13.622 0.030
1 1 20 181.555 181.555 18.671 18.671 -0.057
1 1 21 193.800 193.800 19.495 19.495 -0.124
1 1 22 169.229 169.229 15.135 15.135 0.316
1 1 23 168.307 168.307 14.443 14.443 0.040
1 2 1 133.384 133.384 232.579 232.579 -0.034
1 2 2 115.741 115.741 117.063 117.063 -0.072
1 2 3 94.485 94.485 73.652 73.652 -0.235
1 2 4 115.437 115.437 76.142 76.142 -0.131
1 2 5 121.669 121.669 72.840 72.840 -0.208
1 2 6 126.858 126.858 73.218 73.218 0.076
1 2 7 181.637 181.637 102.975 102.975 0.082
1 2 8 143.678 143.678 67.701 67.701 0.073
1 2 9 158.943 158.943 69.753 69.753 0.171
1 2 10 137.601 137.601 52.701 52.701 -0.085
1 2 11 169.983 169.983 67.851 67.851 -0.076
1 2 12 203.673 203.673 80.766 80.766 -0.142
1 2 13 136.953 136.953 41.772 41.772 -0.065
1 2 14 150.142 150.142 44.226 44.226 0.194
1 2 15 167.742 167.742 51.326 51.326 -0.064
1 2 16 165.597 165.597 46.809 46.809 0.055
1 2 17 171.453 171.453 47.333 47.333 -0.056
1 2 18 127.437 127.437 27.595 27.595 -0.189
1 2 19 146.040 146.040 33.168 33.168 0.031
1 2 20 147.895 147.895 32.601 32.601 -0.029
1 2 21 121.137 121.137 22.585 22.585 -0.038
1 2 22 160.198 160.198 33.588 33.588 0.011
1 2 23 139.310 139.310 26.320 26.320 0.086
1 2 24 166.079 166.079 32.216 32.216 -0.077
1 2 25 184.208 184.208 36.471 36.471 -0.113
1 2 26 173.036 173.036 32.503 32.503 -0.074
1 2 27 206.659 206.659 39.997 39.997 -0.071
1 2 28 154.743 154.743 24.745 24.745 -0.268
1 2 29 147.616 147.616 22.611 22.611 -0.004
1 2 30 167.347 167.347 26.649 26.649 -0.026
1 2 31 128.596 128.596 17.522 17.522 -0.050
1 2 32 313.373 313.373 63.499 63.499 -0.056
1 2 33 216.325 216.325 35.348 35.348 -0.157
1 2 34 271.783 271.783 49.197 49.197 -0.018
1 2 35 243.192 243.192 40.165 40.165 0.054
1 2 36 243.346 243.346 39.358 39.358 0.065
1 2 37 256.271 256.271 41.731 41.731 0.049
1 2 38 319.257 319.257 55.767 55.767 0.039
1 2 39 225.275 225.275 32.264 32.264 0.129
1 2 40 237.119 237.119 34.273 34.273 0.133
1 2 41 270.932 270.932 40.776 40.776 -0.041
1 2 42 203.809 203.809 26.145 26.145 0.034
1 2 43 202.933 202.933 25.089 25.089 -0.003
1 2 44 217.444 217.444 27.369 27.369 0.020
1 2 45 257.351 257.351 34.406 34.406 0.135
1 2 46 212.878 212.878 25.247 25.247 0.038
1 2 47 230.211 230.211 28.077 28.077 0.046
1 2 48 290.650 290.650 39.201 39.201 -0.053
1 2 49 220.997 220.997 25.103 25.103 -0.142
1 2 50 306.099 306.099 40.501 40.501 0.036
1 2 51 347.334 347.334 48.320 48.320 0.017
1 2 52 272.645 272.645 32.559 32.559 0.062
1 2 53 299.880 299.880 37.070 37.070 0.046
1 2 54 199.576 199.576 19.929 19.929 0.102
1 2 55 234.404 234.404 24.867 24.867 0.065
1 2 56 316.187 316.187 38.192 38.192 0.029
1 2 57 231.733 231.733 23.793 23.793 0.057
1 2 58 251.282 251.282 26.153 26.153 0.070
1 2 59 255.395 255.395 26.857 26.857 0.039
1 2 60 273.398 273.398 28.928 28.928 0.039
1 2 61 246.215 246.215 24.829 24.829 -0.071
1 2 62 268.636 268.636 27.759 27.759 -0.003
1 3 1 190.117 190.117 20.462 20.462 -0.958
1 3 2 221.087 221.087 25.990 25.990 0.635
1 3 3 225.214 225.214 28.248 28.248 0.665
1 3 4 223.356 223.356 27.408 27.408 0.651
1 3 5 471.016 471.016 81.831 81.831 -0.267
2 1 1 43.695 43.695 96.311 96.311 0.920
2 1 2 96.686 96.686 49.900 49.900 -0.161
2 1 3 62.712 62.712 18.816 18.816 -0.129
2 1 4 100.308 100.308 30.286 30.286 0.362
2 1 5 85.717 85.717 20.035 20.035 0.170
2 1 6 151.704 151.704 1323.614 1323.614 0.000
2 1 7 118.150 118.150 26.114 26.114 0.122
2 1 8 119.041 119.041 23.536 23.536 0.244
2 1 9 121.891 121.891 21.654 21.654 0.034
2 1 10 167.617 167.617 1642.694 1642.694 0.000
2 1 11 134.310 134.310 20.985 20.985 0.052
2 1 12 89.653 89.653 10.459 10.459 -0.316
2 1 13 129.873 129.873 17.171 17.171 -0.002
2 1 14 126.931 126.931 15.067 15.067 -0.256
2 1 15 124.252 124.252 13.984 13.984 -0.045
2 1 16 135.752 135.752 14.785 14.785 -0.043
2 1 17 133.164 133.164 13.240 13.240 -0.564
2 1 18 181.080 181.080 20.481 20.481 0.208
2 1 19 293.393 293.393 248.367 248.367 2.392
2 1 20 161.946 161.946 15.647 15.647 -0.233
2 1 21 163.996 163.996 15.371 15.371 0.520
2 1 22 173.698 173.698 15.872 15.872 0.131
2 1 23 163.132 163.132 13.856 13.856 0.312
2 2 1 71.544 71.544 373.231 373.231 0.241
2 2 2 151.149 151.149 180.010 180.010 -0.006
2 2 3 159.838 159.838 162.956 162.956 -0.035
2 2 4 105.662 105.662 72.655 72.655 -0.206
2 2 5 127.473 127.473 82.621 82.621 0.068
2 2 6 164.664 164.664 103.714 103.714 0.202
2 2 7 134.249 134.249 66.530 66.530 -0.051
2 2 8 113.219 113.219 46.053 46.053 0.172
2 2 9 120.561 120.561 50.827 50.827 -0.193
2 2 10 185.519 185.519 81.660 81.660 -0.094
2 2 11 170.593 170.593 68.472 68.472 -0.089
2 2 12 185.428 185.428 73.743 73.743 -0.049
2 2 13 156.729 156.729 50.448 50.448 0.118
2 2 14 128.014 128.014 36.051 36.051 0.049
2 2 15 135.046 135.046 36.899 36.899 0.139
2 2 16 162.449 162.449 45.638 45.638 0.005
2 2 17 168.275 168.275 46.119 46.119 -0.017
2 2 18 119.450 119.450 25.465 25.465 0.020
2 2 19 122.074 122.074 25.276 25.276 0.086
2 2 20 159.066 159.066 36.304 36.304 0.064
2 2 21 126.056 126.056 23.883 23.883 0.100
2 2 22 175.223 175.223 38.201 38.201 0.095
2 2 23 159.510 159.510 32.217 32.217 0.093
2 2 24 132.702 132.702 23.012 23.012 0.113
2 2 25 156.284 156.284 28.647 28.647 0.042
2 2 26 164.137 164.137 29.990 29.990 0.027
2 2 27 197.261 197.261 37.221 37.221 -0.089
2 2 28 178.033 178.033 31.241 31.241 -0.017
2 2 29 151.586 151.586 23.450 23.450 -0.120
2 2 30 152.755 152.755 23.073 23.073 -0.156
2 2 31 124.665 124.665 16.728 16.728 0.014
2 2 32 233.000 233.000 40.360 40.360 -0.141
2 2 33 220.870 220.870 36.833 36.833 0.014
2 2 34 274.474 274.474 49.965 49.965 0.006
2 2 35 249.961 249.961 41.908 41.908 -0.003
2 2 36 219.891 219.891 33.879 33.879 -0.001
2 2 37 234.925 234.925 36.618 36.618 0.052
2 2 38 290.479 290.479 48.433 48.433 -0.021
2 2 39 194.138 194.138 25.982 25.982 -0.009
2 2 40 209.420 209.420 28.551 28.551 -0.088
2 2 41 241.703 241.703 34.242 34.242 -0.104
2 2 42 216.725 216.725 28.660 28.660 -0.040
2 2 43 199.600 199.600 24.455 24.455 -0.053
2 2 44 257.020 257.020 35.034 35.034 -0.122
2 2 45 217.002 217.002 26.723 26.723 -0.122
2 2 46 235.854 235.854 29.438 29.438 -0.037
2 2 47 244.527 244.527 30.773 30.773 -0.023
2 2 48 254.257 254.257 31.914 31.914 -0.136
2 2 49 252.711 252.711 31.065 31.065 -0.091
2 2 50 269.151 269.151 33.319 33.319 -0.084
2 2 51 321.437 321.437 42.966 42.966 0.028
2 2 52 296.809 296.809 37.037 37.037 -0.020
2 2 53 295.186 295.186 36.204 36.204 -0.058
2 2 54 280.890 280.890 33.002 33.002 0.092
2 2 55 285.477 285.477 33.652 33.652 0.081
2 2 56 314.091 314.091 37.758 37.758 0.069
2 2 57 273.076 273.076 29.888 29.888 0.059
2 2 58 207.653 207.653 19.787 19.787 0.058
2 2 59 214.431 214.431 20.653 20.653 -0.012
2 2 60 246.979 246.979 24.626 24.626 0.099
2 2 61 271.404 271.404 28.425 28.425 -0.035
2 2 62 283.339 283.339 29.592 29.592 0.074
2 3 1 185.386 185.386 19.001 19.001 -0.774
2 3 2 238.237 238.237 23.719 23.719 0.042
2 3 3 201.441 201.441 18.058 18.058 -0.125
2 3 4 197.745 197.745 23.128 23.128 0.762
2 3 5 198.536 198.536 21.990 21.990 -0.767
3 1 1 125.310 125.310 102.717 102.717 0.136
3 1 2 111.912 111.912 57.691 57.691 -0.265
3 1 3 82.905 82.905 27.663 27.663 -0.239
3 1 4 112.960 112.960 38.087 38.087 -0.087
3 1 5 78.190 78.190 16.633 16.633 -0.459
3 1 6 79.205 79.205 16.605 16.605 0.107
3 1 7 113.840 113.840 42.935 42.935 -1.042
3 1 8 138.688 138.688 29.959 29.959 -0.102
3 1 9 124.732 124.732 22.395 22.395 0.028
3 1 10 123.097 123.097 20.246 20.246 0.083
3 1 11 91.196 91.196 11.714 11.714 0.214
3 1 12 121.851 121.851 16.718 16.718 -0.078
3 1 13 128.828 128.828 16.813 16.813 -0.213
3 1 14 141.417 141.417 17.586 17.586 0.332
3 1 15 151.861 151.861 19.977 19.977 -0.731
3 1 16 152.365 152.365 17.549 17.549 -0.083
3 1 17 145.061 145.061 16.593 16.593 0.914
3 1 18 195.889 195.889 23.043 23.043 0.219
3 1 19 171.130 171.130 17.879 17.879 0.120
3 1 20 157.468 157.468 15.078 15.078 -0.028
3 1 21 169.290 169.290 15.683 15.683 0.419
3 1 22 179.884 179.884 16.244 16.244 0.573
3 1 23 168.803 168.803 14.608 14.608 0.009
3 2 1 500.000 500.000 16749.426 16749.426 0.051
3 2 2 143.139 143.139 1166.603 1166.603 0.000
3 2 3 67.026 67.026 101.904 101.904 -0.442
3 2 4 158.342 158.342 125.909 125.909 0.085
3 2 5 121.236 121.236 69.497 69.497 -0.221
3 2 6 124.775 124.775 70.864 70.864 -0.089
3 2 7 180.468 180.468 102.431 102.431 -0.081
3 2 8 172.541 172.541 88.255 88.255 -0.086
3 2 9 119.715 119.715 45.556 45.556 -0.228
3 2 10 165.599 165.599 69.488 69.488 -0.089
3 2 11 193.224 193.224 81.592 81.592 -0.101
3 2 12 196.354 196.354 78.061 78.061 -0.114
3 2 13 147.601 147.601 44.935 44.935 -0.221
3 2 14 159.484 159.484 49.982 49.982 -0.070
3 2 15 185.641 185.641 59.351 59.351 -0.096
3 2 16 130.100 130.100 32.711 32.711 -0.019
3 2 17 181.619 181.619 51.283 51.283 -0.089
3 2 18 146.305 146.305 33.968 33.968 0.163
3 2 19 204.008 204.008 54.784 54.784 0.017
3 2 20 183.523 183.523 45.006 45.006 -0.050
3 2 21 128.406 128.406 24.292 24.292 -0.202
3 2 22 170.170 170.170 36.770 36.770 -0.011
3 2 23 154.215 154.215 30.710 30.710 -0.040
3 2 24 164.435 164.435 31.730 31.730 -0.110
3 2 25 162.046 162.046 30.002 30.002 -0.145
3 2 26 178.898 178.898 34.008 34.008 -0.085
3 2 27 164.834 164.834 28.561 28.561 0.028
3 2 28 155.250 155.250 25.468 25.468 -0.050
3 2 29 134.871 134.871 19.417 19.417 -0.282
3 2 30 165.251 165.251 26.118 26.118 0.068
3 2 31 161.100 161.100 24.598 24.598 0.014
3 2 32 258.042 258.042 47.209 47.209 -0.107
3 2 33 196.619 196.619 30.941 30.941 -0.018
3 2 34 248.326 248.326 43.031 43.031 -0.013
3 2 35 208.247 208.247 31.700 31.700 -0.112
3 2 36 228.865 228.865 35.978 35.978 0.064
3 2 37 227.593 227.593 34.866 34.866 0.078
3 2 38 289.865 289.865 48.268 48.268 -0.050
3 2 39 243.455 243.455 36.407 36.407 0.075
3 2 40 290.781 290.781 46.757 46.757 0.021
3 2 41 210.359 210.359 27.833 27.833 -0.099
3 2 42 215.410 215.410 28.360 28.360 -0.076
3 2 43 242.879 242.879 32.816 32.816 0.056
3 2 44 253.047 253.047 34.303 34.303 -0.059
3 2 45 230.272 230.272 29.333 29.333 -0.042
3 2 46 195.956 195.956 22.311 22.311 0.013
3 2 47 277.301 277.301 37.164 37.164 -0.009
3 2 48 210.284 210.284 24.147 24.147 -0.003
3 2 49 189.286 189.286 19.953 19.953 0.110
3 2 50 191.809 191.809 20.265 20.265 0.316
3 2 51 197.807 197.807 20.735 20.735 0.044
3 2 52 332.619 332.619 43.901 43.901 0.043
3 2 53 203.416 203.416 20.718 20.718 -0.016
3 2 54 254.325 254.325 28.637 28.637 0.107
3 2 55 254.675 254.675 29.796 29.796 0.037
3 2 56 343.148 343.148 43.431 43.431 0.077
3 2 57 232.136 232.136 23.384 23.384 0.059
3 2 58 211.163 211.163 20.278 20.278 0.094
3 2 59 231.110 231.110 23.194 23.194 0.120
3 2 60 262.218 262.218 26.989 26.989 0.039
3 2 61 233.456 233.456 23.069 23.069 0.033
3 2 62 387.747 387.747 442.578 442.578 0.000
3 3 1 230.544 230.544 23.931 23.931 0.172
3 3 2 249.779 249.779 25.494 25.494 0.055
3 3 3 216.158 216.158 20.285 20.285 0.495
3 3 4 230.232 230.232 22.865 22.865 0.322
3 3 5 256.336 256.336 46.578 46.578 1.070
4 1 1 90.421 90.421 59.471 59.471 -0.248
4 1 2 78.719 78.719 56.192 56.192 -0.601
4 1 3 110.342 110.342 42.161 42.161 -0.213
4 1 4 106.153 106.153 34.511 34.511 0.179
4 1 5 73.765 73.765 15.936 15.936 0.236
4 1 6 85.913 85.913 18.201 18.201 -0.336
4 1 7 129.720 129.720 29.672 29.672 -0.180
4 1 8 118.201 118.201 23.525 23.525 0.161
4 1 9 138.951 138.951 26.335 26.335 0.010
4 1 10 137.727 137.727 23.668 23.668 -0.232
4 1 11 91.310 91.310 11.229 11.229 -0.600
4 1 12 167.231 167.231 26.931 26.931 0.066
4 1 13 147.666 147.666 20.721 20.721 -0.145
4 1 14 127.755 127.755 15.359 15.359 0.037
4 1 15 127.115 127.115 13.883 13.883 -0.589
4 1 16 159.276 159.276 17.933 17.933 -0.573
4 1 17 164.038 164.038 18.575 18.575 0.238
4 1 18 199.444 199.444 2388.709 2388.709 0.000
4 1 19 176.616 176.616 18.733 18.733 -0.090
4 1 20 133.191 133.191 11.718 11.718 -0.104
4 1 21 155.862 155.862 14.080 14.080 0.069
4 1 22 189.292 189.292 18.080 18.080 -0.105
4 1 23 195.664 195.664 18.210 18.210 -0.078
4 2 1 100.232 100.232 148.137 148.137 0.055
4 2 2 104.635 104.635 105.888 105.888 0.180
4 2 3 146.772 146.772 209.356 209.356 0.155
4 2 4 112.050 112.050 76.764 76.764 -0.043
4 2 5 140.171 140.171 94.559 94.559 -0.089
4 2 6 138.624 138.624 79.661 79.661 0.161
4 2 7 162.591 162.591 89.027 89.027 0.020
4 2 8 116.363 116.363 49.592 49.592 -0.079
4 2 9 119.267 119.267 45.521 45.521 -0.216
4 2 10 170.252 170.252 70.810 70.810 -0.129
4 2 11 160.357 160.357 62.268 62.268 -0.096
4 2 12 188.398 188.398 73.600 73.600 -0.120
4 2 13 174.376 174.376 59.936 59.936 -0.058
4 2 14 151.885 151.885 46.255 46.255 -0.085
4 2 15 173.054 173.054 54.001 54.001 -0.041
4 2 16 145.946 145.946 38.723 38.723 0.086
4 2 17 165.153 165.153 44.680 44.680 -0.067
4 2 18 148.721 148.721 35.111 35.111 0.133
4 2 19 199.261 199.261 52.846 52.846 -0.015
4 2 20 155.999 155.999 34.651 34.651 -0.204
4 2 21 131.875 131.875 25.610 25.610 0.045
4 2 22 177.350 177.350 39.123 39.123 -0.056
4 2 23 201.819 201.819 46.055 46.055 -0.029
4 2 24 185.935 185.935 38.249 38.249 -0.023
4 2 25 166.742 166.742 31.459 31.459 -0.083
4 2 26 181.618 181.618 34.725 34.725 -0.104
4 2 27 188.228 188.228 34.600 34.600 -0.130
4 2 28 193.081 193.081 35.177 35.177 -0.078
4 2 29 151.148 151.148 23.219 23.219 -0.181
4 2 30 154.625 154.625 23.622 23.622 -0.099
4 2 31 148.777 148.777 21.792 21.792 -0.052
4 2 32 326.914 326.914 67.887 67.887 -0.013
4 2 33 190.590 190.590 29.525 29.525 -0.015
4 2 34 262.148 262.148 46.431 46.431 -0.083
4 2 35 293.917 293.917 53.324 53.324 -0.046
4 2 36 245.599 245.599 39.720 39.720 -0.118
4 2 37 306.324 306.324 54.438 54.438 -0.058
4 2 38 310.362 310.362 53.245 53.245 -0.086
4 2 39 264.825 264.825 41.424 41.424 -0.013
4 2 40 264.925 264.925 40.513 40.513 0.083
4 2 41 272.057 272.057 41.016 41.016 -0.052
4 2 42 286.472 286.472 43.420 43.420 -0.088
4 2 43 239.837 239.837 32.209 32.209 -0.084
4 2 44 273.348 273.348 38.513 38.513 -0.056
4 2 45 266.880 266.880 36.528 36.528 -0.074
4 2 46 234.995 234.995 29.229 29.229 0.067
4 2 47 243.817 243.817 30.618 30.618 -0.005
4 2 48 302.823 302.823 41.761 41.761 -0.002
4 2 49 179.782 179.782 18.496 18.496 -0.070
4 2 50 264.049 264.049 32.471 32.471 0.023
4 2 51 309.636 309.636 40.594 40.594 -0.055
4 2 52 265.817 265.817 31.375 31.375 0.032
4 2 53 280.009 280.009 33.469 33.469 -0.028
4 2 54 251.704 251.704 28.060 28.060 0.005
4 2 55 225.026 225.026 23.411 23.411 -0.024
4 2 56 319.012 319.012 38.948 38.948 -0.032
4 2 57 201.420 201.420 19.164 19.164 -0.037
4 2 58 228.697 228.697 22.739 22.739 0.042
4 2 59 213.489 213.489 20.750 20.750 -0.018
4 2 60 214.827 214.827 22.203 22.203 -0.147
4 2 61 237.839 237.839 23.860 23.860 -0.124
4 2 62 309.679 309.679 34.053 34.053 0.013
4 3 1 192.804 192.804 18.671 18.671 -0.270
4 3 2 228.062 228.062 22.509 22.509 -0.054
4 3 3 261.604 261.604 28.487 28.487 0.282
4 3 4 229.676 229.676 37.146 37.146 -0.635
4 3 5 231.936 231.936 3300.752 3300.752 0.000
5 1 1 119.093 119.093 97.338 97.338 0.098
5 1 2 111.954 111.954 66.852 66.852 -0.280
5 1 3 163.127 163.127 75.077 75.077 0.158
5 1 4 139.010 139.010 51.806 51.806 0.115
5 1 5 90.545 90.545 22.012 22.012 0.076
5 1 6 99.801 99.801 21.209 21.209 -0.652
5 1 7 102.463 102.463 20.654 20.654 0.291
5 1 8 105.215 105.215 19.749 19.749 -0.149
5 1 9 133.213 133.213 24.724 24.724 -0.042
5 1 10 141.603 141.603 24.637 24.637 -0.244
5 1 11 141.071 141.071 22.572 22.572 -0.050
5 1 12 158.077 158.077 24.733 24.733 0.093
5 1 13 170.881 170.881 25.619 25.619 -0.212
5 1 14 133.310 133.310 16.294 16.294 -0.176
5 1 15 180.395 180.395 23.691 23.691 0.362
5 1 16 165.456 165.456 21.022 21.022 -0.958
5 1 17 160.485 160.485 17.819 17.819 -0.353
5 1 18 191.703 191.703 22.400 22.400 -0.151
5 1 19 197.734 197.734 22.204 22.204 0.076
5 1 20 178.685 178.685 18.217 18.217 -0.087
5 1 21 185.912 185.912 18.364 18.364 -0.085
5 1 22 175.026 175.026 16.073 16.073 0.088
5 1 23 165.855 165.855 14.244 14.244 0.099
5 2 1 22.987 22.987 36.855 36.855 -0.480
5 2 2 100.265 100.265 90.267 90.267 0.131
5 2 3 152.470 152.470 153.828 153.828 -0.023
5 2 4 124.656 124.656 85.799 85.799 -0.105
5 2 5 100.816 100.816 58.146 58.146 0.028
5 2 6 102.330 102.330 50.478 50.478 -0.185
5 2 7 133.948 133.948 66.342 66.342 -0.050
5 2 8 145.460 145.460 69.728 69.728 0.009
5 2 9 134.595 134.595 57.423 57.423 -0.045
5 2 10 193.533 193.533 86.958 86.958 -0.087
5 2 11 207.881 207.881 92.640 92.640 -0.007
5 2 12 224.995 224.995 98.181 98.181 -0.035
5 2 13 183.421 183.421 64.974 64.974 -0.018
5 2 14 159.743 159.743 50.061 50.061 -0.061
5 2 15 164.946 164.946 50.233 50.233 -0.046
5 2 16 143.457 143.457 37.112 37.112 -0.184
5 2 17 158.029 158.029 42.052 42.052 0.017
5 2 18 135.570 135.570 30.822 30.822 -0.047
5 2 19 171.688 171.688 41.451 41.451 -0.164
5 2 20 187.802 187.802 46.852 46.852 -0.007
5 2 21 121.419 121.419 22.661 22.661 -0.030
5 2 22 148.990 148.990 30.120 30.120 0.077
5 2 23 189.356 189.356 41.832 41.832 0.026
5 2 24 146.680 146.680 26.769 26.769 -0.061
5 2 25 164.880 164.880 30.879 30.879 -0.116
5 2 26 163.821 163.821 29.903 29.903 -0.028
5 2 27 201.278 201.278 38.400 38.400 -0.091
5 2 28 153.949 153.949 24.740 24.740 -0.212
5 2 29 136.248 136.248 19.978 19.978 -0.132
5 2 30 213.061 213.061 38.240 38.240 -0.097
5 2 31 134.037 134.037 18.591 18.591 -0.154
5 2 32 279.363 279.363 53.467 53.467 -0.052
5 2 33 217.373 217.373 35.832 35.832 -0.122
5 2 34 274.466 274.466 50.007 50.007 -0.028
5 2 35 258.165 258.165 43.893 43.893 -0.053
5 2 36 261.182 261.182 43.816 43.816 0.030
5 2 37 264.696 264.696 43.874 43.874 -0.029
5 2 38 349.217 349.217 64.211 64.211 0.037
5 2 39 191.740 191.740 25.485 25.485 0.048
5 2 40 254.170 254.170 38.164 38.164 -0.054
5 2 41 249.797 249.797 36.053 36.053 -0.061
5 2 42 236.595 236.595 32.539 32.539 -0.141
5 2 43 229.943 229.943 30.168 30.168 -0.105
5 2 44 293.731 293.731 42.905 42.905 -0.092
5 2 45 248.585 248.585 32.711 32.711 -0.151
5 2 46 230.658 230.658 28.452 28.452 -0.086
5 2 47 231.008 231.008 28.175 28.175 -0.089
5 2 48 280.025 280.025 37.161 37.161 -0.050
5 2 49 214.664 214.664 24.173 24.173 -0.002
5 2 50 292.006 292.006 37.746 37.746 -0.082
5 2 51 316.702 316.702 41.899 41.899 -0.088
5 2 52 315.934 315.934 40.673 40.673 -0.043
5 2 53 270.730 270.730 31.814 31.814 -0.033
5 2 54 243.882 243.882 26.713 26.713 -0.091
5 2 55 253.685 253.685 27.959 27.959 0.068
5 2 56 204.355 204.355 20.346 20.346 -0.129
5 2 57 190.532 190.532 17.605 17.605 0.031
5 2 58 225.200 225.200 22.495 22.495 -0.039
5 2 59 189.111 189.111 17.527 17.527 -0.003
5 2 60 261.742 261.742 27.738 27.738 0.013
5 2 61 221.896 221.896 21.213 21.213 -0.133
5 2 62 265.244 265.244 28.315 28.315 0.037
5 3 1 195.196 195.196 18.618 18.618 -0.077
5 3 2 219.272 219.272 20.842 20.842 -0.165
5 3 3 233.445 233.445 23.111 23.111 -0.357
5 3 4 236.278 236.278 21.047 21.047 -0.759
5 3 5 233.329 233.329 30.648 30.648 0.489
6 1 1 70.754 70.754 251.045 251.045 -0.824
6 1 2 123.811 123.811 71.314 71.314 -0.143
6 1 3 136.781 136.781 54.052 54.052 0.331
6 1 4 118.100 118.100 40.026 40.026 -0.184
6 1 5 114.873 114.873 30.250 30.250 -0.264
6 1 6 94.158 94.158 19.764 19.764 0.522
6 1 7 112.710 112.710 24.330 24.330 0.034
6 1 8 157.789 157.789 35.179 35.179 -0.270
6 1 9 125.164 125.164 22.022 22.022 -0.275
6 1 10 128.680 128.680 21.644 21.644 0.089
6 1 11 128.351 128.351 19.599 19.599 -0.003
6 1 12 139.030 139.030 20.356 20.356 -0.094
6 1 13 138.988 138.988 18.808 18.808 -0.232
6 1 14 144.310 144.310 17.127 17.127 0.769
6 1 15 151.557 151.557 18.443 18.443 0.344
6 1 16 160.835 160.835 19.013 19.013 0.128
6 1 17 155.051 155.051 16.971 16.971 -0.379
6 1 18 197.893 197.893 23.579 23.579 -0.051
6 1 19 179.936 179.936 19.299 19.299 -0.034
6 1 20 182.778 182.778 18.804 18.804 -0.140
6 1 21 211.379 211.379 2705.928 2705.928 0.000
6 1 22 156.008 156.008 13.258 13.258 0.484
6 1 23 172.700 172.700 14.920 14.920 0.254
6 2 1 84.401 84.401 371.921 371.921 0.180
6 2 2 119.981 119.981 128.421 128.421 -0.022
6 2 3 149.184 149.184 149.231 149.231 -0.003
6 2 4 99.202 99.202 78.604 78.604 -0.222
6 2 5 116.677 116.677 70.531 70.531 -0.144
6 2 6 142.033 142.033 81.667 81.667 -0.184
6 2 7 177.218 177.218 101.156 101.156 0.049
6 2 8 122.857 122.857 51.336 51.336 0.188
6 2 9 159.394 159.394 74.185 74.185 0.029
6 2 10 185.101 185.101 82.489 82.489 -0.045
6 2 11 160.987 160.987 62.457 62.457 -0.083
6 2 12 196.220 196.220 79.195 79.195 -0.083
6 2 13 171.613 171.613 58.829 58.829 -0.014
6 2 14 132.334 132.334 37.922 37.922 -0.020
6 2 15 164.608 164.608 50.169 50.169 -0.018
6 2 16 151.819 151.819 40.926 40.926 0.097
6 2 17 147.932 147.932 37.720 37.720 0.116
6 2 18 129.782 129.782 28.846 28.846 0.016
6 2 19 149.941 149.941 34.186 34.186 -0.125
6 2 20 161.095 161.095 36.900 36.900 0.080
6 2 21 131.732 131.732 25.478 25.478 -0.108
6 2 22 171.134 171.134 37.083 37.083 -0.011
6 2 23 159.943 159.943 32.425 32.425 0.050
6 2 24 142.550 142.550 25.549 25.549 -0.120
6 2 25 156.574 156.574 28.700 28.700 -0.079
6 2 26 157.783 157.783 28.256 28.256 -0.035
6 2 27 192.536 192.536 36.009 36.009 -0.047
6 2 28 133.696 133.696 20.350 20.350 0.013
6 2 29 127.434 127.434 18.089 18.089 -0.106
6 2 30 173.291 173.291 28.064 28.064 0.020
6 2 31 118.377 118.377 15.485 15.485 -0.048
6 2 32 294.308 294.308 57.936 57.936 -0.009
6 2 33 201.785 201.785 32.083 32.083 0.089
6 2 34 266.282 266.282 47.716 47.716 0.016
6 2 35 230.867 230.867 37.198 37.198 -0.018
6 2 36 248.261 248.261 40.560 40.560 -0.055
6 2 37 222.837 222.837 33.873 33.873 0.004
6 2 38 286.414 286.414 47.247 47.247 0.096
6 2 39 312.617 312.617 53.098 53.098 0.032
6 2 40 264.882 264.882 40.648 40.648 -0.006
6 2 41 205.630 205.630 26.803 26.803 -0.168
6 2 42 216.845 216.845 28.643 28.643 -0.085
6 2 43 194.555 194.555 23.562 23.562 0.020
6 2 44 212.635 212.635 26.418 26.418 0.100
6 2 45 179.967 179.967 20.265 20.265 -0.016
6 2 46 206.127 206.127 24.058 24.058 0.008
6 2 47 326.595 326.595 1386.928 1386.928 0.000
6 2 48 319.192 319.192 45.238 45.238 0.038
6 2 49 259.217 259.217 32.048 32.048 0.014
6 2 50 262.136 262.136 32.029 32.029 -0.082
6 2 51 300.933 300.933 38.951 38.951 -0.011
6 2 52 292.601 292.601 36.155 36.155 0.079
6 2 53 309.125 309.125 38.818 38.818 -0.012
6 2 54 229.976 229.976 24.504 24.504 0.032
6 2 55 257.804 257.804 28.682 28.682 -0.013
6 2 56 224.936 224.936 23.222 23.222 0.034
6 2 57 196.858 196.858 18.849 18.849 0.094
6 2 58 224.604 224.604 22.187 22.187 0.140
6 2 59 236.914 236.914 24.238 24.238 0.055
6 2 60 255.809 255.809 26.042 26.042 0.150
6 2 61 252.318 252.318 25.258 25.258 0.081
6 2 62 300.757 300.757 32.435 32.435 0.119
6 3 1 186.582 186.582 17.045 17.045 0.327
6 3 2 217.256 217.256 20.734 20.734 0.140
6 3 3 500.000 500.000 56.502 56.502 -0.191
6 3 4 218.110 218.110 25.441 25.441 0.850
6 3 5 259.058 259.058 30.778 30.778 -0.054
