1 1 1 13.216 13.216 2.129 2.129 
1 1 2 12.843 12.843 1.706 1.706 
1 1 3 13.742 13.742 1.730 1.730 
1 1 4 13.660 13.660 1.672 1.672 
1 1 5 13.384 13.384 1.111 1.111 
1 1 6 13.387 13.387 1.135 1.135 
1 1 7 14.053 14.053 0.371 0.371 
1 1 8 13.879 13.879 0.390 0.390 
1 1 9 13.865 13.865 0.285 0.285 
1 1 10 14.004 14.004 0.302 0.302 
1 1 11 14.209 14.209 0.235 0.235 
1 1 12 14.166 14.166 0.293 0.293 
1 1 13 14.454 14.454 0.251 0.251 
1 1 14 14.566 14.566 0.401 0.401 
1 1 15 14.564 14.564 1.081 1.081 
1 1 16 13.714 13.714 0.461 0.461 
1 1 17 14.579 14.579 1.531 1.531 
1 1 18 16.000 16.000 362.039 362.039 
1 1 19 -34182919372831.090 -34182919372831.090 64887834167190720000000000.000 64887834167190720000000000.000 
1 1 20 15.469 15.469 11.409 11.409 
1 1 21 16.000 16.000 362.039 362.039 
1 1 22 16.000 16.000 362.039 362.039 
1 1 23 16.000 16.000 362.039 362.039 
1 2 1 16.000 16.000 362.039 362.039 
1 2 2 13.188 13.188 3.554 3.554 
1 2 3 14.035 14.035 1.870 1.870 
1 2 4 12.637 12.637 0.763 0.763 
1 2 5 12.532 12.532 0.959 0.959 
1 2 6 12.190 12.190 0.652 0.652 
1 2 7 13.314 13.314 1.056 1.056 
1 2 8 14.179 14.179 1.206 1.206 
1 2 9 13.520 13.520 0.777 0.777 
1 2 10 13.792 13.792 0.809 0.809 
1 2 11 13.904 13.904 0.545 0.545 
1 2 12 14.344 14.344 0.538 0.538 
1 2 13 13.776 13.776 0.296 0.296 
1 2 14 14.518 14.518 0.429 0.429 
1 2 15 14.381 14.381 0.368 0.368 
1 2 16 14.655 14.655 0.342 0.342 
1 2 17 14.891 14.891 0.314 0.314 
1 2 18 14.760 14.760 0.329 0.329 
1 2 19 14.926 14.926 0.206 0.206 
1 2 20 14.822 14.822 0.405 0.405 
1 2 21 14.520 14.520 0.247 0.247 
1 2 22 14.824 14.824 0.275 0.275 
1 2 23 15.076 15.076 0.383 0.383 
1 2 24 15.283 15.283 0.211 0.211 
1 2 25 15.293 15.293 0.532 0.532 
1 2 26 15.215 15.215 0.286 0.286 
1 2 27 15.609 15.609 0.548 0.548 
1 2 28 15.741 15.741 1.327 1.327 
1 2 29 15.395 15.395 0.913 0.913 
1 2 30 14.767 14.767 1.273 1.273 
1 2 31 14.605 14.605 2.695 2.695 
1 2 32 14.778 14.778 0.836 0.836 
1 2 33 15.260 15.260 1.477 1.477 
1 2 34 17.786 17.786 13.727 13.727 
1 2 35 17.831 17.831 158.638 158.638 
1 2 36 19.380 19.380 75.994 75.994 
1 2 37 16.000 16.000 362.039 362.039 
1 2 38 16.000 16.000 362.039 362.039 
1 2 39 16.000 16.000 362.039 362.039 
1 2 40 16.000 16.000 362.039 362.039 
1 2 41 16.000 16.000 362.039 362.039 
1 2 42 12.836 12.836 767.780 767.780 
1 2 43 16.000 16.000 362.039 362.039 
1 2 44 14.566 14.566 479.811 479.811 
1 2 45 16.000 16.000 362.039 362.039 
1 2 46 16.000 16.000 362.039 362.039 
1 2 47 16.000 16.000 362.039 362.039 
1 2 48 16.000 16.000 362.039 362.039 
1 2 49 16.000 16.000 362.039 362.039 
1 2 50 16.000 16.000 362.039 362.039 
1 2 51 16.000 16.000 362.039 362.039 
1 2 52 16.000 16.000 362.039 362.039 
1 2 53 16.000 16.000 362.039 362.039 
1 2 54 16.000 16.000 362.039 362.039 
1 2 55 16.000 16.000 362.039 362.039 
1 2 56 16.000 16.000 362.039 362.039 
1 2 57 16.000 16.000 362.039 362.039 
1 2 58 16.000 16.000 362.039 362.039 
1 2 59 16.000 16.000 362.039 362.039 
1 2 60 16.000 16.000 362.039 362.039 
1 2 61 16.000 16.000 362.039 362.039 
1 2 62 16.000 16.000 362.039 362.039 
1 3 1 16.000 16.000 362.039 362.039 
1 3 2 16.000 16.000 362.039 362.039 
1 3 3 16.000 16.000 362.039 362.039 
1 3 4 16.000 16.000 362.039 362.039 
1 3 5 16.000 16.000 362.039 362.039 
2 1 1 12.228 12.228 1.950 1.950 
2 1 2 13.259 13.259 1.812 1.812 
2 1 3 13.056 13.056 1.604 1.604 
2 1 4 13.595 13.595 1.195 1.195 
2 1 5 13.831 13.831 1.439 1.439 
2 1 6 16.000 16.000 362.039 362.039 
2 1 7 13.952 13.952 0.526 0.526 
2 1 8 13.866 13.866 0.321 0.321 
2 1 9 14.528 14.528 0.337 0.337 
2 1 10 16.000 16.000 362.039 362.039 
2 1 11 14.189 14.189 0.221 0.221 
2 1 12 14.639 14.639 0.317 0.317 
2 1 13 14.554 14.554 0.296 0.296 
2 1 14 15.120 15.120 0.564 0.564 
2 1 15 14.031 14.031 0.520 0.520 
2 1 16 14.315 14.315 0.680 0.680 
2 1 17 15.785 15.785 6.442 6.442 
2 1 18 15.254 15.254 2.115 2.115 
2 1 19 16.000 16.000 362.039 362.039 
2 1 20 16.000 16.000 362.039 362.039 
2 1 21 16.000 16.000 362.039 362.039 
2 1 22 16.000 16.000 362.039 362.039 
2 1 23 16.000 16.000 362.039 362.039 
2 2 1 15.645 15.645 5.205 5.205 
2 2 2 13.029 13.029 3.998 3.998 
2 2 3 13.440 13.440 3.042 3.042 
2 2 4 12.944 12.944 1.581 1.581 
2 2 5 14.603 14.603 2.401 2.401 
2 2 6 13.124 13.124 2.175 2.175 
2 2 7 13.150 13.150 1.388 1.388 
2 2 8 14.119 14.119 1.489 1.489 
2 2 9 14.317 14.317 1.156 1.156 
2 2 10 14.311 14.311 1.053 1.053 
2 2 11 14.739 14.739 1.067 1.067 
2 2 12 15.032 15.032 0.747 0.747 
2 2 13 13.811 13.811 0.633 0.633 
2 2 14 14.132 14.132 0.450 0.450 
2 2 15 14.166 14.166 0.338 0.338 
2 2 16 14.377 14.377 0.434 0.434 
2 2 17 14.982 14.982 0.325 0.325 
2 2 18 14.448 14.448 0.350 0.350 
2 2 19 14.673 14.673 0.271 0.271 
2 2 20 14.451 14.451 0.399 0.399 
2 2 21 14.742 14.742 0.303 0.303 
2 2 22 14.844 14.844 0.359 0.359 
2 2 23 14.479 14.479 0.335 0.335 
2 2 24 15.061 15.061 0.313 0.313 
2 2 25 14.917 14.917 0.264 0.264 
2 2 26 15.094 15.094 0.818 0.818 
2 2 27 15.058 15.058 0.437 0.437 
2 2 28 15.791 15.791 1.483 1.483 
2 2 29 15.286 15.286 0.358 0.358 
2 2 30 15.080 15.080 0.253 0.253 
2 2 31 14.513 14.513 0.986 0.986 
2 2 32 15.634 15.634 9.831 9.831 
2 2 33 14.909 14.909 2.874 2.874 
2 2 34 15.674 15.674 12.578 12.578 
2 2 35 14.701 14.701 0.844 0.844 
2 2 36 14.265 14.265 0.595 0.595 
2 2 37 11.161 11.161 64.334 64.334 
2 2 38 14.803 14.803 13.090 13.090 
2 2 39 16.654 16.654 37.668 37.668 
2 2 40 16.000 16.000 362.039 362.039 
2 2 41 11.471 11.471 15.522 15.522 
2 2 42 15.247 15.247 10.352 10.352 
2 2 43 16.000 16.000 362.039 362.039 
2 2 44 20.020 20.020 44.714 44.714 
2 2 45 16.000 16.000 362.039 362.039 
2 2 46 16.000 16.000 362.039 362.039 
2 2 47 16.000 16.000 362.039 362.039 
2 2 48 16.000 16.000 362.039 362.039 
2 2 49 16.000 16.000 362.039 362.039 
2 2 50 16.000 16.000 362.039 362.039 
2 2 51 16.000 16.000 362.039 362.039 
2 2 52 16.000 16.000 362.039 362.039 
2 2 53 16.000 16.000 362.039 362.039 
2 2 54 16.000 16.000 362.039 362.039 
2 2 55 16.000 16.000 362.039 362.039 
2 2 56 16.000 16.000 362.039 362.039 
2 2 57 16.000 16.000 362.039 362.039 
2 2 58 16.000 16.000 362.039 362.039 
2 2 59 16.000 16.000 362.039 362.039 
2 2 60 16.000 16.000 362.039 362.039 
2 2 61 16.000 16.000 362.039 362.039 
2 2 62 16.000 16.000 362.039 362.039 
2 3 1 16.000 16.000 362.039 362.039 
2 3 2 16.000 16.000 362.039 362.039 
2 3 3 16.000 16.000 362.039 362.039 
2 3 4 16.000 16.000 362.039 362.039 
2 3 5 16.000 16.000 362.039 362.039 
3 1 1 13.236 13.236 2.401 2.401 
3 1 2 12.233 12.233 1.497 1.497 
3 1 3 13.663 13.663 1.476 1.476 
3 1 4 14.028 14.028 1.268 1.268 
3 1 5 13.739 13.739 0.879 0.879 
3 1 6 13.874 13.874 0.961 0.961 
3 1 7 14.074 14.074 0.545 0.545 
3 1 8 14.507 14.507 0.252 0.252 
3 1 9 13.870 13.870 0.228 0.228 
3 1 10 14.433 14.433 0.270 0.270 
3 1 11 14.118 14.118 0.337 0.337 
3 1 12 14.620 14.620 0.367 0.367 
3 1 13 14.520 14.520 0.391 0.391 
3 1 14 13.926 13.926 0.292 0.292 
3 1 15 14.326 14.326 0.337 0.337 
3 1 16 14.800 14.800 1.149 1.149 
3 1 17 15.830 15.830 0.785 0.785 
3 1 18 14.447 14.447 49.278 49.278 
3 1 19 16.000 16.000 362.039 362.039 
3 1 20 24.617 24.617 59.896 59.896 
3 1 21 16.000 16.000 362.039 362.039 
3 1 22 16.000 16.000 362.039 362.039 
3 1 23 16.000 16.000 362.039 362.039 
3 2 1 15.685 15.685 5.829 5.829 
3 2 2 13.309 13.309 3.055 3.055 
3 2 3 14.505 14.505 2.986 2.986 
3 2 4 14.665 14.665 2.970 2.970 
3 2 5 14.207 14.207 2.201 2.201 
3 2 6 12.332 12.332 1.583 1.583 
3 2 7 13.702 13.702 1.700 1.700 
3 2 8 14.025 14.025 1.327 1.327 
3 2 9 13.569 13.569 1.112 1.112 
3 2 10 14.755 14.755 1.077 1.077 
3 2 11 14.416 14.416 0.763 0.763 
3 2 12 14.208 14.208 1.152 1.152 
3 2 13 14.194 14.194 0.620 0.620 
3 2 14 14.716 14.716 0.493 0.493 
3 2 15 14.274 14.274 0.696 0.696 
3 2 16 14.301 14.301 0.333 0.333 
3 2 17 14.437 14.437 0.459 0.459 
3 2 18 14.662 14.662 0.371 0.371 
3 2 19 14.834 14.834 0.330 0.330 
3 2 20 15.022 15.022 0.271 0.271 
3 2 21 14.568 14.568 0.218 0.218 
3 2 22 14.817 14.817 0.331 0.331 
3 2 23 14.719 14.719 0.321 0.321 
3 2 24 14.276 14.276 0.443 0.443 
3 2 25 14.630 14.630 0.511 0.511 
3 2 26 14.659 14.659 0.567 0.567 
3 2 27 14.689 14.689 0.424 0.424 
3 2 28 14.481 14.481 0.401 0.401 
3 2 29 15.404 15.404 0.552 0.552 
3 2 30 15.332 15.332 2.049 2.049 
3 2 31 15.060 15.060 1.435 1.435 
3 2 32 18.358 18.358 34.861 34.861 
3 2 33 16.695 16.695 11.441 11.441 
3 2 34 16.000 16.000 362.039 362.039 
3 2 35 16.000 16.000 362.039 362.039 
3 2 36 16.000 16.000 362.039 362.039 
3 2 37 43.574 43.574 498.634 498.634 
3 2 38 15.149 15.149 5.353 5.353 
3 2 39 16.000 16.000 362.039 362.039 
3 2 40 14.050 14.050 12.020 12.020 
3 2 41 26.692 26.692 679.840 679.840 
3 2 42 16.000 16.000 362.039 362.039 
3 2 43 16.000 16.000 362.039 362.039 
3 2 44 16.000 16.000 362.039 362.039 
3 2 45 16.000 16.000 362.039 362.039 
3 2 46 16.000 16.000 362.039 362.039 
3 2 47 16.000 16.000 362.039 362.039 
3 2 48 16.000 16.000 362.039 362.039 
3 2 49 16.000 16.000 362.039 362.039 
3 2 50 16.000 16.000 362.039 362.039 
3 2 51 16.000 16.000 362.039 362.039 
3 2 52 16.000 16.000 362.039 362.039 
3 2 53 16.000 16.000 362.039 362.039 
3 2 54 16.000 16.000 362.039 362.039 
3 2 55 16.000 16.000 362.039 362.039 
3 2 56 16.000 16.000 362.039 362.039 
3 2 57 16.000 16.000 362.039 362.039 
3 2 58 16.000 16.000 362.039 362.039 
3 2 59 16.000 16.000 362.039 362.039 
3 2 60 16.000 16.000 362.039 362.039 
3 2 61 16.000 16.000 362.039 362.039 
3 2 62 16.000 16.000 362.039 362.039 
3 3 1 16.000 16.000 362.039 362.039 
3 3 2 16.000 16.000 362.039 362.039 
3 3 3 16.000 16.000 362.039 362.039 
3 3 4 16.000 16.000 362.039 362.039 
3 3 5 16.000 16.000 362.039 362.039 
4 1 1 13.523 13.523 2.701 2.701 
4 1 2 12.819 12.819 2.121 2.121 
4 1 3 13.684 13.684 2.017 2.017 
4 1 4 13.605 13.605 1.331 1.331 
4 1 5 13.285 13.285 1.010 1.010 
4 1 6 13.033 13.033 1.205 1.205 
4 1 7 14.427 14.427 0.903 0.903 
4 1 8 14.232 14.232 0.697 0.697 
4 1 9 14.287 14.287 0.345 0.345 
4 1 10 14.405 14.405 0.196 0.196 
4 1 11 14.217 14.217 0.274 0.274 
4 1 12 14.973 14.973 0.547 0.547 
4 1 13 14.784 14.784 0.301 0.301 
4 1 14 14.800 14.800 0.280 0.280 
4 1 15 14.419 14.419 0.361 0.361 
4 1 16 14.869 14.869 0.475 0.475 
4 1 17 14.743 14.743 0.466 0.466 
4 1 18 15.840 15.840 3.566 3.566 
4 1 19 14.973 14.973 243.746 243.746 
4 1 20 14.608 14.608 9.362 9.362 
4 1 21 16.000 16.000 362.039 362.039 
4 1 22 16.000 16.000 362.039 362.039 
4 1 23 16.000 16.000 362.039 362.039 
4 2 1 16.209 16.209 6.146 6.146 
4 2 2 13.155 13.155 1.965 1.965 
4 2 3 13.285 13.285 1.902 1.902 
4 2 4 12.672 12.672 1.204 1.204 
4 2 5 14.047 14.047 1.527 1.527 
4 2 6 13.181 13.181 1.533 1.533 
4 2 7 13.467 13.467 0.814 0.814 
4 2 8 13.542 13.542 0.816 0.816 
4 2 9 14.702 14.702 1.356 1.356 
4 2 10 14.443 14.443 0.980 0.980 
4 2 11 13.516 13.516 0.880 0.880 
4 2 12 14.933 14.933 1.044 1.044 
4 2 13 14.495 14.495 0.783 0.783 
4 2 14 14.105 14.105 0.806 0.806 
4 2 15 14.477 14.477 0.420 0.420 
4 2 16 14.361 14.361 0.444 0.444 
4 2 17 14.657 14.657 0.561 0.561 
4 2 18 14.991 14.991 0.574 0.574 
4 2 19 14.909 14.909 0.430 0.430 
4 2 20 14.464 14.464 0.232 0.232 
4 2 21 14.555 14.555 0.222 0.222 
4 2 22 15.134 15.134 0.257 0.257 
4 2 23 14.617 14.617 0.338 0.338 
4 2 24 14.888 14.888 0.196 0.196 
4 2 25 14.861 14.861 0.295 0.295 
4 2 26 15.071 15.071 0.442 0.442 
4 2 27 15.311 15.311 0.371 0.371 
4 2 28 15.090 15.090 0.218 0.218 
4 2 29 14.879 14.879 0.419 0.419 
4 2 30 14.636 14.636 0.843 0.843 
4 2 31 15.065 15.065 18.370 18.370 
4 2 32 15.045 15.045 7.144 7.144 
4 2 33 15.022 15.022 1.685 1.685 
4 2 34 16.243 16.243 1.439 1.439 
4 2 35 15.661 15.661 1.291 1.291 
4 2 36 16.145 16.145 2.863 2.863 
4 2 37 16.000 16.000 362.039 362.039 
4 2 38 16.000 16.000 362.039 362.039 
4 2 39 16.000 16.000 362.039 362.039 
4 2 40 13.886 13.886 11.959 11.959 
4 2 41 16.000 16.000 362.039 362.039 
4 2 42 16.000 16.000 362.039 362.039 
4 2 43 16.000 16.000 362.039 362.039 
4 2 44 24.630 24.630 169.202 169.202 
4 2 45 17.405 17.405 26.743 26.743 
4 2 46 16.000 16.000 362.039 362.039 
4 2 47 15.632 15.632 19.081 19.081 
4 2 48 16.000 16.000 362.039 362.039 
4 2 49 16.000 16.000 362.039 362.039 
4 2 50 16.000 16.000 362.039 362.039 
4 2 51 16.000 16.000 362.039 362.039 
4 2 52 16.000 16.000 362.039 362.039 
4 2 53 16.000 16.000 362.039 362.039 
4 2 54 16.000 16.000 362.039 362.039 
4 2 55 16.000 16.000 362.039 362.039 
4 2 56 16.000 16.000 362.039 362.039 
4 2 57 16.000 16.000 362.039 362.039 
4 2 58 16.000 16.000 362.039 362.039 
4 2 59 16.000 16.000 362.039 362.039 
4 2 60 16.000 16.000 362.039 362.039 
4 2 61 16.000 16.000 362.039 362.039 
4 2 62 16.000 16.000 362.039 362.039 
4 3 1 16.000 16.000 362.039 362.039 
4 3 2 16.000 16.000 362.039 362.039 
4 3 3 16.000 16.000 362.039 362.039 
4 3 4 16.000 16.000 362.039 362.039 
4 3 5 16.000 16.000 362.039 362.039 
5 1 1 13.857 13.857 2.015 2.015 
5 1 2 12.782 12.782 1.574 1.574 
5 1 3 13.248 13.248 1.328 1.328 
5 1 4 13.565 13.565 1.274 1.274 
5 1 5 13.921 13.921 1.036 1.036 
5 1 6 13.517 13.517 0.932 0.932 
5 1 7 13.651 13.651 0.439 0.439 
5 1 8 14.470 14.470 0.439 0.439 
5 1 9 14.176 14.176 0.322 0.322 
5 1 10 14.301 14.301 0.221 0.221 
5 1 11 14.014 14.014 0.231 0.231 
5 1 12 14.463 14.463 0.210 0.210 
5 1 13 14.702 14.702 0.412 0.412 
5 1 14 14.930 14.930 0.425 0.425 
5 1 15 14.486 14.486 0.311 0.311 
5 1 16 15.760 15.760 1.453 1.453 
5 1 17 14.475 14.475 2.052 2.052 
5 1 18 14.884 14.884 0.961 0.961 
5 1 19 11.002 11.002 5.333 5.333 
5 1 20 13.338 13.338 6.196 6.196 
5 1 21 16.000 16.000 362.039 362.039 
5 1 22 16.000 16.000 362.039 362.039 
5 1 23 16.000 16.000 362.039 362.039 
5 2 1 14.187 14.187 4.695 4.695 
5 2 2 13.206 13.206 3.679 3.679 
5 2 3 11.411 11.411 2.263 2.263 
5 2 4 12.708 12.708 2.010 2.010 
5 2 5 12.720 12.720 2.171 2.171 
5 2 6 13.785 13.785 1.747 1.747 
5 2 7 13.546 13.546 1.340 1.340 
5 2 8 13.865 13.865 1.531 1.531 
5 2 9 13.074 13.074 1.385 1.385 
5 2 10 14.839 14.839 1.268 1.268 
5 2 11 13.775 13.775 0.885 0.885 
5 2 12 14.479 14.479 0.934 0.934 
5 2 13 14.693 14.693 0.804 0.804 
5 2 14 14.407 14.407 0.567 0.567 
5 2 15 14.599 14.599 0.559 0.559 
5 2 16 14.439 14.439 0.542 0.542 
5 2 17 14.254 14.254 0.487 0.487 
5 2 18 14.140 14.140 0.366 0.366 
5 2 19 14.757 14.757 0.286 0.286 
5 2 20 14.765 14.765 0.338 0.338 
5 2 21 14.514 14.514 0.207 0.207 
5 2 22 14.965 14.965 0.391 0.391 
5 2 23 14.778 14.778 0.349 0.349 
5 2 24 14.853 14.853 0.266 0.266 
5 2 25 14.852 14.852 0.258 0.258 
5 2 26 15.140 15.140 0.319 0.319 
5 2 27 15.737 15.737 0.404 0.404 
5 2 28 14.485 14.485 0.316 0.316 
5 2 29 15.938 15.938 0.822 0.822 
5 2 30 15.132 15.132 0.509 0.509 
5 2 31 15.295 15.295 0.329 0.329 
5 2 32 15.567 15.567 23.174 23.174 
5 2 33 14.766 14.766 0.660 0.660 
5 2 34 15.388 15.388 20.931 20.931 
5 2 35 15.494 15.494 0.927 0.927 
5 2 36 15.468 15.468 0.743 0.743 
5 2 37 15.562 15.562 225.327 225.327 
5 2 38 18.566 18.566 226.219 226.219 
5 2 39 17.296 17.296 538.967 538.967 
5 2 40 14.981 14.981 88.391 88.391 
5 2 41 15.646 15.646 9.174 9.174 
5 2 42 4.590 4.590 22.477 22.477 
5 2 43 16.000 16.000 362.039 362.039 
5 2 44 16.000 16.000 362.039 362.039 
5 2 45 16.000 16.000 362.039 362.039 
5 2 46 16.000 16.000 362.039 362.039 
5 2 47 16.000 16.000 362.039 362.039 
5 2 48 16.000 16.000 362.039 362.039 
5 2 49 16.000 16.000 362.039 362.039 
5 2 50 16.000 16.000 362.039 362.039 
5 2 51 16.000 16.000 362.039 362.039 
5 2 52 16.000 16.000 362.039 362.039 
5 2 53 16.000 16.000 362.039 362.039 
5 2 54 16.000 16.000 362.039 362.039 
5 2 55 16.000 16.000 362.039 362.039 
5 2 56 16.000 16.000 362.039 362.039 
5 2 57 16.000 16.000 362.039 362.039 
5 2 58 16.000 16.000 362.039 362.039 
5 2 59 16.000 16.000 362.039 362.039 
5 2 60 16.000 16.000 362.039 362.039 
5 2 61 16.000 16.000 362.039 362.039 
5 2 62 16.000 16.000 362.039 362.039 
5 3 1 16.000 16.000 362.039 362.039 
5 3 2 16.000 16.000 362.039 362.039 
5 3 3 16.000 16.000 362.039 362.039 
5 3 4 16.000 16.000 362.039 362.039 
5 3 5 16.000 16.000 362.039 362.039 
6 1 1 13.707 13.707 2.109 2.109 
6 1 2 12.566 12.566 1.706 1.706 
6 1 3 13.286 13.286 1.528 1.528 
6 1 4 14.001 14.001 1.363 1.363 
6 1 5 13.072 13.072 0.914 0.914 
6 1 6 13.350 13.350 0.933 0.933 
6 1 7 13.876 13.876 0.414 0.414 
6 1 8 14.443 14.443 0.577 0.577 
6 1 9 14.172 14.172 0.299 0.299 
6 1 10 14.152 14.152 0.257 0.257 
6 1 11 14.032 14.032 0.263 0.263 
6 1 12 14.396 14.396 0.247 0.247 
6 1 13 14.439 14.439 0.362 0.362 
6 1 14 14.622 14.622 0.326 0.326 
6 1 15 15.204 15.204 0.399 0.399 
6 1 16 13.690 13.690 0.400 0.400 
6 1 17 16.051 16.051 1.535 1.535 
6 1 18 16.000 16.000 362.039 362.039 
6 1 19 16.000 16.000 362.039 362.039 
6 1 20 16.000 16.000 362.039 362.039 
6 1 21 16.000 16.000 362.039 362.039 
6 1 22 16.000 16.000 362.039 362.039 
6 1 23 16.000 16.000 362.039 362.039 
6 2 1 15.067 15.067 4.918 4.918 
6 2 2 10.857 10.857 2.364 2.364 
6 2 3 11.460 11.460 2.484 2.484 
6 2 4 14.061 14.061 2.386 2.386 
6 2 5 13.700 13.700 2.421 2.421 
6 2 6 13.085 13.085 1.680 1.680 
6 2 7 13.971 13.971 1.638 1.638 
6 2 8 14.195 14.195 1.445 1.445 
6 2 9 13.378 13.378 1.226 1.226 
6 2 10 13.944 13.944 0.960 0.960 
6 2 11 14.071 14.071 0.885 0.885 
6 2 12 14.392 14.392 0.900 0.900 
6 2 13 14.578 14.578 0.737 0.737 
6 2 14 14.461 14.461 0.637 0.637 
6 2 15 14.589 14.589 0.544 0.544 
6 2 16 14.182 14.182 0.525 0.525 
6 2 17 14.767 14.767 0.571 0.571 
6 2 18 14.591 14.591 0.443 0.443 
6 2 19 14.746 14.746 0.255 0.255 
6 2 20 14.874 14.874 0.205 0.205 
6 2 21 14.887 14.887 0.410 0.410 
6 2 22 14.968 14.968 0.287 0.287 
6 2 23 14.739 14.739 0.246 0.246 
6 2 24 15.283 15.283 0.476 0.476 
6 2 25 14.938 14.938 0.335 0.335 
6 2 26 15.118 15.118 0.750 0.750 
6 2 27 15.395 15.395 0.558 0.558 
6 2 28 14.702 14.702 0.396 0.396 
6 2 29 14.786 14.786 0.309 0.309 
6 2 30 15.588 15.588 5.326 5.326 
6 2 31 15.153 15.153 4.717 4.717 
6 2 32 16.298 16.298 11.878 11.878 
6 2 33 15.094 15.094 1.807 1.807 
6 2 34 14.968 14.968 0.908 0.908 
6 2 35 13.165 13.165 2891.034 2891.034 
6 2 36 16.000 16.000 362.039 362.039 
6 2 37 14.501 14.501 2.605 2.605 
6 2 38 16.000 16.000 362.039 362.039 
6 2 39 16.000 16.000 362.039 362.039 
6 2 40 16.000 16.000 362.039 362.039 
6 2 41 -16.139 -16.139 327.910 327.910 
6 2 42 16.000 16.000 362.039 362.039 
6 2 43 16.000 16.000 362.039 362.039 
6 2 44 16.000 16.000 362.039 362.039 
6 2 45 16.000 16.000 362.039 362.039 
6 2 46 16.000 16.000 362.039 362.039 
6 2 47 16.000 16.000 362.039 362.039 
6 2 48 16.000 16.000 362.039 362.039 
6 2 49 16.000 16.000 362.039 362.039 
6 2 50 16.000 16.000 362.039 362.039 
6 2 51 16.000 16.000 362.039 362.039 
6 2 52 16.000 16.000 362.039 362.039 
6 2 53 16.000 16.000 362.039 362.039 
6 2 54 16.000 16.000 362.039 362.039 
6 2 55 16.000 16.000 362.039 362.039 
6 2 56 16.000 16.000 362.039 362.039 
6 2 57 16.000 16.000 362.039 362.039 
6 2 58 16.000 16.000 362.039 362.039 
6 2 59 16.000 16.000 362.039 362.039 
6 2 60 16.000 16.000 362.039 362.039 
6 2 61 16.000 16.000 362.039 362.039 
6 2 62 16.000 16.000 362.039 362.039 
6 3 1 16.000 16.000 362.039 362.039 
6 3 2 16.000 16.000 362.039 362.039 
6 3 3 16.000 16.000 362.039 362.039 
6 3 4 16.000 16.000 362.039 362.039 
6 3 5 16.000 16.000 362.039 362.039 
