1 1 1 0.120
1 1 2 0.142
1 1 3 0.125
1 1 4 0.141
1 1 5 0.139
1 1 6 0.199
1 1 7 0.169
1 1 8 0.152
1 1 9 0.219
1 1 10 0.152
1 1 11 0.160
1 1 12 0.140
1 1 13 0.171
1 1 14 0.177
1 1 15 0.212
1 1 16 0.276
1 1 17 0.265
1 1 18 0.221
1 1 19 0.286
1 1 20 0.258
1 1 21 0.265
1 1 22 0.327
1 1 23 0.398
1 2 1 0.070
1 2 2 0.167
1 2 3 0.111
1 2 4 0.110
1 2 5 0.110
1 2 6 0.099
1 2 7 0.092
1 2 8 0.082
1 2 9 0.118
1 2 10 0.081
1 2 11 0.083
1 2 12 0.081
1 2 13 0.102
1 2 14 0.083
1 2 15 0.083
1 2 16 0.104
1 2 17 0.080
1 2 18 0.107
1 2 19 0.095
1 2 20 0.106
1 2 21 0.107
1 2 22 0.092
1 2 23 0.105
1 2 24 0.091
1 2 25 0.088
1 2 26 0.090
1 2 27 0.088
1 2 28 0.100
1 2 29 0.103
1 2 30 0.098
1 2 31 0.105
1 2 32 0.099
1 2 33 0.107
1 2 34 0.105
1 2 35 0.111
1 2 36 0.114
1 2 37 0.119
1 2 38 0.113
1 2 39 0.133
1 2 40 0.132
1 2 41 0.127
1 2 42 0.147
1 2 43 0.148
1 2 44 0.167
1 2 45 0.153
1 2 46 0.164
1 2 47 0.163
1 2 48 0.160
1 2 49 0.184
1 2 50 0.174
1 2 51 0.186
1 2 52 0.190
1 2 53 0.212
1 2 54 0.217
1 2 55 0.299
1 2 56 0.244
1 2 57 0.218
1 2 58 0.264
1 2 59 0.188
1 2 60 0.258
1 2 61 0.314
1 2 62 0.244
1 3 1 0.257
1 3 2 0.391
1 3 3 0.648
1 3 4 0.405
1 3 5 0.170
2 1 1 0.104
2 1 2 0.139
2 1 3 0.136
2 1 4 0.144
2 1 5 0.169
2 1 6 0.100
2 1 7 0.132
2 1 8 0.166
2 1 9 0.171
2 1 10 0.100
2 1 11 0.137
2 1 12 0.246
2 1 13 0.178
2 1 14 0.187
2 1 15 0.232
2 1 16 0.223
2 1 17 0.213
2 1 18 0.240
2 1 19 0.604
2 1 20 0.221
2 1 21 0.312
2 1 22 0.316
2 1 23 0.539
2 2 1 0.064
2 2 2 0.288
2 2 3 0.100
2 2 4 0.111
2 2 5 0.113
2 2 6 0.110
2 2 7 0.092
2 2 8 0.100
2 2 9 0.085
2 2 10 0.088
2 2 11 0.087
2 2 12 0.081
2 2 13 0.093
2 2 14 0.092
2 2 15 0.091
2 2 16 0.082
2 2 17 0.080
2 2 18 0.095
2 2 19 0.095
2 2 20 0.080
2 2 21 0.094
2 2 22 0.084
2 2 23 0.102
2 2 24 0.100
2 2 25 0.098
2 2 26 0.085
2 2 27 0.096
2 2 28 0.093
2 2 29 0.100
2 2 30 0.098
2 2 31 0.115
2 2 32 0.105
2 2 33 0.116
2 2 34 0.104
2 2 35 0.109
2 2 36 0.117
2 2 37 0.124
2 2 38 0.112
2 2 39 0.128
2 2 40 0.130
2 2 41 0.124
2 2 42 0.142
2 2 43 0.139
2 2 44 0.133
2 2 45 0.144
2 2 46 0.144
2 2 47 0.168
2 2 48 0.162
2 2 49 0.149
2 2 50 0.167
2 2 51 0.159
2 2 52 0.174
2 2 53 0.161
2 2 54 0.168
2 2 55 0.217
2 2 56 0.174
2 2 57 0.122
2 2 58 0.267
2 2 59 0.246
2 2 60 0.292
2 2 61 0.301
2 2 62 0.291
2 3 1 0.504
2 3 2 0.155
2 3 3 0.742
2 3 4 0.337
2 3 5 0.630
3 1 1 0.114
3 1 2 0.124
3 1 3 0.136
3 1 4 0.131
3 1 5 0.153
3 1 6 0.153
3 1 7 0.131
3 1 8 0.193
3 1 9 0.159
3 1 10 0.166
3 1 11 0.328
3 1 12 0.172
3 1 13 0.171
3 1 14 0.199
3 1 15 0.266
3 1 16 0.240
3 1 17 0.260
3 1 18 0.218
3 1 19 0.280
3 1 20 0.281
3 1 21 0.287
3 1 22 0.289
3 1 23 0.398
3 2 1 0.365
3 2 2 0.295
3 2 3 0.159
3 2 4 0.130
3 2 5 0.127
3 2 6 0.124
3 2 7 0.104
3 2 8 0.096
3 2 9 0.100
3 2 10 0.100
3 2 11 0.089
3 2 12 0.091
3 2 13 0.101
3 2 14 0.101
3 2 15 0.084
3 2 16 0.096
3 2 17 0.089
3 2 18 0.093
3 2 19 0.090
3 2 20 0.081
3 2 21 0.109
3 2 22 0.087
3 2 23 0.102
3 2 24 0.094
3 2 25 0.103
3 2 26 0.089
3 2 27 0.104
3 2 28 0.103
3 2 29 0.108
3 2 30 0.111
3 2 31 0.092
3 2 32 0.103
3 2 33 0.112
3 2 34 0.103
3 2 35 0.113
3 2 36 0.117
3 2 37 0.115
3 2 38 0.116
3 2 39 0.122
3 2 40 0.123
3 2 41 0.133
3 2 42 0.129
3 2 43 0.137
3 2 44 0.144
3 2 45 0.148
3 2 46 0.149
3 2 47 0.135
3 2 48 0.166
3 2 49 0.165
3 2 50 0.194
3 2 51 0.186
3 2 52 0.150
3 2 53 0.178
3 2 54 0.193
3 2 55 0.165
3 2 56 0.100
3 2 57 0.187
3 2 58 0.184
3 2 59 0.164
3 2 60 0.239
3 2 61 0.285
3 2 62 0.221
3 3 1 0.402
3 3 2 0.282
3 3 3 0.826
3 3 4 0.592
3 3 5 0.100
4 1 1 0.080
4 1 2 0.356
4 1 3 0.261
4 1 4 0.231
4 1 5 0.243
4 1 6 0.370
4 1 7 0.149
4 1 8 0.159
4 1 9 0.133
4 1 10 0.133
4 1 11 0.262
4 1 12 0.174
4 1 13 0.209
4 1 14 0.226
4 1 15 0.215
4 1 16 0.227
4 1 17 0.222
4 1 18 0.210
4 1 19 0.251
4 1 20 0.275
4 1 21 0.303
4 1 22 0.286
4 1 23 0.292
4 2 1 0.211
4 2 2 0.168
4 2 3 0.144
4 2 4 0.131
4 2 5 0.136
4 2 6 0.131
4 2 7 0.122
4 2 8 0.128
4 2 9 0.138
4 2 10 0.121
4 2 11 0.145
4 2 12 0.126
4 2 13 0.133
4 2 14 0.136
4 2 15 0.133
4 2 16 0.146
4 2 17 0.115
4 2 18 0.147
4 2 19 0.138
4 2 20 0.136
4 2 21 0.121
4 2 22 0.095
4 2 23 0.098
4 2 24 0.099
4 2 25 0.101
4 2 26 0.099
4 2 27 0.098
4 2 28 0.099
4 2 29 0.105
4 2 30 0.105
4 2 31 0.110
4 2 32 0.106
4 2 33 0.119
4 2 34 0.112
4 2 35 0.111
4 2 36 0.125
4 2 37 0.118
4 2 38 0.123
4 2 39 0.118
4 2 40 0.125
4 2 41 0.129
4 2 42 0.137
4 2 43 0.145
4 2 44 0.139
4 2 45 0.163
4 2 46 0.162
4 2 47 0.165
4 2 48 0.164
4 2 49 0.175
4 2 50 0.202
4 2 51 0.180
4 2 52 0.178
4 2 53 0.174
4 2 54 0.159
4 2 55 0.227
4 2 56 0.228
4 2 57 0.194
4 2 58 0.227
4 2 59 0.229
4 2 60 0.283
4 2 61 0.270
4 2 62 0.249
4 3 1 0.723
4 3 2 0.291
4 3 3 0.687
4 3 4 1.000
4 3 5 0.170
5 1 1 0.108
5 1 2 0.131
5 1 3 0.125
5 1 4 0.136
5 1 5 0.158
5 1 6 0.147
5 1 7 0.160
5 1 8 0.179
5 1 9 0.166
5 1 10 0.160
5 1 11 0.147
5 1 12 0.193
5 1 13 0.173
5 1 14 0.194
5 1 15 0.231
5 1 16 0.214
5 1 17 0.254
5 1 18 0.271
5 1 19 0.242
5 1 20 0.276
5 1 21 0.290
5 1 22 0.376
5 1 23 0.426
5 2 1 0.030
5 2 2 0.177
5 2 3 0.282
5 2 4 0.149
5 2 5 0.130
5 2 6 0.122
5 2 7 0.121
5 2 8 0.125
5 2 9 0.120
5 2 10 0.095
5 2 11 0.102
5 2 12 0.095
5 2 13 0.107
5 2 14 0.090
5 2 15 0.100
5 2 16 0.107
5 2 17 0.106
5 2 18 0.111
5 2 19 0.093
5 2 20 0.091
5 2 21 0.113
5 2 22 0.097
5 2 23 0.097
5 2 24 0.104
5 2 25 0.099
5 2 26 0.093
5 2 27 0.098
5 2 28 0.104
5 2 29 0.107
5 2 30 0.105
5 2 31 0.116
5 2 32 0.112
5 2 33 0.117
5 2 34 0.119
5 2 35 0.116
5 2 36 0.125
5 2 37 0.131
5 2 38 0.129
5 2 39 0.147
5 2 40 0.145
5 2 41 0.100
5 2 42 0.155
5 2 43 0.184
5 2 44 0.169
5 2 45 0.201
5 2 46 0.218
5 2 47 0.167
5 2 48 0.247
5 2 49 0.125
5 2 50 0.135
5 2 51 0.209
5 2 52 0.233
5 2 53 0.268
5 2 54 0.212
5 2 55 0.378
5 2 56 0.108
5 2 57 0.581
5 2 58 0.334
5 2 59 0.082
5 2 60 0.303
5 2 61 0.340
5 2 62 0.085
5 3 1 0.624
5 3 2 0.298
5 3 3 0.675
5 3 4 0.338
5 3 5 0.170
6 1 1 0.100
6 1 2 0.117
6 1 3 0.120
6 1 4 0.124
6 1 5 0.124
6 1 6 0.162
6 1 7 0.151
6 1 8 0.147
6 1 9 0.169
6 1 10 0.164
6 1 11 0.136
6 1 12 0.171
6 1 13 0.162
6 1 14 0.184
6 1 15 0.226
6 1 16 0.242
6 1 17 0.233
6 1 18 0.228
6 1 19 0.267
6 1 20 0.338
6 1 21 0.100
6 1 22 0.322
6 1 23 0.494
6 2 1 0.351
6 2 2 0.127
6 2 3 0.305
6 2 4 0.099
6 2 5 0.116
6 2 6 0.127
6 2 7 0.094
6 2 8 0.110
6 2 9 0.107
6 2 10 0.086
6 2 11 0.097
6 2 12 0.082
6 2 13 0.088
6 2 14 0.087
6 2 15 0.088
6 2 16 0.098
6 2 17 0.102
6 2 18 0.102
6 2 19 0.102
6 2 20 0.092
6 2 21 0.094
6 2 22 0.083
6 2 23 0.095
6 2 24 0.095
6 2 25 0.097
6 2 26 0.089
6 2 27 0.087
6 2 28 0.106
6 2 29 0.103
6 2 30 0.097
6 2 31 0.107
6 2 32 0.105
6 2 33 0.109
6 2 34 0.110
6 2 35 0.125
6 2 36 0.124
6 2 37 0.131
6 2 38 0.127
6 2 39 0.129
6 2 40 0.141
6 2 41 0.145
6 2 42 0.151
6 2 43 0.171
6 2 44 0.233
6 2 45 0.199
6 2 46 0.108
6 2 47 0.189
6 2 48 0.202
6 2 49 0.250
6 2 50 0.227
6 2 51 0.243
6 2 52 0.358
6 2 53 0.224
6 2 54 0.325
6 2 55 0.207
6 2 56 0.264
6 2 57 0.340
6 2 58 0.086
6 2 59 0.363
6 2 60 0.325
6 2 61 0.322
6 2 62 0.243
6 3 1 0.405
6 3 2 0.276
6 3 3 0.172
6 3 4 0.165
6 3 5 0.454
