1 1 1 99.172 99.172 74.151 74.151 0.022
1 1 2 111.281 111.281 63.390 63.390 0.047
1 1 3 94.227 94.227 31.662 31.662 -0.354
1 1 4 116.357 116.357 40.021 40.021 -0.008
1 1 5 127.696 127.696 36.744 36.744 0.049
1 1 6 88.650 88.650 17.087 17.087 -0.925
1 1 7 114.519 114.519 24.882 24.882 -0.074
1 1 8 117.360 117.360 23.404 23.404 0.041
1 1 9 134.319 134.319 24.663 24.663 0.224
1 1 10 119.901 119.901 19.383 19.383 -0.143
1 1 11 125.810 125.810 16.154 16.154 -0.978
1 1 12 130.723 130.723 18.305 18.305 -0.270
1 1 13 117.168 117.168 14.001 14.001 0.617
1 1 14 149.646 149.646 19.445 19.445 -0.080
1 1 15 158.511 158.511 19.983 19.983 -0.204
1 1 16 158.295 158.295 18.152 18.152 -0.403
1 1 17 145.827 145.827 15.544 15.544 0.291
1 1 18 173.231 173.231 19.157 19.157 -0.231
1 1 19 140.605 140.605 13.317 13.317 0.044
1 1 20 179.521 179.521 18.329 18.329 -0.104
1 1 21 187.735 187.735 18.606 18.606 -0.060
1 1 22 167.148 167.148 14.974 14.974 -0.128
1 1 23 167.478 167.478 14.336 14.336 -0.023
1 2 1 129.939 129.939 233.398 233.398 -0.058
1 2 2 111.231 111.231 106.900 106.900 -0.112
1 2 3 95.448 95.448 71.698 71.698 -0.193
1 2 4 119.416 119.416 82.650 82.650 -0.085
1 2 5 106.926 106.926 62.642 62.642 -0.075
1 2 6 125.415 125.415 69.721 69.721 0.144
1 2 7 166.694 166.694 89.345 89.345 0.128
1 2 8 147.596 147.596 69.736 69.736 0.114
1 2 9 156.509 156.509 69.869 69.869 0.124
1 2 10 136.179 136.179 51.776 51.776 -0.090
1 2 11 167.377 167.377 66.232 66.232 -0.092
1 2 12 192.812 192.812 75.460 75.460 -0.160
1 2 13 132.482 132.482 38.976 38.976 -0.180
1 2 14 149.366 149.366 45.394 45.394 0.037
1 2 15 160.084 160.084 47.799 47.799 -0.080
1 2 16 160.091 160.091 44.637 44.637 0.012
1 2 17 165.149 165.149 44.773 44.773 -0.044
1 2 18 123.979 123.979 26.634 26.634 -0.172
1 2 19 140.437 140.437 31.286 31.286 -0.006
1 2 20 144.672 144.672 31.560 31.560 -0.011
1 2 21 119.558 119.558 22.130 22.130 0.029
1 2 22 153.390 153.390 31.478 31.478 -0.012
1 2 23 138.723 138.723 25.884 25.884 0.198
1 2 24 159.024 159.024 30.188 30.188 -0.079
1 2 25 178.499 178.499 34.901 34.901 -0.055
1 2 26 166.610 166.610 30.591 30.591 -0.072
1 2 27 202.722 202.722 38.952 38.952 -0.010
1 2 28 149.197 149.197 23.949 23.949 0.065
1 2 29 145.602 145.602 22.128 22.128 0.066
1 2 30 161.923 161.923 25.350 25.350 0.048
1 2 31 127.291 127.291 17.237 17.237 -0.082
1 2 32 298.543 298.543 58.488 58.488 -0.118
1 2 33 210.336 210.336 34.084 34.084 -0.099
1 2 34 271.789 271.789 49.200 49.200 0.017
1 2 35 234.550 234.550 38.056 38.056 0.044
1 2 36 237.074 237.074 37.893 37.893 -0.043
1 2 37 250.764 250.764 40.359 40.359 0.055
1 2 38 316.454 316.454 54.923 54.923 0.071
1 2 39 220.960 220.960 31.466 31.466 0.089
1 2 40 230.565 230.565 32.813 32.813 0.134
1 2 41 270.490 270.490 40.639 40.639 -0.046
1 2 42 198.021 198.021 25.014 25.014 0.068
1 2 43 198.500 198.500 24.266 24.266 -0.024
1 2 44 214.295 214.295 26.773 26.773 0.003
1 2 45 249.216 249.216 32.695 32.695 0.197
1 2 46 209.940 209.940 24.700 24.700 -0.066
1 2 47 225.022 225.022 27.146 27.146 -0.019
1 2 48 281.218 281.218 37.339 37.339 0.008
1 2 49 215.550 215.550 24.303 24.303 -0.009
1 2 50 303.195 303.195 39.760 39.760 0.108
1 2 51 343.931 343.931 47.477 47.477 0.064
1 2 52 265.601 265.601 31.213 31.213 0.123
1 2 53 284.629 284.629 34.290 34.290 -0.022
1 2 54 196.583 196.583 19.300 19.300 0.179
1 2 55 229.214 229.214 23.876 23.876 0.052
1 2 56 307.828 307.828 36.638 36.638 0.083
1 2 57 226.339 226.339 22.505 22.505 0.085
1 2 58 244.007 244.007 24.895 24.895 0.015
1 2 59 253.834 253.834 25.988 25.988 0.132
1 2 60 264.748 264.748 27.196 27.196 0.050
1 2 61 237.421 237.421 22.786 22.786 -0.106
1 2 62 249.696 249.696 24.311 24.311 0.066
1 3 1 408.620 408.620 56.036 56.036 -0.308
1 3 2 202.350 202.350 18.247 18.247 0.384
1 3 3 208.546 208.546 17.813 17.813 0.712
1 3 4 211.578 211.578 17.847 17.847 0.699
1 3 5 190.752 190.752 15.030 15.030 0.570
2 1 1 500.000 500.000 2681.430 2681.430 0.558
2 1 2 93.199 93.199 44.508 44.508 -0.294
2 1 3 63.572 63.572 19.188 19.188 -0.131
2 1 4 101.314 101.314 31.102 31.102 0.283
2 1 5 83.626 83.626 18.591 18.591 0.410
2 1 6 151.704 151.704 1323.614 1323.614 0.000
2 1 7 112.220 112.220 23.816 23.816 0.197
2 1 8 120.168 120.168 23.443 23.443 0.309
2 1 9 121.290 121.290 21.206 21.206 0.218
2 1 10 167.617 167.617 1642.694 1642.694 0.000
2 1 11 134.034 134.034 20.894 20.894 0.091
2 1 12 88.446 88.446 10.201 10.201 -0.400
2 1 13 125.942 125.942 16.377 16.377 0.080
2 1 14 127.163 127.163 15.148 15.148 -0.224
2 1 15 120.144 120.144 13.274 13.274 0.026
2 1 16 135.188 135.188 14.674 14.674 -0.076
2 1 17 133.069 133.069 13.084 13.084 -0.641
2 1 18 179.823 179.823 20.379 20.379 0.128
2 1 19 500.000 500.000 142.899 142.899 1.653
2 1 20 161.790 161.790 15.450 15.450 -0.373
2 1 21 161.702 161.702 14.448 14.448 0.541
2 1 22 168.208 168.208 15.086 15.086 -0.205
2 1 23 164.097 164.097 13.664 13.664 0.425
2 2 1 35.226 35.226 34.282 34.282 0.253
2 2 2 161.487 161.487 215.824 215.824 -0.120
2 2 3 142.276 142.276 138.866 138.866 -0.004
2 2 4 147.134 147.134 116.181 116.181 -0.100
2 2 5 126.444 126.444 81.542 81.542 0.070
2 2 6 146.010 146.010 86.584 86.584 0.151
2 2 7 134.413 134.413 64.865 64.865 -0.135
2 2 8 111.665 111.665 46.192 46.192 0.102
2 2 9 142.174 142.174 62.042 62.042 0.058
2 2 10 174.092 174.092 70.941 70.941 -0.192
2 2 11 157.545 157.545 60.662 60.662 -0.077
2 2 12 180.496 180.496 68.748 68.748 -0.149
2 2 13 151.673 151.673 48.781 48.781 0.050
2 2 14 123.088 123.088 33.813 33.813 0.098
2 2 15 134.217 134.217 36.747 36.747 -0.090
2 2 16 154.653 154.653 42.377 42.377 -0.016
2 2 17 162.552 162.552 43.800 43.800 -0.010
2 2 18 116.486 116.486 24.460 24.460 0.086
2 2 19 118.735 118.735 24.293 24.293 0.072
2 2 20 155.733 155.733 34.874 34.874 0.142
2 2 21 123.057 123.057 23.051 23.051 0.082
2 2 22 164.930 164.930 34.974 34.974 0.089
2 2 23 154.252 154.252 30.733 30.733 -0.028
2 2 24 127.828 127.828 21.783 21.783 0.084
2 2 25 151.578 151.578 27.360 27.360 0.001
2 2 26 160.357 160.357 28.946 28.946 0.018
2 2 27 192.286 192.286 35.983 35.983 0.005
2 2 28 168.854 168.854 28.665 28.665 -0.140
2 2 29 147.725 147.725 22.598 22.598 -0.076
2 2 30 149.128 149.128 22.305 22.305 -0.143
2 2 31 261.366 261.366 3488.990 3488.990 0.000
2 2 32 226.794 226.794 39.016 39.016 -0.089
2 2 33 214.539 214.539 35.267 35.267 0.000
2 2 34 261.014 261.014 46.248 46.248 0.051
2 2 35 244.113 244.113 40.426 40.426 0.015
2 2 36 213.894 213.894 32.450 32.450 -0.060
2 2 37 228.831 228.831 34.866 34.866 0.171
2 2 38 285.664 285.664 47.100 47.100 0.081
2 2 39 189.491 189.491 25.021 25.021 -0.070
2 2 40 206.028 206.028 27.680 27.680 -0.169
2 2 41 234.866 234.866 32.529 32.529 -0.186
2 2 42 212.905 212.905 27.886 27.886 0.073
2 2 43 195.045 195.045 23.636 23.636 0.026
2 2 44 253.795 253.795 34.298 34.298 -0.125
2 2 45 210.797 210.797 25.666 25.666 -0.060
2 2 46 229.846 229.846 28.302 28.302 -0.036
2 2 47 240.090 240.090 29.557 29.557 -0.215
2 2 48 248.741 248.741 30.735 30.735 -0.186
2 2 49 244.797 244.797 29.398 29.398 -0.033
2 2 50 266.722 266.722 32.921 32.921 -0.057
2 2 51 310.915 310.915 40.820 40.820 0.059
2 2 52 289.886 289.886 35.648 35.648 -0.093
2 2 53 286.144 286.144 34.557 34.557 -0.039
2 2 54 272.870 272.870 31.560 31.560 0.130
2 2 55 226.892 226.892 23.474 23.474 0.125
2 2 56 308.524 308.524 36.586 36.586 0.139
2 2 57 264.559 264.559 28.440 28.440 0.070
2 2 58 200.964 200.964 18.605 18.605 0.049
2 2 59 209.455 209.455 19.552 19.552 -0.021
2 2 60 239.039 239.039 23.211 23.211 0.173
2 2 61 267.001 267.001 27.211 27.211 -0.049
2 2 62 270.469 270.469 27.317 27.317 0.137
2 3 1 245.207 245.207 25.591 25.591 -0.564
2 3 2 228.282 228.282 22.144 22.144 -0.159
2 3 3 191.073 191.073 16.593 16.593 -0.083
2 3 4 224.441 224.441 20.536 20.536 0.623
2 3 5 199.723 199.723 16.228 16.228 -0.461
3 1 1 132.448 132.448 121.926 121.926 0.222
3 1 2 113.073 113.073 60.684 60.684 -0.193
3 1 3 82.028 82.028 28.044 28.044 -0.139
3 1 4 115.194 115.194 38.924 38.924 -0.144
3 1 5 77.442 77.442 15.445 15.445 -0.708
3 1 6 77.716 77.716 16.173 16.173 0.100
3 1 7 474.201 474.201 2422.210 2422.210 -0.794
3 1 8 133.721 133.721 28.131 28.131 -0.173
3 1 9 126.343 126.343 22.763 22.763 -0.094
3 1 10 122.735 122.735 20.071 20.071 -0.154
3 1 11 92.769 92.769 12.044 12.044 0.033
3 1 12 124.703 124.703 17.316 17.316 -0.064
3 1 13 127.871 127.871 16.643 16.643 -0.256
3 1 14 139.370 139.370 16.982 16.982 0.428
3 1 15 194.310 194.310 26.141 26.141 -0.798
3 1 16 151.682 151.682 17.456 17.456 -0.011
3 1 17 250.784 250.784 40.943 40.943 0.469
3 1 18 192.758 192.758 22.436 22.436 0.241
3 1 19 168.181 168.181 17.360 17.360 0.159
3 1 20 153.675 153.675 14.453 14.453 -0.230
3 1 21 168.400 168.400 15.102 15.102 0.630
3 1 22 178.425 178.425 15.675 15.675 0.709
3 1 23 170.122 170.122 14.663 14.663 -0.100
3 2 1 38.224 38.224 44.267 44.267 0.087
3 2 2 143.139 143.139 1166.603 1166.603 0.000
3 2 3 130.753 130.753 193.177 193.177 -0.244
3 2 4 176.643 176.643 148.109 148.109 0.061
3 2 5 128.420 128.420 86.361 86.361 -0.288
3 2 6 119.759 119.759 66.064 66.064 0.102
3 2 7 171.330 171.330 96.123 96.123 -0.071
3 2 8 167.897 167.897 86.211 86.211 -0.034
3 2 9 121.731 121.731 47.790 47.790 -0.177
3 2 10 161.244 161.244 67.171 67.171 -0.048
3 2 11 179.674 179.674 73.858 73.858 -0.082
3 2 12 186.119 186.119 72.820 72.820 -0.094
3 2 13 145.200 145.200 42.604 42.604 -0.302
3 2 14 159.366 159.366 49.715 49.715 -0.097
3 2 15 178.941 178.941 56.836 56.836 0.020
3 2 16 125.873 125.873 31.094 31.094 0.046
3 2 17 174.414 174.414 48.345 48.345 -0.086
3 2 18 138.123 138.123 31.670 31.670 0.019
3 2 19 192.330 192.330 50.081 50.081 0.030
3 2 20 177.385 177.385 42.276 42.276 -0.142
3 2 21 123.608 123.608 22.750 22.750 -0.270
3 2 22 166.509 166.509 34.606 34.606 -0.244
3 2 23 148.901 148.901 29.125 29.125 -0.069
3 2 24 159.245 159.245 28.653 28.653 -0.395
3 2 25 156.449 156.449 28.642 28.642 -0.071
3 2 26 170.616 170.616 30.606 30.606 -0.318
3 2 27 160.859 160.859 27.535 27.535 -0.009
3 2 28 151.303 151.303 24.366 24.366 -0.128
3 2 29 127.854 127.854 17.859 17.859 -0.313
3 2 30 163.821 163.821 25.793 25.793 0.032
3 2 31 155.791 155.791 23.321 23.321 0.102
3 2 32 247.756 247.756 44.226 44.226 -0.136
3 2 33 192.119 192.119 29.866 29.866 0.047
3 2 34 241.751 241.751 41.268 41.268 -0.025
3 2 35 206.209 206.209 31.324 31.324 -0.088
3 2 36 222.511 222.511 34.449 34.449 0.048
3 2 37 222.766 222.766 33.849 33.849 0.014
3 2 38 277.692 277.692 45.268 45.268 -0.025
3 2 39 238.223 238.223 35.151 35.151 0.123
3 2 40 282.006 282.006 44.647 44.647 0.001
3 2 41 206.431 206.431 27.123 27.123 -0.016
3 2 42 211.945 211.945 27.714 27.714 -0.037
3 2 43 237.067 237.067 31.586 31.586 0.095
3 2 44 248.505 248.505 33.441 33.441 0.000
3 2 45 226.767 226.767 28.572 28.572 -0.111
3 2 46 191.967 191.967 21.589 21.589 0.084
3 2 47 268.307 268.307 35.349 35.349 0.039
3 2 48 209.560 209.560 24.017 24.017 0.032
3 2 49 186.492 186.492 19.554 19.554 0.016
3 2 50 179.009 179.009 17.834 17.834 0.337
3 2 51 195.470 195.470 20.287 20.287 0.175
3 2 52 320.502 320.502 41.518 41.518 0.053
3 2 53 198.879 198.879 19.934 19.934 -0.180
3 2 54 248.657 248.657 27.174 27.174 0.253
3 2 55 247.684 247.684 26.774 26.774 0.104
3 2 56 329.263 329.263 40.595 40.595 0.010
3 2 57 221.996 221.996 21.873 21.873 0.078
3 2 58 207.203 207.203 19.473 19.473 0.076
3 2 59 223.886 223.886 21.451 21.451 0.217
3 2 60 250.368 250.368 25.009 25.009 0.067
3 2 61 225.918 225.918 20.846 20.846 0.329
3 2 62 257.302 257.302 24.976 24.976 0.314
3 3 1 188.132 188.132 16.195 16.195 0.826
3 3 2 235.699 235.699 23.353 23.353 -0.078
3 3 3 207.384 207.384 17.731 17.731 0.666
3 3 4 189.040 189.040 15.598 15.598 0.284
3 3 5 231.936 231.936 3300.752 3300.752 0.000
4 1 1 67.809 67.809 41.020 41.020 0.226
4 1 2 142.328 142.328 130.140 130.140 -0.437
4 1 3 110.786 110.786 41.520 41.520 -0.255
4 1 4 108.164 108.164 34.680 34.680 0.230
4 1 5 74.036 74.036 15.919 15.919 0.319
4 1 6 91.440 91.440 20.606 20.606 -0.043
4 1 7 125.136 125.136 27.922 27.922 -0.207
4 1 8 115.729 115.729 22.805 22.805 0.127
4 1 9 135.599 135.599 25.383 25.383 0.027
4 1 10 133.438 133.438 21.901 21.901 -0.407
4 1 11 92.167 92.167 11.550 11.550 -0.519
4 1 12 162.333 162.333 25.457 25.457 0.205
4 1 13 147.862 147.862 20.847 20.847 -0.067
4 1 14 126.047 126.047 15.012 15.012 0.132
4 1 15 127.628 127.628 13.966 13.966 -0.591
4 1 16 145.489 145.489 14.838 14.838 -0.880
4 1 17 164.360 164.360 18.732 18.732 0.125
4 1 18 181.923 181.923 20.651 20.651 -0.196
4 1 19 175.497 175.497 18.363 18.363 -0.255
4 1 20 134.309 134.309 11.867 11.867 -0.104
4 1 21 152.824 152.824 13.672 13.672 -0.016
4 1 22 186.603 186.603 17.529 17.529 -0.266
4 1 23 194.602 194.602 17.862 17.862 0.226
4 2 1 130.472 130.472 259.710 259.710 0.095
4 2 2 92.603 92.603 82.173 82.173 0.160
4 2 3 95.122 95.122 82.354 82.354 0.231
4 2 4 111.042 111.042 73.754 73.754 0.122
4 2 5 129.056 129.056 84.386 84.386 0.011
4 2 6 128.315 128.315 71.906 71.906 0.143
4 2 7 162.786 162.786 88.733 88.733 -0.058
4 2 8 107.936 107.936 44.495 44.495 -0.030
4 2 9 115.984 115.984 43.386 43.386 -0.235
4 2 10 164.748 164.748 67.511 67.511 -0.130
4 2 11 146.655 146.655 54.832 54.832 -0.049
4 2 12 173.078 173.078 63.112 63.112 -0.209
4 2 13 168.531 168.531 56.969 56.969 -0.057
4 2 14 137.657 137.657 40.010 40.010 0.086
4 2 15 167.015 167.015 51.127 51.127 0.051
4 2 16 140.862 140.862 36.747 36.747 0.058
4 2 17 161.735 161.735 43.136 43.136 -0.106
4 2 18 144.158 144.158 33.156 33.156 0.185
4 2 19 189.659 189.659 48.901 48.901 -0.071
4 2 20 146.852 146.852 31.930 31.930 -0.135
4 2 21 126.921 126.921 24.184 24.184 0.045
4 2 22 168.853 168.853 36.248 36.248 -0.071
4 2 23 193.503 193.503 42.691 42.691 -0.141
4 2 24 180.157 180.157 36.483 36.483 0.034
4 2 25 161.094 161.094 29.911 29.911 -0.075
4 2 26 176.078 176.078 33.297 33.297 -0.024
4 2 27 183.478 183.478 33.436 33.436 -0.097
4 2 28 192.414 192.414 35.079 35.079 -0.038
4 2 29 148.359 148.359 22.742 22.742 -0.078
4 2 30 153.156 153.156 23.302 23.302 0.075
4 2 31 145.516 145.516 21.092 21.092 -0.023
4 2 32 310.093 310.093 62.617 62.617 0.019
4 2 33 185.149 185.149 28.270 28.270 0.016
4 2 34 250.659 250.659 43.318 43.318 -0.107
4 2 35 290.474 290.474 52.472 52.472 -0.006
4 2 36 240.336 240.336 38.423 38.423 -0.131
4 2 37 298.445 298.445 52.380 52.380 -0.055
4 2 38 307.833 307.833 52.720 52.720 -0.071
4 2 39 259.267 259.267 40.013 40.013 -0.066
4 2 40 256.196 256.196 38.445 38.445 0.128
4 2 41 267.036 267.036 39.810 39.810 -0.073
4 2 42 280.208 280.208 42.104 42.104 -0.048
4 2 43 235.413 235.413 31.347 31.347 -0.013
4 2 44 266.789 266.789 37.156 37.156 -0.043
4 2 45 260.538 260.538 35.291 35.291 0.033
4 2 46 228.769 228.769 27.983 27.983 0.142
4 2 47 236.590 236.590 29.200 29.200 -0.089
4 2 48 297.073 297.073 40.533 40.533 0.023
4 2 49 179.988 179.988 18.524 18.524 -0.065
4 2 50 257.668 257.668 31.293 31.293 0.008
4 2 51 299.571 299.571 38.485 38.485 -0.117
4 2 52 258.777 258.777 30.146 30.146 0.039
4 2 53 270.854 270.854 31.789 31.789 -0.069
4 2 54 248.270 248.270 27.485 27.485 0.044
4 2 55 218.915 218.915 21.982 21.982 -0.286
4 2 56 310.936 310.936 37.186 37.186 -0.086
4 2 57 194.458 194.458 17.942 17.942 0.008
4 2 58 219.949 219.949 21.311 21.311 -0.016
4 2 59 206.060 206.060 19.071 19.071 0.052
4 2 60 211.055 211.055 19.324 19.324 -0.137
4 2 61 383.670 383.670 10197.051 10197.051 0.000
4 2 62 299.385 299.385 31.907 31.907 0.057
4 3 1 180.279 180.279 16.319 16.319 -0.091
4 3 2 207.549 207.549 19.234 19.234 -0.147
4 3 3 212.248 212.248 18.138 18.138 0.754
4 3 4 211.654 211.654 17.747 17.747 -0.637
4 3 5 229.693 229.693 20.446 20.446 0.028
5 1 1 133.525 133.525 113.374 113.374 0.129
5 1 2 113.280 113.280 58.773 58.773 -0.263
5 1 3 162.281 162.281 75.857 75.857 0.130
5 1 4 137.758 137.758 50.910 50.910 -0.118
5 1 5 86.021 86.021 20.341 20.341 -0.038
5 1 6 96.923 96.923 20.117 20.117 -0.596
5 1 7 96.935 96.935 18.716 18.716 0.360
5 1 8 102.693 102.693 18.700 18.700 -0.294
5 1 9 132.492 132.492 24.284 24.284 -0.177
5 1 10 137.951 137.951 23.361 23.361 -0.314
5 1 11 139.415 139.415 22.180 22.180 -0.018
5 1 12 151.391 151.391 23.090 23.090 -0.117
5 1 13 165.941 165.941 24.304 24.304 -0.270
5 1 14 129.629 129.629 15.504 15.504 -0.283
5 1 15 176.889 176.889 23.472 23.472 0.244
5 1 16 486.337 486.337 197.515 197.515 -0.443
5 1 17 158.650 158.650 17.805 17.805 -0.039
5 1 18 193.495 193.495 22.809 22.809 -0.010
5 1 19 195.545 195.545 21.659 21.659 0.232
5 1 20 175.538 175.538 17.428 17.428 0.366
5 1 21 182.149 182.149 17.800 17.800 -0.019
5 1 22 171.308 171.308 15.534 15.534 0.139
5 1 23 165.889 165.889 14.046 14.046 0.250
5 2 1 55.845 55.845 64.196 64.196 -0.211
5 2 2 113.147 113.147 113.013 113.013 0.135
5 2 3 152.470 152.470 153.828 153.828 -0.023
5 2 4 134.134 134.134 94.977 94.977 -0.197
5 2 5 116.799 116.799 72.848 72.848 0.001
5 2 6 117.932 117.932 64.370 64.370 -0.146
5 2 7 134.827 134.827 65.965 65.965 -0.106
5 2 8 147.285 147.285 71.043 71.043 0.008
5 2 9 135.005 135.005 57.854 57.854 -0.012
5 2 10 166.509 166.509 69.863 69.863 -0.079
5 2 11 193.295 193.295 83.000 83.000 -0.036
5 2 12 207.700 207.700 87.237 87.237 -0.021
5 2 13 177.532 177.532 61.865 61.865 -0.021
5 2 14 164.275 164.275 52.437 52.437 -0.019
5 2 15 157.432 157.432 46.930 46.930 -0.017
5 2 16 141.883 141.883 33.011 33.011 -0.452
5 2 17 150.260 150.260 38.927 38.927 -0.012
5 2 18 132.137 132.137 29.614 29.614 0.041
5 2 19 160.970 160.970 37.468 37.468 -0.209
5 2 20 173.277 173.277 41.264 41.264 0.071
5 2 21 118.580 118.580 21.831 21.831 0.091
5 2 22 143.772 143.772 28.395 28.395 0.117
5 2 23 181.252 181.252 39.113 39.113 -0.057
5 2 24 143.056 143.056 25.775 25.775 -0.066
5 2 25 158.179 158.179 28.942 28.942 -0.149
5 2 26 158.866 158.866 28.462 28.462 -0.096
5 2 27 192.337 192.337 35.740 35.740 -0.124
5 2 28 148.685 148.685 23.522 23.522 -0.218
5 2 29 132.592 132.592 19.222 19.222 -0.078
5 2 30 203.654 203.654 35.118 35.118 -0.198
5 2 31 131.195 131.195 18.038 18.038 -0.079
5 2 32 270.106 270.106 50.793 50.793 -0.074
5 2 33 206.993 206.993 33.317 33.317 -0.090
5 2 34 256.749 256.749 44.956 44.956 -0.098
5 2 35 250.350 250.350 41.991 41.991 0.009
5 2 36 251.407 251.407 41.324 41.324 0.072
5 2 37 255.776 255.776 41.598 41.598 0.048
5 2 38 330.309 330.309 58.748 58.748 0.007
5 2 39 187.979 187.979 24.688 24.688 0.106
5 2 40 245.187 245.187 36.197 36.197 -0.021
5 2 41 241.340 241.340 34.086 34.086 -0.126
5 2 42 223.976 223.976 29.977 29.977 -0.123
5 2 43 221.076 221.076 28.170 28.170 -0.221
5 2 44 281.946 281.946 40.375 40.375 -0.044
5 2 45 241.127 241.127 31.140 31.140 -0.175
5 2 46 221.579 221.579 26.802 26.802 0.011
5 2 47 224.751 224.751 27.096 27.096 0.016
5 2 48 268.723 268.723 34.817 34.817 0.077
5 2 49 210.151 210.151 23.352 23.352 0.092
5 2 50 282.553 282.553 35.632 35.632 0.157
5 2 51 302.284 302.284 38.878 38.878 -0.142
5 2 52 304.004 304.004 38.368 38.368 0.044
5 2 53 261.228 261.228 30.136 30.136 -0.052
5 2 54 240.209 240.209 26.028 26.028 -0.149
5 2 55 246.307 246.307 26.569 26.569 0.089
5 2 56 201.042 201.042 19.216 19.216 -0.226
5 2 57 186.618 186.618 16.851 16.851 0.096
5 2 58 219.051 219.051 21.177 21.177 0.009
5 2 59 186.231 186.231 16.394 16.394 0.029
5 2 60 253.339 253.339 25.365 25.365 0.139
5 2 61 220.019 220.019 20.180 20.180 -0.254
5 2 62 252.955 252.955 24.690 24.690 0.157
5 3 1 189.811 189.811 17.560 17.560 0.192
5 3 2 211.708 211.708 19.833 19.833 -0.111
5 3 3 226.102 226.102 21.202 21.202 -0.223
5 3 4 205.368 205.368 16.793 16.793 0.707
5 3 5 239.345 239.345 20.753 20.753 0.690
6 1 1 405.822 405.822 15865.882 15865.882 -0.841
6 1 2 117.946 117.946 69.179 69.179 -0.044
6 1 3 140.966 140.966 58.339 58.339 0.258
6 1 4 118.255 118.255 40.304 40.304 -0.132
6 1 5 115.082 115.082 31.491 31.491 -0.015
6 1 6 93.629 93.629 20.045 20.045 0.464
6 1 7 110.199 110.199 23.517 23.517 -0.010
6 1 8 152.800 152.800 32.248 32.248 -0.400
6 1 9 123.405 123.405 21.153 21.153 -0.389
6 1 10 126.548 126.548 20.934 20.934 0.219
6 1 11 128.914 128.914 19.709 19.709 -0.047
6 1 12 138.183 138.183 20.204 20.204 0.052
6 1 13 137.189 137.189 18.534 18.534 -0.172
6 1 14 142.814 142.814 16.988 16.988 0.645
6 1 15 150.994 150.994 18.670 18.670 0.109
6 1 16 161.754 161.754 19.162 19.162 0.133
6 1 17 161.521 161.521 18.210 18.210 -0.174
6 1 18 195.764 195.764 22.934 22.934 0.251
6 1 19 177.176 177.176 18.695 18.695 0.251
6 1 20 180.348 180.348 18.366 18.366 0.220
6 1 21 211.379 211.379 2705.928 2705.928 0.000
6 1 22 154.714 154.714 12.962 12.962 0.570
6 1 23 169.197 169.197 14.494 14.494 0.207
6 2 1 46.395 46.395 60.022 60.022 0.085
6 2 2 112.267 112.267 116.098 116.098 -0.025
6 2 3 124.964 124.964 109.995 109.995 -0.096
6 2 4 109.076 109.076 70.968 70.968 -0.106
6 2 5 136.490 136.490 88.653 88.653 -0.112
6 2 6 154.675 154.675 97.982 97.982 -0.085
6 2 7 180.040 180.040 103.791 103.791 0.029
6 2 8 124.343 124.343 51.803 51.803 0.210
6 2 9 157.025 157.025 72.444 72.444 -0.023
6 2 10 174.178 174.178 75.499 75.499 -0.027
6 2 11 154.024 154.024 58.406 58.406 -0.088
6 2 12 198.318 198.318 77.661 77.661 -0.164
6 2 13 172.526 172.526 59.240 59.240 0.024
6 2 14 133.586 133.586 37.786 37.786 -0.153
6 2 15 159.230 159.230 47.642 47.642 0.048
6 2 16 145.577 145.577 38.679 38.679 0.039
6 2 17 140.188 140.188 35.012 35.012 0.054
6 2 18 126.413 126.413 27.699 27.699 -0.049
6 2 19 144.986 144.986 31.750 31.750 -0.247
6 2 20 147.818 147.818 32.567 32.567 0.038
6 2 21 126.816 126.816 24.166 24.166 -0.019
6 2 22 161.689 161.689 33.919 33.919 -0.086
6 2 23 156.563 156.563 31.399 31.399 0.066
6 2 24 138.135 138.135 24.461 24.461 -0.068
6 2 25 152.703 152.703 27.586 27.586 -0.085
6 2 26 154.109 154.109 27.270 27.270 -0.020
6 2 27 187.694 187.694 34.703 34.703 -0.016
6 2 28 132.922 132.922 19.883 19.883 -0.247
6 2 29 126.309 126.309 17.894 17.894 0.059
6 2 30 172.513 172.513 27.745 27.745 -0.126
6 2 31 261.366 261.366 3696.649 3696.649 0.000
6 2 32 288.726 288.726 56.228 56.228 -0.033
6 2 33 197.046 197.046 30.952 30.952 0.090
6 2 34 259.286 259.286 45.787 45.787 -0.046
6 2 35 222.618 222.618 35.185 35.185 -0.048
6 2 36 241.559 241.559 38.920 38.920 -0.075
6 2 37 215.481 215.481 32.186 32.186 0.038
6 2 38 278.722 278.722 44.846 44.846 0.166
6 2 39 302.821 302.821 50.538 50.538 0.060
6 2 40 259.745 259.745 39.405 39.405 -0.061
6 2 41 204.252 204.252 26.606 26.606 -0.120
6 2 42 209.414 209.414 27.056 27.056 -0.160
6 2 43 191.273 191.273 22.856 22.856 0.150
6 2 44 211.642 211.642 26.143 26.143 -0.175
6 2 45 177.252 177.252 19.805 19.805 0.061
6 2 46 203.056 203.056 23.375 23.375 -0.177
6 2 47 189.810 189.810 21.030 21.030 0.028
6 2 48 310.423 310.423 43.295 43.295 0.045
6 2 49 250.432 250.432 30.401 30.401 -0.060
6 2 50 252.856 252.856 30.425 30.425 0.018
6 2 51 298.294 298.294 38.414 38.414 -0.008
6 2 52 282.126 282.126 34.256 34.256 0.096
6 2 53 301.318 301.318 37.359 37.359 -0.028
6 2 54 226.834 226.834 24.004 24.004 0.067
6 2 55 273.236 273.236 31.014 31.014 0.108
6 2 56 219.702 219.702 22.119 22.119 -0.033
6 2 57 191.662 191.662 17.541 17.541 0.079
6 2 58 219.078 219.078 21.100 21.100 0.156
6 2 59 229.128 229.128 22.229 22.229 0.192
6 2 60 245.295 245.295 24.240 24.240 0.072
6 2 61 243.869 243.869 23.726 23.726 0.099
6 2 62 289.782 289.782 30.257 30.257 0.165
6 3 1 183.445 183.445 16.749 16.749 0.086
6 3 2 214.162 214.162 20.190 20.190 -0.101
6 3 3 232.240 232.240 22.201 22.201 -1.431
6 3 4 285.568 285.568 28.748 28.748 0.290
6 3 5 247.147 247.147 22.734 22.734 -0.161
