1 1 1 11.324 11.324 0.059 0.059 
1 1 2 11.855 11.855 0.064 0.064 
1 1 3 11.759 11.759 0.065 0.065 
1 1 4 11.798 11.798 0.078 0.078 
1 1 5 12.425 12.425 0.093 0.093 
1 1 6 12.044 12.044 0.101 0.101 
1 1 7 12.730 12.730 0.093 0.093 
1 1 8 12.922 12.922 0.083 0.083 
1 1 9 13.290 13.290 0.104 0.104 
1 1 10 13.087 13.087 0.101 0.101 
1 1 11 13.183 13.183 0.100 0.100 
1 1 12 13.309 13.309 0.104 0.104 
1 1 13 13.193 13.193 0.095 0.095 
1 1 14 13.473 13.473 0.094 0.094 
1 1 15 14.273 14.273 0.088 0.088 
1 1 16 13.167 13.167 0.092 0.092 
1 1 17 13.834 13.834 0.086 0.086 
1 1 18 14.214 14.214 0.079 0.079 
1 1 19 13.823 13.823 0.085 0.085 
1 1 20 14.583 14.583 0.080 0.080 
1 1 21 13.811 13.811 0.077 0.077 
1 1 22 13.982 13.982 0.080 0.080 
1 1 23 14.036 14.036 0.080 0.080 
1 2 1 11.077 11.077 0.418 0.418 
1 2 2 10.862 10.862 0.132 0.132 
1 2 3 11.289 11.289 0.069 0.069 
1 2 4 11.153 11.153 0.044 0.044 
1 2 5 11.913 11.913 0.038 0.038 
1 2 6 11.602 11.602 0.035 0.035 
1 2 7 13.166 13.166 0.042 0.042 
1 2 8 12.932 12.932 0.045 0.045 
1 2 9 12.834 12.834 0.051 0.051 
1 2 10 13.044 13.044 0.046 0.046 
1 2 11 13.476 13.476 0.052 0.052 
1 2 12 13.883 13.883 0.056 0.056 
1 2 13 12.914 12.914 0.061 0.061 
1 2 14 13.694 13.694 0.049 0.049 
1 2 15 13.937 13.937 0.056 0.056 
1 2 16 13.670 13.670 0.054 0.054 
1 2 17 14.177 14.177 0.064 0.064 
1 2 18 13.484 13.484 0.057 0.057 
1 2 19 13.990 13.990 0.062 0.062 
1 2 20 13.808 13.808 0.058 0.058 
1 2 21 13.797 13.797 0.054 0.054 
1 2 22 14.123 14.123 0.056 0.056 
1 2 23 14.019 14.019 0.058 0.058 
1 2 24 14.394 14.394 0.053 0.053 
1 2 25 14.528 14.528 0.059 0.059 
1 2 26 14.508 14.508 0.074 0.074 
1 2 27 14.730 14.730 0.045 0.045 
1 2 28 14.424 14.424 0.049 0.049 
1 2 29 14.543 14.543 0.049 0.049 
1 2 30 14.599 14.599 0.048 0.048 
1 2 31 14.303 14.303 0.043 0.043 
1 2 32 15.098 15.098 0.050 0.050 
1 2 33 15.056 15.056 0.052 0.052 
1 2 34 15.071 15.071 0.046 0.046 
1 2 35 14.941 14.941 0.044 0.044 
1 2 36 14.948 14.948 0.033 0.033 
1 2 37 14.942 14.942 0.040 0.040 
1 2 38 15.244 15.244 0.030 0.030 
1 2 39 14.982 14.982 0.036 0.036 
1 2 40 15.165 15.165 0.038 0.038 
1 2 41 15.284 15.284 0.039 0.039 
1 2 42 15.042 15.042 0.040 0.040 
1 2 43 14.914 14.914 0.034 0.034 
1 2 44 15.238 15.238 0.027 0.027 
1 2 45 15.168 15.168 0.031 0.031 
1 2 46 15.316 15.316 0.033 0.033 
1 2 47 15.275 15.275 0.030 0.030 
1 2 48 15.433 15.433 0.025 0.025 
1 2 49 15.305 15.305 0.028 0.028 
1 2 50 15.597 15.597 0.030 0.030 
1 2 51 15.755 15.755 0.023 0.023 
1 2 52 15.534 15.534 0.029 0.029 
1 2 53 15.644 15.644 0.026 0.026 
1 2 54 15.322 15.322 0.023 0.023 
1 2 55 15.410 15.410 0.026 0.026 
1 2 56 15.726 15.726 0.029 0.029 
1 2 57 15.423 15.423 0.029 0.029 
1 2 58 15.510 15.510 0.026 0.026 
1 2 59 15.668 15.668 0.027 0.027 
1 2 60 15.625 15.625 0.025 0.025 
1 2 61 15.546 15.546 0.033 0.033 
1 2 62 15.668 15.668 0.029 0.029 
1 3 1 14.431 14.431 0.030 0.030 
1 3 2 13.985 13.985 0.053 0.053 
1 3 3 14.903 14.903 0.061 0.061 
1 3 4 14.253 14.253 0.109 0.109 
1 3 5 16.000 16.000 362.039 362.039 
2 1 1 11.774 11.774 0.068 0.068 
2 1 2 12.024 12.024 0.067 0.067 
2 1 3 11.617 11.617 0.071 0.071 
2 1 4 12.667 12.667 0.087 0.087 
2 1 5 12.235 12.235 0.093 0.093 
2 1 6 16.000 16.000 362.039 362.039 
2 1 7 13.119 13.119 0.093 0.093 
2 1 8 13.122 13.122 0.097 0.097 
2 1 9 13.283 13.283 0.105 0.105 
2 1 10 16.000 16.000 362.039 362.039 
2 1 11 13.283 13.283 0.105 0.105 
2 1 12 12.954 12.954 0.124 0.124 
2 1 13 13.430 13.430 0.112 0.112 
2 1 14 13.509 13.509 0.093 0.093 
2 1 15 13.645 13.645 0.112 0.112 
2 1 16 13.656 13.656 0.097 0.097 
2 1 17 13.725 13.725 0.082 0.082 
2 1 18 14.317 14.317 0.096 0.096 
2 1 19 16.000 16.000 362.039 362.039 
2 1 20 14.432 14.432 0.080 0.080 
2 1 21 14.064 14.064 0.078 0.078 
2 1 22 14.306 14.306 0.084 0.084 
2 1 23 14.396 14.396 0.099 0.099 
2 2 1 13.910 13.910 0.231 0.231 
2 2 2 11.044 11.044 0.114 0.114 
2 2 3 11.951 11.951 0.067 0.067 
2 2 4 11.505 11.505 0.046 0.046 
2 2 5 12.181 12.181 0.044 0.044 
2 2 6 12.760 12.760 0.048 0.048 
2 2 7 12.989 12.989 0.047 0.047 
2 2 8 12.430 12.430 0.045 0.045 
2 2 9 12.978 12.978 0.051 0.051 
2 2 10 13.636 13.636 0.055 0.055 
2 2 11 13.814 13.814 0.056 0.056 
2 2 12 13.813 13.813 0.058 0.058 
2 2 13 13.499 13.499 0.054 0.054 
2 2 14 13.245 13.245 0.057 0.057 
2 2 15 13.525 13.525 0.062 0.062 
2 2 16 13.936 13.936 0.060 0.060 
2 2 17 14.124 14.124 0.065 0.065 
2 2 18 13.475 13.475 0.064 0.064 
2 2 19 13.743 13.743 0.062 0.062 
2 2 20 14.311 14.311 0.071 0.071 
2 2 21 13.928 13.928 0.057 0.057 
2 2 22 14.396 14.396 0.083 0.083 
2 2 23 14.267 14.267 0.066 0.066 
2 2 24 14.058 14.058 0.054 0.054 
2 2 25 14.330 14.330 0.060 0.060 
2 2 26 14.619 14.619 0.079 0.079 
2 2 27 14.743 14.743 0.044 0.044 
2 2 28 14.709 14.709 0.057 0.057 
2 2 29 14.587 14.587 0.058 0.058 
2 2 30 14.447 14.447 0.045 0.045 
2 2 31 14.318 14.318 0.054 0.054 
2 2 32 15.031 15.031 0.054 0.054 
2 2 33 14.918 14.918 0.045 0.045 
2 2 34 15.164 15.164 0.060 0.060 
2 2 35 15.201 15.201 0.042 0.042 
2 2 36 15.067 15.067 0.063 0.063 
2 2 37 14.960 14.960 0.061 0.061 
2 2 38 15.155 15.155 0.044 0.044 
2 2 39 15.006 15.006 0.058 0.058 
2 2 40 15.053 15.053 0.035 0.035 
2 2 41 15.262 15.262 0.041 0.041 
2 2 42 15.171 15.171 0.032 0.032 
2 2 43 15.106 15.106 0.034 0.034 
2 2 44 15.422 15.422 0.042 0.042 
2 2 45 15.192 15.192 0.035 0.035 
2 2 46 15.494 15.494 0.039 0.039 
2 2 47 15.458 15.458 0.032 0.032 
2 2 48 15.351 15.351 0.031 0.031 
2 2 49 15.605 15.605 0.031 0.031 
2 2 50 15.415 15.415 0.032 0.032 
2 2 51 15.584 15.584 0.030 0.030 
2 2 52 15.629 15.629 0.039 0.039 
2 2 53 15.655 15.655 0.030 0.030 
2 2 54 15.647 15.647 0.027 0.027 
2 2 55 15.471 15.471 0.026 0.026 
2 2 56 15.754 15.754 0.030 0.030 
2 2 57 15.667 15.667 0.030 0.030 
2 2 58 15.516 15.516 0.035 0.035 
2 2 59 15.604 15.604 0.032 0.032 
2 2 60 15.759 15.759 0.028 0.028 
2 2 61 15.727 15.727 0.031 0.031 
2 2 62 15.810 15.810 0.031 0.031 
2 3 1 14.799 14.799 0.034 0.034 
2 3 2 14.800 14.800 0.047 0.047 
2 3 3 15.130 15.130 0.048 0.048 
2 3 4 14.849 14.849 0.075 0.075 
2 3 5 15.296 15.296 0.285 0.285 
3 1 1 12.109 12.109 0.066 0.066 
3 1 2 12.424 12.424 0.066 0.066 
3 1 3 12.001 12.001 0.064 0.064 
3 1 4 12.723 12.723 0.070 0.070 
3 1 5 12.285 12.285 0.085 0.085 
3 1 6 12.249 12.249 0.093 0.093 
3 1 7 13.224 13.224 0.093 0.093 
3 1 8 13.610 13.610 0.105 0.105 
3 1 9 13.179 13.179 0.100 0.100 
3 1 10 13.403 13.403 0.109 0.109 
3 1 11 12.777 12.777 0.126 0.126 
3 1 12 13.440 13.440 0.101 0.101 
3 1 13 13.428 13.428 0.108 0.108 
3 1 14 13.099 13.099 0.093 0.093 
3 1 15 13.778 13.778 0.098 0.098 
3 1 16 13.866 13.866 0.104 0.104 
3 1 17 14.074 14.074 0.096 0.096 
3 1 18 14.368 14.368 0.092 0.092 
3 1 19 14.009 14.009 0.087 0.087 
3 1 20 14.518 14.518 0.073 0.073 
3 1 21 14.185 14.185 0.085 0.085 
3 1 22 14.582 14.582 0.080 0.080 
3 1 23 14.033 14.033 0.102 0.102 
3 2 1 13.742 13.742 0.265 0.265 
3 2 2 13.156 13.156 0.174 0.174 
3 2 3 13.810 13.810 0.447 0.447 
3 2 4 13.945 13.945 0.132 0.132 
3 2 5 13.320 13.320 0.105 0.105 
3 2 6 11.965 11.965 0.083 0.083 
3 2 7 13.319 13.319 0.072 0.072 
3 2 8 13.698 13.698 0.072 0.072 
3 2 9 12.401 12.401 0.056 0.056 
3 2 10 13.324 13.324 0.059 0.059 
3 2 11 13.764 13.764 0.060 0.060 
3 2 12 13.682 13.682 0.058 0.058 
3 2 13 13.456 13.456 0.061 0.061 
3 2 14 13.708 13.708 0.078 0.078 
3 2 15 14.089 14.089 0.063 0.063 
3 2 16 13.451 13.451 0.067 0.067 
3 2 17 14.126 14.126 0.070 0.070 
3 2 18 13.847 13.847 0.067 0.067 
3 2 19 14.277 14.277 0.065 0.065 
3 2 20 14.370 14.370 0.064 0.064 
3 2 21 13.813 13.813 0.063 0.063 
3 2 22 14.346 14.346 0.071 0.071 
3 2 23 14.164 14.164 0.075 0.075 
3 2 24 14.430 14.430 0.065 0.065 
3 2 25 14.379 14.379 0.055 0.055 
3 2 26 14.525 14.525 0.068 0.068 
3 2 27 14.400 14.400 0.072 0.072 
3 2 28 14.432 14.432 0.061 0.061 
3 2 29 14.376 14.376 0.054 0.054 
3 2 30 14.458 14.458 0.078 0.078 
3 2 31 14.729 14.729 0.049 0.049 
3 2 32 15.072 15.072 0.051 0.051 
3 2 33 14.716 14.716 0.045 0.045 
3 2 34 15.136 15.136 0.049 0.049 
3 2 35 15.014 15.014 0.058 0.058 
3 2 36 15.053 15.053 0.056 0.056 
3 2 37 14.929 14.929 0.048 0.048 
3 2 38 15.288 15.288 0.053 0.053 
3 2 39 15.350 15.350 0.042 0.042 
3 2 40 15.359 15.359 0.054 0.054 
3 2 41 14.931 14.931 0.051 0.051 
3 2 42 15.213 15.213 0.034 0.034 
3 2 43 15.232 15.232 0.040 0.040 
3 2 44 15.271 15.271 0.041 0.041 
3 2 45 15.202 15.202 0.035 0.035 
3 2 46 15.264 15.264 0.034 0.034 
3 2 47 15.416 15.416 0.034 0.034 
3 2 48 15.121 15.121 0.033 0.033 
3 2 49 15.267 15.267 0.035 0.035 
3 2 50 15.387 15.387 0.035 0.035 
3 2 51 15.319 15.319 0.030 0.030 
3 2 52 15.723 15.723 0.029 0.029 
3 2 53 15.338 15.338 0.029 0.029 
3 2 54 15.472 15.472 0.033 0.033 
3 2 55 15.462 15.462 0.035 0.035 
3 2 56 15.846 15.846 0.029 0.029 
3 2 57 15.619 15.619 0.028 0.028 
3 2 58 15.397 15.397 0.032 0.032 
3 2 59 15.654 15.654 0.039 0.039 
3 2 60 15.797 15.797 0.036 0.036 
3 2 61 15.601 15.601 0.033 0.033 
3 2 62 15.646 15.646 0.031 0.031 
3 3 1 14.943 14.943 0.070 0.070 
3 3 2 15.271 15.271 0.036 0.036 
3 3 3 14.894 14.894 0.041 0.041 
3 3 4 15.267 15.267 0.104 0.104 
3 3 5 14.862 14.862 0.238 0.238 
4 1 1 11.021 11.021 0.051 0.051 
4 1 2 12.056 12.056 0.068 0.068 
4 1 3 12.239 12.239 0.066 0.066 
4 1 4 12.723 12.723 0.073 0.073 
4 1 5 12.173 12.173 0.082 0.082 
4 1 6 12.426 12.426 0.095 0.095 
4 1 7 12.703 12.703 0.083 0.083 
4 1 8 12.904 12.904 0.082 0.082 
4 1 9 12.998 12.998 0.084 0.084 
4 1 10 12.903 12.903 0.090 0.090 
4 1 11 11.682 11.682 0.112 0.112 
4 1 12 13.035 13.035 0.096 0.096 
4 1 13 13.319 13.319 0.091 0.091 
4 1 14 12.770 12.770 0.092 0.092 
4 1 15 13.199 13.199 0.092 0.092 
4 1 16 12.983 12.983 0.088 0.088 
4 1 17 13.144 13.144 0.087 0.087 
4 1 18 14.287 14.287 0.076 0.076 
4 1 19 13.368 13.368 0.091 0.091 
4 1 20 13.134 13.134 0.087 0.087 
4 1 21 13.113 13.113 0.129 0.129 
4 1 22 14.412 14.412 0.080 0.080 
4 1 23 14.264 14.264 0.056 0.056 
4 2 1 13.701 13.701 0.410 0.410 
4 2 2 12.026 12.026 0.137 0.137 
4 2 3 12.192 12.192 0.078 0.078 
4 2 4 11.004 11.004 0.047 0.047 
4 2 5 12.364 12.364 0.044 0.044 
4 2 6 12.806 12.806 0.049 0.049 
4 2 7 13.174 13.174 0.046 0.046 
4 2 8 12.429 12.429 0.046 0.046 
4 2 9 12.804 12.804 0.054 0.054 
4 2 10 13.796 13.796 0.054 0.054 
4 2 11 13.325 13.325 0.052 0.052 
4 2 12 13.955 13.955 0.056 0.056 
4 2 13 13.901 13.901 0.064 0.064 
4 2 14 13.348 13.348 0.057 0.057 
4 2 15 14.062 14.062 0.059 0.059 
4 2 16 13.554 13.554 0.060 0.060 
4 2 17 14.121 14.121 0.071 0.071 
4 2 18 13.741 13.741 0.067 0.067 
4 2 19 14.189 14.189 0.060 0.060 
4 2 20 13.932 13.932 0.071 0.071 
4 2 21 13.842 13.842 0.059 0.059 
4 2 22 14.409 14.409 0.059 0.059 
4 2 23 14.452 14.452 0.065 0.065 
4 2 24 14.539 14.539 0.063 0.063 
4 2 25 14.351 14.351 0.043 0.043 
4 2 26 14.523 14.523 0.056 0.056 
4 2 27 14.542 14.542 0.054 0.054 
4 2 28 14.609 14.609 0.062 0.062 
4 2 29 14.413 14.413 0.042 0.042 
4 2 30 14.541 14.541 0.053 0.053 
4 2 31 14.486 14.486 0.050 0.050 
4 2 32 15.088 15.088 0.060 0.060 
4 2 33 14.636 14.636 0.054 0.054 
4 2 34 15.075 15.075 0.050 0.050 
4 2 35 15.157 15.157 0.055 0.055 
4 2 36 14.980 14.980 0.043 0.043 
4 2 37 15.184 15.184 0.040 0.040 
4 2 38 15.221 15.221 0.045 0.045 
4 2 39 15.280 15.280 0.042 0.042 
4 2 40 15.283 15.283 0.041 0.041 
4 2 41 15.201 15.201 0.039 0.039 
4 2 42 15.300 15.300 0.031 0.031 
4 2 43 15.174 15.174 0.037 0.037 
4 2 44 15.436 15.436 0.033 0.033 
4 2 45 15.209 15.209 0.035 0.035 
4 2 46 15.329 15.329 0.037 0.037 
4 2 47 15.124 15.124 0.031 0.031 
4 2 48 15.382 15.382 0.029 0.029 
4 2 49 15.014 15.014 0.030 0.030 
4 2 50 15.397 15.397 0.029 0.029 
4 2 51 15.503 15.503 0.026 0.026 
4 2 52 15.463 15.463 0.026 0.026 
4 2 53 15.369 15.369 0.033 0.033 
4 2 54 15.382 15.382 0.029 0.029 
4 2 55 15.345 15.345 0.027 0.027 
4 2 56 15.672 15.672 0.029 0.029 
4 2 57 15.385 15.385 0.031 0.031 
4 2 58 15.495 15.495 0.032 0.032 
4 2 59 15.261 15.261 0.038 0.038 
4 2 60 15.365 15.365 0.039 0.039 
4 2 61 15.708 15.708 0.050 0.050 
4 2 62 15.746 15.746 0.047 0.047 
4 3 1 14.305 14.305 0.056 0.056 
4 3 2 14.634 14.634 0.038 0.038 
4 3 3 15.102 15.102 0.048 0.048 
4 3 4 14.657 14.657 0.306 0.306 
4 3 5 16.686 16.686 7.655 7.655 
5 1 1 11.992 11.992 0.059 0.059 
5 1 2 12.487 12.487 0.067 0.067 
5 1 3 12.820 12.820 0.073 0.073 
5 1 4 12.853 12.853 0.077 0.077 
5 1 5 12.543 12.543 0.082 0.082 
5 1 6 12.455 12.455 0.098 0.098 
5 1 7 12.636 12.636 0.091 0.091 
5 1 8 12.987 12.987 0.106 0.106 
5 1 9 13.350 13.350 0.114 0.114 
5 1 10 13.635 13.635 0.104 0.104 
5 1 11 13.419 13.419 0.100 0.100 
5 1 12 13.641 13.641 0.112 0.112 
5 1 13 13.964 13.964 0.114 0.114 
5 1 14 13.927 13.927 0.094 0.094 
5 1 15 13.892 13.892 0.097 0.097 
5 1 16 14.179 14.179 0.093 0.093 
5 1 17 13.689 13.689 0.081 0.081 
5 1 18 14.319 14.319 0.089 0.089 
5 1 19 14.308 14.308 0.097 0.097 
5 1 20 14.300 14.300 0.085 0.085 
5 1 21 13.942 13.942 0.079 0.079 
5 1 22 14.624 14.624 0.086 0.086 
5 1 23 14.061 14.061 0.083 0.083 
5 2 1 12.824 12.824 0.238 0.238 
5 2 2 11.414 11.414 0.104 0.104 
5 2 3 11.591 11.591 0.089 0.089 
5 2 4 12.515 12.515 0.086 0.086 
5 2 5 12.362 12.362 0.097 0.097 
5 2 6 12.974 12.974 0.090 0.090 
5 2 7 12.962 12.962 0.068 0.068 
5 2 8 12.952 12.952 0.068 0.068 
5 2 9 12.483 12.483 0.058 0.058 
5 2 10 13.627 13.627 0.062 0.062 
5 2 11 13.719 13.719 0.062 0.062 
5 2 12 13.890 13.890 0.063 0.063 
5 2 13 13.813 13.813 0.055 0.055 
5 2 14 13.877 13.877 0.056 0.056 
5 2 15 13.908 13.908 0.065 0.065 
5 2 16 13.831 13.831 0.066 0.066 
5 2 17 13.901 13.901 0.063 0.063 
5 2 18 13.607 13.607 0.060 0.060 
5 2 19 14.163 14.163 0.064 0.064 
5 2 20 14.354 14.354 0.058 0.058 
5 2 21 13.756 13.756 0.061 0.061 
5 2 22 14.149 14.149 0.071 0.071 
5 2 23 14.555 14.555 0.060 0.060 
5 2 24 14.222 14.222 0.058 0.058 
5 2 25 14.495 14.495 0.054 0.054 
5 2 26 14.555 14.555 0.064 0.064 
5 2 27 14.884 14.884 0.055 0.055 
5 2 28 14.557 14.557 0.054 0.054 
5 2 29 14.509 14.509 0.043 0.043 
5 2 30 14.771 14.771 0.055 0.055 
5 2 31 14.414 14.414 0.053 0.053 
5 2 32 15.163 15.163 0.040 0.040 
5 2 33 15.032 15.032 0.048 0.048 
5 2 34 15.072 15.072 0.047 0.047 
5 2 35 15.173 15.173 0.051 0.051 
5 2 36 15.109 15.109 0.041 0.041 
5 2 37 15.150 15.150 0.044 0.044 
5 2 38 15.385 15.385 0.049 0.049 
5 2 39 14.923 14.923 0.035 0.035 
5 2 40 15.296 15.296 0.053 0.053 
5 2 41 15.276 15.276 0.043 0.043 
5 2 42 15.204 15.204 0.037 0.037 
5 2 43 15.058 15.058 0.044 0.044 
5 2 44 15.478 15.478 0.040 0.040 
5 2 45 15.279 15.279 0.033 0.033 
5 2 46 15.394 15.394 0.035 0.035 
5 2 47 15.387 15.387 0.036 0.036 
5 2 48 15.564 15.564 0.037 0.037 
5 2 49 15.368 15.368 0.031 0.031 
5 2 50 15.531 15.531 0.027 0.027 
5 2 51 15.638 15.638 0.027 0.027 
5 2 52 15.666 15.666 0.032 0.032 
5 2 53 15.479 15.479 0.027 0.027 
5 2 54 15.611 15.611 0.029 0.029 
5 2 55 15.633 15.633 0.029 0.029 
5 2 56 15.461 15.461 0.031 0.031 
5 2 57 15.420 15.420 0.037 0.037 
5 2 58 15.518 15.518 0.034 0.034 
5 2 59 15.376 15.376 0.037 0.037 
5 2 60 15.654 15.654 0.035 0.035 
5 2 61 15.445 15.445 0.038 0.038 
5 2 62 15.761 15.761 0.036 0.036 
5 3 1 14.510 14.510 0.036 0.036 
5 3 2 14.834 14.834 0.047 0.047 
5 3 3 14.970 14.970 0.068 0.068 
5 3 4 14.697 14.697 0.097 0.097 
5 3 5 15.335 15.335 0.142 0.142 
6 1 1 11.717 11.717 0.058 0.058 
6 1 2 12.112 12.112 0.072 0.072 
6 1 3 12.603 12.603 0.076 0.076 
6 1 4 12.577 12.577 0.081 0.081 
6 1 5 12.380 12.380 0.087 0.087 
6 1 6 12.449 12.449 0.093 0.093 
6 1 7 12.979 12.979 0.095 0.095 
6 1 8 13.865 13.865 0.121 0.121 
6 1 9 13.386 13.386 0.101 0.101 
6 1 10 13.326 13.326 0.111 0.111 
6 1 11 13.414 13.414 0.105 0.105 
6 1 12 13.504 13.504 0.083 0.083 
6 1 13 13.446 13.446 0.086 0.086 
6 1 14 13.680 13.680 0.107 0.107 
6 1 15 13.869 13.869 0.078 0.078 
6 1 16 13.463 13.463 0.087 0.087 
6 1 17 14.077 14.077 0.080 0.080 
6 1 18 14.052 14.052 0.087 0.087 
6 1 19 14.565 14.565 0.081 0.081 
6 1 20 14.217 14.217 0.075 0.075 
6 1 21 16.000 16.000 362.039 362.039 
6 1 22 14.217 14.217 0.078 0.078 
6 1 23 14.253 14.253 0.067 0.067 
6 2 1 13.718 13.718 0.334 0.334 
6 2 2 11.167 11.167 0.116 0.116 
6 2 3 11.039 11.039 0.055 0.055 
6 2 4 12.459 12.459 0.044 0.044 
6 2 5 12.203 12.203 0.041 0.041 
6 2 6 12.248 12.248 0.041 0.041 
6 2 7 13.401 13.401 0.046 0.046 
6 2 8 12.826 12.826 0.045 0.045 
6 2 9 12.911 12.911 0.047 0.047 
6 2 10 13.497 13.497 0.045 0.045 
6 2 11 13.499 13.499 0.053 0.053 
6 2 12 13.970 13.970 0.055 0.055 
6 2 13 13.690 13.690 0.060 0.060 
6 2 14 13.393 13.393 0.048 0.048 
6 2 15 13.907 13.907 0.061 0.061 
6 2 16 13.694 13.694 0.063 0.063 
6 2 17 13.908 13.908 0.072 0.072 
6 2 18 13.489 13.489 0.061 0.061 
6 2 19 13.793 13.793 0.063 0.063 
6 2 20 14.218 14.218 0.067 0.067 
6 2 21 13.939 13.939 0.065 0.065 
6 2 22 14.453 14.453 0.077 0.077 
6 2 23 14.336 14.336 0.070 0.070 
6 2 24 14.259 14.259 0.063 0.063 
6 2 25 14.505 14.505 0.071 0.071 
6 2 26 14.541 14.541 0.081 0.081 
6 2 27 14.629 14.629 0.054 0.054 
6 2 28 14.237 14.237 0.064 0.064 
6 2 29 14.275 14.275 0.060 0.060 
6 2 30 14.802 14.802 0.047 0.047 
6 2 31 14.202 14.202 0.059 0.059 
6 2 32 15.210 15.210 0.042 0.042 
6 2 33 14.944 14.944 0.045 0.045 
6 2 34 15.083 15.083 0.062 0.062 
6 2 35 14.999 14.999 0.040 0.040 
6 2 36 15.114 15.114 0.053 0.053 
6 2 37 14.979 14.979 0.046 0.046 
6 2 38 15.260 15.260 0.049 0.049 
6 2 39 15.316 15.316 0.045 0.045 
6 2 40 15.317 15.317 0.046 0.046 
6 2 41 15.067 15.067 0.035 0.035 
6 2 42 15.093 15.093 0.035 0.035 
6 2 43 15.142 15.142 0.053 0.053 
6 2 44 15.264 15.264 0.039 0.039 
6 2 45 14.999 14.999 0.036 0.036 
6 2 46 15.316 15.316 0.033 0.033 
6 2 47 15.252 15.252 0.035 0.035 
6 2 48 15.635 15.635 0.026 0.026 
6 2 49 15.504 15.504 0.032 0.032 
6 2 50 15.467 15.467 0.030 0.030 
6 2 51 15.713 15.713 0.033 0.033 
6 2 52 15.542 15.542 0.032 0.032 
6 2 53 15.728 15.728 0.033 0.033 
6 2 54 15.534 15.534 0.029 0.029 
6 2 55 15.625 15.625 0.029 0.029 
6 2 56 15.684 15.684 0.035 0.035 
6 2 57 15.352 15.352 0.035 0.035 
6 2 58 15.594 15.594 0.032 0.032 
6 2 59 15.685 15.685 0.039 0.039 
6 2 60 15.680 15.680 0.029 0.029 
6 2 61 15.772 15.772 0.034 0.034 
6 2 62 15.882 15.882 0.030 0.030 
6 3 1 15.055 15.055 0.033 0.033 
6 3 2 15.242 15.242 0.036 0.036 
6 3 3 14.906 14.906 0.242 0.242 
6 3 4 15.033 15.033 0.079 0.079 
6 3 5 13.183 13.183 1.573 1.573 
