1 1 1 1.656
1 1 2 0.093
1 1 3 2.789
1 1 4 1.322
1 1 5 -0.009
1 1 6 4.534
1 1 7 0.156
1 1 8 0.072
1 1 9 -1.504
1 1 10 1.510
1 1 11 5.843
1 1 12 2.051
1 1 13 -3.478
1 1 14 0.623
1 1 15 1.358
1 1 16 1.576
1 1 17 -3.208
1 1 18 2.693
1 1 19 -0.165
1 1 20 0.906
1 1 21 1.369
1 1 22 -0.932
1 1 23 0.150
1 2 1 0.141
1 2 2 0.669
1 2 3 1.307
1 2 4 1.111
1 2 5 1.624
1 2 6 -0.492
1 2 7 -1.025
1 2 8 -0.544
1 2 9 -1.595
1 2 10 0.791
1 2 11 0.944
1 2 12 1.697
1 2 13 0.252
1 2 14 -0.287
1 2 15 0.766
1 2 16 -0.621
1 2 17 0.559
1 2 18 1.283
1 2 19 -0.096
1 2 20 0.231
1 2 21 0.319
1 2 22 0.168
1 2 23 -1.009
1 2 24 0.810
1 2 25 1.208
1 2 26 0.667
1 2 27 0.813
1 2 28 1.064
1 2 29 -0.110
1 2 30 0.075
1 2 31 0.442
1 2 32 1.179
1 2 33 1.216
1 2 34 -0.026
1 2 35 -0.207
1 2 36 0.117
1 2 37 -0.121
1 2 38 -0.448
1 2 39 -0.851
1 2 40 -1.334
1 2 41 1.231
1 2 42 0.179
1 2 43 0.161
1 2 44 -0.011
1 2 45 -1.379
1 2 46 0.489
1 2 47 0.585
1 2 48 1.134
1 2 49 0.873
1 2 50 -0.536
1 2 51 0.184
1 2 52 0.089
1 2 53 0.600
1 2 54 -1.969
1 2 55 -0.158
1 2 56 0.077
1 2 57 0.150
1 2 58 0.378
1 2 59 -2.636
1 2 60 -0.608
1 2 61 1.470
1 2 62 0.488
1 3 1 9.931
1 3 2 -5.945
1 3 3 -6.864
1 3 4 -7.399
1 3 5 -1.655
2 1 1 -3.743
2 1 2 1.720
2 1 3 1.128
2 1 4 -1.874
2 1 5 -0.644
2 1 6 0.000
2 1 7 -0.136
2 1 8 -1.428
2 1 9 -0.041
2 1 10 0.000
2 1 11 -0.191
2 1 12 2.158
2 1 13 0.242
2 1 14 2.165
2 1 15 0.310
2 1 16 -0.051
2 1 17 4.729
2 1 18 -0.978
2 1 19 -9.625
2 1 20 2.025
2 1 21 -4.670
2 1 22 0.445
2 1 23 -1.536
2 2 1 -1.630
2 2 2 0.225
2 2 3 0.408
2 2 4 1.419
2 2 5 -0.209
2 2 6 -1.524
2 2 7 0.928
2 2 8 -0.733
2 2 9 2.093
2 2 10 1.544
2 2 11 1.686
2 2 12 0.961
2 2 13 -0.619
2 2 14 0.322
2 2 15 -0.194
2 2 16 0.646
2 2 17 0.678
2 2 18 0.322
2 2 19 0.037
2 2 20 -0.118
2 2 21 -0.226
2 2 22 0.160
2 2 23 -0.200
2 2 24 -0.178
2 2 25 0.315
2 2 26 0.529
2 2 27 1.449
2 2 28 0.578
2 2 29 1.356
2 2 30 1.689
2 2 31 0.110
2 2 32 2.497
2 2 33 -0.189
2 2 34 0.062
2 2 35 0.288
2 2 36 0.351
2 2 37 -0.864
2 2 38 0.735
2 2 39 -0.045
2 2 40 1.544
2 2 41 1.909
2 2 42 0.192
2 2 43 -0.989
2 2 44 1.144
2 2 45 0.730
2 2 46 0.240
2 2 47 1.313
2 2 48 2.255
2 2 49 0.824
2 2 50 0.831
2 2 51 0.640
2 2 52 1.130
2 2 53 0.437
2 2 54 -0.919
2 2 55 -1.991
2 2 56 -1.081
2 2 57 0.412
2 2 58 1.074
2 2 59 1.060
2 2 60 -0.475
2 2 61 1.303
2 2 62 -0.658
2 3 1 8.826
2 3 2 0.409
2 3 3 -0.699
2 3 4 -8.356
2 3 5 6.756
3 1 1 -0.634
3 1 2 1.811
3 1 3 0.882
3 1 4 0.861
3 1 5 2.031
3 1 6 -0.112
3 1 7 7.041
3 1 8 0.601
3 1 9 0.942
3 1 10 0.949
3 1 11 -0.833
3 1 12 0.911
3 1 13 1.460
3 1 14 -2.800
3 1 15 7.524
3 1 16 1.697
3 1 17 -8.230
3 1 18 -1.667
3 1 19 -0.465
3 1 20 2.537
3 1 21 -2.817
3 1 22 -4.507
3 1 23 0.946
3 2 1 -1.621
3 2 2 5.177
3 2 3 2.537
3 2 4 -1.195
3 2 5 1.516
3 2 6 0.297
3 2 7 0.569
3 2 8 0.416
3 2 9 1.267
3 2 10 0.405
3 2 11 0.780
3 2 12 1.151
3 2 13 1.779
3 2 14 0.096
3 2 15 0.712
3 2 16 -0.128
3 2 17 0.501
3 2 18 -1.475
3 2 19 -0.425
3 2 20 0.331
3 2 21 1.312
3 2 22 0.223
3 2 23 0.186
3 2 24 1.295
3 2 25 1.184
3 2 26 1.666
3 2 27 -0.527
3 2 28 0.258
3 2 29 2.575
3 2 30 -0.973
3 2 31 -0.426
3 2 32 1.097
3 2 33 -0.237
3 2 34 0.166
3 2 35 1.383
3 2 36 -0.439
3 2 37 -0.508
3 2 38 0.822
3 2 39 -0.823
3 2 40 0.302
3 2 41 0.965
3 2 42 1.052
3 2 43 -0.605
3 2 44 0.718
3 2 45 0.883
3 2 46 0.409
3 2 47 0.119
3 2 48 1.502
3 2 49 -0.167
3 2 50 -2.836
3 2 51 -0.507
3 2 52 0.195
3 2 53 2.401
3 2 54 -0.858
3 2 55 1.077
3 2 56 0.105
3 2 57 1.797
3 2 58 0.207
3 2 59 -2.082
3 2 60 -0.496
3 2 61 -0.393
3 2 62 -0.785
3 3 1 -4.756
3 3 2 1.213
3 3 3 -6.307
3 3 4 -2.218
3 3 5 0.000
4 1 1 1.822
4 1 2 3.253
4 1 3 1.345
4 1 4 -1.530
4 1 5 -0.651
4 1 6 3.931
4 1 7 0.844
4 1 8 -0.878
4 1 9 -0.921
4 1 10 0.992
4 1 11 2.732
4 1 12 -1.032
4 1 13 0.295
4 1 14 -0.792
4 1 15 4.077
4 1 16 3.369
4 1 17 -2.060
4 1 18 0.849
4 1 19 0.038
4 1 20 0.591
4 1 21 -0.152
4 1 22 2.523
4 1 23 -0.307
4 2 1 -0.339
4 2 2 -0.888
4 2 3 -1.589
4 2 4 0.327
4 2 5 0.580
4 2 6 -1.246
4 2 7 -0.069
4 2 8 0.449
4 2 9 1.923
4 2 10 1.103
4 2 11 1.005
4 2 12 1.252
4 2 13 0.536
4 2 14 0.396
4 2 15 0.350
4 2 16 -0.811
4 2 17 0.648
4 2 18 -1.277
4 2 19 0.077
4 2 20 1.967
4 2 21 -0.178
4 2 22 0.489
4 2 23 0.410
4 2 24 0.026
4 2 25 0.866
4 2 26 1.045
4 2 27 1.492
4 2 28 0.357
4 2 29 0.868
4 2 30 0.348
4 2 31 0.288
4 2 32 0.127
4 2 33 -0.227
4 2 34 0.808
4 2 35 0.865
4 2 36 1.422
4 2 37 1.044
4 2 38 1.428
4 2 39 0.241
4 2 40 -1.021
4 2 41 0.880
4 2 42 1.464
4 2 43 0.793
4 2 44 0.922
4 2 45 0.202
4 2 46 -0.909
4 2 47 1.236
4 2 48 0.158
4 2 49 0.795
4 2 50 -0.337
4 2 51 0.838
4 2 52 -0.017
4 2 53 1.156
4 2 54 0.389
4 2 55 1.957
4 2 56 1.423
4 2 57 0.032
4 2 58 -0.207
4 2 59 -1.680
4 2 60 1.296
4 2 61 1.489
4 2 62 -1.435
4 3 1 1.432
4 3 2 1.993
4 3 3 -5.520
4 3 4 8.842
4 3 5 1.790
5 1 1 -0.972
5 1 2 2.419
5 1 3 -0.464
5 1 4 0.209
5 1 5 0.248
5 1 6 3.430
5 1 7 -1.797
5 1 8 1.093
5 1 9 1.731
5 1 10 1.926
5 1 11 -0.550
5 1 12 -0.727
5 1 13 2.432
5 1 14 1.782
5 1 15 -3.347
5 1 16 9.331
5 1 17 2.389
5 1 18 0.076
5 1 19 -1.296
5 1 20 -0.482
5 1 21 0.208
5 1 22 -0.569
5 1 23 0.124
5 2 1 1.527
5 2 2 -1.005
5 2 3 0.051
5 2 4 0.834
5 2 5 0.066
5 2 6 1.424
5 2 7 0.877
5 2 8 0.347
5 2 9 0.716
5 2 10 1.367
5 2 11 0.228
5 2 12 0.789
5 2 13 0.400
5 2 14 0.761
5 2 15 0.731
5 2 16 2.644
5 2 17 -0.036
5 2 18 0.347
5 2 19 1.433
5 2 20 0.154
5 2 21 0.345
5 2 22 -0.449
5 2 23 -0.043
5 2 24 0.700
5 2 25 1.650
5 2 26 0.839
5 2 27 1.320
5 2 28 1.729
5 2 29 0.831
5 2 30 1.458
5 2 31 1.096
5 2 32 0.644
5 2 33 0.990
5 2 34 0.088
5 2 35 0.670
5 2 36 -0.350
5 2 37 0.139
5 2 38 -0.747
5 2 39 -0.422
5 2 40 0.269
5 2 41 1.180
5 2 42 2.066
5 2 43 0.805
5 2 44 0.774
5 2 45 1.360
5 2 46 0.220
5 2 47 1.093
5 2 48 -0.399
5 2 49 -0.802
5 2 50 0.771
5 2 51 0.941
5 2 52 -0.263
5 2 53 0.816
5 2 54 1.587
5 2 55 -0.187
5 2 56 2.243
5 2 57 -0.094
5 2 58 0.482
5 2 59 -0.171
5 2 60 -0.770
5 2 61 1.792
5 2 62 -1.150
5 3 1 -0.362
5 3 2 1.476
5 3 3 3.542
5 3 4 -3.484
5 3 5 -7.868
6 1 1 3.514
6 1 2 0.019
6 1 3 -2.586
6 1 4 2.016
6 1 5 2.278
6 1 6 -2.059
6 1 7 0.047
6 1 8 2.928
6 1 9 2.158
6 1 10 -0.279
6 1 11 -0.039
6 1 12 0.005
6 1 13 1.958
6 1 14 -5.127
6 1 15 -2.374
6 1 16 0.120
6 1 17 3.705
6 1 18 0.212
6 1 19 -0.209
6 1 20 2.011
6 1 21 0.000
6 1 22 -3.605
6 1 23 -0.700
6 2 1 -1.592
6 2 2 -0.155
6 2 3 -0.117
6 2 4 1.928
6 2 5 0.892
6 2 6 1.445
6 2 7 -0.637
6 2 8 -1.698
6 2 9 -0.518
6 2 10 0.387
6 2 11 0.729
6 2 12 1.094
6 2 13 0.127
6 2 14 0.281
6 2 15 0.279
6 2 16 -0.875
6 2 17 -1.225
6 2 18 0.023
6 2 19 1.580
6 2 20 -0.571
6 2 21 1.015
6 2 22 0.385
6 2 23 -0.107
6 2 24 1.172
6 2 25 0.938
6 2 26 0.304
6 2 27 0.824
6 2 28 0.595
6 2 29 0.866
6 2 30 0.490
6 2 31 0.926
6 2 32 0.386
6 2 33 -1.130
6 2 34 -0.174
6 2 35 0.496
6 2 36 0.772
6 2 37 0.072
6 2 38 -1.011
6 2 39 -0.626
6 2 40 1.202
6 2 41 1.890
6 2 42 1.724
6 2 43 -0.412
6 2 44 0.497
6 2 45 0.347
6 2 46 0.860
6 2 47 0.322
6 2 48 0.006
6 2 49 1.016
6 2 50 1.496
6 2 51 0.786
6 2 52 -0.655
6 2 53 1.091
6 2 54 0.664
6 2 55 0.843
6 2 56 0.565
6 2 57 0.904
6 2 58 -0.439
6 2 59 -0.758
6 2 60 0.416
6 2 61 0.120
6 2 62 -1.184
6 3 1 -0.735
6 3 2 1.749
6 3 3 12.249
6 3 4 -6.938
6 3 5 3.456
