1 1 1 11.625 11.625 0.205 0.205 
1 1 2 11.725 11.725 0.161 0.161 
1 1 3 11.806 11.806 0.158 0.158 
1 1 4 12.009 12.009 0.161 0.161 
1 1 5 11.953 11.953 0.187 0.187 
1 1 6 11.700 11.700 0.171 0.171 
1 1 7 12.623 12.623 0.124 0.124 
1 1 8 12.842 12.842 0.148 0.148 
1 1 9 14.375 14.375 0.502 0.502 
1 1 10 12.650 12.650 0.301 0.301 
1 1 11 12.777 12.777 2.679 2.679 
1 1 12 -14.457 -14.457 67.671 67.671 
1 1 13 16.000 16.000 362.039 362.039 
1 1 14 10.182 10.182 12.618 12.618 
1 1 15 16.775 16.775 29.800 29.800 
1 1 16 16.000 16.000 362.039 362.039 
1 1 17 10.063 10.063 5.125 5.125 
1 1 18 16.000 16.000 362.039 362.039 
1 1 19 16.000 16.000 362.039 362.039 
1 1 20 16.000 16.000 362.039 362.039 
1 1 21 16.000 16.000 362.039 362.039 
1 1 22 16.000 16.000 362.039 362.039 
1 1 23 16.000 16.000 362.039 362.039 
1 2 1 13.792 13.792 8.156 8.156 
1 2 2 10.444 10.444 0.407 0.407 
1 2 3 11.679 11.679 0.224 0.224 
1 2 4 11.181 11.181 0.121 0.121 
1 2 5 11.917 11.917 0.109 0.109 
1 2 6 11.540 11.540 0.091 0.091 
1 2 7 13.215 13.215 0.099 0.099 
1 2 8 12.929 12.929 0.124 0.124 
1 2 9 12.760 12.760 0.100 0.100 
1 2 10 12.997 12.997 0.076 0.076 
1 2 11 13.236 13.236 0.083 0.083 
1 2 12 13.719 13.719 0.077 0.077 
1 2 13 12.680 12.680 0.083 0.083 
1 2 14 13.579 13.579 0.067 0.067 
1 2 15 13.731 13.731 0.062 0.062 
1 2 16 13.577 13.577 0.050 0.050 
1 2 17 13.925 13.925 0.066 0.066 
1 2 18 13.372 13.372 0.075 0.075 
1 2 19 13.822 13.822 0.062 0.062 
1 2 20 13.554 13.554 0.067 0.067 
1 2 21 13.467 13.467 0.076 0.076 
1 2 22 14.046 14.046 0.079 0.079 
1 2 23 13.619 13.619 0.097 0.097 
1 2 24 14.822 14.822 0.480 0.480 
1 2 25 14.349 14.349 0.293 0.293 
1 2 26 13.377 13.377 0.395 0.395 
1 2 27 15.352 15.352 0.365 0.365 
1 2 28 13.336 13.336 4.878 4.878 
1 2 29 14.369 14.369 0.466 0.466 
1 2 30 16.000 16.000 362.039 362.039 
1 2 31 16.000 16.000 362.039 362.039 
1 2 32 12.001 12.001 5.899 5.899 
1 2 33 16.000 16.000 362.039 362.039 
1 2 34 15.037 15.037 0.259 0.259 
1 2 35 13.127 13.127 30.928 30.928 
1 2 36 16.000 16.000 362.039 362.039 
1 2 37 16.000 16.000 362.039 362.039 
1 2 38 16.000 16.000 362.039 362.039 
1 2 39 16.000 16.000 362.039 362.039 
1 2 40 16.000 16.000 362.039 362.039 
1 2 41 14.898 14.898 1.000 1.000 
1 2 42 16.000 16.000 362.039 362.039 
1 2 43 16.000 16.000 362.039 362.039 
1 2 44 16.000 16.000 362.039 362.039 
1 2 45 16.000 16.000 362.039 362.039 
1 2 46 16.000 16.000 362.039 362.039 
1 2 47 16.000 16.000 362.039 362.039 
1 2 48 16.000 16.000 362.039 362.039 
1 2 49 16.000 16.000 362.039 362.039 
1 2 50 16.000 16.000 362.039 362.039 
1 2 51 16.000 16.000 362.039 362.039 
1 2 52 16.000 16.000 362.039 362.039 
1 2 53 16.000 16.000 362.039 362.039 
1 2 54 16.000 16.000 362.039 362.039 
1 2 55 16.000 16.000 362.039 362.039 
1 2 56 16.000 16.000 362.039 362.039 
1 2 57 16.000 16.000 362.039 362.039 
1 2 58 16.000 16.000 362.039 362.039 
1 2 59 16.000 16.000 362.039 362.039 
1 2 60 16.000 16.000 362.039 362.039 
1 2 61 16.000 16.000 362.039 362.039 
1 2 62 16.000 16.000 362.039 362.039 
1 3 1 9.612 9.612 3.163 3.163 
1 3 2 16.000 16.000 362.039 362.039 
1 3 3 16.000 16.000 362.039 362.039 
1 3 4 16.000 16.000 362.039 362.039 
1 3 5 16.000 16.000 362.039 362.039 
2 1 1 11.544 11.544 0.196 0.196 
2 1 2 12.174 12.174 0.203 0.203 
2 1 3 11.968 11.968 0.215 0.215 
2 1 4 12.803 12.803 0.193 0.193 
2 1 5 12.202 12.202 0.167 0.167 
2 1 6 16.000 16.000 362.039 362.039 
2 1 7 13.122 13.122 0.116 0.116 
2 1 8 13.390 13.390 0.320 0.320 
2 1 9 13.095 13.095 0.222 0.222 
2 1 10 16.000 16.000 362.039 362.039 
2 1 11 12.762 12.762 0.856 0.856 
2 1 12 11.640 11.640 7.818 7.818 
2 1 13 16.000 16.000 362.039 362.039 
2 1 14 12.309 12.309 1.442 1.442 
2 1 15 16.000 16.000 362.039 362.039 
2 1 16 16.000 16.000 362.039 362.039 
2 1 17 16.000 16.000 362.039 362.039 
2 1 18 16.000 16.000 362.039 362.039 
2 1 19 16.000 16.000 362.039 362.039 
2 1 20 8.941 8.941 10.450 10.450 
2 1 21 16.000 16.000 362.039 362.039 
2 1 22 16.000 16.000 362.039 362.039 
2 1 23 16.000 16.000 362.039 362.039 
2 2 1 15.418 15.418 1.147 1.147 
2 2 2 13.068 13.068 0.515 0.515 
2 2 3 11.552 11.552 0.200 0.200 
2 2 4 11.230 11.230 0.128 0.128 
2 2 5 12.072 12.072 0.103 0.103 
2 2 6 12.398 12.398 0.112 0.112 
2 2 7 12.951 12.951 0.087 0.087 
2 2 8 11.956 11.956 0.095 0.095 
2 2 9 12.575 12.575 0.101 0.101 
2 2 10 13.546 13.546 0.069 0.069 
2 2 11 13.757 13.757 0.065 0.065 
2 2 12 13.830 13.830 0.089 0.089 
2 2 13 13.422 13.422 0.078 0.078 
2 2 14 13.103 13.103 0.062 0.062 
2 2 15 13.309 13.309 0.060 0.060 
2 2 16 13.897 13.897 0.064 0.064 
2 2 17 13.927 13.927 0.059 0.059 
2 2 18 13.428 13.428 0.059 0.059 
2 2 19 13.573 13.573 0.084 0.084 
2 2 20 14.232 14.232 0.071 0.071 
2 2 21 13.739 13.739 0.057 0.057 
2 2 22 14.365 14.365 0.074 0.074 
2 2 23 14.659 14.659 0.275 0.275 
2 2 24 13.873 13.873 0.117 0.117 
2 2 25 13.912 13.912 1.590 1.590 
2 2 26 26.681 26.681 309.265 309.265 
2 2 27 13.817 13.817 0.291 0.291 
2 2 28 12.685 12.685 2.097 2.097 
2 2 29 16.000 16.000 362.039 362.039 
2 2 30 5.145 5.145 2.504 2.504 
2 2 31 16.000 16.000 362.039 362.039 
2 2 32 16.000 16.000 362.039 362.039 
2 2 33 15.462 15.462 7.155 7.155 
2 2 34 16.000 16.000 362.039 362.039 
2 2 35 16.000 16.000 362.039 362.039 
2 2 36 14.416 14.416 2.666 2.666 
2 2 37 16.000 16.000 362.039 362.039 
2 2 38 16.000 16.000 362.039 362.039 
2 2 39 15.264 15.264 0.480 0.480 
2 2 40 16.000 16.000 362.039 362.039 
2 2 41 16.000 16.000 362.039 362.039 
2 2 42 16.000 16.000 362.039 362.039 
2 2 43 16.000 16.000 362.039 362.039 
2 2 44 16.000 16.000 362.039 362.039 
2 2 45 16.000 16.000 362.039 362.039 
2 2 46 16.000 16.000 362.039 362.039 
2 2 47 16.000 16.000 362.039 362.039 
2 2 48 16.000 16.000 362.039 362.039 
2 2 49 16.000 16.000 362.039 362.039 
2 2 50 16.000 16.000 362.039 362.039 
2 2 51 16.000 16.000 362.039 362.039 
2 2 52 16.000 16.000 362.039 362.039 
2 2 53 16.000 16.000 362.039 362.039 
2 2 54 16.000 16.000 362.039 362.039 
2 2 55 16.000 16.000 362.039 362.039 
2 2 56 16.000 16.000 362.039 362.039 
2 2 57 16.000 16.000 362.039 362.039 
2 2 58 16.000 16.000 362.039 362.039 
2 2 59 16.000 16.000 362.039 362.039 
2 2 60 16.000 16.000 362.039 362.039 
2 2 61 16.000 16.000 362.039 362.039 
2 2 62 16.000 16.000 362.039 362.039 
2 3 1 15.569 15.569 0.480 0.480 
2 3 2 14.118 14.118 0.651 0.651 
2 3 3 16.000 16.000 362.039 362.039 
2 3 4 16.000 16.000 362.039 362.039 
2 3 5 16.000 16.000 362.039 362.039 
3 1 1 12.375 12.375 0.253 0.253 
3 1 2 12.301 12.301 0.224 0.224 
3 1 3 12.030 12.030 0.203 0.203 
3 1 4 12.840 12.840 0.210 0.210 
3 1 5 12.064 12.064 0.171 0.171 
3 1 6 12.385 12.385 0.237 0.237 
3 1 7 13.541 13.541 0.184 0.184 
3 1 8 13.511 13.511 0.201 0.201 
3 1 9 12.948 12.948 0.224 0.224 
3 1 10 13.410 13.410 0.181 0.181 
3 1 11 16.000 16.000 362.039 362.039 
3 1 12 10.154 10.154 80.179 80.179 
3 1 13 13.241 13.241 0.135 0.135 
3 1 14 16.000 16.000 362.039 362.039 
3 1 15 -235.301 -235.301 7303.927 7303.927 
3 1 16 16.000 16.000 362.039 362.039 
3 1 17 16.000 16.000 362.039 362.039 
3 1 18 12.843 12.843 6.425 6.425 
3 1 19 16.000 16.000 362.039 362.039 
3 1 20 16.000 16.000 362.039 362.039 
3 1 21 16.000 16.000 362.039 362.039 
3 1 22 16.000 16.000 362.039 362.039 
3 1 23 16.000 16.000 362.039 362.039 
3 2 1 14.186 14.186 1.037 1.037 
3 2 2 13.266 13.266 0.770 0.770 
3 2 3 14.109 14.109 1.397 1.397 
3 2 4 13.820 13.820 0.431 0.431 
3 2 5 13.726 13.726 0.409 0.409 
3 2 6 11.791 11.791 0.270 0.270 
3 2 7 12.999 12.999 0.222 0.222 
3 2 8 12.971 12.971 0.183 0.183 
3 2 9 12.231 12.231 0.175 0.175 
3 2 10 13.221 13.221 0.126 0.126 
3 2 11 13.415 13.415 0.165 0.165 
3 2 12 13.780 13.780 0.131 0.131 
3 2 13 13.261 13.261 0.088 0.088 
3 2 14 13.417 13.417 0.130 0.130 
3 2 15 13.689 13.689 0.103 0.103 
3 2 16 13.301 13.301 0.079 0.079 
3 2 17 13.760 13.760 0.083 0.083 
3 2 18 13.707 13.707 0.093 0.093 
3 2 19 14.132 14.132 0.091 0.091 
3 2 20 14.190 14.190 0.041 0.041 
3 2 21 13.616 13.616 0.131 0.131 
3 2 22 14.286 14.286 0.135 0.135 
3 2 23 13.755 13.755 0.224 0.224 
3 2 24 14.373 14.373 0.209 0.209 
3 2 25 14.294 14.294 0.096 0.096 
3 2 26 14.261 14.261 0.108 0.108 
3 2 27 14.318 14.318 0.092 0.092 
3 2 28 13.952 13.952 0.373 0.373 
3 2 29 12.257 12.257 17.617 17.617 
3 2 30 16.000 16.000 362.039 362.039 
3 2 31 15.581 15.581 1.138 1.138 
3 2 32 18.071 18.071 5.583 5.583 
3 2 33 16.216 16.216 3.629 3.629 
3 2 34 15.845 15.845 2.501 2.501 
3 2 35 14.910 14.910 1.190 1.190 
3 2 36 16.000 16.000 362.039 362.039 
3 2 37 16.000 16.000 362.039 362.039 
3 2 38 16.000 16.000 362.039 362.039 
3 2 39 16.000 16.000 362.039 362.039 
3 2 40 15.819 15.819 6.796 6.796 
3 2 41 16.000 16.000 362.039 362.039 
3 2 42 16.000 16.000 362.039 362.039 
3 2 43 16.000 16.000 362.039 362.039 
3 2 44 16.000 16.000 362.039 362.039 
3 2 45 16.000 16.000 362.039 362.039 
3 2 46 16.000 16.000 362.039 362.039 
3 2 47 16.000 16.000 362.039 362.039 
3 2 48 16.000 16.000 362.039 362.039 
3 2 49 16.000 16.000 362.039 362.039 
3 2 50 16.000 16.000 362.039 362.039 
3 2 51 16.000 16.000 362.039 362.039 
3 2 52 16.000 16.000 362.039 362.039 
3 2 53 16.000 16.000 362.039 362.039 
3 2 54 16.000 16.000 362.039 362.039 
3 2 55 16.000 16.000 362.039 362.039 
3 2 56 16.000 16.000 362.039 362.039 
3 2 57 16.000 16.000 362.039 362.039 
3 2 58 16.000 16.000 362.039 362.039 
3 2 59 16.000 16.000 362.039 362.039 
3 2 60 16.000 16.000 362.039 362.039 
3 2 61 16.000 16.000 362.039 362.039 
3 2 62 16.000 16.000 362.039 362.039 
3 3 1 16.000 16.000 362.039 362.039 
3 3 2 16.000 16.000 362.039 362.039 
3 3 3 16.000 16.000 362.039 362.039 
3 3 4 16.000 16.000 362.039 362.039 
3 3 5 16.000 16.000 362.039 362.039 
4 1 1 11.498 11.498 0.163 0.163 
4 1 2 12.451 12.451 0.214 0.214 
4 1 3 12.233 12.233 0.180 0.180 
4 1 4 12.601 12.601 0.183 0.183 
4 1 5 12.092 12.092 0.198 0.198 
4 1 6 12.219 12.219 0.263 0.263 
4 1 7 12.768 12.768 0.180 0.180 
4 1 8 13.104 13.104 0.139 0.139 
4 1 9 12.984 12.984 0.224 0.224 
4 1 10 12.512 12.512 0.231 0.231 
4 1 11 -24.335 -24.335 213.077 213.077 
4 1 12 12.117 12.117 13.784 13.784 
4 1 13 11.921 11.921 81.741 81.741 
4 1 14 16.000 16.000 362.039 362.039 
4 1 15 13.380 13.380 2.160 2.160 
4 1 16 16.000 16.000 362.039 362.039 
4 1 17 16.000 16.000 362.039 362.039 
4 1 18 16.000 16.000 362.039 362.039 
4 1 19 16.000 16.000 362.039 362.039 
4 1 20 16.000 16.000 362.039 362.039 
4 1 21 16.000 16.000 362.039 362.039 
4 1 22 16.000 16.000 362.039 362.039 
4 1 23 16.000 16.000 362.039 362.039 
4 2 1 12.538 12.538 1.635 1.635 
4 2 2 12.535 12.535 0.539 0.539 
4 2 3 12.382 12.382 0.343 0.343 
4 2 4 11.554 11.554 0.156 0.156 
4 2 5 12.199 12.199 0.151 0.151 
4 2 6 12.910 12.910 0.149 0.149 
4 2 7 13.503 13.503 0.123 0.123 
4 2 8 12.211 12.211 0.098 0.098 
4 2 9 12.697 12.697 0.126 0.126 
4 2 10 13.630 13.630 0.112 0.112 
4 2 11 13.212 13.212 0.111 0.111 
4 2 12 13.730 13.730 0.107 0.107 
4 2 13 13.844 13.844 0.090 0.090 
4 2 14 13.241 13.241 0.095 0.095 
4 2 15 13.889 13.889 0.090 0.090 
4 2 16 13.572 13.572 0.098 0.098 
4 2 17 14.086 14.086 0.132 0.132 
4 2 18 13.668 13.668 0.119 0.119 
4 2 19 14.145 14.145 0.091 0.091 
4 2 20 13.675 13.675 0.117 0.117 
4 2 21 13.474 13.474 0.234 0.234 
4 2 22 14.274 14.274 0.151 0.151 
4 2 23 14.146 14.146 0.076 0.076 
4 2 24 14.405 14.405 0.098 0.098 
4 2 25 14.329 14.329 0.093 0.093 
4 2 26 14.268 14.268 1.059 1.059 
4 2 27 13.988 13.988 0.276 0.276 
4 2 28 14.250 14.250 0.137 0.137 
4 2 29 14.003 14.003 0.123 0.123 
4 2 30 14.305 14.305 0.273 0.273 
4 2 31 16.000 16.000 362.039 362.039 
4 2 32 16.000 16.000 362.039 362.039 
4 2 33 16.000 16.000 362.039 362.039 
4 2 34 16.000 16.000 362.039 362.039 
4 2 35 16.000 16.000 362.039 362.039 
4 2 36 16.000 16.000 362.039 362.039 
4 2 37 16.000 16.000 362.039 362.039 
4 2 38 16.000 16.000 362.039 362.039 
4 2 39 14.329 14.329 46.506 46.506 
4 2 40 16.000 16.000 362.039 362.039 
4 2 41 16.000 16.000 362.039 362.039 
4 2 42 16.000 16.000 362.039 362.039 
4 2 43 16.000 16.000 362.039 362.039 
4 2 44 16.000 16.000 362.039 362.039 
4 2 45 16.000 16.000 362.039 362.039 
4 2 46 16.000 16.000 362.039 362.039 
4 2 47 16.000 16.000 362.039 362.039 
4 2 48 16.000 16.000 362.039 362.039 
4 2 49 16.000 16.000 362.039 362.039 
4 2 50 16.000 16.000 362.039 362.039 
4 2 51 16.000 16.000 362.039 362.039 
4 2 52 16.000 16.000 362.039 362.039 
4 2 53 16.000 16.000 362.039 362.039 
4 2 54 16.000 16.000 362.039 362.039 
4 2 55 16.000 16.000 362.039 362.039 
4 2 56 16.000 16.000 362.039 362.039 
4 2 57 16.000 16.000 362.039 362.039 
4 2 58 16.000 16.000 362.039 362.039 
4 2 59 16.000 16.000 362.039 362.039 
4 2 60 16.000 16.000 362.039 362.039 
4 2 61 16.000 16.000 362.039 362.039 
4 2 62 16.000 16.000 362.039 362.039 
4 3 1 16.000 16.000 362.039 362.039 
4 3 2 20.551 20.551 30.118 30.118 
4 3 3 16.000 16.000 362.039 362.039 
4 3 4 16.000 16.000 362.039 362.039 
4 3 5 16.000 16.000 362.039 362.039 
5 1 1 13.483 13.483 0.262 0.262 
5 1 2 12.751 12.751 0.236 0.236 
5 1 3 12.514 12.514 0.201 0.201 
5 1 4 12.849 12.849 0.210 0.210 
5 1 5 12.536 12.536 0.216 0.216 
5 1 6 12.350 12.350 0.185 0.185 
5 1 7 12.742 12.742 0.132 0.132 
5 1 8 13.213 13.213 0.180 0.180 
5 1 9 13.103 13.103 0.206 0.206 
5 1 10 13.801 13.801 0.166 0.166 
5 1 11 13.391 13.391 0.957 0.957 
5 1 12 13.502 13.502 4.108 4.108 
5 1 13 13.926 13.926 1.499 1.499 
5 1 14 16.000 16.000 362.039 362.039 
5 1 15 16.000 16.000 362.039 362.039 
5 1 16 16.000 16.000 362.039 362.039 
5 1 17 16.000 16.000 362.039 362.039 
5 1 18 16.000 16.000 362.039 362.039 
5 1 19 16.000 16.000 362.039 362.039 
5 1 20 16.000 16.000 362.039 362.039 
5 1 21 16.000 16.000 362.039 362.039 
5 1 22 16.000 16.000 362.039 362.039 
5 1 23 16.000 16.000 362.039 362.039 
5 2 1 14.667 14.667 1.219 1.219 
5 2 2 11.758 11.758 0.412 0.412 
5 2 3 12.106 12.106 0.369 0.369 
5 2 4 12.093 12.093 0.296 0.296 
5 2 5 12.364 12.364 0.321 0.321 
5 2 6 12.861 12.861 0.286 0.286 
5 2 7 12.955 12.955 0.229 0.229 
5 2 8 12.837 12.837 0.189 0.189 
5 2 9 12.321 12.321 0.178 0.178 
5 2 10 13.569 13.569 0.149 0.149 
5 2 11 13.715 13.715 0.140 0.140 
5 2 12 13.963 13.963 0.135 0.135 
5 2 13 13.724 13.724 0.105 0.105 
5 2 14 13.671 13.671 0.083 0.083 
5 2 15 13.786 13.786 0.065 0.065 
5 2 16 13.717 13.717 0.062 0.062 
5 2 17 13.686 13.686 0.075 0.075 
5 2 18 13.422 13.422 0.074 0.074 
5 2 19 14.219 14.219 0.069 0.069 
5 2 20 14.280 14.280 0.056 0.056 
5 2 21 13.583 13.583 0.086 0.086 
5 2 22 14.158 14.158 0.100 0.100 
5 2 23 14.242 14.242 0.125 0.125 
5 2 24 14.287 14.287 0.114 0.114 
5 2 25 14.241 14.241 0.066 0.066 
5 2 26 14.256 14.256 0.196 0.196 
5 2 27 18.680 18.680 7.157 7.157 
5 2 28 14.644 14.644 2.330 2.330 
5 2 29 16.000 16.000 362.039 362.039 
5 2 30 125.817 125.817 2326.283 2326.283 
5 2 31 19.625 19.625 138.809 138.809 
5 2 32 15.688 15.688 2.668 2.668 
5 2 33 -7.821 -7.821 24.717 24.717 
5 2 34 16.000 16.000 362.039 362.039 
5 2 35 16.000 16.000 362.039 362.039 
5 2 36 16.000 16.000 362.039 362.039 
5 2 37 16.000 16.000 362.039 362.039 
5 2 38 16.000 16.000 362.039 362.039 
5 2 39 16.000 16.000 362.039 362.039 
5 2 40 15.005 15.005 25.284 25.284 
5 2 41 16.000 16.000 362.039 362.039 
5 2 42 16.000 16.000 362.039 362.039 
5 2 43 16.000 16.000 362.039 362.039 
5 2 44 16.000 16.000 362.039 362.039 
5 2 45 16.000 16.000 362.039 362.039 
5 2 46 16.000 16.000 362.039 362.039 
5 2 47 16.085 16.085 1.646 1.646 
5 2 48 16.382 16.382 4.995 4.995 
5 2 49 1.866 1.866 0.588 0.588 
5 2 50 16.000 16.000 362.039 362.039 
5 2 51 16.000 16.000 362.039 362.039 
5 2 52 16.000 16.000 362.039 362.039 
5 2 53 16.000 16.000 362.039 362.039 
5 2 54 16.000 16.000 362.039 362.039 
5 2 55 16.000 16.000 362.039 362.039 
5 2 56 16.000 16.000 362.039 362.039 
5 2 57 16.000 16.000 362.039 362.039 
5 2 58 16.000 16.000 362.039 362.039 
5 2 59 16.000 16.000 362.039 362.039 
5 2 60 16.000 16.000 362.039 362.039 
5 2 61 16.000 16.000 362.039 362.039 
5 2 62 16.000 16.000 362.039 362.039 
5 3 1 16.000 16.000 362.039 362.039 
5 3 2 14.672 14.672 0.150 0.150 
5 3 3 16.000 16.000 362.039 362.039 
5 3 4 16.000 16.000 362.039 362.039 
5 3 5 16.000 16.000 362.039 362.039 
6 1 1 11.528 11.528 0.186 0.186 
6 1 2 11.886 11.886 0.177 0.177 
6 1 3 12.388 12.388 0.185 0.185 
6 1 4 12.795 12.795 0.209 0.209 
6 1 5 12.607 12.607 0.128 0.128 
6 1 6 12.581 12.581 0.173 0.173 
6 1 7 12.944 12.944 0.191 0.191 
6 1 8 14.203 14.203 0.314 0.314 
6 1 9 13.253 13.253 0.179 0.179 
6 1 10 13.112 13.112 0.186 0.186 
6 1 11 12.174 12.174 7.652 7.652 
6 1 12 16.000 16.000 362.039 362.039 
6 1 13 16.000 16.000 362.039 362.039 
6 1 14 16.000 16.000 362.039 362.039 
6 1 15 16.056 16.056 4.715 4.715 
6 1 16 16.000 16.000 362.039 362.039 
6 1 17 44.820 44.820 278.746 278.746 
6 1 18 16.252 16.252 31.284 31.284 
6 1 19 14.132 14.132 10.086 10.086 
6 1 20 16.000 16.000 362.039 362.039 
6 1 21 16.000 16.000 362.039 362.039 
6 1 22 16.000 16.000 362.039 362.039 
6 1 23 16.000 16.000 362.039 362.039 
6 2 1 16.645 16.645 1.766 1.766 
6 2 2 11.145 11.145 0.337 0.337 
6 2 3 11.151 11.151 0.170 0.170 
6 2 4 12.635 12.635 0.116 0.116 
6 2 5 12.111 12.111 0.096 0.096 
6 2 6 12.547 12.547 0.098 0.098 
6 2 7 13.153 13.153 0.106 0.106 
6 2 8 12.349 12.349 0.075 0.075 
6 2 9 12.756 12.756 0.100 0.100 
6 2 10 13.295 13.295 0.083 0.083 
6 2 11 13.500 13.500 0.081 0.081 
6 2 12 13.883 13.883 0.092 0.092 
6 2 13 13.821 13.821 0.069 0.069 
6 2 14 13.309 13.309 0.056 0.056 
6 2 15 13.750 13.750 0.079 0.079 
6 2 16 13.430 13.430 0.067 0.067 
6 2 17 13.805 13.805 0.070 0.070 
6 2 18 13.354 13.354 0.064 0.064 
6 2 19 13.770 13.770 0.051 0.051 
6 2 20 14.006 14.006 0.079 0.079 
6 2 21 13.687 13.687 0.072 0.072 
6 2 22 14.296 14.296 0.081 0.081 
6 2 23 13.914 13.914 0.137 0.137 
6 2 24 13.875 13.875 0.197 0.197 
6 2 25 18.705 18.705 8.465 8.465 
6 2 26 13.377 13.377 1.771 1.771 
6 2 27 15.264 15.264 5.151 5.151 
6 2 28 16.000 16.000 362.039 362.039 
6 2 29 16.000 16.000 362.039 362.039 
6 2 30 14.348 14.348 6.787 6.787 
6 2 31 13.391 13.391 0.790 0.790 
6 2 32 15.199 15.199 4.399 4.399 
6 2 33 16.000 16.000 362.039 362.039 
6 2 34 12.804 12.804 18.707 18.707 
6 2 35 16.000 16.000 362.039 362.039 
6 2 36 14.833 14.833 2.491 2.491 
6 2 37 16.000 16.000 362.039 362.039 
6 2 38 16.000 16.000 362.039 362.039 
6 2 39 16.000 16.000 362.039 362.039 
6 2 40 16.000 16.000 362.039 362.039 
6 2 41 16.000 16.000 362.039 362.039 
6 2 42 16.000 16.000 362.039 362.039 
6 2 43 16.000 16.000 362.039 362.039 
6 2 44 16.000 16.000 362.039 362.039 
6 2 45 16.000 16.000 362.039 362.039 
6 2 46 16.000 16.000 362.039 362.039 
6 2 47 15.361 15.361 3.976 3.976 
6 2 48 16.000 16.000 362.039 362.039 
6 2 49 16.000 16.000 362.039 362.039 
6 2 50 16.000 16.000 362.039 362.039 
6 2 51 16.000 16.000 362.039 362.039 
6 2 52 16.000 16.000 362.039 362.039 
6 2 53 16.000 16.000 362.039 362.039 
6 2 54 16.000 16.000 362.039 362.039 
6 2 55 16.000 16.000 362.039 362.039 
6 2 56 16.000 16.000 362.039 362.039 
6 2 57 16.000 16.000 362.039 362.039 
6 2 58 16.000 16.000 362.039 362.039 
6 2 59 16.000 16.000 362.039 362.039 
6 2 60 16.000 16.000 362.039 362.039 
6 2 61 16.000 16.000 362.039 362.039 
6 2 62 16.000 16.000 362.039 362.039 
6 3 1 -3.492 -3.492 15.795 15.795 
6 3 2 15.126 15.126 0.235 0.235 
6 3 3 16.000 16.000 362.039 362.039 
6 3 4 16.000 16.000 362.039 362.039 
6 3 5 16.000 16.000 362.039 362.039 
