1 1 1 -689.753 -689.753 1.414 1.414 0.212 0.003
1 1 2 578.885 578.885 19.153 19.153 -0.007 0.004
1 1 3 554.972 554.972 2.713 2.713 0.032 0.006
1 1 4 -987.736 -987.736 42.851 42.851 0.182 0.006
1 1 5 -669.231 -669.231 1.414 1.414 0.111 0.006
1 1 6 -2783.506 -2783.506 55.484 55.484 0.118 0.010
1 1 7 -438.724 -438.724 48627.758 48627.758 -0.046 0.009
1 1 8 -1018.736 -1018.736 NaN NaN 0.030 0.011
1 1 9 685.071 685.071 5.210 5.210 0.086 0.010
1 1 10 -483.476 -483.476 1.414 1.414 0.098 0.012
1 1 11 675.524 675.524 5.334 5.334 0.171 0.012
1 1 12 631.717 631.717 29.276 29.276 0.079 0.012
1 1 13 636.931 636.931 0.002 0.002 0.020 0.015
1 1 14 -775.279 -775.279 1.414 1.414 0.011 0.013
1 1 15 737.617 737.617 6.783 6.783 0.128 0.012
1 1 16 -28.302 -28.302 NaN NaN -0.253 0.014
1 1 17 611.026 611.026 17.845 17.845 -0.102 0.015
1 1 18 -2828.721 -2828.721 1.414 1.414 -0.002 0.013
1 1 19 577.300 577.300 5.273 5.273 -0.094 0.018
1 1 20 647.636 647.636 5.651 5.651 -0.114 0.014
1 1 21 382.514 382.514 6.027 6.027 -0.092 0.015
1 1 22 -511.580 -511.580 1.414 1.414 -0.215 0.018
1 1 23 492.182 492.182 6.321 6.321 -0.212 0.019
1 2 1 956.485 956.485 186.517 186.517 0.021 0.007
1 2 2 883.914 883.914 15.086 15.086 0.019 0.003
1 2 3 828.070 828.070 9.173 9.173 -0.032 0.003
1 2 4 879.459 879.459 8.298 8.298 -0.001 0.003
1 2 5 802.009 802.009 6.040 6.040 -0.020 0.004
1 2 6 783.200 783.200 5.532 5.532 0.015 0.005
1 2 7 784.029 784.029 5.812 5.812 -0.022 0.004
1 2 8 816.385 816.385 6.039 6.039 0.042 0.005
1 2 9 790.891 790.891 5.404 5.404 0.005 0.005
1 2 10 791.983 791.983 5.011 5.011 0.053 0.006
1 2 11 761.646 761.646 4.354 4.354 0.013 0.006
1 2 12 772.982 772.982 5.631 5.631 -0.000 0.005
1 2 13 706.016 706.016 4.441 4.441 -0.067 0.009
1 2 14 772.519 772.519 6.268 6.268 0.023 0.008
1 2 15 776.843 776.843 5.616 5.616 0.066 0.008
1 2 16 720.394 720.394 5.866 5.866 -0.033 0.009
1 2 17 777.645 777.645 5.111 5.111 0.049 0.009
1 2 18 777.475 777.475 5.618 5.618 0.063 0.014
1 2 19 733.041 733.041 5.785 5.785 0.071 0.012
1 2 20 762.143 762.143 5.496 5.496 0.005 0.013
1 2 21 762.119 762.119 7.790 7.790 0.063 0.017
1 2 22 737.019 737.019 6.253 6.253 0.025 0.013
1 2 23 -2190.930 -2190.930 33589.641 33589.641 0.108 0.016
1 2 24 743.423 743.423 5.176 5.176 0.016 0.013
1 2 25 -44.533 -44.533 52.337 52.337 0.049 0.013
1 2 26 712.577 712.577 57.110 57.110 0.021 0.014
1 2 27 669.451 669.451 52.412 52.412 0.043 0.012
1 2 28 766.205 766.205 8.266 8.266 0.044 0.015
1 2 29 758.129 758.129 8.539 8.539 0.034 0.017
1 2 30 786.565 786.565 6.853 6.853 0.075 0.016
1 2 31 694.796 694.796 7.425 7.425 0.079 0.021
1 2 32 9.022 9.022 1.414 1.414 0.029 0.009
1 2 33 763.091 763.091 8.357 8.357 0.020 0.014
1 2 34 773.071 773.071 6.809 6.809 0.043 0.011
1 2 35 756.591 756.591 6.734 6.734 0.047 0.013
1 2 36 773.330 773.330 7.513 7.513 0.014 0.013
1 2 37 771.093 771.093 6.657 6.657 -0.022 0.013
1 2 38 795.654 795.654 7.042 7.042 0.012 0.010
1 2 39 719.869 719.869 7.688 7.688 0.015 0.015
1 2 40 795.372 795.372 7.751 7.751 -0.003 0.014
1 2 41 777.251 777.251 6.061 6.061 0.005 0.012
1 2 42 757.783 757.783 110.913 110.913 0.033 0.017
1 2 43 723.068 723.068 7.167 7.167 0.001 0.017
1 2 44 700.673 700.673 8.102 8.102 -0.052 0.016
1 2 45 282.911 282.911 NaN NaN 0.017 0.015
1 2 46 791.937 791.937 6.833 6.833 -0.026 0.017
1 2 47 736.961 736.961 6.807 6.807 -0.026 0.016
1 2 48 768.702 768.702 7.902 7.902 0.008 0.014
1 2 49 772.747 772.747 7.453 7.453 0.088 0.018
1 2 50 793.054 793.054 8.085 8.085 0.016 0.014
1 2 51 750.118 750.118 9.468 9.468 0.040 0.012
1 2 52 781.191 781.191 8.002 8.002 -0.025 0.016
1 2 53 822.326 822.326 9.731 9.731 -0.057 0.015
1 2 54 -725.707 -725.707 1.414 1.414 -0.071 0.022
1 2 55 756.673 756.673 9.078 9.078 -0.066 0.020
1 2 56 774.099 774.099 6.629 6.629 -0.069 0.015
1 2 57 -1766.730 -1766.730 NaN NaN -0.051 0.021
1 2 58 775.246 775.246 10.490 10.490 -0.125 0.019
1 2 59 806.344 806.344 13.116 13.116 -0.065 0.020
1 2 60 735.886 735.886 8.372 8.372 -0.039 0.020
1 2 61 766.365 766.365 11.465 11.465 -0.058 0.020
1 2 62 757.588 757.588 11.785 11.785 -0.094 0.020
1 3 1 -25.109 -25.109 292.341 292.341 0.015 0.014
1 3 2 339.147 339.147 6.150 6.150 -0.052 0.013
1 3 3 339.882 339.882 6.870 6.870 -0.062 0.015
1 3 4 345.489 345.489 10.669 10.669 0.049 0.016
1 3 5 581.288 581.288 18.345 18.345 0.715 0.024
2 1 1 619.288 619.288 2.820 2.820 -0.063 0.003
2 1 2 -407.041 -407.041 1.414 1.414 0.100 0.004
2 1 3 763.049 763.049 3.505 3.505 -0.059 0.008
2 1 4 753.297 753.297 3.643 3.643 -0.142 0.006
2 1 5 663.889 663.889 3.365 3.365 -0.210 0.009
2 1 6 12.500 12.500 0.000 0.000 0.000 0.000
2 1 7 669.861 669.861 3.454 3.454 0.029 0.009
2 1 8 647.547 647.547 4.944 4.944 0.038 0.010
2 1 9 666.961 666.961 4.093 4.093 0.024 0.011
2 1 10 12.500 12.500 0.000 0.000 0.000 0.000
2 1 11 -1778.788 -1778.788 1.414 1.414 0.051 0.011
2 1 12 690.526 690.526 6.262 6.262 0.035 0.018
2 1 13 666.322 666.322 4.770 4.770 0.038 0.014
2 1 14 660.843 660.843 4.762 4.762 -0.042 0.014
2 1 15 652.397 652.397 5.356 5.356 0.070 0.016
2 1 16 -1325.078 -1325.078 41706.914 41706.914 0.008 0.016
2 1 17 601.016 601.016 5.054 5.054 0.154 0.016
2 1 18 -101.019 -101.019 53.791 53.791 0.056 0.013
2 1 19 12.500 12.500 0.000 0.000 0.000 0.000
2 1 20 670.976 670.976 5.576 5.576 -0.025 0.016
2 1 21 13.410 13.410 1.414 1.414 -0.144 0.017
2 1 22 558.610 558.610 5.757 5.757 -0.173 0.017
2 1 23 -2963.795 -2963.795 1.414 1.414 0.210 0.019
2 2 1 866.110 866.110 10.263 10.263 -0.032 0.004
2 2 2 929.341 929.341 6.433 6.433 0.029 0.003
2 2 3 895.029 895.029 5.257 5.257 -0.002 0.002
2 2 4 867.961 867.961 4.515 4.515 -0.054 0.004
2 2 5 881.837 881.837 4.737 4.737 -0.005 0.004
2 2 6 892.467 892.467 4.361 4.361 -0.006 0.003
2 2 7 888.829 888.829 4.944 4.944 -0.008 0.004
2 2 8 887.690 887.690 4.794 4.794 -0.049 0.006
2 2 9 880.574 880.574 4.728 4.728 -0.022 0.006
2 2 10 913.320 913.320 4.626 4.626 0.013 0.005
2 2 11 895.805 895.805 5.160 5.160 0.023 0.005
2 2 12 885.528 885.528 5.077 5.077 -0.011 0.006
2 2 13 893.049 893.049 5.111 5.111 -0.048 0.007
2 2 14 847.086 847.086 5.197 5.197 -0.027 0.010
2 2 15 896.689 896.689 5.638 5.638 -0.048 0.010
2 2 16 859.518 859.518 5.449 5.449 0.008 0.009
2 2 17 877.026 877.026 5.213 5.213 -0.062 0.009
2 2 18 852.284 852.284 6.185 6.185 -0.041 0.013
2 2 19 913.694 913.694 5.888 5.888 -0.028 0.013
2 2 20 869.335 869.335 5.766 5.766 -0.014 0.011
2 2 21 901.992 901.992 5.442 5.442 -0.030 0.015
2 2 22 899.435 899.435 6.336 6.336 0.008 0.011
2 2 23 1464.595 1464.595 1.414 1.414 -0.028 0.013
2 2 24 882.453 882.453 6.131 6.131 -0.042 0.016
2 2 25 901.448 901.448 7.730 7.730 -0.075 0.014
2 2 26 883.349 883.349 7.401 7.401 -0.037 0.014
2 2 27 896.073 896.073 6.753 6.753 0.002 0.012
2 2 28 898.845 898.845 7.282 7.282 -0.056 0.013
2 2 29 866.955 866.955 7.635 7.635 -0.053 0.016
2 2 30 863.781 863.781 6.971 6.971 0.037 0.016
2 2 31 890.548 890.548 8.979 8.979 -0.020 0.021
2 2 32 907.831 907.831 7.145 7.145 0.071 0.011
2 2 33 872.128 872.128 6.454 6.454 -0.032 0.013
2 2 34 888.989 888.989 7.898 7.898 0.007 0.010
2 2 35 897.906 897.906 7.889 7.889 -0.001 0.012
2 2 36 889.423 889.423 7.872 7.872 0.036 0.013
2 2 37 898.638 898.638 11.239 11.239 -0.005 0.014
2 2 38 913.130 913.130 8.663 8.663 -0.008 0.011
2 2 39 887.197 887.197 8.056 8.056 0.015 0.016
2 2 40 869.836 869.836 7.622 7.622 0.045 0.015
2 2 41 855.547 855.547 7.792 7.792 0.101 0.014
2 2 42 869.725 869.725 6.942 6.942 0.011 0.016
2 2 43 856.633 856.633 9.154 9.154 0.007 0.017
2 2 44 893.624 893.624 9.500 9.500 -0.007 0.013
2 2 45 886.638 886.638 7.592 7.592 0.091 0.016
2 2 46 884.880 884.880 8.475 8.475 0.013 0.016
2 2 47 877.873 877.873 8.388 8.388 0.003 0.015
2 2 48 835.888 835.888 9.619 9.619 0.081 0.014
2 2 49 858.213 858.213 10.371 10.371 -0.015 0.015
2 2 50 869.560 869.560 9.433 9.433 0.061 0.014
2 2 51 878.315 878.315 8.686 8.686 -0.042 0.013
2 2 52 845.967 845.967 14.578 14.578 -0.008 0.014
2 2 53 887.995 887.995 11.909 11.909 -0.010 0.015
2 2 54 859.546 859.546 9.976 9.976 -0.035 0.016
2 2 55 907.421 907.421 12.106 12.106 -0.010 0.020
2 2 56 904.730 904.730 10.673 10.673 0.046 0.015
2 2 57 913.647 913.647 11.797 11.797 0.012 0.017
2 2 58 886.847 886.847 11.126 11.126 0.099 0.023
2 2 59 856.091 856.091 13.381 13.381 0.169 0.023
2 2 60 780.743 780.743 33.143 33.143 0.039 0.020
2 2 61 722.274 722.274 125.147 125.147 0.120 0.019
2 2 62 813.021 813.021 11.455 11.455 0.074 0.018
2 3 1 436.741 436.741 4.947 4.947 0.218 0.013
2 3 2 467.566 467.566 8.005 8.005 0.004 0.012
2 3 3 414.799 414.799 3.207 3.207 -0.087 0.015
2 3 4 396.464 396.464 4.327 4.327 -0.087 0.019
2 3 5 401.690 401.690 7.816 7.816 -0.157 0.018
3 1 1 666.804 666.804 4.410 4.410 0.056 0.002
3 1 2 739.747 739.747 148.978 148.978 0.094 0.003
3 1 3 934.284 934.284 153.374 153.374 -0.044 0.005
3 1 4 742.960 742.960 3.665 3.665 0.108 0.005
3 1 5 689.537 689.537 4.578 4.578 0.038 0.009
3 1 6 772.906 772.906 5.212 5.212 0.203 0.011
3 1 7 -265.530 -265.530 53347.063 53347.063 0.061 0.009
3 1 8 697.819 697.819 4.506 4.506 0.007 0.008
3 1 9 497.548 497.548 375.091 375.091 -0.106 0.010
3 1 10 651.625 651.625 4.642 4.642 0.078 0.011
3 1 11 689.668 689.668 5.373 5.373 0.031 0.016
3 1 12 704.226 704.226 4.378 4.378 0.129 0.012
3 1 13 648.165 648.165 4.890 4.890 -0.016 0.013
3 1 14 -2550.027 -2550.027 147643.763 147643.763 0.140 0.014
3 1 15 -835.642 -835.642 55440.816 55440.816 0.180 0.012
3 1 16 591.295 591.295 4.710 4.710 0.182 0.014
3 1 17 -1204.522 -1204.522 1.414 1.414 0.094 0.015
3 1 18 50.565 50.565 18669.131 18669.131 0.078 0.012
3 1 19 602.249 602.249 5.503 5.503 0.078 0.014
3 1 20 640.620 640.620 6.183 6.183 0.060 0.016
3 1 21 489.922 489.922 10.552 10.552 0.085 0.016
3 1 22 610.522 610.522 5.459 5.459 0.048 0.015
3 1 23 543.572 543.572 5.846 5.846 -0.161 0.019
3 2 1 1595.840 1595.840 50.723 50.723 -0.076 0.004
3 2 2 927.397 927.397 11.299 11.299 0.000 0.003
3 2 3 776.664 776.664 419.922 419.922 -0.019 0.002
3 2 4 852.918 852.918 14.837 14.837 -0.051 0.002
3 2 5 854.725 854.725 7.690 7.690 -0.019 0.002
3 2 6 859.552 859.552 5.272 5.272 -0.057 0.003
3 2 7 868.585 868.585 4.536 4.536 -0.050 0.003
3 2 8 865.210 865.210 4.966 4.966 -0.049 0.003
3 2 9 854.688 854.688 5.279 5.279 -0.017 0.005
3 2 10 866.109 866.109 4.609 4.609 -0.024 0.004
3 2 11 881.455 881.455 6.037 6.037 -0.018 0.004
3 2 12 886.391 886.391 5.247 5.247 0.004 0.004
3 2 13 867.350 867.350 5.016 5.016 0.006 0.006
3 2 14 845.717 845.717 6.076 6.076 -0.005 0.006
3 2 15 888.973 888.973 6.161 6.161 0.047 0.006
3 2 16 845.239 845.239 6.603 6.603 0.005 0.010
3 2 17 879.348 879.348 5.874 5.874 0.019 0.008
3 2 18 896.083 896.083 5.423 5.423 0.034 0.010
3 2 19 879.178 879.178 6.090 6.090 0.007 0.008
3 2 20 874.532 874.532 5.883 5.883 0.022 0.009
3 2 21 890.549 890.549 7.367 7.367 0.060 0.014
3 2 22 121.873 121.873 302.581 302.581 0.032 0.010
3 2 23 871.256 871.256 6.647 6.647 0.075 0.013
3 2 24 871.077 871.077 7.193 7.193 0.116 0.013
3 2 25 871.172 871.172 6.771 6.771 0.096 0.014
3 2 26 874.737 874.737 7.388 7.388 0.030 0.013
3 2 27 890.080 890.080 7.092 7.092 0.040 0.014
3 2 28 882.919 882.919 8.805 8.805 0.091 0.015
3 2 29 905.731 905.731 7.469 7.469 0.119 0.018
3 2 30 851.989 851.989 7.221 7.221 0.007 0.015
3 2 31 881.952 881.952 8.327 8.327 0.082 0.016
3 2 32 875.939 875.939 6.755 6.755 0.041 0.010
3 2 33 980.808 980.808 36.960 36.960 0.077 0.014
3 2 34 907.447 907.447 9.426 9.426 0.054 0.011
3 2 35 897.808 897.808 7.404 7.404 0.090 0.014
3 2 36 866.253 866.253 6.561 6.561 0.058 0.013
3 2 37 886.660 886.660 7.276 7.276 0.074 0.013
3 2 38 893.657 893.657 8.368 8.368 0.071 0.011
3 2 39 902.285 902.285 6.767 6.767 0.111 0.013
3 2 40 912.850 912.850 8.042 8.042 0.096 0.011
3 2 41 860.614 860.614 6.355 6.355 0.136 0.015
3 2 42 914.048 914.048 14.642 14.642 0.144 0.015
3 2 43 881.986 881.986 7.340 7.340 0.093 0.014
3 2 44 850.171 850.171 7.983 7.983 0.164 0.013
3 2 45 945.708 945.708 27.719 27.719 0.117 0.015
3 2 46 857.682 857.682 7.962 7.962 0.115 0.019
3 2 47 880.660 880.660 9.070 9.070 0.090 0.014
3 2 48 880.978 880.978 10.626 10.626 0.094 0.019
3 2 49 830.392 830.392 9.825 9.825 0.050 0.020
3 2 50 877.533 877.533 9.217 9.217 0.061 0.021
3 2 51 882.519 882.519 14.706 14.706 0.032 0.021
3 2 52 896.758 896.758 16.540 16.540 0.035 0.013
3 2 53 847.292 847.292 10.575 10.575 0.071 0.021
3 2 54 890.341 890.341 12.712 12.712 -0.062 0.017
3 2 55 871.655 871.655 10.893 10.893 0.023 0.017
3 2 56 840.007 840.007 83.880 83.880 -0.016 0.013
3 2 57 901.237 901.237 10.554 10.554 -0.049 0.019
3 2 58 854.309 854.309 12.834 12.834 -0.071 0.023
3 2 59 842.199 842.199 9.784 9.784 -0.107 0.020
3 2 60 817.381 817.381 12.366 12.366 -0.088 0.020
3 2 61 825.302 825.302 23.379 23.379 -0.114 0.021
3 2 62 857.704 857.704 12.679 12.679 -0.073 0.020
3 3 1 342.306 342.306 18.455 18.455 0.940 0.020
3 3 2 435.406 435.406 3.764 3.764 0.216 0.011
3 3 3 433.466 433.466 3.278 3.278 0.133 0.015
3 3 4 414.753 414.753 6.038 6.038 0.184 0.017
3 3 5 413.507 413.507 6.344 6.344 0.150 0.019
4 1 1 513.458 513.458 4.662 4.662 0.101 0.003
4 1 2 471.589 471.589 3.651 3.651 -0.001 0.003
4 1 3 518.794 518.794 4.345 4.345 -0.063 0.005
4 1 4 295.977 295.977 250.551 250.551 -0.015 0.006
4 1 5 538.836 538.836 48.510 48.510 0.052 0.011
4 1 6 -38.778 -38.778 255.985 255.985 0.545 0.010
4 1 7 372.661 372.661 3.648 3.648 -0.045 0.009
4 1 8 134.731 134.731 1.414 1.414 -0.052 0.010
4 1 9 -2131.508 -2131.508 4844.641 4844.641 0.009 0.010
4 1 10 100.226 100.226 NaN NaN -0.049 0.011
4 1 11 319.786 319.786 8.109 8.109 0.146 0.019
4 1 12 358.572 358.572 3.843 3.843 0.018 0.011
4 1 13 387.524 387.524 3.801 3.801 0.057 0.013
4 1 14 407.554 407.554 3.188 3.188 0.042 0.015
4 1 15 502.603 502.603 4.049 4.049 0.006 0.015
4 1 16 361.001 361.001 5.111 5.111 -0.183 0.015
4 1 17 347.074 347.074 6.140 6.140 -0.090 0.014
4 1 18 496.380 496.380 4.288 4.288 -0.020 0.013
4 1 19 352.766 352.766 7.051 7.051 -0.114 0.015
4 1 20 340.273 340.273 9.241 9.241 0.009 0.020
4 1 21 326.947 326.947 15.173 15.173 -0.028 0.018
4 1 22 -913.790 -913.790 1516.112 1516.112 0.030 0.016
4 1 23 281.930 281.930 10.121 10.121 0.051 0.016
4 2 1 143.836 143.836 1303.556 1303.556 -0.009 0.005
4 2 2 879.408 879.408 24.496 24.496 -0.018 0.002
4 2 3 848.435 848.435 16.018 16.018 -0.023 0.002
4 2 4 835.435 835.435 19.946 19.946 -0.002 0.003
4 2 5 718.777 718.777 11.806 11.806 -0.016 0.003
4 2 6 762.500 762.500 20.907 20.907 -0.026 0.004
4 2 7 765.045 765.045 10.198 10.198 -0.037 0.003
4 2 8 745.615 745.615 12.023 12.023 -0.034 0.005
4 2 9 692.139 692.139 8.359 8.359 0.023 0.005
4 2 10 753.681 753.681 8.526 8.526 -0.015 0.004
4 2 11 684.783 684.783 10.715 10.715 -0.006 0.006
4 2 12 684.916 684.916 8.469 8.469 -0.025 0.005
4 2 13 733.507 733.507 9.286 9.286 0.027 0.006
4 2 14 740.411 740.411 11.655 11.655 0.024 0.008
4 2 15 -7553.407 -7553.407 1.414 1.414 -0.023 0.007
4 2 16 718.844 718.844 10.123 10.123 0.004 0.009
4 2 17 -100.455 -100.455 101.878 101.878 0.014 0.008
4 2 18 -321.448 -321.448 33547.747 33547.747 0.074 0.010
4 2 19 680.883 680.883 50.625 50.625 0.029 0.008
4 2 20 722.136 722.136 11.352 11.352 0.129 0.011
4 2 21 729.476 729.476 7.147 7.147 0.008 0.014
4 2 22 727.411 727.411 6.892 6.892 0.044 0.011
4 2 23 655.677 655.677 83.245 83.245 0.023 0.010
4 2 24 704.682 704.682 6.397 6.397 0.004 0.012
4 2 25 748.873 748.873 6.330 6.330 0.024 0.014
4 2 26 568.383 568.383 274.717 274.717 0.059 0.013
4 2 27 706.011 706.011 7.562 7.562 0.052 0.013
4 2 28 714.390 714.390 7.129 7.129 0.058 0.013
4 2 29 709.936 709.936 6.681 6.681 0.040 0.016
4 2 30 245.628 245.628 41.395 41.395 0.022 0.017
4 2 31 677.132 677.132 8.072 8.072 0.009 0.018
4 2 32 734.815 734.815 0.000 0.000 -0.036 0.009
4 2 33 712.285 712.285 8.419 8.419 0.002 0.014
4 2 34 -831.483 -831.483 1.414 1.414 -0.009 0.011
4 2 35 744.724 744.724 5.740 5.740 0.022 0.010
4 2 36 694.579 694.579 18.349 18.349 0.034 0.011
4 2 37 742.087 742.087 7.145 7.145 -0.009 0.010
4 2 38 760.952 760.952 6.288 6.288 -0.020 0.010
4 2 39 743.819 743.819 6.305 6.305 -0.023 0.012
4 2 40 757.182 757.182 6.943 6.943 -0.009 0.012
4 2 41 737.183 737.183 18.547 18.547 0.027 0.012
4 2 42 773.395 773.395 6.583 6.583 0.032 0.011
4 2 43 750.841 750.841 6.878 6.878 0.008 0.014
4 2 44 774.465 774.465 7.826 7.826 0.006 0.013
4 2 45 696.391 696.391 57.073 57.073 0.005 0.014
4 2 46 750.668 750.668 14.975 14.975 0.013 0.016
4 2 47 721.270 721.270 8.051 8.051 0.044 0.016
4 2 48 736.415 736.415 6.462 6.462 -0.004 0.013
4 2 49 741.077 741.077 15.999 15.999 0.074 0.020
4 2 50 760.834 760.834 7.049 7.049 -0.002 0.016
4 2 51 678.527 678.527 8.037 8.037 0.029 0.014
4 2 52 768.864 768.864 6.736 6.736 0.011 0.016
4 2 53 721.737 721.737 9.105 9.105 0.030 0.016
4 2 54 752.955 752.955 9.317 9.317 0.040 0.017
4 2 55 709.387 709.387 9.413 9.413 -0.014 0.021
4 2 56 766.758 766.758 7.138 7.138 0.036 0.015
4 2 57 741.836 741.836 10.732 10.732 0.009 0.021
4 2 58 -149.179 -149.179 4755.442 4755.442 0.024 0.020
4 2 59 713.656 713.656 12.835 12.835 0.069 0.022
4 2 60 763.492 763.492 10.721 10.721 -0.041 0.024
4 2 61 726.342 726.342 21.827 21.827 0.026 0.020
4 2 62 712.706 712.706 8.043 8.043 0.042 0.017
4 3 1 332.849 332.849 6.943 6.943 0.000 0.014
4 3 2 343.734 343.734 5.998 5.998 0.053 0.013
4 3 3 369.536 369.536 4.692 4.692 -0.024 0.015
4 3 4 349.611 349.611 9.869 9.869 0.096 0.016
4 3 5 376.748 376.748 8.164 8.164 0.012 0.017
5 1 1 651.926 651.926 3.328 3.328 -0.103 0.002
5 1 2 622.139 622.139 3.345 3.345 0.061 0.003
5 1 3 -1017.545 -1017.545 68743.311 68743.311 0.028 0.003
5 1 4 687.807 687.807 3.694 3.694 -0.033 0.004
5 1 5 666.627 666.627 3.733 3.733 -0.044 0.008
5 1 6 683.063 683.063 4.408 4.408 -0.230 0.009
5 1 7 680.231 680.231 4.425 4.425 -0.160 0.010
5 1 8 652.272 652.272 59.102 59.102 -0.118 0.011
5 1 9 674.765 674.765 4.302 4.302 0.057 0.010
5 1 10 747.354 747.354 21.984 21.984 -0.042 0.009
5 1 11 -307.226 -307.226 1.414 1.414 -0.057 0.011
5 1 12 -468.243 -468.243 27153.675 27153.675 -0.138 0.011
5 1 13 671.417 671.417 4.845 4.845 -0.059 0.010
5 1 14 662.267 662.267 5.159 5.159 -0.019 0.014
5 1 15 517.650 517.650 87.377 87.377 -0.107 0.011
5 1 16 647.950 647.950 4.844 4.844 -0.124 0.013
5 1 17 -1272.584 -1272.584 NaN NaN 0.048 0.014
5 1 18 641.056 641.056 4.960 4.960 -0.063 0.012
5 1 19 631.500 631.500 5.040 5.040 -0.053 0.013
5 1 20 121.985 121.985 21.717 21.717 0.089 0.015
5 1 21 88.781 88.781 1.414 1.414 -0.099 0.015
5 1 22 611.450 611.450 6.061 6.061 -0.106 0.016
5 1 23 554.423 554.423 5.664 5.664 0.194 0.018
5 2 1 1719.944 1719.944 97.145 97.145 0.025 0.003
5 2 2 969.814 969.814 30.391 30.391 0.001 0.002
5 2 3 884.267 884.267 16.003 16.003 0.011 0.002
5 2 4 849.494 849.494 15.681 15.681 0.006 0.002
5 2 5 851.191 851.191 9.234 9.234 0.019 0.003
5 2 6 911.889 911.889 12.531 12.531 0.037 0.003
5 2 7 898.657 898.657 8.528 8.528 0.024 0.003
5 2 8 893.973 893.973 7.291 7.291 0.018 0.003
5 2 9 856.761 856.761 7.623 7.623 -0.023 0.005
5 2 10 915.956 915.956 8.355 8.355 -0.029 0.004
5 2 11 895.144 895.144 7.188 7.188 -0.065 0.004
5 2 12 906.552 906.552 7.136 7.136 -0.006 0.004
5 2 13 871.778 871.778 6.929 6.929 -0.057 0.005
5 2 14 864.648 864.648 6.969 6.969 -0.065 0.006
5 2 15 914.172 914.172 7.795 7.795 -0.046 0.007
5 2 16 846.205 846.205 6.065 6.065 -0.031 0.008
5 2 17 900.639 900.639 8.703 8.703 -0.062 0.009
5 2 18 -108.280 -108.280 1.414 1.414 -0.050 0.011
5 2 19 895.937 895.937 6.935 6.935 -0.091 0.010
5 2 20 906.089 906.089 6.104 6.104 -0.032 0.009
5 2 21 337.886 337.886 93.804 93.804 -0.022 0.015
5 2 22 877.303 877.303 6.301 6.301 -0.068 0.012
5 2 23 895.633 895.633 8.419 8.419 -0.052 0.011
5 2 24 876.482 876.482 7.342 7.342 -0.027 0.014
5 2 25 910.575 910.575 13.679 13.679 -0.059 0.013
5 2 26 897.858 897.858 7.631 7.631 -0.054 0.013
5 2 27 991.482 991.482 15.263 15.263 -0.038 0.012
5 2 28 870.947 870.947 8.120 8.120 -0.007 0.015
5 2 29 896.108 896.108 8.312 8.312 -0.057 0.018
5 2 30 883.713 883.713 8.410 8.410 -0.061 0.013
5 2 31 885.700 885.700 7.894 7.894 -0.087 0.019
5 2 32 876.137 876.137 8.609 8.609 -0.038 0.010
5 2 33 898.619 898.619 9.254 9.254 -0.042 0.013
5 2 34 908.583 908.583 9.111 9.111 -0.025 0.011
5 2 35 894.766 894.766 6.918 6.918 -0.059 0.011
5 2 36 905.187 905.187 7.941 7.941 -0.071 0.011
5 2 37 896.925 896.925 8.374 8.374 -0.026 0.012
5 2 38 922.980 922.980 10.429 10.429 -0.052 0.010
5 2 39 870.933 870.933 8.547 8.547 -0.090 0.017
5 2 40 913.998 913.998 8.027 8.027 -0.024 0.013
5 2 41 881.034 881.034 9.180 9.180 -0.019 0.014
5 2 42 914.307 914.307 8.385 8.385 -0.028 0.015
5 2 43 879.281 879.281 7.670 7.670 -0.057 0.016
5 2 44 904.602 904.602 7.120 7.120 -0.014 0.012
5 2 45 859.575 859.575 9.056 9.056 -0.037 0.014
5 2 46 910.305 910.305 8.256 8.256 -0.032 0.016
5 2 47 869.074 869.074 10.579 10.579 0.021 0.016
5 2 48 871.516 871.516 8.518 8.518 -0.046 0.014
5 2 49 864.131 864.131 8.604 8.604 -0.099 0.018
5 2 50 873.614 873.614 8.878 8.878 -0.036 0.014
5 2 51 867.173 867.173 8.567 8.567 -0.020 0.014
5 2 52 883.874 883.874 10.236 10.236 -0.034 0.014
5 2 53 849.306 849.306 8.163 8.163 -0.080 0.016
5 2 54 865.702 865.702 9.896 9.896 -0.051 0.018
5 2 55 886.583 886.583 10.480 10.480 -0.053 0.017
5 2 56 893.115 893.115 10.866 10.866 0.004 0.022
5 2 57 905.108 905.108 10.841 10.841 -0.007 0.023
5 2 58 932.133 932.133 20.584 20.584 0.152 0.020
5 2 59 847.636 847.636 10.388 10.388 0.109 0.022
5 2 60 866.400 866.400 13.083 13.083 0.100 0.020
5 2 61 809.680 809.680 9.075 9.075 0.164 0.022
5 2 62 835.709 835.709 15.814 15.814 0.094 0.020
5 3 1 -807.516 -807.516 NaN NaN 0.024 0.014
5 3 2 -435.262 -435.262 1.414 1.414 -0.083 0.013
5 3 3 421.349 421.349 4.253 4.253 0.003 0.014
5 3 4 446.236 446.236 5.739 5.739 -0.094 0.018
5 3 5 430.922 430.922 18.782 18.782 -0.092 0.021
6 1 1 722.789 722.789 3.274 3.274 0.153 0.003
6 1 2 736.348 736.348 28.404 28.404 0.019 0.003
6 1 3 684.338 684.338 3.300 3.300 -0.073 0.004
6 1 4 659.781 659.781 3.201 3.201 0.050 0.006
6 1 5 595.328 595.328 2.728 2.728 0.170 0.007
6 1 6 671.687 671.687 3.837 3.837 0.265 0.010
6 1 7 -3091.050 -3091.050 69688.363 69688.363 0.069 0.010
6 1 8 775.248 775.248 9.335 9.335 0.098 0.008
6 1 9 708.636 708.636 5.218 5.218 0.044 0.011
6 1 10 711.342 711.342 5.141 5.141 0.122 0.011
6 1 11 715.183 715.183 22.691 22.691 0.107 0.012
6 1 12 655.778 655.778 40.823 40.823 0.007 0.012
6 1 13 514.993 514.993 0.297 0.297 0.118 0.014
6 1 14 660.463 660.463 5.059 5.059 0.041 0.014
6 1 15 477.196 477.196 115.366 115.366 -0.003 0.013
6 1 16 -1058.869 -1058.869 1.414 1.414 0.119 0.014
6 1 17 169.396 169.396 NaN NaN 0.298 0.013
6 1 18 -1875.752 -1875.752 1.414 1.414 0.191 0.012
6 1 19 672.318 672.318 6.134 6.134 0.169 0.013
6 1 20 603.057 603.057 4.741 4.741 0.204 0.014
6 1 21 12.500 12.500 0.000 0.000 0.000 0.000
6 1 22 596.520 596.520 6.361 6.361 0.058 0.018
6 1 23 -182.066 -182.066 1.414 1.414 -0.169 0.018
6 2 1 867.946 867.946 248.140 248.140 -0.027 0.003
6 2 2 921.796 921.796 10.898 10.898 -0.064 0.003
6 2 3 952.834 952.834 9.766 9.766 -0.036 0.003
6 2 4 938.326 938.326 7.179 7.179 -0.039 0.002
6 2 5 894.271 894.271 7.415 7.415 -0.022 0.004
6 2 6 908.620 908.620 7.412 7.412 -0.002 0.004
6 2 7 903.377 903.377 7.768 7.768 0.003 0.004
6 2 8 903.661 903.661 5.930 5.930 -0.024 0.005
6 2 9 879.699 879.699 6.284 6.284 0.013 0.005
6 2 10 925.701 925.701 7.082 7.082 0.012 0.005
6 2 11 900.526 900.526 6.413 6.413 0.058 0.006
6 2 12 898.698 898.698 6.981 6.981 0.102 0.005
6 2 13 903.833 903.833 6.297 6.297 0.043 0.007
6 2 14 894.617 894.617 6.118 6.118 0.083 0.009
6 2 15 885.891 885.891 6.272 6.272 0.052 0.008
6 2 16 881.483 881.483 6.846 6.846 0.040 0.010
6 2 17 892.533 892.533 6.263 6.263 0.057 0.010
6 2 18 883.920 883.920 6.837 6.837 0.085 0.013
6 2 19 841.214 841.214 6.596 6.596 0.060 0.012
6 2 20 899.331 899.331 6.732 6.732 0.127 0.012
6 2 21 884.545 884.545 7.261 7.261 0.123 0.015
6 2 22 892.738 892.738 6.219 6.219 0.125 0.011
6 2 23 901.225 901.225 7.420 7.420 0.090 0.013
6 2 24 873.586 873.586 7.323 7.323 0.128 0.015
6 2 25 878.967 878.967 7.369 7.369 0.124 0.014
6 2 26 883.443 883.443 6.880 6.880 0.094 0.014
6 2 27 890.950 890.950 6.878 6.878 0.105 0.012
6 2 28 898.366 898.366 7.529 7.529 0.109 0.018
6 2 29 873.094 873.094 8.458 8.458 0.183 0.019
6 2 30 884.200 884.200 9.470 9.470 0.138 0.015
6 2 31 878.030 878.030 7.713 7.713 0.169 0.021
6 2 32 860.650 860.650 7.813 7.813 0.100 0.009
6 2 33 875.252 875.252 6.896 6.896 0.058 0.015
6 2 34 897.463 897.463 8.465 8.465 0.098 0.011
6 2 35 939.375 939.375 8.249 8.249 0.113 0.013
6 2 36 889.687 889.687 8.107 8.107 0.108 0.013
6 2 37 864.830 864.830 7.464 7.464 0.094 0.015
6 2 38 883.727 883.727 7.320 7.320 0.068 0.011
6 2 39 906.788 906.788 8.040 8.040 0.059 0.011
6 2 40 877.031 877.031 8.997 8.997 0.133 0.013
6 2 41 864.847 864.847 7.328 7.328 0.164 0.016
6 2 42 891.684 891.684 7.902 7.902 0.142 0.017
6 2 43 871.277 871.277 7.253 7.253 0.102 0.018
6 2 44 894.415 894.415 7.643 7.643 0.026 0.017
6 2 45 860.505 860.505 8.162 8.162 0.148 0.020
6 2 46 873.442 873.442 9.324 9.324 0.100 0.019
6 2 47 862.596 862.596 8.182 8.182 0.063 0.020
6 2 48 930.099 930.099 22.608 22.608 0.073 0.013
6 2 49 907.504 907.504 36.484 36.484 0.085 0.015
6 2 50 840.906 840.906 8.044 8.044 0.135 0.016
6 2 51 900.605 900.605 10.028 10.028 -0.004 0.013
6 2 52 892.268 892.268 9.055 9.055 -0.031 0.014
6 2 53 877.581 877.581 9.066 9.066 0.005 0.014
6 2 54 903.689 903.689 9.933 9.933 0.016 0.019
6 2 55 891.846 891.846 10.085 10.085 0.006 0.017
6 2 56 923.849 923.849 11.669 11.669 -0.016 0.020
6 2 57 900.573 900.573 11.561 11.561 -0.092 0.023
6 2 58 850.934 850.934 16.883 16.883 -0.065 0.021
6 2 59 845.944 845.944 14.454 14.454 -0.017 0.019
6 2 60 858.361 858.361 9.462 9.462 -0.009 0.020
6 2 61 860.301 860.301 12.502 12.502 -0.019 0.021
6 2 62 846.464 846.464 12.002 12.002 -0.017 0.016
6 3 1 581.109 581.109 6.157 6.157 0.085 0.014
6 3 2 478.633 478.633 3.277 3.277 0.266 0.012
6 3 3 12.500 12.500 0.000 0.000 0.000 0.000
6 3 4 440.873 440.873 7.579 7.579 0.157 0.019
6 3 5 392.937 392.937 5.792 5.792 0.143 0.016
