1 1 1 11.560 11.560 1.507 1.507 1.435
1 1 2 12.829 12.829 1.621 1.621 -0.039
1 1 3 13.401 13.401 1.064 1.064 2.860
1 1 4 13.655 13.655 1.274 1.274 1.408
1 1 5 12.515 12.515 0.914 0.914 0.048
1 1 6 13.204 13.204 1.336 1.336 4.070
1 1 7 13.212 13.212 0.726 0.726 0.149
1 1 8 13.120 13.120 1.004 1.004 -0.044
1 1 9 14.544 14.544 1.871 1.871 -1.591
1 1 10 13.750 13.750 0.680 0.680 1.279
1 1 11 14.023 14.023 0.270 0.270 5.088
1 1 12 14.427 14.427 0.285 0.285 2.426
1 1 13 14.557 14.557 0.246 0.246 -2.815
1 1 14 14.252 14.252 0.219 0.219 0.623
1 1 15 14.731 14.731 0.257 0.257 0.934
1 1 16 13.621 13.621 0.305 0.305 -0.014
1 1 17 14.594 14.594 0.332 0.332 -3.640
1 1 18 14.243 14.243 1.103 1.103 2.887
1 1 19 15.247 15.247 0.979 0.979 -0.208
1 1 20 16.000 16.000 362.039 362.039 0.000
1 1 21 16.000 16.000 362.039 362.039 0.000
1 1 22 16.000 16.000 362.039 362.039 0.000
1 1 23 16.000 16.000 362.039 362.039 0.000
1 2 1 6.896 6.896 2.418 2.418 -0.000
1 2 2 14.213 14.213 4.623 4.623 0.178
1 2 3 12.306 12.306 1.779 1.779 1.214
1 2 4 12.945 12.945 1.248 1.248 0.954
1 2 5 12.816 12.816 1.080 1.080 1.375
1 2 6 12.723 12.723 1.220 1.220 -0.688
1 2 7 13.100 13.100 1.198 1.198 -1.070
1 2 8 13.514 13.514 0.949 0.949 -0.753
1 2 9 13.321 13.321 0.929 0.929 -1.641
1 2 10 13.608 13.608 0.731 0.731 0.547
1 2 11 14.149 14.149 1.353 1.353 0.720
1 2 12 14.038 14.038 0.921 0.921 1.635
1 2 13 13.979 13.979 1.069 1.069 0.114
1 2 14 14.168 14.168 0.697 0.697 0.186
1 2 15 14.482 14.482 1.070 1.070 0.526
1 2 16 14.528 14.528 0.926 0.926 -1.171
1 2 17 14.025 14.025 0.796 0.796 0.613
1 2 18 15.719 15.719 2.385 2.385 0.942
1 2 19 15.088 15.088 12.202 12.202 -0.500
1 2 20 14.583 14.583 124.847 124.847 -0.220
1 2 21 13.501 13.501 1.041 1.041 0.516
1 2 22 14.109 14.109 0.990 0.990 -0.527
1 2 23 14.291 14.291 6.851 6.851 -0.759
1 2 24 15.045 15.045 10.583 10.583 0.432
1 2 25 20.099 20.099 68.073 68.073 1.000
1 2 26 15.209 15.209 1.881 1.881 0.427
1 2 27 13.928 13.928 4.933 4.933 1.291
1 2 28 14.829 14.829 0.685 0.685 1.972
1 2 29 14.751 14.751 1.027 1.027 -0.124
1 2 30 14.598 14.598 2.424 2.424 0.387
1 2 31 15.384 15.384 0.324 0.324 0.692
1 2 32 15.344 15.344 0.770 0.770 1.043
1 2 33 15.009 15.009 0.485 0.485 1.873
1 2 34 15.318 15.318 0.335 0.335 0.562
1 2 35 15.667 15.667 0.338 0.338 -0.688
1 2 36 15.068 15.068 0.386 0.386 -0.770
1 2 37 15.464 15.464 0.343 0.343 -1.489
1 2 38 15.461 15.461 0.432 0.432 -0.627
1 2 39 16.023 16.023 0.464 0.464 -1.620
1 2 40 15.861 15.861 1.388 1.388 -1.856
1 2 41 15.695 15.695 0.570 0.570 0.962
1 2 42 15.444 15.444 0.425 0.425 0.290
1 2 43 15.189 15.189 7.677 7.677 0.664
1 2 44 16.042 16.042 10.302 10.302 -0.250
1 2 45 16.000 16.000 362.039 362.039 0.000
1 2 46 16.000 16.000 362.039 362.039 0.000
1 2 47 16.000 16.000 362.039 362.039 0.000
1 2 48 16.000 16.000 362.039 362.039 0.000
1 2 49 16.000 16.000 362.039 362.039 0.000
1 2 50 16.000 16.000 362.039 362.039 0.000
1 2 51 16.000 16.000 362.039 362.039 0.000
1 2 52 16.000 16.000 362.039 362.039 0.000
1 2 53 16.000 16.000 362.039 362.039 0.000
1 2 54 16.000 16.000 362.039 362.039 0.000
1 2 55 16.000 16.000 362.039 362.039 0.000
1 2 56 16.000 16.000 362.039 362.039 0.000
1 2 57 16.000 16.000 362.039 362.039 0.000
1 2 58 16.000 16.000 362.039 362.039 0.000
1 2 59 16.000 16.000 362.039 362.039 0.000
1 2 60 16.000 16.000 362.039 362.039 0.000
1 2 61 16.000 16.000 362.039 362.039 0.000
1 2 62 16.000 16.000 362.039 362.039 0.000
1 3 1 16.000 16.000 362.039 362.039 0.000
1 3 2 16.000 16.000 362.039 362.039 0.000
1 3 3 16.000 16.000 362.039 362.039 0.000
1 3 4 16.000 16.000 362.039 362.039 0.000
1 3 5 16.000 16.000 362.039 362.039 0.000
2 1 1 15.664 15.664 2.803 2.803 -3.655
2 1 2 13.313 13.313 1.642 1.642 1.430
2 1 3 12.154 12.154 1.048 1.048 1.088
2 1 4 12.386 12.386 0.866 0.866 -2.124
2 1 5 12.438 12.438 0.805 0.805 -0.477
2 1 6 16.000 16.000 362.039 362.039 0.000
2 1 7 13.539 13.539 0.566 0.566 0.074
2 1 8 14.812 14.812 2.471 2.471 -1.082
2 1 9 14.011 14.011 0.378 0.378 0.246
2 1 10 16.000 16.000 362.039 362.039 0.000
2 1 11 14.405 14.405 0.517 0.517 0.529
2 1 12 14.486 14.486 0.306 0.306 2.114
2 1 13 14.337 14.337 0.191 0.191 0.721
2 1 14 14.342 14.342 0.199 0.199 2.031
2 1 15 14.527 14.527 0.214 0.214 0.498
2 1 16 14.837 14.837 0.211 0.211 -0.155
2 1 17 14.573 14.573 0.180 0.180 4.520
2 1 18 15.347 15.347 0.282 0.282 -0.875
2 1 19 16.024 16.024 31.851 31.851 0.020
2 1 20 16.000 16.000 362.039 362.039 0.000
2 1 21 16.000 16.000 362.039 362.039 0.000
2 1 22 16.000 16.000 362.039 362.039 0.000
2 1 23 16.000 16.000 362.039 362.039 0.000
2 2 1 16.000 16.000 362.039 362.039 0.000
2 2 2 11.446 11.446 4.792 4.792 -0.202
2 2 3 32.378 32.378 65.167 65.167 0.264
2 2 4 14.575 14.575 4.960 4.960 1.341
2 2 5 16.381 16.381 5.240 5.240 -0.527
2 2 6 12.242 12.242 2.025 2.025 -1.807
2 2 7 17.825 17.825 4.585 4.585 0.783
2 2 8 11.914 11.914 2.682 2.682 -0.727
2 2 9 14.037 14.037 1.783 1.783 2.096
2 2 10 11.403 11.403 6.485 6.485 1.231
2 2 11 15.316 15.316 3.361 3.361 1.529
2 2 12 16.042 16.042 6.011 6.011 0.765
2 2 13 18.596 18.596 10.921 10.921 -0.413
2 2 14 14.356 14.356 1.804 1.804 0.163
2 2 15 14.585 14.585 2.634 2.634 -0.619
2 2 16 15.437 15.437 0.884 0.884 0.751
2 2 17 16.771 16.771 7.535 7.535 0.899
2 2 18 17.276 17.276 32.932 32.932 0.894
2 2 19 10.497 10.497 10.224 10.224 -0.024
2 2 20 20.073 20.073 13.193 13.193 0.100
2 2 21 6.678 6.678 13.388 13.388 -0.300
2 2 22 13.479 13.479 77.042 77.042 -0.150
2 2 23 -21255927444816.500 -21255927444816.500 75744781431695045000000000.000 75744781431695045000000000.000 0.300
2 2 24 770368722775.900 770368722775.900 396645227226860000000000.000 396645227226860000000000.000 0.900
2 2 25 16.259 16.259 109.391 109.391 -0.074
2 2 26 6.821 6.821 30.968 30.968 0.029
2 2 27 13.545 13.545 147.035 147.035 1.157
2 2 28 14.717 14.717 4.889 4.889 0.435
2 2 29 15.460 15.460 2.508 2.508 1.871
2 2 30 16.353 16.353 3.290 3.290 2.497
2 2 31 15.087 15.087 2.302 2.302 0.643
2 2 32 15.619 15.619 6.581 6.581 3.024
2 2 33 15.034 15.034 0.481 0.481 -0.015
2 2 34 15.490 15.490 0.495 0.495 0.144
2 2 35 16.045 16.045 0.405 0.405 0.786
2 2 36 15.501 15.501 0.250 0.250 0.431
2 2 37 15.366 15.366 0.327 0.327 -0.575
2 2 38 15.555 15.555 0.492 0.492 0.563
2 2 39 15.427 15.427 0.342 0.342 -0.057
2 2 40 15.620 15.620 0.800 0.800 0.608
2 2 41 15.117 15.117 0.656 0.656 2.326
2 2 42 15.371 15.371 0.417 0.417 0.535
2 2 43 15.495 15.495 0.471 0.471 0.333
2 2 44 15.983 15.983 0.370 0.370 1.005
2 2 45 15.582 15.582 1.234 1.234 1.500
2 2 46 14.552 14.552 705.782 705.782 0.075
2 2 47 16.000 16.000 362.039 362.039 0.000
2 2 48 16.000 16.000 362.039 362.039 0.000
2 2 49 16.000 16.000 362.039 362.039 0.000
2 2 50 16.000 16.000 362.039 362.039 0.000
2 2 51 16.000 16.000 362.039 362.039 0.000
2 2 52 16.000 16.000 362.039 362.039 0.000
2 2 53 16.000 16.000 362.039 362.039 0.000
2 2 54 16.000 16.000 362.039 362.039 0.000
2 2 55 16.000 16.000 362.039 362.039 0.000
2 2 56 16.000 16.000 362.039 362.039 0.000
2 2 57 16.000 16.000 362.039 362.039 0.000
2 2 58 16.000 16.000 362.039 362.039 0.000
2 2 59 16.000 16.000 362.039 362.039 0.000
2 2 60 16.000 16.000 362.039 362.039 0.000
2 2 61 16.000 16.000 362.039 362.039 0.000
2 2 62 16.000 16.000 362.039 362.039 0.000
2 3 1 16.000 16.000 362.039 362.039 0.000
2 3 2 16.000 16.000 362.039 362.039 0.000
2 3 3 16.000 16.000 362.039 362.039 0.000
2 3 4 16.000 16.000 362.039 362.039 0.000
2 3 5 16.000 16.000 362.039 362.039 0.000
3 1 1 11.974 11.974 1.830 1.830 -0.402
3 1 2 12.215 12.215 1.728 1.728 1.623
3 1 3 13.230 13.230 1.086 1.086 0.742
3 1 4 13.413 13.413 1.263 1.263 0.806
3 1 5 13.596 13.596 0.891 0.891 1.502
3 1 6 13.676 13.676 1.250 1.250 -0.414
3 1 7 14.043 14.043 0.855 0.855 6.944
3 1 8 14.319 14.319 0.657 0.657 -0.293
3 1 9 14.053 14.053 0.674 0.674 1.273
3 1 10 14.072 14.072 0.641 0.641 0.159
3 1 11 13.769 13.769 0.343 0.343 -1.679
3 1 12 14.303 14.303 0.260 0.260 1.138
3 1 13 14.070 14.070 0.196 0.196 1.394
3 1 14 13.984 13.984 0.184 0.184 -3.240
3 1 15 14.827 14.827 0.203 0.203 7.443
3 1 16 14.979 14.979 0.174 0.174 1.459
3 1 17 15.189 15.189 0.233 0.233 -8.619
3 1 18 15.132 15.132 0.308 0.308 -1.397
3 1 19 14.844 14.844 0.341 0.341 -0.301
3 1 20 16.000 16.000 362.039 362.039 0.000
3 1 21 16.000 16.000 362.039 362.039 0.000
3 1 22 16.000 16.000 362.039 362.039 0.000
3 1 23 16.000 16.000 362.039 362.039 0.000
3 2 1 7398110270834.490 7398110270834.490 7817000674859504000000000.000 7817000674859504000000000.000 -2.100
3 2 2 13.653 13.653 3.640 3.640 5.106
3 2 3 15.338 15.338 4.345 4.345 2.333
3 2 4 13.311 13.311 2.440 2.440 -1.332
3 2 5 13.631 13.631 2.652 2.652 1.407
3 2 6 12.333 12.333 2.466 2.466 0.117
3 2 7 14.021 14.021 2.316 2.316 0.476
3 2 8 14.033 14.033 2.353 2.353 0.340
3 2 9 13.064 13.064 1.637 1.637 1.158
3 2 10 14.454 14.454 2.494 2.494 0.249
3 2 11 14.676 14.676 2.546 2.546 0.526
3 2 12 13.917 13.917 1.190 1.190 1.153
3 2 13 13.842 13.842 1.638 1.638 1.517
3 2 14 15.658 15.658 1.893 1.893 -0.314
3 2 15 15.334 15.334 1.388 1.388 0.454
3 2 16 14.600 14.600 1.176 1.176 -0.248
3 2 17 14.112 14.112 1.332 1.332 0.387
3 2 18 15.405 15.405 1.620 1.620 -1.987
3 2 19 15.619 15.619 1.671 1.671 -0.880
3 2 20 14.954 14.954 0.949 0.949 -0.027
3 2 21 14.645 14.645 0.752 0.752 0.987
3 2 22 15.613 15.613 0.772 0.772 -0.508
3 2 23 14.985 14.985 0.830 0.830 -0.064
3 2 24 14.468 14.468 0.814 0.814 1.009
3 2 25 15.618 15.618 6.093 6.093 1.004
3 2 26 15.362 15.362 1.352 1.352 1.035
3 2 27 15.476 15.476 5.911 5.911 -1.002
3 2 28 9.413 9.413 421.773 421.773 -0.262
3 2 29 -32.476 -32.476 382.209 382.209 1.128
3 2 30 16.000 16.000 362.039 362.039 0.000
3 2 31 14.950 14.950 182.035 182.035 -0.388
3 2 32 14.523 14.523 2.463 2.463 1.870
3 2 33 15.393 15.393 1.028 1.028 0.374
3 2 34 15.531 15.531 0.975 0.975 0.223
3 2 35 14.812 14.812 1.816 1.816 1.487
3 2 36 15.783 15.783 0.313 0.313 -0.975
3 2 37 16.068 16.068 0.619 0.619 -1.086
3 2 38 15.706 15.706 0.286 0.286 0.871
3 2 39 15.542 15.542 0.639 0.639 -0.996
3 2 40 15.371 15.371 0.391 0.391 -0.246
3 2 41 15.297 15.297 0.332 0.332 1.242
3 2 42 15.687 15.687 0.245 0.245 1.667
3 2 43 15.853 15.853 4.314 4.314 -1.115
3 2 44 15.989 15.989 4.127 4.127 1.754
3 2 45 18.573 18.573 18.004 18.004 0.643
3 2 46 24.620 24.620 511.113 511.113 0.350
3 2 47 15.841 15.841 6.224 6.224 0.912
3 2 48 16.000 16.000 362.039 362.039 0.000
3 2 49 16.000 16.000 362.039 362.039 0.000
3 2 50 16.000 16.000 362.039 362.039 0.000
3 2 51 16.000 16.000 362.039 362.039 0.000
3 2 52 16.000 16.000 362.039 362.039 0.000
3 2 53 16.000 16.000 362.039 362.039 0.000
3 2 54 16.000 16.000 362.039 362.039 0.000
3 2 55 16.000 16.000 362.039 362.039 0.000
3 2 56 16.000 16.000 362.039 362.039 0.000
3 2 57 16.000 16.000 362.039 362.039 0.000
3 2 58 16.000 16.000 362.039 362.039 0.000
3 2 59 16.000 16.000 362.039 362.039 0.000
3 2 60 16.000 16.000 362.039 362.039 0.000
3 2 61 16.000 16.000 362.039 362.039 0.000
3 2 62 16.000 16.000 362.039 362.039 0.000
3 3 1 16.000 16.000 362.039 362.039 0.000
3 3 2 16.000 16.000 362.039 362.039 0.000
3 3 3 16.000 16.000 362.039 362.039 0.000
3 3 4 16.000 16.000 362.039 362.039 0.000
3 3 5 16.000 16.000 362.039 362.039 0.000
4 1 1 12.478 12.478 1.461 1.461 1.607
4 1 2 13.727 13.727 1.635 1.635 2.741
4 1 3 13.595 13.595 2.198 2.198 1.163
4 1 4 14.794 14.794 1.866 1.866 -1.692
4 1 5 13.399 13.399 1.356 1.356 -0.761
4 1 6 14.213 14.213 0.927 0.927 1.882
4 1 7 14.414 14.414 0.655 0.655 0.207
4 1 8 14.945 14.945 1.659 1.659 -1.167
4 1 9 13.426 13.426 6.473 6.473 -1.217
4 1 10 14.500 14.500 2.267 2.267 0.097
4 1 11 14.099 14.099 2.839 2.839 2.749
4 1 12 14.536 14.536 0.289 0.289 -1.161
4 1 13 14.716 14.716 0.320 0.320 -0.061
4 1 14 14.536 14.536 0.235 0.235 -0.843
4 1 15 14.818 14.818 0.205 0.205 3.353
4 1 16 14.641 14.641 0.263 0.263 0.385
4 1 17 14.933 14.933 0.231 0.231 -2.892
4 1 18 16.000 16.000 362.039 362.039 0.000
4 1 19 14.274 14.274 0.402 0.402 -0.945
4 1 20 16.000 16.000 362.039 362.039 0.000
4 1 21 16.000 16.000 362.039 362.039 0.000
4 1 22 16.000 16.000 362.039 362.039 0.000
4 1 23 16.000 16.000 362.039 362.039 0.000
4 2 1 12.292 12.292 2.607 2.607 -0.664
4 2 2 11.760 11.760 1.662 1.662 -1.143
4 2 3 12.784 12.784 1.028 1.028 -1.834
4 2 4 12.104 12.104 0.772 0.772 0.105
4 2 5 12.917 12.917 0.983 0.983 0.297
4 2 6 14.322 14.322 1.165 1.165 -1.465
4 2 7 14.806 14.806 1.359 1.359 -0.450
4 2 8 12.622 12.622 1.224 1.224 0.415
4 2 9 13.738 13.738 1.808 1.808 1.678
4 2 10 16.000 16.000 362.039 362.039 0.000
4 2 11 16.000 16.000 362.039 362.039 0.000
4 2 12 14.554 14.554 5.953 5.953 1.100
4 2 13 18.080 18.080 11.175 11.175 0.313
4 2 14 13.432 13.432 2.676 2.676 0.307
4 2 15 15.748 15.748 4.800 4.800 0.487
4 2 16 13.521 13.521 30.255 30.255 -1.200
4 2 17 13.481 13.481 5.293 5.293 0.600
4 2 18 14.591 14.591 1.750 1.750 -1.447
4 2 19 20.642 20.642 6.172 6.172 -0.375
4 2 20 13.382 13.382 45.066 45.066 2.400
4 2 21 -161.602 -161.602 81841.385 81841.385 -0.275
4 2 22 16.000 16.000 362.039 362.039 0.000
4 2 23 16.000 16.000 362.039 362.039 0.000
4 2 24 16.000 16.000 362.039 362.039 0.000
4 2 25 16.000 16.000 362.039 362.039 0.000
4 2 26 16.000 16.000 362.039 362.039 0.000
4 2 27 16.000 16.000 362.039 362.039 0.000
4 2 28 16.000 16.000 362.039 362.039 0.000
4 2 29 16.000 16.000 362.039 362.039 0.000
4 2 30 16.000 16.000 362.039 362.039 0.000
4 2 31 16.000 16.000 362.039 362.039 0.000
4 2 32 15.602 15.602 24.676 24.676 -0.729
4 2 33 15.463 15.463 0.581 0.581 -0.821
4 2 34 15.408 15.408 3.756 3.756 0.800
4 2 35 15.627 15.627 0.759 0.759 0.902
4 2 36 15.678 15.678 0.292 0.292 1.504
4 2 37 15.458 15.458 0.204 0.204 0.390
4 2 38 15.155 15.155 0.325 0.325 0.913
4 2 39 15.669 15.669 0.187 0.187 -0.462
4 2 40 15.670 15.670 0.153 0.153 -1.928
4 2 41 15.551 15.551 0.189 0.189 0.281
4 2 42 15.403 15.403 0.200 0.200 0.973
4 2 43 15.731 15.731 0.160 0.160 0.785
4 2 44 15.898 15.898 0.402 0.402 0.970
4 2 45 15.981 15.981 1.655 1.655 1.888
4 2 46 19.023 19.023 122.747 122.747 -2.071
4 2 47 15.679 15.679 0.423 0.423 0.379
4 2 48 16.000 16.000 362.039 362.039 0.000
4 2 49 16.000 16.000 362.039 362.039 0.000
4 2 50 16.000 16.000 362.039 362.039 0.000
4 2 51 16.000 16.000 362.039 362.039 0.000
4 2 52 16.000 16.000 362.039 362.039 0.000
4 2 53 16.000 16.000 362.039 362.039 0.000
4 2 54 16.000 16.000 362.039 362.039 0.000
4 2 55 16.000 16.000 362.039 362.039 0.000
4 2 56 16.000 16.000 362.039 362.039 0.000
4 2 57 16.000 16.000 362.039 362.039 0.000
4 2 58 16.000 16.000 362.039 362.039 0.000
4 2 59 16.000 16.000 362.039 362.039 0.000
4 2 60 16.000 16.000 362.039 362.039 0.000
4 2 61 16.000 16.000 362.039 362.039 0.000
4 2 62 16.000 16.000 362.039 362.039 0.000
4 3 1 16.000 16.000 362.039 362.039 0.000
4 3 2 16.000 16.000 362.039 362.039 0.000
4 3 3 16.000 16.000 362.039 362.039 0.000
4 3 4 16.000 16.000 362.039 362.039 0.000
4 3 5 16.000 16.000 362.039 362.039 0.000
5 1 1 13.592 13.592 18.640 18.640 -1.200
5 1 2 142.652 142.652 37231.386 37231.386 1.030
5 1 3 16.000 16.000 362.039 362.039 0.000
5 1 4 16.000 16.000 362.039 362.039 0.000
5 1 5 16.000 16.000 362.039 362.039 0.000
5 1 6 16.000 16.000 362.039 362.039 0.000
5 1 7 16.000 16.000 362.039 362.039 0.000
5 1 8 13.669 13.669 35.673 35.673 0.496
5 1 9 17.867 17.867 18.000 18.000 1.612
5 1 10 14.374 14.374 0.407 0.407 1.531
5 1 11 14.067 14.067 0.589 0.589 -0.626
5 1 12 14.328 14.328 0.335 0.335 -1.027
5 1 13 14.155 14.155 0.617 0.617 2.130
5 1 14 14.980 14.980 0.297 0.297 1.005
5 1 15 14.585 14.585 0.422 0.422 -4.347
5 1 16 15.107 15.107 0.609 0.609 8.503
5 1 17 14.025 14.025 3.643 3.643 3.471
5 1 18 16.000 16.000 362.039 362.039 0.000
5 1 19 16.000 16.000 362.039 362.039 0.000
5 1 20 16.000 16.000 362.039 362.039 0.000
5 1 21 16.000 16.000 362.039 362.039 0.000
5 1 22 16.000 16.000 362.039 362.039 0.000
5 1 23 16.000 16.000 362.039 362.039 0.000
5 2 1 16.000 16.000 362.039 362.039 0.000
5 2 2 16.000 16.000 362.039 362.039 0.000
5 2 3 -1176.405 -1176.405 1889448.863 1889448.863 0.888
5 2 4 16.000 16.000 362.039 362.039 0.000
5 2 5 16.000 16.000 362.039 362.039 0.000
5 2 6 16.000 16.000 362.039 362.039 0.000
5 2 7 13.488 13.488 24.407 24.407 0.600
5 2 8 14.593 14.593 98.122 98.122 -0.218
5 2 9 16.000 16.000 362.039 362.039 0.000
5 2 10 16.000 16.000 362.039 362.039 0.000
5 2 11 16.000 16.000 362.039 362.039 0.000
5 2 12 16.000 16.000 362.039 362.039 0.000
5 2 13 16.000 16.000 362.039 362.039 0.000
5 2 14 16.000 16.000 362.039 362.039 0.000
5 2 15 16.000 16.000 362.039 362.039 0.000
5 2 16 16.000 16.000 362.039 362.039 0.000
5 2 17 16.000 16.000 362.039 362.039 0.000
5 2 18 16.000 16.000 362.039 362.039 0.000
5 2 19 16.000 16.000 362.039 362.039 0.000
5 2 20 16.000 16.000 362.039 362.039 0.000
5 2 21 16.000 16.000 362.039 362.039 0.000
5 2 22 16.000 16.000 362.039 362.039 0.000
5 2 23 16.000 16.000 362.039 362.039 0.000
5 2 24 16.000 16.000 362.039 362.039 0.000
5 2 25 16.000 16.000 362.039 362.039 0.000
5 2 26 16.000 16.000 362.039 362.039 0.000
5 2 27 16.000 16.000 362.039 362.039 0.000
5 2 28 16.000 16.000 362.039 362.039 0.000
5 2 29 16.000 16.000 362.039 362.039 0.000
5 2 30 16.000 16.000 362.039 362.039 0.000
5 2 31 16.000 16.000 362.039 362.039 0.000
5 2 32 16.000 16.000 362.039 362.039 0.000
5 2 33 16.000 16.000 362.039 362.039 0.000
5 2 34 16.000 16.000 362.039 362.039 0.000
5 2 35 16.000 16.000 362.039 362.039 0.000
5 2 36 16.316 16.316 116.635 116.635 -0.187
5 2 37 16.000 16.000 362.039 362.039 0.000
5 2 38 16.000 16.000 362.039 362.039 0.000
5 2 39 16.000 16.000 362.039 362.039 0.000
5 2 40 16.000 16.000 362.039 362.039 0.000
5 2 41 16.000 16.000 362.039 362.039 0.000
5 2 42 16.000 16.000 362.039 362.039 0.000
5 2 43 16.000 16.000 362.039 362.039 0.000
5 2 44 16.000 16.000 362.039 362.039 0.000
5 2 45 16.000 16.000 362.039 362.039 0.000
5 2 46 16.000 16.000 362.039 362.039 0.000
5 2 47 16.000 16.000 362.039 362.039 0.000
5 2 48 16.000 16.000 362.039 362.039 0.000
5 2 49 16.000 16.000 362.039 362.039 0.000
5 2 50 16.000 16.000 362.039 362.039 0.000
5 2 51 16.000 16.000 362.039 362.039 0.000
5 2 52 16.000 16.000 362.039 362.039 0.000
5 2 53 16.000 16.000 362.039 362.039 0.000
5 2 54 16.000 16.000 362.039 362.039 0.000
5 2 55 16.000 16.000 362.039 362.039 0.000
5 2 56 16.000 16.000 362.039 362.039 0.000
5 2 57 16.000 16.000 362.039 362.039 0.000
5 2 58 16.000 16.000 362.039 362.039 0.000
5 2 59 16.000 16.000 362.039 362.039 0.000
5 2 60 16.000 16.000 362.039 362.039 0.000
5 2 61 16.000 16.000 362.039 362.039 0.000
5 2 62 16.000 16.000 362.039 362.039 0.000
5 3 1 16.000 16.000 362.039 362.039 0.000
5 3 2 16.000 16.000 362.039 362.039 0.000
5 3 3 16.000 16.000 362.039 362.039 0.000
5 3 4 16.000 16.000 362.039 362.039 0.000
5 3 5 16.000 16.000 362.039 362.039 0.000
6 1 1 14.482 14.482 2.680 2.680 3.213
6 1 2 12.715 12.715 1.587 1.587 -0.429
6 1 3 13.102 13.102 1.175 1.175 -2.743
6 1 4 13.693 13.693 1.025 1.025 1.782
6 1 5 13.391 13.391 1.017 1.017 2.246
6 1 6 13.861 13.861 1.155 1.155 -2.379
6 1 7 13.897 13.897 0.981 0.981 -0.140
6 1 8 14.684 14.684 0.619 0.619 2.335
6 1 9 14.235 14.235 0.512 0.512 1.304
6 1 10 14.171 14.171 0.421 0.421 0.387
6 1 11 14.502 14.502 0.316 0.316 -0.730
6 1 12 14.540 14.540 0.290 0.290 0.072
6 1 13 14.332 14.332 0.331 0.331 1.850
6 1 14 14.461 14.461 0.210 0.210 -5.202
6 1 15 14.541 14.541 0.199 0.199 -2.962
6 1 16 14.454 14.454 0.190 0.190 0.354
6 1 17 14.904 14.904 0.173 0.173 3.658
6 1 18 14.724 14.724 0.214 0.214 0.815
6 1 19 15.571 15.571 0.611 0.611 0.459
6 1 20 16.000 16.000 362.039 362.039 0.000
6 1 21 16.000 16.000 362.039 362.039 0.000
6 1 22 16.000 16.000 362.039 362.039 0.000
6 1 23 16.000 16.000 362.039 362.039 0.000
6 2 1 17.448 17.448 7.940 7.940 -1.581
6 2 2 14.052 14.052 4.851 4.851 0.016
6 2 3 12.103 12.103 3.319 3.319 -0.029
6 2 4 14.444 14.444 2.909 2.909 1.969
6 2 5 14.132 14.132 2.969 2.969 0.789
6 2 6 14.140 14.140 2.661 2.661 1.392
6 2 7 13.680 13.680 2.231 2.231 -0.711
6 2 8 13.643 13.643 1.398 1.398 -1.908
6 2 9 13.463 13.463 1.826 1.826 -0.772
6 2 10 14.677 14.677 2.083 2.083 0.323
6 2 11 13.868 13.868 1.267 1.267 0.493
6 2 12 14.855 14.855 1.888 1.888 0.825
6 2 13 15.434 15.434 1.915 1.915 0.063
6 2 14 13.555 13.555 1.843 1.843 0.026
6 2 15 14.770 14.770 1.137 1.137 0.125
6 2 16 14.300 14.300 0.982 0.982 -1.037
6 2 17 14.315 14.315 1.090 1.090 -1.575
6 2 18 14.026 14.026 1.195 1.195 -0.487
6 2 19 14.182 14.182 0.685 0.685 1.220
6 2 20 14.750 14.750 0.758 0.758 -0.952
6 2 21 15.081 15.081 0.569 0.569 1.027
6 2 22 14.975 14.975 0.861 0.861 -0.176
6 2 23 14.323 14.323 0.618 0.618 -0.664
6 2 24 14.565 14.565 1.075 1.075 1.104
6 2 25 16.020 16.020 2.096 2.096 1.090
6 2 26 15.507 15.507 0.694 0.694 0.070
6 2 27 15.894 15.894 0.769 0.769 0.813
6 2 28 14.599 14.599 0.960 0.960 -0.546
6 2 29 16.827 16.827 3.133 3.133 1.176
6 2 30 15.945 15.945 0.978 0.978 -0.174
6 2 31 16.666 16.666 2.000 2.000 0.532
6 2 32 14.978 14.978 1.542 1.542 0.204
6 2 33 13.731 13.731 3.281 3.281 -1.752
6 2 34 16.124 16.124 1.191 1.191 0.147
6 2 35 15.155 15.155 0.609 0.609 -0.201
6 2 36 15.960 15.960 0.664 0.664 0.560
6 2 37 15.540 15.540 0.916 0.916 -0.167
6 2 38 15.722 15.722 4.078 4.078 -1.889
6 2 39 15.538 15.538 0.356 0.356 -1.007
6 2 40 15.963 15.963 0.844 0.844 0.291
6 2 41 15.812 15.812 0.384 0.384 2.302
6 2 42 15.941 15.941 0.435 0.435 0.894
6 2 43 15.448 15.448 3.222 3.222 -0.051
6 2 44 16.045 16.045 1.108 1.108 -0.591
6 2 45 14.907 14.907 1.895 1.895 -0.071
6 2 46 15.952 15.952 4.540 4.540 -0.141
6 2 47 16.000 16.000 362.039 362.039 0.000
6 2 48 16.000 16.000 362.039 362.039 0.000
6 2 49 16.000 16.000 362.039 362.039 0.000
6 2 50 16.000 16.000 362.039 362.039 0.000
6 2 51 16.000 16.000 362.039 362.039 0.000
6 2 52 16.000 16.000 362.039 362.039 0.000
6 2 53 16.000 16.000 362.039 362.039 0.000
6 2 54 16.000 16.000 362.039 362.039 0.000
6 2 55 16.000 16.000 362.039 362.039 0.000
6 2 56 16.000 16.000 362.039 362.039 0.000
6 2 57 16.000 16.000 362.039 362.039 0.000
6 2 58 16.000 16.000 362.039 362.039 0.000
6 2 59 16.000 16.000 362.039 362.039 0.000
6 2 60 16.000 16.000 362.039 362.039 0.000
6 2 61 16.000 16.000 362.039 362.039 0.000
6 2 62 16.000 16.000 362.039 362.039 0.000
6 3 1 16.000 16.000 362.039 362.039 0.000
6 3 2 16.000 16.000 362.039 362.039 0.000
6 3 3 16.000 16.000 362.039 362.039 0.000
6 3 4 16.000 16.000 362.039 362.039 0.000
6 3 5 16.000 16.000 362.039 362.039 0.000
