1 1 1 28.48 28.06 10.00
1 1 2 28.90 28.31 10.00
1 1 3 28.13 27.85 10.00
1 1 4 29.81 27.61 10.00
1 1 5 27.22 27.85 10.00
1 1 6 27.99 27.92 10.00
1 1 7 26.91 27.68 10.00
1 1 8 28.59 28.24 10.00
1 1 9 28.06 26.77 10.00
1 1 10 26.52 26.17 10.00
1 1 11 27.71 26.00 10.00
1 1 12 26.52 26.10 10.00
1 1 13 25.51 26.21 10.00
1 1 14 26.38 26.28 10.00
1 1 15 26.45 26.63 10.00
1 1 16 26.45 26.63 10.00
1 1 17 26.17 25.93 10.00
1 1 18 26.31 25.30 10.00
1 1 19 25.89 25.65 10.00
1 1 20 25.86 24.74 10.00
1 1 21 26.21 25.72 10.00
1 1 22 25.05 25.86 10.00
1 1 23 26.52 25.65 10.00
1 2 1 0.20 0.34 10.00
1 2 2 0.80 0.69 10.00
1 2 3 0.73 -0.25 10.00
1 2 4 1.11 0.06 10.00
1 2 5 -0.71 0.20 10.00
1 2 6 -0.08 0.24 10.00
1 2 7 -0.11 0.52 10.00
1 2 8 0.27 1.04 10.00
1 2 9 1.04 -0.53 10.00
1 2 10 0.62 -0.60 10.00
1 2 11 0.76 -0.46 10.00
1 2 12 0.59 -0.32 10.00
1 2 13 -0.04 -0.39 10.00
1 2 14 -0.64 -1.27 10.00
1 2 15 -0.22 -0.74 10.00
1 2 16 -0.32 -1.48 10.00
1 2 17 0.76 -0.46 10.00
1 2 18 -0.08 -0.67 10.00
1 2 19 0.20 -1.16 10.00
1 2 20 -0.29 -0.32 10.00
1 2 21 -0.92 -1.93 10.00
1 2 22 -0.64 -0.60 10.00
1 2 23 -1.44 -0.74 10.00
1 2 24 -1.65 -0.11 10.00
1 2 25 -0.08 -1.58 10.00
1 2 26 -0.43 -1.34 10.00
1 2 27 -0.43 -1.27 10.00
1 2 28 -1.44 -1.51 10.00
1 2 29 -1.09 -1.69 10.00
1 2 30 -1.62 -1.83 10.00
1 2 31 -1.23 -1.55 10.00
1 2 32 -1.62 -1.51 10.00
1 2 33 -0.95 -0.71 10.00
1 2 34 0.17 -0.22 10.00
1 2 35 -0.60 -1.62 10.00
1 2 36 -0.32 -1.16 10.00
1 2 37 -1.48 -1.16 10.00
1 2 38 -0.99 -1.06 10.00
1 2 39 -1.48 -0.60 10.00
1 2 40 -1.20 -0.95 10.00
1 2 41 -0.95 -1.23 10.00
1 2 42 -1.23 -2.39 10.00
1 2 43 -1.20 -2.07 10.00
1 2 44 -1.48 -2.39 10.00
1 2 45 -1.79 -1.51 10.00
1 2 46 -1.83 -2.32 10.00
1 2 47 -2.42 -2.11 10.00
1 2 48 -2.14 -2.00 10.00
1 2 49 5.31 4.89 10.00
1 2 50 4.51 5.14 10.00
1 2 51 5.80 5.45 10.00
1 2 52 4.82 4.26 10.00
1 2 53 4.16 4.09 10.00
1 2 54 3.98 3.98 10.00
1 2 55 3.74 4.54 10.00
1 2 56 4.58 4.82 10.00
1 2 57 2.69 2.86 10.00
1 2 58 2.97 2.86 10.00
1 2 59 4.23 3.07 10.00
1 2 60 3.67 3.39 10.00
1 2 61 2.55 3.35 10.00
1 2 62 2.62 3.11 10.00
1 3 1 25.44 24.14 10.00
1 3 2 26.17 25.16 10.00
1 3 3 25.40 25.30 10.00
1 3 4 24.46 25.16 10.00
1 3 5 24.84 23.97 10.00
2 1 1 39.47 39.12 10.00
2 1 2 39.33 39.12 10.00
2 1 3 39.02 38.46 10.00
2 1 4 39.96 38.98 10.00
2 1 5 37.62 38.56 10.00
2 1 6 0.00 0.00 10.00
2 1 7 38.04 39.02 10.00
2 1 8 38.77 39.79 10.00
2 1 9 39.54 38.35 10.00
2 1 10 0.00 0.00 10.00
2 1 11 38.67 38.39 10.00
2 1 12 38.63 37.16 10.00
2 1 13 37.93 38.35 10.00
2 1 14 37.83 36.95 10.00
2 1 15 38.39 37.37 10.00
2 1 16 37.69 37.62 10.00
2 1 17 38.53 36.53 10.00
2 1 18 37.90 37.13 10.00
2 1 19 33.73 36.04 10.00
2 1 20 37.06 36.11 10.00
2 1 21 37.37 37.34 10.00
2 1 22 36.46 37.69 10.00
2 1 23 37.58 37.62 10.00
2 2 1 11.82 10.04 10.00
2 2 2 12.21 10.98 10.00
2 2 3 11.68 11.05 10.00
2 2 4 11.93 11.58 10.00
2 2 5 10.67 11.09 10.00
2 2 6 10.95 11.09 10.00
2 2 7 12.03 11.79 10.00
2 2 8 11.37 12.21 10.00
2 2 9 12.07 11.51 10.00
2 2 10 11.72 10.39 10.00
2 2 11 12.66 10.18 10.00
2 2 12 11.54 10.07 10.00
2 2 13 11.19 10.53 10.00
2 2 14 10.77 9.79 10.00
2 2 15 10.42 10.53 10.00
2 2 16 10.53 10.11 10.00
2 2 17 12.17 11.26 10.00
2 2 18 11.89 11.44 10.00
2 2 19 11.72 10.67 10.00
2 2 20 12.24 11.82 10.00
2 2 21 10.81 10.81 10.00
2 2 22 11.40 11.26 10.00
2 2 23 11.33 11.05 10.00
2 2 24 10.70 11.96 10.00
2 2 25 12.00 11.02 10.00
2 2 26 12.00 10.25 10.00
2 2 27 11.89 11.09 10.00
2 2 28 11.02 10.32 10.00
2 2 29 10.49 10.84 10.00
2 2 30 10.18 9.79 10.00
2 2 31 10.28 10.60 10.00
2 2 32 9.76 9.93 10.00
2 2 33 10.35 10.60 10.00
2 2 34 11.61 11.16 10.00
2 2 35 10.98 10.81 10.00
2 2 36 11.02 10.81 10.00
2 2 37 9.90 10.14 10.00
2 2 38 10.84 11.44 10.00
2 2 39 9.76 10.35 10.00
2 2 40 9.97 10.88 10.00
2 2 41 10.67 10.11 10.00
2 2 42 10.04 9.13 10.00
2 2 43 10.11 9.13 10.00
2 2 44 10.18 9.65 10.00
2 2 45 9.62 9.41 10.00
2 2 46 10.14 8.78 10.00
2 2 47 10.18 9.34 10.00
2 2 48 9.44 9.44 10.00
2 2 49 11.33 10.74 10.00
2 2 50 10.39 10.53 10.00
2 2 51 11.05 10.14 10.00
2 2 52 10.46 10.14 10.00
2 2 53 9.76 9.55 10.00
2 2 54 9.65 10.42 10.00
2 2 55 11.02 9.58 10.00
2 2 56 10.46 10.25 10.00
2 2 57 9.55 8.71 10.00
2 2 58 8.99 8.43 10.00
2 2 59 9.55 8.67 10.00
2 2 60 9.58 8.95 10.00
2 2 61 9.02 8.57 10.00
2 2 62 8.88 8.39 10.00
2 3 1 36.60 36.81 10.00
2 3 2 37.13 36.22 10.00
2 3 3 35.45 36.22 10.00
2 3 4 36.78 35.87 10.00
2 3 5 35.31 36.50 10.00
3 1 1 26.84 26.21 10.00
3 1 2 26.94 26.28 10.00
3 1 3 25.96 25.93 10.00
3 1 4 27.08 25.26 10.00
3 1 5 25.37 25.93 10.00
3 1 6 26.24 25.89 10.00
3 1 7 31.14 26.56 10.00
3 1 8 26.91 26.28 10.00
3 1 9 26.59 26.38 10.00
3 1 10 25.47 24.39 10.00
3 1 11 26.77 25.65 10.00
3 1 12 25.30 24.25 10.00
3 1 13 24.98 25.02 10.00
3 1 14 25.75 24.91 10.00
3 1 15 26.52 25.26 10.00
3 1 16 25.51 24.74 10.00
3 1 17 25.23 24.74 10.00
3 1 18 24.46 24.18 10.00
3 1 19 25.89 24.21 10.00
3 1 20 24.46 23.62 10.00
3 1 21 23.55 24.53 10.00
3 1 22 23.86 23.86 10.00
3 1 23 24.70 25.02 10.00
3 2 1 -2.46 -2.91 10.00
3 2 2 -1.79 -4.45 10.00
3 2 3 -0.64 -1.97 10.00
3 2 4 -1.23 -1.93 10.00
3 2 5 -1.02 -1.20 10.00
3 2 6 -1.44 -0.85 10.00
3 2 7 -2.04 -0.74 10.00
3 2 8 -0.64 -0.36 10.00
3 2 9 -0.15 -1.51 10.00
3 2 10 -0.67 -2.00 10.00
3 2 11 -0.57 -1.93 10.00
3 2 12 -1.23 -2.60 10.00
3 2 13 -2.04 -2.35 10.00
3 2 14 -1.90 -2.74 10.00
3 2 15 -1.13 -1.69 10.00
3 2 16 -2.04 -2.42 10.00
3 2 17 -0.43 -1.06 10.00
3 2 18 -0.99 -0.85 10.00
3 2 19 -0.78 -1.23 10.00
3 2 20 -0.25 -0.95 10.00
3 2 21 -1.83 -1.55 10.00
3 2 22 -0.71 -0.92 10.00
3 2 23 -1.90 -0.95 10.00
3 2 24 -0.85 -1.06 10.00
3 2 25 -1.44 -1.48 10.00
3 2 26 -0.57 -1.93 10.00
3 2 27 -0.71 -2.46 10.00
3 2 28 -1.44 -3.12 10.00
3 2 29 -2.14 -3.02 10.00
3 2 30 -2.07 -2.70 10.00
3 2 31 -1.48 -2.42 10.00
3 2 32 -2.21 -3.09 10.00
3 2 33 -1.79 -2.63 10.00
3 2 34 -1.20 -1.65 10.00
3 2 35 -2.70 -2.53 10.00
3 2 36 -1.65 -2.77 10.00
3 2 37 -2.88 -3.09 10.00
3 2 38 -2.00 -2.18 10.00
3 2 39 -3.12 -2.63 10.00
3 2 40 -1.37 -1.97 10.00
3 2 41 -2.28 -3.33 10.00
3 2 42 -2.53 -3.47 10.00
3 2 43 -2.32 -4.10 10.00
3 2 44 -2.81 -3.44 10.00
3 2 45 -3.44 -4.35 10.00
3 2 46 -3.37 -3.89 10.00
3 2 47 -3.54 -3.68 10.00
3 2 48 -3.96 -4.73 10.00
3 2 49 -1.58 -2.49 10.00
3 2 50 -2.49 -2.77 10.00
3 2 51 -2.14 -2.32 10.00
3 2 52 -1.51 -2.18 10.00
3 2 53 -2.74 -3.05 10.00
3 2 54 -2.74 -3.09 10.00
3 2 55 -2.11 -2.77 10.00
3 2 56 -2.60 -2.49 10.00
3 2 57 -3.72 -3.30 10.00
3 2 58 -3.82 -3.82 10.00
3 2 59 -3.58 -3.93 10.00
3 2 60 -3.33 -3.33 10.00
3 2 61 -4.24 -4.49 10.00
3 2 62 -3.75 -4.17 10.00
3 3 1 24.95 24.04 10.00
3 3 2 24.49 23.06 10.00
3 3 3 23.34 23.37 10.00
3 3 4 23.93 23.62 10.00
3 3 5 23.16 22.85 10.00
4 1 1 27.50 27.15 10.00
4 1 2 28.13 27.26 10.00
4 1 3 26.80 26.38 10.00
4 1 4 26.21 26.52 10.00
4 1 5 26.49 25.79 10.00
4 1 6 25.58 25.37 10.00
4 1 7 25.72 26.77 10.00
4 1 8 25.40 26.03 10.00
4 1 9 26.91 25.96 10.00
4 1 10 26.38 25.47 10.00
4 1 11 27.68 26.73 10.00
4 1 12 26.35 25.12 10.00
4 1 13 26.07 25.86 10.00
4 1 14 25.86 25.47 10.00
4 1 15 25.79 24.63 10.00
4 1 16 26.21 24.18 10.00
4 1 17 25.93 25.89 10.00
4 1 18 26.28 24.49 10.00
4 1 19 26.84 26.21 10.00
4 1 20 25.72 25.02 10.00
4 1 21 26.21 25.68 10.00
4 1 22 24.77 24.70 10.00
4 1 23 25.33 25.44 10.00
4 2 1 -0.15 -0.85 10.00
4 2 2 -0.95 -1.48 10.00
4 2 3 -0.64 -1.37 10.00
4 2 4 -0.11 -0.99 10.00
4 2 5 -0.46 -1.27 10.00
4 2 6 -0.67 -0.36 10.00
4 2 7 -0.15 -0.46 10.00
4 2 8 -0.57 0.06 10.00
4 2 9 0.17 -1.86 10.00
4 2 10 -0.08 -2.00 10.00
4 2 11 -0.22 -1.93 10.00
4 2 12 -0.67 -2.18 10.00
4 2 13 -0.99 -1.48 10.00
4 2 14 -1.93 -1.93 10.00
4 2 15 -1.79 -1.27 10.00
4 2 16 -1.93 -2.14 10.00
4 2 17 0.10 -1.06 10.00
4 2 18 -0.67 -0.99 10.00
4 2 19 -0.46 -0.88 10.00
4 2 20 -0.29 -1.02 10.00
4 2 21 -1.37 -1.55 10.00
4 2 22 -0.85 -0.29 10.00
4 2 23 -0.88 -0.60 10.00
4 2 24 0.03 0.13 10.00
4 2 25 0.13 -1.27 10.00
4 2 26 -0.64 -1.20 10.00
4 2 27 -0.85 -1.37 10.00
4 2 28 -1.27 -1.72 10.00
4 2 29 -1.09 -1.34 10.00
4 2 30 -1.90 -1.90 10.00
4 2 31 -1.13 -1.13 10.00
4 2 32 -2.53 -2.49 10.00
4 2 33 -0.67 -1.48 10.00
4 2 34 -0.46 -0.74 10.00
4 2 35 -1.06 -0.36 10.00
4 2 36 -1.23 -1.83 10.00
4 2 37 -2.04 -1.44 10.00
4 2 38 -1.90 -0.74 10.00
4 2 39 -1.76 -1.16 10.00
4 2 40 -1.48 -0.99 10.00
4 2 41 -0.88 -1.51 10.00
4 2 42 -1.37 -2.67 10.00
4 2 43 -1.51 -1.83 10.00
4 2 44 -1.72 -2.49 10.00
4 2 45 -2.21 -2.18 10.00
4 2 46 -2.67 -2.67 10.00
4 2 47 -2.63 -2.91 10.00
4 2 48 -2.49 -3.16 10.00
4 2 49 -0.67 -0.67 10.00
4 2 50 -0.67 -0.99 10.00
4 2 51 -0.95 -0.95 10.00
4 2 52 -1.37 -1.30 10.00
4 2 53 -1.93 -1.30 10.00
4 2 54 -1.83 -1.30 10.00
4 2 55 -1.86 -1.86 10.00
4 2 56 -1.86 -1.55 10.00
4 2 57 -3.05 -2.63 10.00
4 2 58 -2.63 -3.26 10.00
4 2 59 -2.95 -3.37 10.00
4 2 60 -2.98 -4.80 10.00
4 2 61 -3.26 -2.98 10.00
4 2 62 -3.86 -2.98 10.00
4 3 1 25.09 24.32 10.00
4 3 2 24.25 23.97 10.00
4 3 3 24.81 24.46 10.00
4 3 4 24.04 24.21 10.00
4 3 5 25.12 23.34 10.00
5 1 1 25.23 25.65 10.00
5 1 2 24.46 24.49 10.00
5 1 3 24.88 25.02 10.00
5 1 4 25.09 25.05 10.00
5 1 5 23.34 24.28 10.00
5 1 6 24.53 24.63 10.00
5 1 7 23.72 24.74 10.00
5 1 8 24.00 25.37 10.00
5 1 9 24.98 24.25 10.00
5 1 10 24.00 23.41 10.00
5 1 11 24.25 23.41 10.00
5 1 12 24.77 24.00 10.00
5 1 13 23.44 23.06 10.00
5 1 14 23.37 22.60 10.00
5 1 15 23.30 23.93 10.00
5 1 16 23.41 23.09 10.00
5 1 17 24.18 23.58 10.00
5 1 18 22.81 22.50 10.00
5 1 19 22.64 23.34 10.00
5 1 20 23.02 22.99 10.00
5 1 21 22.99 22.99 10.00
5 1 22 21.76 21.87 10.00
5 1 23 22.78 22.99 10.00
5 2 1 -2.91 -3.09 10.00
5 2 2 -4.10 -3.86 10.00
5 2 3 -3.82 -5.12 10.00
5 2 4 -4.31 -3.51 10.00
5 2 5 -4.07 -3.33 10.00
5 2 6 -4.38 -2.91 10.00
5 2 7 -3.82 -3.30 10.00
5 2 8 -3.79 -2.21 10.00
5 2 9 -2.88 -3.23 10.00
5 2 10 -2.49 -3.72 10.00
5 2 11 -2.53 -2.98 10.00
5 2 12 -3.12 -3.72 10.00
5 2 13 -3.40 -3.51 10.00
5 2 14 -3.65 -3.72 10.00
5 2 15 -3.58 -3.47 10.00
5 2 16 -4.21 -3.68 10.00
5 2 17 -2.84 -3.40 10.00
5 2 18 -2.07 -2.67 10.00
5 2 19 -3.02 -3.40 10.00
5 2 20 -2.00 -2.60 10.00
5 2 21 -4.14 -3.51 10.00
5 2 22 -2.74 -2.67 10.00
5 2 23 -3.19 -3.09 10.00
5 2 24 -3.19 -2.35 10.00
5 2 25 -3.05 -3.40 10.00
5 2 26 -2.49 -3.96 10.00
5 2 27 -2.95 -3.65 10.00
5 2 28 -3.68 -4.21 10.00
5 2 29 -4.24 -3.96 10.00
5 2 30 -3.86 -4.14 10.00
5 2 31 -4.31 -3.93 10.00
5 2 32 -4.35 -4.14 10.00
5 2 33 -3.54 -3.54 10.00
5 2 34 -2.74 -3.05 10.00
5 2 35 -3.33 -4.07 10.00
5 2 36 -3.72 -3.86 10.00
5 2 37 -4.73 -4.24 10.00
5 2 38 -3.89 -3.23 10.00
5 2 39 -4.70 -4.24 10.00
5 2 40 -3.93 -3.16 10.00
5 2 41 -4.14 -4.31 10.00
5 2 42 -4.52 -4.91 10.00
5 2 43 -4.31 -4.94 10.00
5 2 44 -4.56 -5.22 10.00
5 2 45 -4.70 -4.91 10.00
5 2 46 -5.15 -5.57 10.00
5 2 47 -5.22 -5.61 10.00
5 2 48 -5.43 -5.29 10.00
5 2 49 -3.30 -4.03 10.00
5 2 50 -3.33 -4.49 10.00
5 2 51 -3.30 -3.61 10.00
5 2 52 -3.65 -4.21 10.00
5 2 53 -4.49 -4.80 10.00
5 2 54 -4.49 -4.24 10.00
5 2 55 -3.68 -4.80 10.00
5 2 56 -4.77 -4.21 10.00
5 2 57 -5.12 -5.71 10.00
5 2 58 -5.96 -5.85 10.00
5 2 59 -5.22 -6.52 10.00
5 2 60 -4.49 -6.13 10.00
5 2 61 -6.55 -5.68 10.00
5 2 62 -5.71 -5.96 10.00
5 3 1 22.39 21.87 10.00
5 3 2 21.55 21.03 10.00
5 3 3 23.30 22.46 10.00
5 3 4 20.75 21.62 10.00
5 3 5 21.52 21.34 10.00
6 1 1 27.50 27.19 10.00
6 1 2 26.80 27.40 10.00
6 1 3 27.26 27.05 10.00
6 1 4 27.64 26.66 10.00
6 1 5 26.94 26.91 10.00
6 1 6 27.40 27.12 10.00
6 1 7 26.63 26.87 10.00
6 1 8 26.49 26.91 10.00
6 1 9 27.15 26.14 10.00
6 1 10 25.93 25.37 10.00
6 1 11 26.91 25.65 10.00
6 1 12 25.82 25.23 10.00
6 1 13 25.86 25.05 10.00
6 1 14 24.70 25.02 10.00
6 1 15 25.72 26.17 10.00
6 1 16 25.86 25.86 10.00
6 1 17 31.21 30.30 10.00
6 1 18 31.25 30.37 10.00
6 1 19 30.06 31.28 10.00
6 1 20 31.21 29.99 10.00
6 1 21 0.00 0.00 10.00
6 1 22 29.39 30.06 10.00
6 1 23 30.02 29.50 10.00
6 2 1 0.13 -1.02 10.00
6 2 2 -0.08 -0.57 10.00
6 2 3 -0.18 -0.60 10.00
6 2 4 -0.60 -0.46 10.00
6 2 5 -0.78 -0.25 10.00
6 2 6 -1.06 -0.57 10.00
6 2 7 -0.99 -0.18 10.00
6 2 8 -0.50 -0.71 10.00
6 2 9 -0.04 -1.23 10.00
6 2 10 -0.50 -1.41 10.00
6 2 11 -0.39 -1.44 10.00
6 2 12 -0.92 -1.69 10.00
6 2 13 -0.92 -1.55 10.00
6 2 14 -1.48 -2.56 10.00
6 2 15 -1.09 -1.86 10.00
6 2 16 -1.51 -2.11 10.00
6 2 17 -0.25 -0.64 10.00
6 2 18 -0.50 -0.71 10.00
6 2 19 -1.06 -0.60 10.00
6 2 20 0.20 -1.58 10.00
6 2 21 -1.48 -2.56 10.00
6 2 22 -0.85 -0.22 10.00
6 2 23 -1.23 -0.32 10.00
6 2 24 -0.85 -1.20 10.00
6 2 25 0.13 -0.81 10.00
6 2 26 -0.60 -1.62 10.00
6 2 27 -0.22 -1.55 10.00
6 2 28 -1.76 -2.60 10.00
6 2 29 -1.65 -2.25 10.00
6 2 30 -1.62 -2.07 10.00
6 2 31 -1.72 -1.90 10.00
6 2 32 -2.18 -2.70 10.00
6 2 33 -1.06 -1.65 10.00
6 2 34 -0.43 -0.92 10.00
6 2 35 -1.65 -2.28 10.00
6 2 36 -0.46 -1.86 10.00
6 2 37 -2.49 -2.53 10.00
6 2 38 -1.06 -1.16 10.00
6 2 39 -1.83 -1.44 10.00
6 2 40 -1.16 -0.74 10.00
6 2 41 -2.00 -2.49 10.00
6 2 42 -2.39 -3.12 10.00
6 2 43 -1.72 -2.91 10.00
6 2 44 -2.18 -3.05 10.00
6 2 45 -2.77 -3.33 10.00
6 2 46 -3.02 -2.95 10.00
6 2 47 -2.84 -3.02 10.00
6 2 48 -3.26 -3.26 10.00
6 2 49 4.58 3.14 10.00
6 2 50 3.70 3.67 10.00
6 2 51 4.61 4.37 10.00
6 2 52 3.70 3.39 10.00
6 2 53 3.11 3.28 10.00
6 2 54 2.90 3.28 10.00
6 2 55 3.39 3.70 10.00
6 2 56 3.70 3.70 10.00
6 2 57 3.07 1.88 10.00
6 2 58 2.86 1.60 10.00
6 2 59 2.23 1.95 10.00
6 2 60 2.83 1.67 10.00
6 2 61 1.64 1.99 10.00
6 2 62 1.67 1.88 10.00
6 3 1 28.83 29.18 10.00
6 3 2 28.62 28.13 10.00
6 3 3 29.04 30.30 10.00
6 3 4 29.74 28.34 10.00
6 3 5 29.08 28.97 10.00
