1 1 1 55.6684 0.0034 0.7950 65.4502 0.0034 0.7950
1 1 2 60.4484 0.0034 0.7950 56.4796 0.0034 0.7950
1 1 3 59.4772 0.0034 0.7950 54.8289 0.0034 0.7950
1 1 4 76.0437 0.0034 0.7950 55.8925 0.0034 0.7950
1 1 5 86.2578 0.0034 0.7950 65.7016 0.0034 0.7950
1 1 6 86.3604 0.0034 0.7950 54.0236 0.0034 0.7950
1 1 7 76.2895 0.0034 0.7950 85.4903 0.0034 0.7950
1 1 8 35.8474 0.0034 0.7950 38.1531 0.0034 0.7950
1 1 9 65.2758 0.0034 0.7950 98.6501 0.0034 0.7950
1 1 10 39.9679 0.0034 0.7950 68.8534 0.0034 0.7950
1 1 11 35.7130 0.0034 0.7950 49.6000 0.0034 0.7950
1 1 12 58.4062 0.0034 0.7950 52.0273 0.0034 0.7950
1 1 13 48.2085 0.0034 0.7950 74.2190 0.0034 0.7950
1 1 14 40.1694 0.0034 0.7950 76.1179 0.0034 0.7950
1 1 15 60.9697 0.0034 0.7950 53.2221 0.0034 0.7950
1 1 16 42.3569 0.0034 0.7950 54.6649 0.0034 0.7950
1 1 17 56.4891 0.0034 0.7950 53.6904 0.0034 0.7950
1 1 18 60.2785 0.0034 0.7950 44.9475 0.0034 0.7950
1 1 19 19.1987 0.0034 0.7950 10.5948 0.0034 0.7950
1 1 20 48.1559 0.0034 0.7950 53.5626 0.0034 0.7950
1 1 21 44.3132 0.0034 0.7950 38.7222 0.0034 0.7950
1 1 22 61.9076 0.0034 0.7950 33.6945 0.0034 0.7950
1 1 23 117.0832 0.0034 0.7950 0.0000 0.0034 0.7950
1 2 1 40.0000 0.0034 0.7950 40.0000 0.0034 0.7950
1 2 2 40.0000 0.0034 0.7950 40.0000 0.0034 0.7950
1 2 3 28.6163 0.0034 0.7950 44.8007 0.0034 0.7950
1 2 4 44.4502 0.0034 0.7950 51.3511 0.0034 0.7950
1 2 5 54.8429 0.0034 0.7950 45.0138 0.0034 0.7950
1 2 6 52.0958 0.0034 0.7950 48.8321 0.0034 0.7950
1 2 7 46.8864 0.0034 0.7950 49.0131 0.0034 0.7950
1 2 8 46.8050 0.0034 0.7950 47.6734 0.0034 0.7950
1 2 9 42.2028 0.0034 0.7950 55.4619 0.0034 0.7950
1 2 10 47.8311 0.0034 0.7950 46.3295 0.0034 0.7950
1 2 11 51.3141 0.0034 0.7950 43.8219 0.0034 0.7950
1 2 12 46.9843 0.0034 0.7950 46.4294 0.0034 0.7950
1 2 13 60.2868 0.0034 0.7950 52.5988 0.0034 0.7950
1 2 14 39.6604 0.0034 0.7950 43.8827 0.0034 0.7950
1 2 15 47.4912 0.0034 0.7950 42.1912 0.0034 0.7950
1 2 16 47.2742 0.0034 0.7950 45.6804 0.0034 0.7950
1 2 17 40.6155 0.0034 0.7950 35.2508 0.0034 0.7950
1 2 18 45.8886 0.0034 0.7950 54.5729 0.0034 0.7950
1 2 19 91.4157 0.0034 0.7950 37.4954 0.0034 0.7950
1 2 20 130.1568 0.0034 0.7950 58.9264 0.0034 0.7950
1 2 21 73.1453 0.0034 0.7950 43.8436 0.0034 0.7950
1 2 22 103.8679 0.0034 0.7950 58.2663 0.0034 0.7950
1 2 23 100.8430 0.0034 0.7950 62.8352 0.0034 0.7950
1 2 24 76.3241 0.0034 0.7950 43.3420 0.0034 0.7950
1 2 25 99.6292 0.0034 0.7950 49.7351 0.0034 0.7950
1 2 26 71.8926 0.0034 0.7950 28.3803 0.0034 0.7950
1 2 27 84.1855 0.0034 0.7950 35.0846 0.0034 0.7950
1 2 28 98.4421 0.0034 0.7950 55.9016 0.0034 0.7950
1 2 29 56.6146 0.0034 0.7950 71.5660 0.0034 0.7950
1 2 30 59.3645 0.0034 0.7950 68.3763 0.0034 0.7950
1 2 31 47.0298 0.0034 0.7950 60.3928 0.0034 0.7950
1 2 32 53.8857 0.0034 0.7950 34.1787 0.0034 0.7950
1 2 33 65.1369 0.0034 0.7950 42.5494 0.0034 0.7950
1 2 34 48.9160 0.0034 0.7950 58.8650 0.0034 0.7950
1 2 35 65.9383 0.0034 0.7950 65.6788 0.0034 0.7950
1 2 36 43.3767 0.0034 0.7950 46.9117 0.0034 0.7950
1 2 37 38.7015 0.0034 0.7950 48.1359 0.0034 0.7950
1 2 38 42.2555 0.0034 0.7950 59.3306 0.0034 0.7950
1 2 39 46.0912 0.0034 0.7950 44.8531 0.0034 0.7950
1 2 40 63.4794 0.0034 0.7950 58.1176 0.0034 0.7950
1 2 41 48.3124 0.0034 0.7950 31.7576 0.0034 0.7950
1 2 42 44.6702 0.0034 0.7950 33.4129 0.0034 0.7950
1 2 43 34.7625 0.0034 0.7950 58.9528 0.0034 0.7950
1 2 44 52.3711 0.0034 0.7950 49.7088 0.0034 0.7950
1 2 45 38.9546 0.0034 0.7950 41.2440 0.0034 0.7950
1 2 46 25.8937 0.0034 0.7950 26.0673 0.0034 0.7950
1 2 47 95.8148 0.0034 0.7950 67.6225 0.0034 0.7950
1 2 48 65.0332 0.0034 0.7950 51.2615 0.0034 0.7950
1 2 49 121.0219 0.0034 0.7950 23.8669 0.0034 0.7950
1 2 50 24.1129 0.0034 0.7950 113.0779 0.0034 0.7950
1 2 51 56.2669 0.0034 0.7950 50.5022 0.0034 0.7950
1 2 52 200.0000 0.0034 0.7950 23.7954 0.0034 0.7950
1 2 53 17.2097 0.0034 0.7950 0.0000 0.0034 0.7950
1 2 54 64.9980 0.0034 0.7950 127.1782 0.0034 0.7950
1 2 55 199.9993 0.0034 0.7950 74.3211 0.0034 0.7950
1 2 56 160.8340 0.0034 0.7950 73.7364 0.0034 0.7950
1 2 57 40.0000 0.0034 0.7950 199.9998 0.0034 0.7950
1 2 58 40.0000 0.0034 0.7950 0.0001 0.0034 0.7950
1 2 59 41.4857 0.0034 0.7950 41.3628 0.0034 0.7950
1 2 60 40.0000 0.0034 0.7950 31.3508 0.0034 0.7950
1 2 61 40.0000 0.0034 0.7950 40.0000 0.0034 0.7950
1 2 62 40.0000 0.0034 0.7950 40.0000 0.0034 0.7950
1 3 1 40.0000 0.0034 0.7950 24.2421 0.0034 0.7950
1 3 2 40.0000 0.0034 0.7950 40.0000 0.0034 0.7950
1 3 3 40.0000 0.0034 0.7950 40.0000 0.0034 0.7950
1 3 4 40.0000 0.0034 0.7950 40.0000 0.0034 0.7950
1 3 5 40.0000 0.0034 0.7950 40.0000 0.0034 0.7950
2 1 1 41.0570 0.0034 0.7950 41.9634 0.0034 0.7950
2 1 2 84.2741 0.0034 0.7950 63.8009 0.0034 0.7950
2 1 3 52.3106 0.0034 0.7950 53.8814 0.0034 0.7950
2 1 4 48.9093 0.0034 0.7950 93.9720 0.0034 0.7950
2 1 5 40.3666 0.0034 0.7950 21.1318 0.0034 0.7950
2 1 6 40.0000 0.0034 0.7950 40.0000 0.0034 0.7950
2 1 7 43.9309 0.0034 0.7950 69.8799 0.0034 0.7950
2 1 8 65.0905 0.0034 0.7950 76.7387 0.0034 0.7950
2 1 9 78.7041 0.0034 0.7950 36.5154 0.0034 0.7950
2 1 10 40.0000 0.0034 0.7950 40.0000 0.0034 0.7950
2 1 11 71.2503 0.0034 0.7950 77.1072 0.0034 0.7950
2 1 12 37.4826 0.0034 0.7950 36.7306 0.0034 0.7950
2 1 13 66.5094 0.0034 0.7950 28.3688 0.0034 0.7950
2 1 14 79.1993 0.0034 0.7950 56.1502 0.0034 0.7950
2 1 15 35.9866 0.0034 0.7950 55.6684 0.0034 0.7950
2 1 16 48.7694 0.0034 0.7950 49.2665 0.0034 0.7950
2 1 17 52.2512 0.0034 0.7950 36.8170 0.0034 0.7950
2 1 18 64.6656 0.0034 0.7950 17.2629 0.0034 0.7950
2 1 19 38.6358 0.0034 0.7950 65.4585 0.0034 0.7950
2 1 20 36.8425 0.0034 0.7950 59.3174 0.0034 0.7950
2 1 21 37.9497 0.0034 0.7950 31.4669 0.0034 0.7950
2 1 22 31.1275 0.0034 0.7950 40.5430 0.0034 0.7950
2 1 23 40.0000 0.0034 0.7950 35.8147 0.0034 0.7950
2 2 1 40.0000 0.0034 0.7950 40.0000 0.0034 0.7950
2 2 2 40.0000 0.0034 0.7950 40.0000 0.0034 0.7950
2 2 3 40.0000 0.0034 0.7950 40.0000 0.0034 0.7950
2 2 4 40.0000 0.0034 0.7950 40.0000 0.0034 0.7950
2 2 5 40.0000 0.0034 0.7950 40.0000 0.0034 0.7950
2 2 6 42.8348 0.0034 0.7950 40.0000 0.0034 0.7950
2 2 7 45.0067 0.0034 0.7950 37.2376 0.0034 0.7950
2 2 8 199.9998 0.0034 0.7950 38.3794 0.0034 0.7950
2 2 9 73.7515 0.0034 0.7950 40.0000 0.0034 0.7950
2 2 10 52.6186 0.0034 0.7950 0.0018 0.0034 0.7950
2 2 11 42.5602 0.0034 0.7950 95.7865 0.0034 0.7950
2 2 12 56.0173 0.0034 0.7950 43.2460 0.0034 0.7950
2 2 13 41.8134 0.0034 0.7950 199.9993 0.0034 0.7950
2 2 14 56.8769 0.0034 0.7950 143.4468 0.0034 0.7950
2 2 15 53.8426 0.0034 0.7950 45.7393 0.0034 0.7950
2 2 16 39.7932 0.0034 0.7950 25.8290 0.0034 0.7950
2 2 17 90.4110 0.0034 0.7950 39.4226 0.0034 0.7950
2 2 18 41.3141 0.0034 0.7950 32.6297 0.0034 0.7950
2 2 19 89.2324 0.0034 0.7950 67.2754 0.0034 0.7950
2 2 20 96.3574 0.0034 0.7950 36.0137 0.0034 0.7950
2 2 21 56.0349 0.0034 0.7950 126.6704 0.0034 0.7950
2 2 22 56.8146 0.0034 0.7950 115.6982 0.0034 0.7950
2 2 23 51.5537 0.0034 0.7950 37.7024 0.0034 0.7950
2 2 24 51.4369 0.0034 0.7950 93.2382 0.0034 0.7950
2 2 25 53.3120 0.0034 0.7950 67.7269 0.0034 0.7950
2 2 26 45.7365 0.0034 0.7950 46.9529 0.0034 0.7950
2 2 27 59.5562 0.0034 0.7950 87.8786 0.0034 0.7950
2 2 28 65.4708 0.0034 0.7950 90.5451 0.0034 0.7950
2 2 29 57.3940 0.0034 0.7950 43.7912 0.0034 0.7950
2 2 30 73.8241 0.0034 0.7950 64.7101 0.0034 0.7950
2 2 31 43.8435 0.0034 0.7950 54.9274 0.0034 0.7950
2 2 32 62.1968 0.0034 0.7950 52.1374 0.0034 0.7950
2 2 33 42.5123 0.0034 0.7950 85.7090 0.0034 0.7950
2 2 34 35.8988 0.0034 0.7950 41.5483 0.0034 0.7950
2 2 35 44.5193 0.0034 0.7950 55.6605 0.0034 0.7950
2 2 36 51.9239 0.0034 0.7950 44.8607 0.0034 0.7950
2 2 37 49.0055 0.0034 0.7950 61.0921 0.0034 0.7950
2 2 38 46.4824 0.0034 0.7950 33.0083 0.0034 0.7950
2 2 39 53.8320 0.0034 0.7950 46.6384 0.0034 0.7950
2 2 40 52.1014 0.0034 0.7950 41.2093 0.0034 0.7950
2 2 41 56.7446 0.0034 0.7950 53.5868 0.0034 0.7950
2 2 42 41.4096 0.0034 0.7950 44.4204 0.0034 0.7950
2 2 43 37.9527 0.0034 0.7950 29.6386 0.0034 0.7950
2 2 44 35.7510 0.0034 0.7950 36.5060 0.0034 0.7950
2 2 45 27.3784 0.0034 0.7950 45.7686 0.0034 0.7950
2 2 46 36.6131 0.0034 0.7950 38.2713 0.0034 0.7950
2 2 47 46.0593 0.0034 0.7950 28.4003 0.0034 0.7950
2 2 48 33.5579 0.0034 0.7950 45.6110 0.0034 0.7950
2 2 49 41.6441 0.0034 0.7950 25.0680 0.0034 0.7950
2 2 50 65.4381 0.0034 0.7950 2.9870 0.0034 0.7950
2 2 51 122.8823 0.0034 0.7950 64.6077 0.0034 0.7950
2 2 52 80.3626 0.0034 0.7950 91.2126 0.0034 0.7950
2 2 53 199.9987 0.0034 0.7950 34.0272 0.0034 0.7950
2 2 54 0.0000 0.0034 0.7950 38.7013 0.0034 0.7950
2 2 55 41.4459 0.0034 0.7950 40.0000 0.0034 0.7950
2 2 56 40.0000 0.0034 0.7950 40.0000 0.0034 0.7950
2 2 57 40.0000 0.0034 0.7950 40.0000 0.0034 0.7950
2 2 58 40.0000 0.0034 0.7950 40.0000 0.0034 0.7950
2 2 59 40.0000 0.0034 0.7950 40.0000 0.0034 0.7950
2 2 60 40.0000 0.0034 0.7950 40.0000 0.0034 0.7950
2 2 61 40.0000 0.0034 0.7950 40.0000 0.0034 0.7950
2 2 62 40.0000 0.0034 0.7950 40.0000 0.0034 0.7950
2 3 1 40.0000 0.0034 0.7950 40.0000 0.0034 0.7950
2 3 2 40.0000 0.0034 0.7950 40.0000 0.0034 0.7950
2 3 3 40.0000 0.0034 0.7950 40.0000 0.0034 0.7950
2 3 4 40.0000 0.0034 0.7950 40.0000 0.0034 0.7950
2 3 5 40.0000 0.0034 0.7950 40.0000 0.0034 0.7950
3 1 1 100.9843 0.0034 0.7950 60.4700 0.0034 0.7950
3 1 2 64.3980 0.0034 0.7950 59.7844 0.0034 0.7950
3 1 3 63.1654 0.0034 0.7950 41.7592 0.0034 0.7950
3 1 4 47.8391 0.0034 0.7950 44.1550 0.0034 0.7950
3 1 5 58.4339 0.0034 0.7950 45.1099 0.0034 0.7950
3 1 6 48.0496 0.0034 0.7950 46.3125 0.0034 0.7950
3 1 7 64.6770 0.0034 0.7950 57.1930 0.0034 0.7950
3 1 8 70.2807 0.0034 0.7950 67.4747 0.0034 0.7950
3 1 9 52.7374 0.0034 0.7950 73.0212 0.0034 0.7950
3 1 10 69.6900 0.0034 0.7950 54.6050 0.0034 0.7950
3 1 11 42.3914 0.0034 0.7950 45.6040 0.0034 0.7950
3 1 12 55.1888 0.0034 0.7950 63.3047 0.0034 0.7950
3 1 13 64.1563 0.0034 0.7950 57.1268 0.0034 0.7950
3 1 14 15.9587 0.0034 0.7950 60.7439 0.0034 0.7950
3 1 15 35.5682 0.0034 0.7950 48.3242 0.0034 0.7950
3 1 16 65.6884 0.0034 0.7950 57.2751 0.0034 0.7950
3 1 17 59.0675 0.0034 0.7950 45.7450 0.0034 0.7950
3 1 18 50.7442 0.0034 0.7950 74.1071 0.0034 0.7950
3 1 19 57.5355 0.0034 0.7950 50.1580 0.0034 0.7950
3 1 20 23.0609 0.0034 0.7950 21.1304 0.0034 0.7950
3 1 21 21.6588 0.0034 0.7950 38.5695 0.0034 0.7950
3 1 22 69.9463 0.0034 0.7950 40.0000 0.0034 0.7950
3 1 23 199.9999 0.0034 0.7950 40.0000 0.0034 0.7950
3 2 1 40.0000 0.0034 0.7950 40.0000 0.0034 0.7950
3 2 2 40.0000 0.0034 0.7950 40.0000 0.0034 0.7950
3 2 3 63.0211 0.0034 0.7950 40.0983 0.0034 0.7950
3 2 4 53.3763 0.0034 0.7950 56.1215 0.0034 0.7950
3 2 5 34.4368 0.0034 0.7950 34.9333 0.0034 0.7950
3 2 6 48.0211 0.0034 0.7950 47.9670 0.0034 0.7950
3 2 7 48.1567 0.0034 0.7950 45.7097 0.0034 0.7950
3 2 8 46.4029 0.0034 0.7950 47.5374 0.0034 0.7950
3 2 9 49.0203 0.0034 0.7950 46.3322 0.0034 0.7950
3 2 10 42.6655 0.0034 0.7950 43.4476 0.0034 0.7950
3 2 11 47.9254 0.0034 0.7950 43.9152 0.0034 0.7950
3 2 12 50.9035 0.0034 0.7950 51.8792 0.0034 0.7950
3 2 13 46.9225 0.0034 0.7950 45.1699 0.0034 0.7950
3 2 14 41.9213 0.0034 0.7950 42.9816 0.0034 0.7950
3 2 15 40.0660 0.0034 0.7950 41.9719 0.0034 0.7950
3 2 16 50.7601 0.0034 0.7950 46.7023 0.0034 0.7950
3 2 17 50.0641 0.0034 0.7950 43.8607 0.0034 0.7950
3 2 18 45.7627 0.0034 0.7950 44.3729 0.0034 0.7950
3 2 19 46.1517 0.0034 0.7950 50.8292 0.0034 0.7950
3 2 20 48.0404 0.0034 0.7950 37.7730 0.0034 0.7950
3 2 21 75.7096 0.0034 0.7950 46.5807 0.0034 0.7950
3 2 22 51.4115 0.0034 0.7950 46.2666 0.0034 0.7950
3 2 23 52.5449 0.0034 0.7950 46.7161 0.0034 0.7950
3 2 24 56.7161 0.0034 0.7950 46.3855 0.0034 0.7950
3 2 25 66.2527 0.0034 0.7950 28.1157 0.0034 0.7950
3 2 26 91.9922 0.0034 0.7950 70.9699 0.0034 0.7950
3 2 27 79.6518 0.0034 0.7950 40.0384 0.0034 0.7950
3 2 28 60.0567 0.0034 0.7950 42.5178 0.0034 0.7950
3 2 29 86.6916 0.0034 0.7950 67.7525 0.0034 0.7950
3 2 30 69.4066 0.0034 0.7950 74.1190 0.0034 0.7950
3 2 31 68.5964 0.0034 0.7950 65.2354 0.0034 0.7950
3 2 32 71.7345 0.0034 0.7950 59.5449 0.0034 0.7950
3 2 33 89.9373 0.0034 0.7950 51.7754 0.0034 0.7950
3 2 34 43.0590 0.0034 0.7950 30.4636 0.0034 0.7950
3 2 35 55.2072 0.0034 0.7950 32.4989 0.0034 0.7950
3 2 36 45.6152 0.0034 0.7950 56.3290 0.0034 0.7950
3 2 37 51.8364 0.0034 0.7950 64.2396 0.0034 0.7950
3 2 38 45.0840 0.0034 0.7950 56.0788 0.0034 0.7950
3 2 39 50.5688 0.0034 0.7950 54.5121 0.0034 0.7950
3 2 40 40.9099 0.0034 0.7950 50.4279 0.0034 0.7950
3 2 41 49.7002 0.0034 0.7950 54.0074 0.0034 0.7950
3 2 42 57.0882 0.0034 0.7950 51.3658 0.0034 0.7950
3 2 43 50.0755 0.0034 0.7950 38.8966 0.0034 0.7950
3 2 44 43.0411 0.0034 0.7950 46.6617 0.0034 0.7950
3 2 45 77.0968 0.0034 0.7950 41.7666 0.0034 0.7950
3 2 46 52.4801 0.0034 0.7950 42.3732 0.0034 0.7950
3 2 47 80.7815 0.0034 0.7950 20.0659 0.0034 0.7950
3 2 48 62.5687 0.0034 0.7950 50.5861 0.0034 0.7950
3 2 49 58.4874 0.0034 0.7950 0.0000 0.0034 0.7950
3 2 50 11.3179 0.0034 0.7950 1.5548 0.0034 0.7950
3 2 51 46.5174 0.0034 0.7950 15.1719 0.0034 0.7950
3 2 52 12.5006 0.0034 0.7950 84.2321 0.0034 0.7950
3 2 53 103.5069 0.0034 0.7950 166.0597 0.0034 0.7950
3 2 54 112.3176 0.0034 0.7950 39.4429 0.0034 0.7950
3 2 55 24.9787 0.0034 0.7950 140.3759 0.0034 0.7950
3 2 56 0.0117 0.0034 0.7950 40.0000 0.0034 0.7950
3 2 57 40.0000 0.0034 0.7950 40.0000 0.0034 0.7950
3 2 58 40.0000 0.0034 0.7950 40.0000 0.0034 0.7950
3 2 59 40.0000 0.0034 0.7950 40.0000 0.0034 0.7950
3 2 60 40.0000 0.0034 0.7950 40.0000 0.0034 0.7950
3 2 61 40.0000 0.0034 0.7950 40.0000 0.0034 0.7950
3 2 62 40.0000 0.0034 0.7950 40.0000 0.0034 0.7950
3 3 1 31.5291 0.0034 0.7950 39.7458 0.0034 0.7950
3 3 2 0.0001 0.0034 0.7950 40.0000 0.0034 0.7950
3 3 3 40.0000 0.0034 0.7950 40.0000 0.0034 0.7950
3 3 4 40.0000 0.0034 0.7950 40.0000 0.0034 0.7950
3 3 5 40.0000 0.0034 0.7950 40.0000 0.0034 0.7950
4 1 1 63.5241 0.0034 0.7950 50.1135 0.0034 0.7950
4 1 2 103.9900 0.0034 0.7950 75.0618 0.0034 0.7950
4 1 3 199.9999 0.0034 0.7950 107.2098 0.0034 0.7950
4 1 4 27.0729 0.0034 0.7950 90.7514 0.0034 0.7950
4 1 5 54.8071 0.0034 0.7950 58.4654 0.0034 0.7950
4 1 6 54.2610 0.0034 0.7950 58.4187 0.0034 0.7950
4 1 7 89.8535 0.0034 0.7950 80.6101 0.0034 0.7950
4 1 8 56.8084 0.0034 0.7950 72.1231 0.0034 0.7950
4 1 9 109.3511 0.0034 0.7950 71.6501 0.0034 0.7950
4 1 10 36.2189 0.0034 0.7950 58.6137 0.0034 0.7950
4 1 11 53.7385 0.0034 0.7950 29.4614 0.0034 0.7950
4 1 12 65.1969 0.0034 0.7950 81.3032 0.0034 0.7950
4 1 13 65.4752 0.0034 0.7950 57.7832 0.0034 0.7950
4 1 14 69.3030 0.0034 0.7950 62.6872 0.0034 0.7950
4 1 15 61.0212 0.0034 0.7950 51.3524 0.0034 0.7950
4 1 16 46.1922 0.0034 0.7950 49.2472 0.0034 0.7950
4 1 17 55.1830 0.0034 0.7950 49.6740 0.0034 0.7950
4 1 18 40.0000 0.0034 0.7950 40.0000 0.0034 0.7950
4 1 19 12.2079 0.0034 0.7950 42.1024 0.0034 0.7950
4 1 20 33.8353 0.0034 0.7950 23.2262 0.0034 0.7950
4 1 21 14.1945 0.0034 0.7950 53.4638 0.0034 0.7950
4 1 22 151.5571 0.0034 0.7950 30.4208 0.0034 0.7950
4 1 23 50.5410 0.0034 0.7950 0.0126 0.0034 0.7950
4 2 1 44.4714 0.0034 0.7950 50.3724 0.0034 0.7950
4 2 2 51.1380 0.0034 0.7950 52.8326 0.0034 0.7950
4 2 3 50.9551 0.0034 0.7950 50.4775 0.0034 0.7950
4 2 4 51.3150 0.0034 0.7950 46.4585 0.0034 0.7950
4 2 5 52.8237 0.0034 0.7950 45.4171 0.0034 0.7950
4 2 6 45.1336 0.0034 0.7950 47.2631 0.0034 0.7950
4 2 7 42.7733 0.0034 0.7950 44.9871 0.0034 0.7950
4 2 8 51.3554 0.0034 0.7950 41.4262 0.0034 0.7950
4 2 9 36.0800 0.0034 0.7950 46.2402 0.0034 0.7950
4 2 10 64.9313 0.0034 0.7950 23.2746 0.0034 0.7950
4 2 11 46.9760 0.0034 0.7950 200.0000 0.0034 0.7950
4 2 12 39.9435 0.0034 0.7950 47.2857 0.0034 0.7950
4 2 13 199.9982 0.0034 0.7950 56.8811 0.0034 0.7950
4 2 14 121.1609 0.0034 0.7950 74.7450 0.0034 0.7950
4 2 15 44.4028 0.0034 0.7950 55.0888 0.0034 0.7950
4 2 16 47.1254 0.0034 0.7950 48.9991 0.0034 0.7950
4 2 17 53.2616 0.0034 0.7950 58.4742 0.0034 0.7950
4 2 18 80.9642 0.0034 0.7950 40.2453 0.0034 0.7950
4 2 19 101.0233 0.0034 0.7950 60.1810 0.0034 0.7950
4 2 20 132.9761 0.0034 0.7950 58.9720 0.0034 0.7950
4 2 21 73.7281 0.0034 0.7950 66.3621 0.0034 0.7950
4 2 22 80.2461 0.0034 0.7950 77.8595 0.0034 0.7950
4 2 23 55.3102 0.0034 0.7950 134.9424 0.0034 0.7950
4 2 24 73.4575 0.0034 0.7950 80.8232 0.0034 0.7950
4 2 25 72.9957 0.0034 0.7950 69.8112 0.0034 0.7950
4 2 26 29.6127 0.0034 0.7950 41.3628 0.0034 0.7950
4 2 27 99.7030 0.0034 0.7950 36.3988 0.0034 0.7950
4 2 28 11.1190 0.0034 0.7950 37.3960 0.0034 0.7950
4 2 29 48.8395 0.0034 0.7950 67.2316 0.0034 0.7950
4 2 30 49.1469 0.0034 0.7950 20.7107 0.0034 0.7950
4 2 31 35.7727 0.0034 0.7950 34.4282 0.0034 0.7950
4 2 32 51.6295 0.0034 0.7950 54.7382 0.0034 0.7950
4 2 33 73.5997 0.0034 0.7950 31.9407 0.0034 0.7950
4 2 34 37.1968 0.0034 0.7950 46.8993 0.0034 0.7950
4 2 35 60.2338 0.0034 0.7950 56.6647 0.0034 0.7950
4 2 36 42.3550 0.0034 0.7950 52.0468 0.0034 0.7950
4 2 37 49.4367 0.0034 0.7950 43.4798 0.0034 0.7950
4 2 38 44.9698 0.0034 0.7950 43.4804 0.0034 0.7950
4 2 39 39.1566 0.0034 0.7950 61.1160 0.0034 0.7950
4 2 40 47.7658 0.0034 0.7950 48.1159 0.0034 0.7950
4 2 41 51.2937 0.0034 0.7950 49.9565 0.0034 0.7950
4 2 42 31.1533 0.0034 0.7950 44.5894 0.0034 0.7950
4 2 43 42.7740 0.0034 0.7950 50.8226 0.0034 0.7950
4 2 44 41.5489 0.0034 0.7950 44.4161 0.0034 0.7950
4 2 45 47.4044 0.0034 0.7950 53.8261 0.0034 0.7950
4 2 46 36.7966 0.0034 0.7950 68.3352 0.0034 0.7950
4 2 47 56.0538 0.0034 0.7950 59.7889 0.0034 0.7950
4 2 48 49.0752 0.0034 0.7950 53.7356 0.0034 0.7950
4 2 49 58.5240 0.0034 0.7950 46.4493 0.0034 0.7950
4 2 50 72.9196 0.0034 0.7950 10.3731 0.0034 0.7950
4 2 51 42.5653 0.0034 0.7950 20.1807 0.0034 0.7950
4 2 52 49.3311 0.0034 0.7950 46.8472 0.0034 0.7950
4 2 53 32.7567 0.0034 0.7950 39.7286 0.0034 0.7950
4 2 54 5.5242 0.0034 0.7950 11.7552 0.0034 0.7950
4 2 55 40.0000 0.0034 0.7950 0.0000 0.0034 0.7950
4 2 56 40.0000 0.0034 0.7950 78.5316 0.0034 0.7950
4 2 57 40.0000 0.0034 0.7950 143.2014 0.0034 0.7950
4 2 58 34.7056 0.0034 0.7950 40.0000 0.0034 0.7950
4 2 59 31.0835 0.0034 0.7950 40.0000 0.0034 0.7950
4 2 60 40.0000 0.0034 0.7950 40.0000 0.0034 0.7950
4 2 61 40.0000 0.0034 0.7950 40.0000 0.0034 0.7950
4 2 62 40.0000 0.0034 0.7950 40.0000 0.0034 0.7950
4 3 1 0.0003 0.0034 0.7950 40.0000 0.0034 0.7950
4 3 2 40.0000 0.0034 0.7950 40.0000 0.0034 0.7950
4 3 3 40.0000 0.0034 0.7950 40.0000 0.0034 0.7950
4 3 4 40.0000 0.0034 0.7950 40.0000 0.0034 0.7950
4 3 5 40.0000 0.0034 0.7950 40.0000 0.0034 0.7950
5 1 1 40.0000 0.0034 0.7950 40.0000 0.0034 0.7950
5 1 2 40.0000 0.0034 0.7950 40.0000 0.0034 0.7950
5 1 3 40.0000 0.0034 0.7950 40.0000 0.0034 0.7950
5 1 4 40.0000 0.0034 0.7950 40.0000 0.0034 0.7950
5 1 5 40.0000 0.0034 0.7950 40.0000 0.0034 0.7950
5 1 6 40.0000 0.0034 0.7950 40.0000 0.0034 0.7950
5 1 7 40.0000 0.0034 0.7950 40.0000 0.0034 0.7950
5 1 8 37.2144 0.0034 0.7950 0.0000 0.0034 0.7950
5 1 9 63.1818 0.0034 0.7950 105.9374 0.0034 0.7950
5 1 10 87.4508 0.0034 0.7950 71.5805 0.0034 0.7950
5 1 11 85.6026 0.0034 0.7950 6.7785 0.0034 0.7950
5 1 12 68.3574 0.0034 0.7950 86.7567 0.0034 0.7950
5 1 13 82.5804 0.0034 0.7950 60.1904 0.0034 0.7950
5 1 14 56.3887 0.0034 0.7950 54.5508 0.0034 0.7950
5 1 15 54.5056 0.0034 0.7950 75.5805 0.0034 0.7950
5 1 16 41.8809 0.0034 0.7950 15.0154 0.0034 0.7950
5 1 17 129.4600 0.0034 0.7950 48.4572 0.0034 0.7950
5 1 18 62.7583 0.0034 0.7950 21.1837 0.0034 0.7950
5 1 19 73.4488 0.0034 0.7950 33.2306 0.0034 0.7950
5 1 20 126.4085 0.0034 0.7950 56.1968 0.0034 0.7950
5 1 21 199.9998 0.0034 0.7950 62.7271 0.0034 0.7950
5 1 22 40.0000 0.0034 0.7950 40.0000 0.0034 0.7950
5 1 23 40.0000 0.0034 0.7950 40.0000 0.0034 0.7950
5 2 1 40.0000 0.0034 0.7950 40.0000 0.0034 0.7950
5 2 2 40.0000 0.0034 0.7950 40.0000 0.0034 0.7950
5 2 3 40.0000 0.0034 0.7950 40.0000 0.0034 0.7950
5 2 4 40.0000 0.0034 0.7950 40.0000 0.0034 0.7950
5 2 5 40.0000 0.0034 0.7950 40.0000 0.0034 0.7950
5 2 6 40.0000 0.0034 0.7950 40.0000 0.0034 0.7950
5 2 7 40.0000 0.0034 0.7950 40.0000 0.0034 0.7950
5 2 8 40.0000 0.0034 0.7950 40.0000 0.0034 0.7950
5 2 9 40.0000 0.0034 0.7950 40.0000 0.0034 0.7950
5 2 10 40.0000 0.0034 0.7950 40.0000 0.0034 0.7950
5 2 11 40.0000 0.0034 0.7950 40.0000 0.0034 0.7950
5 2 12 40.0000 0.0034 0.7950 40.0000 0.0034 0.7950
5 2 13 40.0000 0.0034 0.7950 40.0000 0.0034 0.7950
5 2 14 40.0000 0.0034 0.7950 40.0000 0.0034 0.7950
5 2 15 40.0000 0.0034 0.7950 40.0000 0.0034 0.7950
5 2 16 40.0000 0.0034 0.7950 40.0000 0.0034 0.7950
5 2 17 40.0000 0.0034 0.7950 40.0000 0.0034 0.7950
5 2 18 40.0000 0.0034 0.7950 40.0000 0.0034 0.7950
5 2 19 40.0000 0.0034 0.7950 40.0000 0.0034 0.7950
5 2 20 40.0000 0.0034 0.7950 40.0000 0.0034 0.7950
5 2 21 40.0000 0.0034 0.7950 40.0000 0.0034 0.7950
5 2 22 40.0000 0.0034 0.7950 40.0000 0.0034 0.7950
5 2 23 40.5516 0.0034 0.7950 40.0000 0.0034 0.7950
5 2 24 40.0000 0.0034 0.7950 40.0000 0.0034 0.7950
5 2 25 35.4888 0.0034 0.7950 40.0000 0.0034 0.7950
5 2 26 40.0000 0.0034 0.7950 45.4076 0.0034 0.7950
5 2 27 53.4127 0.0034 0.7950 44.3705 0.0034 0.7950
5 2 28 78.7406 0.0034 0.7950 80.0763 0.0034 0.7950
5 2 29 61.0186 0.0034 0.7950 73.0009 0.0034 0.7950
5 2 30 73.4327 0.0034 0.7950 93.7962 0.0034 0.7950
5 2 31 97.3500 0.0034 0.7950 35.8472 0.0034 0.7950
5 2 32 89.0841 0.0034 0.7950 76.7896 0.0034 0.7950
5 2 33 85.8275 0.0034 0.7950 70.9802 0.0034 0.7950
5 2 34 52.3705 0.0034 0.7950 85.5794 0.0034 0.7950
5 2 35 102.3564 0.0034 0.7950 94.5338 0.0034 0.7950
5 2 36 30.3778 0.0034 0.7950 29.8784 0.0034 0.7950
5 2 37 76.3952 0.0034 0.7950 55.1964 0.0034 0.7950
5 2 38 57.2644 0.0034 0.7950 60.8675 0.0034 0.7950
5 2 39 39.0737 0.0034 0.7950 64.3657 0.0034 0.7950
5 2 40 93.1759 0.0034 0.7950 27.0131 0.0034 0.7950
5 2 41 199.9999 0.0034 0.7950 23.6265 0.0034 0.7950
5 2 42 199.9996 0.0034 0.7950 54.4848 0.0034 0.7950
5 2 43 111.7933 0.0034 0.7950 97.1776 0.0034 0.7950
5 2 44 0.0002 0.0034 0.7950 0.0001 0.0034 0.7950
5 2 45 74.1560 0.0034 0.7950 55.9705 0.0034 0.7950
5 2 46 40.0000 0.0034 0.7950 0.0000 0.0034 0.7950
5 2 47 0.0038 0.0034 0.7950 0.0000 0.0034 0.7950
5 2 48 40.0000 0.0034 0.7950 62.8922 0.0034 0.7950
5 2 49 39.2278 0.0034 0.7950 167.8557 0.0034 0.7950
5 2 50 0.0000 0.0034 0.7950 158.0561 0.0034 0.7950
5 2 51 35.6177 0.0034 0.7950 200.0000 0.0034 0.7950
5 2 52 199.9998 0.0034 0.7950 40.0617 0.0034 0.7950
5 2 53 43.8441 0.0034 0.7950 41.4049 0.0034 0.7950
5 2 54 40.0000 0.0034 0.7950 40.0000 0.0034 0.7950
5 2 55 40.0000 0.0034 0.7950 40.0000 0.0034 0.7950
5 2 56 40.0000 0.0034 0.7950 40.0000 0.0034 0.7950
5 2 57 40.0000 0.0034 0.7950 40.0000 0.0034 0.7950
5 2 58 40.0000 0.0034 0.7950 40.0000 0.0034 0.7950
5 2 59 40.0000 0.0034 0.7950 40.0000 0.0034 0.7950
5 2 60 40.0000 0.0034 0.7950 40.0000 0.0034 0.7950
5 2 61 40.0000 0.0034 0.7950 40.0000 0.0034 0.7950
5 2 62 40.0000 0.0034 0.7950 40.0000 0.0034 0.7950
5 3 1 40.0000 0.0034 0.7950 40.0000 0.0034 0.7950
5 3 2 40.0000 0.0034 0.7950 40.0000 0.0034 0.7950
5 3 3 40.0000 0.0034 0.7950 40.0000 0.0034 0.7950
5 3 4 40.0000 0.0034 0.7950 40.0000 0.0034 0.7950
5 3 5 40.0000 0.0034 0.7950 40.0000 0.0034 0.7950
6 1 1 62.3872 0.0034 0.7950 58.6555 0.0034 0.7950
6 1 2 53.8982 0.0034 0.7950 56.7924 0.0034 0.7950
6 1 3 47.2843 0.0034 0.7950 51.7103 0.0034 0.7950
6 1 4 49.5612 0.0034 0.7950 48.7730 0.0034 0.7950
6 1 5 54.8113 0.0034 0.7950 57.0538 0.0034 0.7950
6 1 6 53.7550 0.0034 0.7950 65.3565 0.0034 0.7950
6 1 7 51.4032 0.0034 0.7950 52.7368 0.0034 0.7950
6 1 8 56.2185 0.0034 0.7950 79.6776 0.0034 0.7950
6 1 9 53.7186 0.0034 0.7950 64.3262 0.0034 0.7950
6 1 10 56.9645 0.0034 0.7950 60.1149 0.0034 0.7950
6 1 11 53.4338 0.0034 0.7950 72.7133 0.0034 0.7950
6 1 12 59.9833 0.0034 0.7950 72.5339 0.0034 0.7950
6 1 13 50.1923 0.0034 0.7950 61.3776 0.0034 0.7950
6 1 14 57.5063 0.0034 0.7950 87.8414 0.0034 0.7950
6 1 15 46.8111 0.0034 0.7950 50.1426 0.0034 0.7950
6 1 16 51.3308 0.0034 0.7950 63.0248 0.0034 0.7950
6 1 17 48.6581 0.0034 0.7950 52.2998 0.0034 0.7950
6 1 18 50.6918 0.0034 0.7950 13.6014 0.0034 0.7950
6 1 19 37.3088 0.0034 0.7950 43.7130 0.0034 0.7950
6 1 20 60.7484 0.0034 0.7950 54.8384 0.0034 0.7950
6 1 21 40.0000 0.0034 0.7950 40.0000 0.0034 0.7950
6 1 22 40.0000 0.0034 0.7950 40.0000 0.0034 0.7950
6 1 23 40.0000 0.0034 0.7950 40.0000 0.0034 0.7950
6 2 1 40.0000 0.0034 0.7950 40.0000 0.0034 0.7950
6 2 2 50.5745 0.0034 0.7950 44.9209 0.0034 0.7950
6 2 3 46.6671 0.0034 0.7950 51.3204 0.0034 0.7950
6 2 4 55.1260 0.0034 0.7950 47.8816 0.0034 0.7950
6 2 5 48.2364 0.0034 0.7950 46.4627 0.0034 0.7950
6 2 6 54.1560 0.0034 0.7950 43.4156 0.0034 0.7950
6 2 7 44.3116 0.0034 0.7950 49.8589 0.0034 0.7950
6 2 8 40.0230 0.0034 0.7950 52.2652 0.0034 0.7950
6 2 9 45.6685 0.0034 0.7950 55.6498 0.0034 0.7950
6 2 10 43.8961 0.0034 0.7950 46.8264 0.0034 0.7950
6 2 11 42.6688 0.0034 0.7950 48.4638 0.0034 0.7950
6 2 12 43.1506 0.0034 0.7950 43.5710 0.0034 0.7950
6 2 13 40.9516 0.0034 0.7950 52.8297 0.0034 0.7950
6 2 14 46.5019 0.0034 0.7950 47.3514 0.0034 0.7950
6 2 15 47.5900 0.0034 0.7950 49.9382 0.0034 0.7950
6 2 16 44.3284 0.0034 0.7950 58.8581 0.0034 0.7950
6 2 17 43.3109 0.0034 0.7950 47.0551 0.0034 0.7950
6 2 18 52.3075 0.0034 0.7950 64.7784 0.0034 0.7950
6 2 19 54.8084 0.0034 0.7950 50.6807 0.0034 0.7950
6 2 20 44.9114 0.0034 0.7950 51.4216 0.0034 0.7950
6 2 21 40.8457 0.0034 0.7950 52.4507 0.0034 0.7950
6 2 22 40.0456 0.0034 0.7950 51.2323 0.0034 0.7950
6 2 23 48.4229 0.0034 0.7950 46.3958 0.0034 0.7950
6 2 24 40.8548 0.0034 0.7950 57.6101 0.0034 0.7950
6 2 25 43.0141 0.0034 0.7950 49.2438 0.0034 0.7950
6 2 26 33.1933 0.0034 0.7950 74.4406 0.0034 0.7950
6 2 27 42.0899 0.0034 0.7950 67.5518 0.0034 0.7950
6 2 28 40.8153 0.0034 0.7950 83.6461 0.0034 0.7950
6 2 29 55.2214 0.0034 0.7950 59.8445 0.0034 0.7950
6 2 30 44.1320 0.0034 0.7950 31.5338 0.0034 0.7950
6 2 31 46.4167 0.0034 0.7950 66.7946 0.0034 0.7950
6 2 32 53.1494 0.0034 0.7950 58.9470 0.0034 0.7950
6 2 33 49.3097 0.0034 0.7950 50.8965 0.0034 0.7950
6 2 34 33.4992 0.0034 0.7950 58.7715 0.0034 0.7950
6 2 35 49.5172 0.0034 0.7950 60.6132 0.0034 0.7950
6 2 36 37.8972 0.0034 0.7950 53.9855 0.0034 0.7950
6 2 37 51.7541 0.0034 0.7950 60.7561 0.0034 0.7950
6 2 38 52.5455 0.0034 0.7950 44.3615 0.0034 0.7950
6 2 39 33.2017 0.0034 0.7950 30.1454 0.0034 0.7950
6 2 40 37.4316 0.0034 0.7950 35.3978 0.0034 0.7950
6 2 41 63.2947 0.0034 0.7950 37.7413 0.0034 0.7950
6 2 42 38.9936 0.0034 0.7950 64.0802 0.0034 0.7950
6 2 43 39.5147 0.0034 0.7950 53.1211 0.0034 0.7950
6 2 44 33.1337 0.0034 0.7950 47.6936 0.0034 0.7950
6 2 45 30.2770 0.0034 0.7950 53.7985 0.0034 0.7950
6 2 46 43.0169 0.0034 0.7950 34.6426 0.0034 0.7950
6 2 47 46.9446 0.0034 0.7950 27.6026 0.0034 0.7950
6 2 48 30.1597 0.0034 0.7950 52.1250 0.0034 0.7950
6 2 49 42.3420 0.0034 0.7950 57.0359 0.0034 0.7950
6 2 50 14.3850 0.0034 0.7950 39.1545 0.0034 0.7950
6 2 51 12.2081 0.0034 0.7950 75.2939 0.0034 0.7950
6 2 52 161.8170 0.0034 0.7950 132.3221 0.0034 0.7950
6 2 53 36.8824 0.0034 0.7950 40.0000 0.0034 0.7950
6 2 54 40.0000 0.0034 0.7950 40.0000 0.0034 0.7950
6 2 55 40.0000 0.0034 0.7950 40.0000 0.0034 0.7950
6 2 56 40.0000 0.0034 0.7950 40.0000 0.0034 0.7950
6 2 57 40.0000 0.0034 0.7950 40.0000 0.0034 0.7950
6 2 58 40.0000 0.0034 0.7950 40.0000 0.0034 0.7950
6 2 59 40.0000 0.0034 0.7950 40.0000 0.0034 0.7950
6 2 60 40.0000 0.0034 0.7950 40.0000 0.0034 0.7950
6 2 61 40.0000 0.0034 0.7950 40.0000 0.0034 0.7950
6 2 62 40.0000 0.0034 0.7950 40.0000 0.0034 0.7950
6 3 1 40.0000 0.0034 0.7950 40.0000 0.0034 0.7950
6 3 2 40.0000 0.0034 0.7950 40.0000 0.0034 0.7950
6 3 3 40.0000 0.0034 0.7950 40.0000 0.0034 0.7950
6 3 4 40.0000 0.0034 0.7950 40.0000 0.0034 0.7950
6 3 5 40.0000 0.0034 0.7950 40.0000 0.0034 0.7950
