1 1 1 0.000
1 1 2 0.000
1 1 3 0.000
1 1 4 0.000
1 1 5 0.000
1 1 6 0.000
1 1 7 0.000
1 1 8 0.000
1 1 9 0.000
1 1 10 0.000
1 1 11 0.000
1 1 12 0.000
1 1 13 0.000
1 1 14 0.000
1 1 15 0.000
1 1 16 0.000
1 1 17 0.000
1 1 18 0.000
1 1 19 0.000
1 1 20 0.000
1 1 21 0.000
1 1 22 0.000
1 1 23 0.000
1 2 1 8.016
1 2 2 2.004
1 2 3 8.016
1 2 4 6.012
1 2 5 -4.008
1 2 6 10.020
1 2 7 -0.000
1 2 8 -0.000
1 2 9 10.020
1 2 10 -4.008
1 2 11 12.024
1 2 12 12.024
1 2 13 12.024
1 2 14 2.004
1 2 15 6.012
1 2 16 2.004
1 2 17 2.004
1 2 18 4.008
1 2 19 20.040
1 2 20 -0.000
1 2 21 18.036
1 2 22 4.008
1 2 23 2.004
1 2 24 6.012
1 2 25 8.016
1 2 26 20.040
1 2 27 24.048
1 2 28 10.020
1 2 29 22.044
1 2 30 22.044
1 2 31 20.040
1 2 32 22.044
1 2 33 18.036
1 2 34 18.036
1 2 35 18.036
1 2 36 8.016
1 2 37 10.020
1 2 38 4.008
1 2 39 12.024
1 2 40 8.016
1 2 41 10.020
1 2 42 6.012
1 2 43 12.024
1 2 44 16.032
1 2 45 20.040
1 2 46 14.028
1 2 47 12.024
1 2 48 14.028
1 2 49 6.012
1 2 50 18.036
1 2 51 18.036
1 2 52 6.012
1 2 53 12.024
1 2 54 12.024
1 2 55 20.040
1 2 56 14.028
1 2 57 22.044
1 2 58 24.048
1 2 59 26.052
1 2 60 20.040
1 2 61 22.044
1 2 62 28.056
1 3 1 -14.028
1 3 2 -12.024
1 3 3 0.000
1 3 4 0.000
1 3 5 -6.012
2 1 1 0.000
2 1 2 0.000
2 1 3 0.000
2 1 4 0.000
2 1 5 0.000
2 1 6 0.000
2 1 7 0.000
2 1 8 0.000
2 1 9 0.000
2 1 10 0.000
2 1 11 0.000
2 1 12 0.000
2 1 13 0.000
2 1 14 0.000
2 1 15 0.000
2 1 16 0.000
2 1 17 0.000
2 1 18 0.000
2 1 19 0.000
2 1 20 0.000
2 1 21 0.000
2 1 22 0.000
2 1 23 0.000
2 2 1 28.056
2 2 2 18.036
2 2 3 32.064
2 2 4 34.068
2 2 5 34.068
2 2 6 34.068
2 2 7 30.060
2 2 8 18.036
2 2 9 26.052
2 2 10 28.056
2 2 11 34.068
2 2 12 36.072
2 2 13 36.072
2 2 14 44.088
2 2 15 26.052
2 2 16 26.052
2 2 17 24.048
2 2 18 22.044
2 2 19 34.068
2 2 20 24.048
2 2 21 30.060
2 2 22 22.044
2 2 23 34.068
2 2 24 18.036
2 2 25 38.076
2 2 26 38.076
2 2 27 30.060
2 2 28 46.092
2 2 29 44.088
2 2 30 42.084
2 2 31 44.088
2 2 32 44.088
2 2 33 30.060
2 2 34 42.084
2 2 35 36.072
2 2 36 42.084
2 2 37 42.084
2 2 38 46.092
2 2 39 32.064
2 2 40 32.064
2 2 41 46.092
2 2 42 38.076
2 2 43 34.068
2 2 44 38.076
2 2 45 40.080
2 2 46 38.076
2 2 47 40.080
2 2 48 38.076
2 2 49 44.088
2 2 50 38.076
2 2 51 50.100
2 2 52 50.100
2 2 53 46.092
2 2 54 46.092
2 2 55 54.108
2 2 56 48.096
2 2 57 40.080
2 2 58 38.076
2 2 59 42.084
2 2 60 44.088
2 2 61 40.080
2 2 62 50.100
2 3 1 18.036
2 3 2 22.044
2 3 3 22.044
2 3 4 0.000
2 3 5 0.000
3 1 1 0.000
3 1 2 0.000
3 1 3 0.000
3 1 4 0.000
3 1 5 0.000
3 1 6 0.000
3 1 7 0.000
3 1 8 0.000
3 1 9 0.000
3 1 10 0.000
3 1 11 0.000
3 1 12 0.000
3 1 13 0.000
3 1 14 0.000
3 1 15 0.000
3 1 16 0.000
3 1 17 0.000
3 1 18 0.000
3 1 19 0.000
3 1 20 0.000
3 1 21 0.000
3 1 22 0.000
3 1 23 0.000
3 2 1 6.012
3 2 2 -12.024
3 2 3 -14.028
3 2 4 -10.020
3 2 5 -12.024
3 2 6 6.012
3 2 7 6.012
3 2 8 -8.016
3 2 9 -14.028
3 2 10 6.012
3 2 11 6.012
3 2 12 -10.020
3 2 13 -14.028
3 2 14 -8.016
3 2 15 -2.004
3 2 16 12.024
3 2 17 -6.012
3 2 18 -8.016
3 2 19 -8.016
3 2 20 -6.012
3 2 21 12.024
3 2 22 10.020
3 2 23 -2.004
3 2 24 -2.004
3 2 25 -0.000
3 2 26 14.028
3 2 27 -2.004
3 2 28 2.004
3 2 29 -2.004
3 2 30 14.028
3 2 31 8.016
3 2 32 6.012
3 2 33 4.008
3 2 34 -2.004
3 2 35 8.016
3 2 36 -0.000
3 2 37 16.032
3 2 38 4.008
3 2 39 12.024
3 2 40 12.024
3 2 41 4.008
3 2 42 10.020
3 2 43 10.020
3 2 44 8.016
3 2 45 8.016
3 2 46 8.016
3 2 47 6.012
3 2 48 12.024
3 2 49 6.012
3 2 50 16.032
3 2 51 14.028
3 2 52 16.032
3 2 53 14.028
3 2 54 8.016
3 2 55 14.028
3 2 56 14.028
3 2 57 20.040
3 2 58 8.016
3 2 59 16.032
3 2 60 12.024
3 2 61 18.036
3 2 62 16.032
3 3 1 -14.028
3 3 2 -6.012
3 3 3 -2.004
3 3 4 4.008
3 3 5 0.000
4 1 1 0.000
4 1 2 0.000
4 1 3 0.000
4 1 4 0.000
4 1 5 0.000
4 1 6 0.000
4 1 7 0.000
4 1 8 0.000
4 1 9 0.000
4 1 10 0.000
4 1 11 0.000
4 1 12 0.000
4 1 13 0.000
4 1 14 0.000
4 1 15 0.000
4 1 16 0.000
4 1 17 0.000
4 1 18 0.000
4 1 19 0.000
4 1 20 0.000
4 1 21 0.000
4 1 22 0.000
4 1 23 0.000
4 2 1 -22.044
4 2 2 -22.044
4 2 3 -4.008
4 2 4 -22.044
4 2 5 -22.044
4 2 6 -20.040
4 2 7 -18.036
4 2 8 -8.016
4 2 9 -12.024
4 2 10 6.012
4 2 11 -18.036
4 2 12 -14.028
4 2 13 -8.016
4 2 14 -14.028
4 2 15 -4.008
4 2 16 -10.020
4 2 17 -10.020
4 2 18 -12.024
4 2 19 6.012
4 2 20 -4.008
4 2 21 -18.036
4 2 22 -14.028
4 2 23 -4.008
4 2 24 -10.020
4 2 25 -4.008
4 2 26 2.004
4 2 27 -6.012
4 2 28 -6.012
4 2 29 -2.004
4 2 30 -0.000
4 2 31 -0.000
4 2 32 -0.000
4 2 33 -0.000
4 2 34 -2.004
4 2 35 -0.000
4 2 36 -4.008
4 2 37 -0.000
4 2 38 4.008
4 2 39 4.008
4 2 40 4.008
4 2 41 2.004
4 2 42 2.004
4 2 43 -0.000
4 2 44 2.004
4 2 45 2.004
4 2 46 -2.004
4 2 47 2.004
4 2 48 -2.004
4 2 49 -0.000
4 2 50 8.016
4 2 51 6.012
4 2 52 2.004
4 2 53 6.012
4 2 54 10.020
4 2 55 8.016
4 2 56 20.040
4 2 57 2.004
4 2 58 26.052
4 2 59 24.048
4 2 60 10.020
4 2 61 6.012
4 2 62 4.008
4 3 1 -38.076
4 3 2 0.000
4 3 3 0.000
4 3 4 0.000
4 3 5 0.000
5 1 1 0.000
5 1 2 0.000
5 1 3 0.000
5 1 4 0.000
5 1 5 0.000
5 1 6 0.000
5 1 7 0.000
5 1 8 0.000
5 1 9 0.000
5 1 10 0.000
5 1 11 0.000
5 1 12 0.000
5 1 13 0.000
5 1 14 0.000
5 1 15 0.000
5 1 16 0.000
5 1 17 0.000
5 1 18 0.000
5 1 19 0.000
5 1 20 0.000
5 1 21 0.000
5 1 22 0.000
5 1 23 0.000
5 2 1 -6.012
5 2 2 -14.028
5 2 3 -14.028
5 2 4 -38.076
5 2 5 -22.044
5 2 6 -22.044
5 2 7 -36.072
5 2 8 8.016
5 2 9 -24.048
5 2 10 -18.036
5 2 11 -28.056
5 2 12 -28.056
5 2 13 -40.080
5 2 14 -18.036
5 2 15 2.004
5 2 16 4.008
5 2 17 -18.036
5 2 18 -2.004
5 2 19 -0.000
5 2 20 -24.048
5 2 21 4.008
5 2 22 2.004
5 2 23 -0.000
5 2 24 -8.016
5 2 25 -0.000
5 2 26 4.008
5 2 27 4.008
5 2 28 6.012
5 2 29 24.048
5 2 30 -2.004
5 2 31 4.008
5 2 32 -2.004
5 2 33 4.008
5 2 34 2.004
5 2 35 4.008
5 2 36 2.004
5 2 37 4.008
5 2 38 4.008
5 2 39 8.016
5 2 40 8.016
5 2 41 8.016
5 2 42 18.036
5 2 43 6.012
5 2 44 8.016
5 2 45 4.008
5 2 46 10.020
5 2 47 2.004
5 2 48 2.004
5 2 49 6.012
5 2 50 18.036
5 2 51 6.012
5 2 52 10.020
5 2 53 12.024
5 2 54 14.028
5 2 55 24.048
5 2 56 8.016
5 2 57 20.040
5 2 58 4.008
5 2 59 10.020
5 2 60 10.020
5 2 61 10.020
5 2 62 88.176
5 3 1 -14.028
5 3 2 -26.052
5 3 3 -0.000
5 3 4 -4.008
5 3 5 0.000
6 1 1 0.000
6 1 2 0.000
6 1 3 0.000
6 1 4 0.000
6 1 5 0.000
6 1 6 0.000
6 1 7 0.000
6 1 8 0.000
6 1 9 0.000
6 1 10 0.000
6 1 11 0.000
6 1 12 0.000
6 1 13 0.000
6 1 14 0.000
6 1 15 0.000
6 1 16 0.000
6 1 17 0.000
6 1 18 0.000
6 1 19 0.000
6 1 20 0.000
6 1 21 0.000
6 1 22 0.000
6 1 23 0.000
6 2 1 -8.016
6 2 2 -8.016
6 2 3 8.016
6 2 4 8.016
6 2 5 -8.016
6 2 6 -8.016
6 2 7 -2.004
6 2 8 -2.004
6 2 9 8.016
6 2 10 8.016
6 2 11 -2.004
6 2 12 10.020
6 2 13 10.020
6 2 14 14.028
6 2 15 2.004
6 2 16 2.004
6 2 17 -2.004
6 2 18 12.024
6 2 19 -4.008
6 2 20 -2.004
6 2 21 4.008
6 2 22 2.004
6 2 23 -0.000
6 2 24 2.004
6 2 25 2.004
6 2 26 6.012
6 2 27 22.044
6 2 28 22.044
6 2 29 6.012
6 2 30 8.016
6 2 31 6.012
6 2 32 -0.000
6 2 33 18.036
6 2 34 4.008
6 2 35 6.012
6 2 36 4.008
6 2 37 6.012
6 2 38 10.020
6 2 39 8.016
6 2 40 10.020
6 2 41 18.036
6 2 42 4.008
6 2 43 8.016
6 2 44 10.020
6 2 45 4.008
6 2 46 16.032
6 2 47 8.016
6 2 48 16.032
6 2 49 6.012
6 2 50 8.016
6 2 51 14.028
6 2 52 8.016
6 2 53 10.020
6 2 54 10.020
6 2 55 4.008
6 2 56 14.028
6 2 57 20.040
6 2 58 14.028
6 2 59 16.032
6 2 60 28.056
6 2 61 16.032
6 2 62 24.048
6 3 1 2.004
6 3 2 -16.032
6 3 3 -8.016
6 3 4 0.000
6 3 5 0.000
