1 1 1 12.500 12.500 0.000 0.000 0.297 0.004
1 1 2 12.500 12.500 0.000 0.000 0.017 0.004
1 1 3 12.500 12.500 0.000 0.000 0.157 0.006
1 1 4 12.500 12.500 0.000 0.000 0.033 0.005
1 1 5 12.500 12.500 0.000 0.000 0.019 0.005
1 1 6 12.500 12.500 0.000 0.000 -0.050 0.008
1 1 7 12.500 12.500 0.000 0.000 -0.049 0.007
1 1 8 12.500 12.500 0.000 0.000 -0.042 0.008
1 1 9 12.500 12.500 0.000 0.000 0.059 0.008
1 1 10 12.500 12.500 0.000 0.000 0.115 0.010
1 1 11 12.500 12.500 0.000 0.000 -0.036 0.009
1 1 12 12.500 12.500 0.000 0.000 -0.077 0.010
1 1 13 12.500 12.500 0.000 0.000 0.047 0.013
1 1 14 12.500 12.500 0.000 0.000 0.029 0.011
1 1 15 12.500 12.500 0.000 0.000 0.042 0.011
1 1 16 12.500 12.500 0.000 0.000 -0.014 0.012
1 1 17 12.500 12.500 0.000 0.000 -0.066 0.013
1 1 18 12.500 12.500 0.000 0.000 0.021 0.012
1 1 19 12.500 12.500 0.000 0.000 0.019 0.015
1 1 20 12.500 12.500 0.000 0.000 0.034 0.012
1 1 21 12.500 12.500 0.000 0.000 -0.019 0.013
1 1 22 12.500 12.500 0.000 0.000 -0.116 0.016
1 1 23 12.500 12.500 0.000 0.000 0.049 0.017
1 2 1 12.500 12.500 0.000 0.000 -0.014 0.007
1 2 2 12.500 12.500 0.000 0.000 -0.015 0.007
1 2 3 12.500 12.500 0.000 0.000 0.009 0.007
1 2 4 12.500 12.500 0.000 0.000 0.039 0.006
1 2 5 12.500 12.500 0.000 0.000 0.039 0.005
1 2 6 12.500 12.500 0.000 0.000 0.027 0.006
1 2 7 12.500 12.500 0.000 0.000 0.031 0.004
1 2 8 12.500 12.500 0.000 0.000 0.026 0.006
1 2 9 12.500 12.500 0.000 0.000 0.017 0.006
1 2 10 12.500 12.500 0.000 0.000 0.029 0.007
1 2 11 12.500 12.500 0.000 0.000 -0.022 0.005
1 2 12 12.500 12.500 0.000 0.000 -0.012 0.005
1 2 13 12.500 12.500 0.000 0.000 -0.101 0.007
1 2 14 12.500 12.500 0.000 0.000 -0.041 0.007
1 2 15 12.500 12.500 0.000 0.000 0.021 0.006
1 2 16 12.500 12.500 0.000 0.000 -0.041 0.007
1 2 17 12.500 12.500 0.000 0.000 0.008 0.007
1 2 18 12.500 12.500 0.000 0.000 -0.002 0.009
1 2 19 12.500 12.500 0.000 0.000 0.033 0.008
1 2 20 12.500 12.500 0.000 0.000 0.002 0.009
1 2 21 12.500 12.500 0.000 0.000 0.010 0.011
1 2 22 12.500 12.500 0.000 0.000 -0.003 0.009
1 2 23 12.500 12.500 0.000 0.000 0.016 0.010
1 2 24 12.500 12.500 0.000 0.000 -0.013 0.010
1 2 25 12.500 12.500 0.000 0.000 0.011 0.008
1 2 26 12.500 12.500 0.000 0.000 0.008 0.009
1 2 27 12.500 12.500 0.000 0.000 -0.010 0.009
1 2 28 12.500 12.500 0.000 0.000 0.080 0.011
1 2 29 12.500 12.500 0.000 0.000 0.043 0.011
1 2 30 12.500 12.500 0.000 0.000 0.025 0.011
1 2 31 12.500 12.500 0.000 0.000 -0.012 0.014
1 2 32 12.500 12.500 0.000 0.000 -0.036 0.007
1 2 33 12.500 12.500 0.000 0.000 -0.002 0.010
1 2 34 12.500 12.500 0.000 0.000 0.021 0.009
1 2 35 12.500 12.500 0.000 0.000 0.018 0.010
1 2 36 12.500 12.500 0.000 0.000 0.031 0.010
1 2 37 12.500 12.500 0.000 0.000 0.021 0.010
1 2 38 12.500 12.500 0.000 0.000 0.029 0.009
1 2 39 12.500 12.500 0.000 0.000 0.024 0.012
1 2 40 12.500 12.500 0.000 0.000 0.070 0.012
1 2 41 12.500 12.500 0.000 0.000 0.058 0.011
1 2 42 12.500 12.500 0.000 0.000 0.075 0.014
1 2 43 12.500 12.500 0.000 0.000 0.071 0.013
1 2 44 12.500 12.500 0.000 0.000 0.050 0.014
1 2 45 12.500 12.500 0.000 0.000 0.270 0.013
1 2 46 12.500 12.500 0.000 0.000 0.038 0.014
1 2 47 12.500 12.500 0.000 0.000 0.064 0.012
1 2 48 12.500 12.500 0.000 0.000 0.038 0.012
1 2 49 12.500 12.500 0.000 0.000 0.020 0.014
1 2 50 12.500 12.500 0.000 0.000 0.085 0.011
1 2 51 12.500 12.500 0.000 0.000 0.048 0.010
1 2 52 12.500 12.500 0.000 0.000 0.085 0.013
1 2 53 12.500 12.500 0.000 0.000 0.049 0.012
1 2 54 12.500 12.500 0.000 0.000 -0.098 0.020
1 2 55 12.500 12.500 0.000 0.000 0.049 0.016
1 2 56 12.500 12.500 0.000 0.000 0.058 0.014
1 2 57 12.500 12.500 0.000 0.000 0.058 0.018
1 2 58 12.500 12.500 0.000 0.000 0.074 0.018
1 2 59 12.500 12.500 0.000 0.000 -0.140 0.022
1 2 60 12.500 12.500 0.000 0.000 0.024 0.016
1 2 61 12.500 12.500 0.000 0.000 -0.090 0.016
1 2 62 12.500 12.500 0.000 0.000 0.058 0.019
1 3 1 12.500 12.500 0.000 0.000 0.100 0.014
1 3 2 12.500 12.500 0.000 0.000 -0.060 0.013
1 3 3 12.500 12.500 0.000 0.000 -0.087 0.012
1 3 4 12.500 12.500 0.000 0.000 0.093 0.015
1 3 5 12.500 12.500 0.000 0.000 0.695 0.018
2 1 1 12.500 12.500 0.000 0.000 0.169 0.003
2 1 2 12.500 12.500 0.000 0.000 0.136 0.003
2 1 3 12.500 12.500 0.000 0.000 0.141 0.007
2 1 4 12.500 12.500 0.000 0.000 -0.129 0.005
2 1 5 12.500 12.500 0.000 0.000 0.072 0.007
2 1 6 12.500 12.500 0.000 0.000 0.000 0.000
2 1 7 12.500 12.500 0.000 0.000 0.188 0.007
2 1 8 12.500 12.500 0.000 0.000 0.140 0.008
2 1 9 12.500 12.500 0.000 0.000 0.109 0.009
2 1 10 12.500 12.500 0.000 0.000 0.000 0.000
2 1 11 12.500 12.500 0.000 0.000 0.071 0.010
2 1 12 12.500 12.500 0.000 0.000 -0.007 0.014
2 1 13 12.500 12.500 0.000 0.000 0.072 0.011
2 1 14 12.500 12.500 0.000 0.000 -0.067 0.012
2 1 15 12.500 12.500 0.000 0.000 -0.033 0.014
2 1 16 12.500 12.500 0.000 0.000 -0.157 0.015
2 1 17 12.500 12.500 0.000 0.000 -0.020 0.015
2 1 18 12.500 12.500 0.000 0.000 -0.105 0.012
2 1 19 12.500 12.500 0.000 0.000 0.000 0.000
2 1 20 12.500 12.500 0.000 0.000 -0.094 0.015
2 1 21 12.500 12.500 0.000 0.000 -0.057 0.016
2 1 22 12.500 12.500 0.000 0.000 -0.025 0.015
2 1 23 12.500 12.500 0.000 0.000 0.142 0.021
2 2 1 12.500 12.500 0.000 0.000 -0.007 0.005
2 2 2 12.500 12.500 0.000 0.000 0.157 0.005
2 2 3 12.500 12.500 0.000 0.000 0.042 0.004
2 2 4 12.500 12.500 0.000 0.000 -0.000 0.005
2 2 5 12.500 12.500 0.000 0.000 0.030 0.004
2 2 6 12.500 12.500 0.000 0.000 0.008 0.003
2 2 7 12.500 12.500 0.000 0.000 0.019 0.004
2 2 8 12.500 12.500 0.000 0.000 0.026 0.005
2 2 9 12.500 12.500 0.000 0.000 0.085 0.005
2 2 10 12.500 12.500 0.000 0.000 -0.033 0.004
2 2 11 12.500 12.500 0.000 0.000 0.037 0.004
2 2 12 12.500 12.500 0.000 0.000 0.005 0.004
2 2 13 12.500 12.500 0.000 0.000 0.047 0.005
2 2 14 12.500 12.500 0.000 0.000 0.109 0.007
2 2 15 12.500 12.500 0.000 0.000 0.017 0.007
2 2 16 12.500 12.500 0.000 0.000 0.045 0.006
2 2 17 12.500 12.500 0.000 0.000 0.054 0.006
2 2 18 12.500 12.500 0.000 0.000 0.109 0.009
2 2 19 12.500 12.500 0.000 0.000 0.117 0.009
2 2 20 12.500 12.500 0.000 0.000 0.110 0.008
2 2 21 12.500 12.500 0.000 0.000 0.093 0.010
2 2 22 12.500 12.500 0.000 0.000 0.063 0.008
2 2 23 12.500 12.500 0.000 0.000 0.031 0.009
2 2 24 12.500 12.500 0.000 0.000 0.056 0.011
2 2 25 12.500 12.500 0.000 0.000 0.068 0.010
2 2 26 12.500 12.500 0.000 0.000 0.062 0.010
2 2 27 12.500 12.500 0.000 0.000 0.063 0.009
2 2 28 12.500 12.500 0.000 0.000 0.000 0.010
2 2 29 12.500 12.500 0.000 0.000 0.017 0.011
2 2 30 12.500 12.500 0.000 0.000 0.012 0.014
2 2 31 12.500 12.500 0.000 0.000 0.073 0.013
2 2 32 12.500 12.500 0.000 0.000 0.014 0.008
2 2 33 12.500 12.500 0.000 0.000 0.021 0.010
2 2 34 12.500 12.500 0.000 0.000 0.035 0.009
2 2 35 12.500 12.500 0.000 0.000 0.028 0.009
2 2 36 12.500 12.500 0.000 0.000 0.002 0.010
2 2 37 12.500 12.500 0.000 0.000 0.055 0.011
2 2 38 12.500 12.500 0.000 0.000 0.028 0.009
2 2 39 12.500 12.500 0.000 0.000 -0.002 0.013
2 2 40 12.500 12.500 0.000 0.000 -0.038 0.013
2 2 41 12.500 12.500 0.000 0.000 -0.050 0.011
2 2 42 12.500 12.500 0.000 0.000 0.005 0.014
2 2 43 12.500 12.500 0.000 0.000 0.013 0.014
2 2 44 12.500 12.500 0.000 0.000 -0.050 0.012
2 2 45 12.500 12.500 0.000 0.000 -0.043 0.014
2 2 46 12.500 12.500 0.000 0.000 -0.023 0.014
2 2 47 12.500 12.500 0.000 0.000 -0.068 0.013
2 2 48 12.500 12.500 0.000 0.000 -0.078 0.014
2 2 49 12.500 12.500 0.000 0.000 -0.004 0.015
2 2 50 12.500 12.500 0.000 0.000 -0.021 0.013
2 2 51 12.500 12.500 0.000 0.000 0.047 0.012
2 2 52 12.500 12.500 0.000 0.000 0.012 0.011
2 2 53 12.500 12.500 0.000 0.000 0.025 0.013
2 2 54 12.500 12.500 0.000 0.000 0.061 0.013
2 2 55 12.500 12.500 0.000 0.000 -0.047 0.017
2 2 56 12.500 12.500 0.000 0.000 0.080 0.015
2 2 57 12.500 12.500 0.000 0.000 0.060 0.013
2 2 58 12.500 12.500 0.000 0.000 0.066 0.015
2 2 59 12.500 12.500 0.000 0.000 0.030 0.021
2 2 60 12.500 12.500 0.000 0.000 0.066 0.017
2 2 61 12.500 12.500 0.000 0.000 0.060 0.019
2 2 62 12.500 12.500 0.000 0.000 0.074 0.016
2 3 1 12.500 12.500 0.000 0.000 0.066 0.014
2 3 2 12.500 12.500 0.000 0.000 0.029 0.013
2 3 3 12.500 12.500 0.000 0.000 -0.202 0.015
2 3 4 12.500 12.500 0.000 0.000 -0.457 0.016
2 3 5 12.500 12.500 0.000 0.000 -0.038 0.016
3 1 1 12.500 12.500 0.000 0.000 0.067 0.002
3 1 2 12.500 12.500 0.000 0.000 0.112 0.003
3 1 3 12.500 12.500 0.000 0.000 -0.022 0.005
3 1 4 12.500 12.500 0.000 0.000 0.025 0.004
3 1 5 12.500 12.500 0.000 0.000 -0.119 0.008
3 1 6 12.500 12.500 0.000 0.000 0.040 0.009
3 1 7 12.500 12.500 0.000 0.000 -0.050 0.007
3 1 8 12.500 12.500 0.000 0.000 -0.065 0.007
3 1 9 12.500 12.500 0.000 0.000 -0.067 0.009
3 1 10 12.500 12.500 0.000 0.000 -0.068 0.010
3 1 11 12.500 12.500 0.000 0.000 -0.049 0.013
3 1 12 12.500 12.500 0.000 0.000 0.035 0.011
3 1 13 12.500 12.500 0.000 0.000 -0.047 0.011
3 1 14 12.500 12.500 0.000 0.000 0.129 0.011
3 1 15 12.500 12.500 0.000 0.000 -0.009 0.011
3 1 16 12.500 12.500 0.000 0.000 0.070 0.013
3 1 17 12.500 12.500 0.000 0.000 -0.119 0.014
3 1 18 12.500 12.500 0.000 0.000 -0.064 0.011
3 1 19 12.500 12.500 0.000 0.000 0.168 0.014
3 1 20 12.500 12.500 0.000 0.000 0.073 0.015
3 1 21 12.500 12.500 0.000 0.000 0.217 0.014
3 1 22 12.500 12.500 0.000 0.000 0.253 0.015
3 1 23 12.500 12.500 0.000 0.000 0.001 0.018
3 2 1 12.500 12.500 0.000 0.000 -0.030 0.005
3 2 2 12.500 12.500 0.000 0.000 0.012 0.004
3 2 3 12.500 12.500 0.000 0.000 -0.023 0.004
3 2 4 12.500 12.500 0.000 0.000 -0.016 0.003
3 2 5 12.500 12.500 0.000 0.000 -0.068 0.003
3 2 6 12.500 12.500 0.000 0.000 0.002 0.004
3 2 7 12.500 12.500 0.000 0.000 0.008 0.003
3 2 8 12.500 12.500 0.000 0.000 -0.028 0.003
3 2 9 12.500 12.500 0.000 0.000 -0.001 0.005
3 2 10 12.500 12.500 0.000 0.000 -0.032 0.004
3 2 11 12.500 12.500 0.000 0.000 -0.020 0.004
3 2 12 12.500 12.500 0.000 0.000 -0.029 0.004
3 2 13 12.500 12.500 0.000 0.000 -0.067 0.006
3 2 14 12.500 12.500 0.000 0.000 -0.064 0.005
3 2 15 12.500 12.500 0.000 0.000 -0.010 0.005
3 2 16 12.500 12.500 0.000 0.000 -0.024 0.008
3 2 17 12.500 12.500 0.000 0.000 -0.036 0.006
3 2 18 12.500 12.500 0.000 0.000 -0.078 0.008
3 2 19 12.500 12.500 0.000 0.000 -0.005 0.006
3 2 20 12.500 12.500 0.000 0.000 -0.051 0.007
3 2 21 12.500 12.500 0.000 0.000 -0.062 0.010
3 2 22 12.500 12.500 0.000 0.000 -0.095 0.008
3 2 23 12.500 12.500 0.000 0.000 -0.058 0.010
3 2 24 12.500 12.500 0.000 0.000 -0.115 0.009
3 2 25 12.500 12.500 0.000 0.000 -0.019 0.010
3 2 26 12.500 12.500 0.000 0.000 -0.075 0.010
3 2 27 12.500 12.500 0.000 0.000 -0.028 0.011
3 2 28 12.500 12.500 0.000 0.000 -0.035 0.012
3 2 29 12.500 12.500 0.000 0.000 -0.072 0.012
3 2 30 12.500 12.500 0.000 0.000 0.021 0.013
3 2 31 12.500 12.500 0.000 0.000 0.011 0.012
3 2 32 12.500 12.500 0.000 0.000 -0.061 0.008
3 2 33 12.500 12.500 0.000 0.000 -0.010 0.011
3 2 34 12.500 12.500 0.000 0.000 0.050 0.010
3 2 35 12.500 12.500 0.000 0.000 -0.032 0.010
3 2 36 12.500 12.500 0.000 0.000 0.033 0.011
3 2 37 12.500 12.500 0.000 0.000 -0.011 0.011
3 2 38 12.500 12.500 0.000 0.000 -0.008 0.009
3 2 39 12.500 12.500 0.000 0.000 0.000 0.011
3 2 40 12.500 12.500 0.000 0.000 0.011 0.010
3 2 41 12.500 12.500 0.000 0.000 0.007 0.014
3 2 42 12.500 12.500 0.000 0.000 0.031 0.014
3 2 43 12.500 12.500 0.000 0.000 0.079 0.014
3 2 44 12.500 12.500 0.000 0.000 0.027 0.012
3 2 45 12.500 12.500 0.000 0.000 0.014 0.013
3 2 46 12.500 12.500 0.000 0.000 0.017 0.015
3 2 47 12.500 12.500 0.000 0.000 0.038 0.012
3 2 48 12.500 12.500 0.000 0.000 0.052 0.014
3 2 49 12.500 12.500 0.000 0.000 0.017 0.016
3 2 50 12.500 12.500 0.000 0.000 0.124 0.018
3 2 51 12.500 12.500 0.000 0.000 0.108 0.016
3 2 52 12.500 12.500 0.000 0.000 0.069 0.011
3 2 53 12.500 12.500 0.000 0.000 0.007 0.018
3 2 54 12.500 12.500 0.000 0.000 0.169 0.015
3 2 55 12.500 12.500 0.000 0.000 0.046 0.017
3 2 56 12.500 12.500 0.000 0.000 0.051 0.013
3 2 57 12.500 12.500 0.000 0.000 0.065 0.015
3 2 58 12.500 12.500 0.000 0.000 0.129 0.020
3 2 59 12.500 12.500 0.000 0.000 -0.121 0.017
3 2 60 12.500 12.500 0.000 0.000 0.068 0.016
3 2 61 12.500 12.500 0.000 0.000 0.132 0.020
3 2 62 12.500 12.500 0.000 0.000 0.166 0.019
3 3 1 12.500 12.500 0.000 0.000 0.496 0.019
3 3 2 12.500 12.500 0.000 0.000 -0.081 0.012
3 3 3 12.500 12.500 0.000 0.000 0.042 0.016
3 3 4 12.500 12.500 0.000 0.000 -0.089 0.015
3 3 5 12.500 12.500 0.000 0.000 -0.314 0.014
4 1 1 12.500 12.500 0.000 0.000 0.337 0.003
4 1 2 12.500 12.500 0.000 0.000 -0.060 0.004
4 1 3 12.500 12.500 0.000 0.000 -0.047 0.004
4 1 4 12.500 12.500 0.000 0.000 -0.053 0.005
4 1 5 12.500 12.500 0.000 0.000 0.088 0.008
4 1 6 12.500 12.500 0.000 0.000 0.336 0.008
4 1 7 12.500 12.500 0.000 0.000 -0.186 0.007
4 1 8 12.500 12.500 0.000 0.000 -0.056 0.008
4 1 9 12.500 12.500 0.000 0.000 -0.095 0.008
4 1 10 12.500 12.500 0.000 0.000 -0.198 0.009
4 1 11 12.500 12.500 0.000 0.000 -0.090 0.013
4 1 12 12.500 12.500 0.000 0.000 -0.014 0.009
4 1 13 12.500 12.500 0.000 0.000 -0.065 0.010
4 1 14 12.500 12.500 0.000 0.000 -0.067 0.012
4 1 15 12.500 12.500 0.000 0.000 -0.119 0.013
4 1 16 12.500 12.500 0.000 0.000 -0.034 0.013
4 1 17 12.500 12.500 0.000 0.000 -0.085 0.013
4 1 18 12.500 12.500 0.000 0.000 -0.076 0.012
4 1 19 12.500 12.500 0.000 0.000 -0.146 0.013
4 1 20 12.500 12.500 0.000 0.000 -0.076 0.017
4 1 21 12.500 12.500 0.000 0.000 0.008 0.017
4 1 22 12.500 12.500 0.000 0.000 -0.053 0.015
4 1 23 12.500 12.500 0.000 0.000 0.076 0.018
4 2 1 12.500 12.500 0.000 0.000 0.012 0.005
4 2 2 12.500 12.500 0.000 0.000 -0.011 0.006
4 2 3 12.500 12.500 0.000 0.000 -0.008 0.004
4 2 4 12.500 12.500 0.000 0.000 0.052 0.005
4 2 5 12.500 12.500 0.000 0.000 0.010 0.003
4 2 6 12.500 12.500 0.000 0.000 -0.009 0.004
4 2 7 12.500 12.500 0.000 0.000 -0.020 0.003
4 2 8 12.500 12.500 0.000 0.000 0.001 0.006
4 2 9 12.500 12.500 0.000 0.000 -0.002 0.005
4 2 10 12.500 12.500 0.000 0.000 0.001 0.004
4 2 11 12.500 12.500 0.000 0.000 0.034 0.005
4 2 12 12.500 12.500 0.000 0.000 -0.034 0.004
4 2 13 12.500 12.500 0.000 0.000 -0.010 0.005
4 2 14 12.500 12.500 0.000 0.000 0.026 0.006
4 2 15 12.500 12.500 0.000 0.000 0.024 0.005
4 2 16 12.500 12.500 0.000 0.000 -0.022 0.007
4 2 17 12.500 12.500 0.000 0.000 -0.035 0.006
4 2 18 12.500 12.500 0.000 0.000 0.002 0.007
4 2 19 12.500 12.500 0.000 0.000 -0.017 0.006
4 2 20 12.500 12.500 0.000 0.000 -0.037 0.008
4 2 21 12.500 12.500 0.000 0.000 0.028 0.010
4 2 22 12.500 12.500 0.000 0.000 -0.025 0.008
4 2 23 12.500 12.500 0.000 0.000 -0.030 0.008
4 2 24 12.500 12.500 0.000 0.000 0.011 0.008
4 2 25 12.500 12.500 0.000 0.000 0.021 0.010
4 2 26 12.500 12.500 0.000 0.000 0.028 0.009
4 2 27 12.500 12.500 0.000 0.000 -0.031 0.009
4 2 28 12.500 12.500 0.000 0.000 -0.018 0.010
4 2 29 12.500 12.500 0.000 0.000 -0.031 0.011
4 2 30 12.500 12.500 0.000 0.000 0.042 0.011
4 2 31 12.500 12.500 0.000 0.000 -0.031 0.013
4 2 32 12.500 12.500 0.000 0.000 0.011 0.007
4 2 33 12.500 12.500 0.000 0.000 0.000 0.011
4 2 34 12.500 12.500 0.000 0.000 -0.025 0.009
4 2 35 12.500 12.500 0.000 0.000 0.006 0.008
4 2 36 12.500 12.500 0.000 0.000 -0.041 0.010
4 2 37 12.500 12.500 0.000 0.000 -0.017 0.009
4 2 38 12.500 12.500 0.000 0.000 -0.035 0.008
4 2 39 12.500 12.500 0.000 0.000 -0.036 0.010
4 2 40 12.500 12.500 0.000 0.000 0.018 0.011
4 2 41 12.500 12.500 0.000 0.000 -0.025 0.011
4 2 42 12.500 12.500 0.000 0.000 -0.010 0.010
4 2 43 12.500 12.500 0.000 0.000 -0.000 0.012
4 2 44 12.500 12.500 0.000 0.000 0.021 0.011
4 2 45 12.500 12.500 0.000 0.000 -0.020 0.011
4 2 46 12.500 12.500 0.000 0.000 0.050 0.013
4 2 47 12.500 12.500 0.000 0.000 -0.006 0.011
4 2 48 12.500 12.500 0.000 0.000 0.025 0.012
4 2 49 12.500 12.500 0.000 0.000 0.028 0.017
4 2 50 12.500 12.500 0.000 0.000 0.005 0.013
4 2 51 12.500 12.500 0.000 0.000 -0.009 0.012
4 2 52 12.500 12.500 0.000 0.000 0.033 0.012
4 2 53 12.500 12.500 0.000 0.000 0.000 0.012
4 2 54 12.500 12.500 0.000 0.000 0.009 0.017
4 2 55 12.500 12.500 0.000 0.000 -0.067 0.018
4 2 56 12.500 12.500 0.000 0.000 -0.020 0.013
4 2 57 12.500 12.500 0.000 0.000 -0.008 0.023
4 2 58 12.500 12.500 0.000 0.000 -0.002 0.018
4 2 59 12.500 12.500 0.000 0.000 -0.149 0.019
4 2 60 12.500 12.500 0.000 0.000 0.042 0.021
4 2 61 12.500 12.500 0.000 0.000 -0.060 0.019
4 2 62 12.500 12.500 0.000 0.000 -0.032 0.018
4 3 1 12.500 12.500 0.000 0.000 -0.162 0.014
4 3 2 12.500 12.500 0.000 0.000 -0.022 0.012
4 3 3 12.500 12.500 0.000 0.000 0.316 0.012
4 3 4 12.500 12.500 0.000 0.000 -0.177 0.013
4 3 5 12.500 12.500 0.000 0.000 0.128 0.010
5 1 1 12.500 12.500 0.000 0.000 0.006 0.002
5 1 2 12.500 12.500 0.000 0.000 0.025 0.003
5 1 3 12.500 12.500 0.000 0.000 0.038 0.003
5 1 4 12.500 12.500 0.000 0.000 -0.022 0.003
5 1 5 12.500 12.500 0.000 0.000 -0.024 0.007
5 1 6 12.500 12.500 0.000 0.000 -0.080 0.007
5 1 7 12.500 12.500 0.000 0.000 -0.039 0.009
5 1 8 12.500 12.500 0.000 0.000 -0.181 0.009
5 1 9 12.500 12.500 0.000 0.000 0.035 0.008
5 1 10 12.500 12.500 0.000 0.000 -0.028 0.008
5 1 11 12.500 12.500 0.000 0.000 -0.106 0.009
5 1 12 12.500 12.500 0.000 0.000 -0.128 0.010
5 1 13 12.500 12.500 0.000 0.000 -0.061 0.009
5 1 14 12.500 12.500 0.000 0.000 -0.060 0.012
5 1 15 12.500 12.500 0.000 0.000 -0.141 0.011
5 1 16 12.500 12.500 0.000 0.000 -0.103 0.011
5 1 17 12.500 12.500 0.000 0.000 0.088 0.013
5 1 18 12.500 12.500 0.000 0.000 -0.069 0.011
5 1 19 12.500 12.500 0.000 0.000 -0.029 0.011
5 1 20 12.500 12.500 0.000 0.000 0.153 0.014
5 1 21 12.500 12.500 0.000 0.000 -0.005 0.013
5 1 22 12.500 12.500 0.000 0.000 0.045 0.015
5 1 23 12.500 12.500 0.000 0.000 0.207 0.019
5 2 1 12.500 12.500 0.000 0.000 0.066 0.005
5 2 2 12.500 12.500 0.000 0.000 0.020 0.006
5 2 3 12.500 12.500 0.000 0.000 -0.004 0.004
5 2 4 12.500 12.500 0.000 0.000 -0.012 0.004
5 2 5 12.500 12.500 0.000 0.000 0.020 0.005
5 2 6 12.500 12.500 0.000 0.000 0.045 0.004
5 2 7 12.500 12.500 0.000 0.000 0.005 0.004
5 2 8 12.500 12.500 0.000 0.000 0.027 0.004
5 2 9 12.500 12.500 0.000 0.000 0.045 0.005
5 2 10 12.500 12.500 0.000 0.000 0.033 0.004
5 2 11 12.500 12.500 0.000 0.000 0.007 0.004
5 2 12 12.500 12.500 0.000 0.000 0.016 0.004
5 2 13 12.500 12.500 0.000 0.000 0.008 0.005
5 2 14 12.500 12.500 0.000 0.000 0.038 0.005
5 2 15 12.500 12.500 0.000 0.000 0.033 0.006
5 2 16 12.500 12.500 0.000 0.000 -0.066 0.006
5 2 17 12.500 12.500 0.000 0.000 0.029 0.006
5 2 18 12.500 12.500 0.000 0.000 0.046 0.008
5 2 19 12.500 12.500 0.000 0.000 -0.006 0.007
5 2 20 12.500 12.500 0.000 0.000 0.027 0.007
5 2 21 12.500 12.500 0.000 0.000 0.031 0.011
5 2 22 12.500 12.500 0.000 0.000 0.063 0.009
5 2 23 12.500 12.500 0.000 0.000 -0.026 0.008
5 2 24 12.500 12.500 0.000 0.000 -0.014 0.010
5 2 25 12.500 12.500 0.000 0.000 0.007 0.010
5 2 26 12.500 12.500 0.000 0.000 0.025 0.010
5 2 27 12.500 12.500 0.000 0.000 0.013 0.008
5 2 28 12.500 12.500 0.000 0.000 -0.043 0.012
5 2 29 12.500 12.500 0.000 0.000 -0.014 0.014
5 2 30 12.500 12.500 0.000 0.000 -0.056 0.010
5 2 31 12.500 12.500 0.000 0.000 -0.001 0.014
5 2 32 12.500 12.500 0.000 0.000 -0.017 0.008
5 2 33 12.500 12.500 0.000 0.000 -0.017 0.010
5 2 34 12.500 12.500 0.000 0.000 -0.023 0.009
5 2 35 12.500 12.500 0.000 0.000 0.007 0.009
5 2 36 12.500 12.500 0.000 0.000 0.105 0.011
5 2 37 12.500 12.500 0.000 0.000 0.016 0.010
5 2 38 12.500 12.500 0.000 0.000 -0.001 0.008
5 2 39 12.500 12.500 0.000 0.000 -0.002 0.014
5 2 40 12.500 12.500 0.000 0.000 -0.017 0.011
5 2 41 12.500 12.500 0.000 0.000 -0.047 0.010
5 2 42 12.500 12.500 0.000 0.000 -0.053 0.012
5 2 43 12.500 12.500 0.000 0.000 -0.089 0.013
5 2 44 12.500 12.500 0.000 0.000 -0.029 0.011
5 2 45 12.500 12.500 0.000 0.000 -0.068 0.014
5 2 46 12.500 12.500 0.000 0.000 -0.026 0.014
5 2 47 12.500 12.500 0.000 0.000 0.002 0.015
5 2 48 12.500 12.500 0.000 0.000 -0.003 0.012
5 2 49 12.500 12.500 0.000 0.000 0.025 0.013
5 2 50 12.500 12.500 0.000 0.000 0.056 0.013
5 2 51 12.500 12.500 0.000 0.000 -0.058 0.012
5 2 52 12.500 12.500 0.000 0.000 -0.015 0.012
5 2 53 12.500 12.500 0.000 0.000 -0.010 0.013
5 2 54 12.500 12.500 0.000 0.000 -0.033 0.016
5 2 55 12.500 12.500 0.000 0.000 0.068 0.016
5 2 56 12.500 12.500 0.000 0.000 -0.045 0.015
5 2 57 12.500 12.500 0.000 0.000 0.094 0.018
5 2 58 12.500 12.500 0.000 0.000 -0.039 0.014
5 2 59 12.500 12.500 0.000 0.000 -0.015 0.022
5 2 60 12.500 12.500 0.000 0.000 0.028 0.016
5 2 61 12.500 12.500 0.000 0.000 -0.137 0.019
5 2 62 12.500 12.500 0.000 0.000 0.006 0.016
5 3 1 12.500 12.500 0.000 0.000 0.079 0.015
5 3 2 12.500 12.500 0.000 0.000 0.118 0.014
5 3 3 12.500 12.500 0.000 0.000 0.057 0.012
5 3 4 12.500 12.500 0.000 0.000 0.167 0.017
5 3 5 12.500 12.500 0.000 0.000 0.062 0.015
6 1 1 12.500 12.500 0.000 0.000 -0.141 0.003
6 1 2 12.500 12.500 0.000 0.000 -0.026 0.003
6 1 3 12.500 12.500 0.000 0.000 -0.157 0.003
6 1 4 12.500 12.500 0.000 0.000 0.051 0.004
6 1 5 12.500 12.500 0.000 0.000 0.039 0.006
6 1 6 12.500 12.500 0.000 0.000 0.127 0.008
6 1 7 12.500 12.500 0.000 0.000 0.014 0.007
6 1 8 12.500 12.500 0.000 0.000 0.079 0.006
6 1 9 12.500 12.500 0.000 0.000 -0.016 0.008
6 1 10 12.500 12.500 0.000 0.000 0.109 0.009
6 1 11 12.500 12.500 0.000 0.000 -0.077 0.010
6 1 12 12.500 12.500 0.000 0.000 0.002 0.010
6 1 13 12.500 12.500 0.000 0.000 0.093 0.011
6 1 14 12.500 12.500 0.000 0.000 0.018 0.011
6 1 15 12.500 12.500 0.000 0.000 -0.112 0.011
6 1 16 12.500 12.500 0.000 0.000 0.112 0.012
6 1 17 12.500 12.500 0.000 0.000 0.105 0.013
6 1 18 12.500 12.500 0.000 0.000 0.119 0.011
6 1 19 12.500 12.500 0.000 0.000 0.090 0.012
6 1 20 12.500 12.500 0.000 0.000 0.265 0.013
6 1 21 12.500 12.500 0.000 0.000 0.000 0.000
6 1 22 12.500 12.500 0.000 0.000 0.032 0.020
6 1 23 12.500 12.500 0.000 0.000 0.059 0.019
6 2 1 12.500 12.500 0.000 0.000 -0.025 0.005
6 2 2 12.500 12.500 0.000 0.000 -0.013 0.006
6 2 3 12.500 12.500 0.000 0.000 -0.044 0.005
6 2 4 12.500 12.500 0.000 0.000 0.031 0.003
6 2 5 12.500 12.500 0.000 0.000 0.018 0.004
6 2 6 12.500 12.500 0.000 0.000 0.040 0.003
6 2 7 12.500 12.500 0.000 0.000 -0.016 0.003
6 2 8 12.500 12.500 0.000 0.000 -0.004 0.005
6 2 9 12.500 12.500 0.000 0.000 -0.014 0.004
6 2 10 12.500 12.500 0.000 0.000 0.012 0.004
6 2 11 12.500 12.500 0.000 0.000 -0.001 0.005
6 2 12 12.500 12.500 0.000 0.000 -0.037 0.004
6 2 13 12.500 12.500 0.000 0.000 0.029 0.005
6 2 14 12.500 12.500 0.000 0.000 -0.045 0.006
6 2 15 12.500 12.500 0.000 0.000 0.012 0.005
6 2 16 12.500 12.500 0.000 0.000 -0.012 0.007
6 2 17 12.500 12.500 0.000 0.000 -0.012 0.007
6 2 18 12.500 12.500 0.000 0.000 -0.013 0.009
6 2 19 12.500 12.500 0.000 0.000 -0.060 0.008
6 2 20 12.500 12.500 0.000 0.000 -0.009 0.008
6 2 21 12.500 12.500 0.000 0.000 0.035 0.010
6 2 22 12.500 12.500 0.000 0.000 -0.018 0.008
6 2 23 12.500 12.500 0.000 0.000 0.034 0.009
6 2 24 12.500 12.500 0.000 0.000 0.023 0.011
6 2 25 12.500 12.500 0.000 0.000 0.021 0.010
6 2 26 12.500 12.500 0.000 0.000 0.053 0.010
6 2 27 12.500 12.500 0.000 0.000 0.018 0.009
6 2 28 12.500 12.500 0.000 0.000 -0.041 0.012
6 2 29 12.500 12.500 0.000 0.000 0.073 0.013
6 2 30 12.500 12.500 0.000 0.000 0.004 0.011
6 2 31 12.500 12.500 0.000 0.000 -0.028 0.017
6 2 32 12.500 12.500 0.000 0.000 -0.000 0.007
6 2 33 12.500 12.500 0.000 0.000 0.019 0.011
6 2 34 12.500 12.500 0.000 0.000 -0.009 0.009
6 2 35 12.500 12.500 0.000 0.000 -0.005 0.011
6 2 36 12.500 12.500 0.000 0.000 -0.033 0.010
6 2 37 12.500 12.500 0.000 0.000 0.006 0.012
6 2 38 12.500 12.500 0.000 0.000 0.052 0.009
6 2 39 12.500 12.500 0.000 0.000 0.016 0.009
6 2 40 12.500 12.500 0.000 0.000 -0.012 0.010
6 2 41 12.500 12.500 0.000 0.000 0.018 0.013
6 2 42 12.500 12.500 0.000 0.000 0.012 0.013
6 2 43 12.500 12.500 0.000 0.000 0.071 0.014
6 2 44 12.500 12.500 0.000 0.000 0.002 0.014
6 2 45 12.500 12.500 0.000 0.000 0.083 0.015
6 2 46 12.500 12.500 0.000 0.000 -0.020 0.015
6 2 47 12.500 12.500 0.000 0.000 0.028 0.015
6 2 48 12.500 12.500 0.000 0.000 0.035 0.010
6 2 49 12.500 12.500 0.000 0.000 -0.020 0.012
6 2 50 12.500 12.500 0.000 0.000 0.033 0.013
6 2 51 12.500 12.500 0.000 0.000 0.006 0.011
6 2 52 12.500 12.500 0.000 0.000 0.067 0.013
6 2 53 12.500 12.500 0.000 0.000 0.009 0.012
6 2 54 12.500 12.500 0.000 0.000 0.119 0.016
6 2 55 12.500 12.500 0.000 0.000 0.183 0.014
6 2 56 12.500 12.500 0.000 0.000 0.042 0.019
6 2 57 12.500 12.500 0.000 0.000 0.152 0.021
6 2 58 12.500 12.500 0.000 0.000 0.174 0.019
6 2 59 12.500 12.500 0.000 0.000 0.135 0.017
6 2 60 12.500 12.500 0.000 0.000 0.126 0.016
6 2 61 12.500 12.500 0.000 0.000 0.102 0.016
6 2 62 12.500 12.500 0.000 0.000 0.120 0.018
6 3 1 12.500 12.500 0.000 0.000 -0.074 0.013
6 3 2 12.500 12.500 0.000 0.000 -0.014 0.013
6 3 3 12.500 12.500 0.000 0.000 -0.747 0.016
6 3 4 12.500 12.500 0.000 0.000 -0.176 0.013
6 3 5 12.500 12.500 0.000 0.000 -0.048 0.014
