1 1 1 -0.643 0.103
1 1 2 1.025 0.123
1 1 3 0.145 0.095
1 1 4 -0.825 0.121
1 1 5 0.207 0.152
1 1 6 -1.899 0.318
1 1 7 -1.502 0.113
1 1 8 -0.790 0.118
1 1 9 -0.451 0.399
1 1 10 0.192 0.134
1 1 11 -1.368 0.135
1 1 12 0.632 0.395
1 1 13 0.382 0.145
1 1 14 0.286 0.435
1 1 15 1.528 0.677
1 1 16 1.848 0.441
1 1 17 -0.860 0.386
1 1 18 1.151 0.492
1 1 19 1.847 0.755
1 1 20 1.323 1.000
1 1 21 0.475 0.468
1 1 22 -0.252 0.782
1 1 23 -1.837 0.729
1 2 1 1.421 0.175
1 2 2 0.722 0.365
1 2 3 1.836 0.073
1 2 4 1.120 0.060
1 2 5 -0.988 0.078
1 2 6 1.477 0.064
1 2 7 0.069 0.073
1 2 8 -0.530 0.070
1 2 9 -1.768 0.095
1 2 10 -0.616 0.070
1 2 11 -0.436 0.067
1 2 12 -0.083 0.080
1 2 13 -0.834 0.090
1 2 14 0.604 0.070
1 2 15 1.033 0.067
1 2 16 0.554 0.087
1 2 17 0.792 0.069
1 2 18 -0.640 0.080
1 2 19 0.478 0.074
1 2 20 -0.229 0.081
1 2 21 0.389 0.073
1 2 22 0.657 0.084
1 2 23 0.728 0.075
1 2 24 1.053 0.070
1 2 25 0.983 0.060
1 2 26 1.442 0.064
1 2 27 1.547 0.058
1 2 28 1.889 0.069
1 2 29 1.817 0.055
1 2 30 -1.672 0.056
1 2 31 1.599 0.057
1 2 32 1.546 0.058
1 2 33 0.086 0.059
1 2 34 -0.277 0.060
1 2 35 -0.151 0.061
1 2 36 -0.749 0.338
1 2 37 -0.178 0.062
1 2 38 0.057 0.063
1 2 39 -0.436 0.100
1 2 40 0.273 0.065
1 2 41 -0.246 0.066
1 2 42 -0.845 0.067
1 2 43 -2.810 0.179
1 2 44 0.279 0.362
1 2 45 -1.027 0.621
1 2 46 1.837 0.071
1 2 47 -0.256 0.669
1 2 48 0.860 0.072
1 2 49 1.896 0.392
1 2 50 -0.318 0.574
1 2 51 -1.662 0.704
1 2 52 2.082 0.531
1 2 53 -1.032 0.077
1 2 54 -1.771 0.351
1 2 55 -0.631 0.079
1 2 56 -0.092 0.778
1 2 57 -0.187 0.526
1 2 58 -1.069 0.995
1 2 59 1.086 0.334
1 2 60 0.347 0.083
1 2 61 0.335 0.944
1 2 62 0.274 0.085
1 3 1 1.973 0.846
1 3 2 -1.745 0.155
1 3 3 -0.043 0.160
1 3 4 1.793 0.165
1 3 5 0.000 0.100
2 1 1 -1.141 0.093
2 1 2 1.007 0.113
2 1 3 -0.940 0.127
2 1 4 -1.794 0.175
2 1 5 0.769 0.142
2 1 6 0.000 0.100
2 1 7 -0.463 0.114
2 1 8 -1.717 0.253
2 1 9 -1.692 0.124
2 1 10 0.000 0.100
2 1 11 1.847 0.509
2 1 12 0.097 0.282
2 1 13 -1.724 0.272
2 1 14 0.042 0.681
2 1 15 -0.100 0.421
2 1 16 -1.174 0.359
2 1 17 1.687 0.515
2 1 18 -0.763 0.378
2 1 19 -1.677 0.178
2 1 20 0.188 0.184
2 1 21 0.547 0.763
2 1 22 -1.526 0.390
2 1 23 -1.609 0.997
2 2 1 -1.961 0.438
2 2 2 1.734 0.032
2 2 3 1.734 0.032
2 2 4 1.704 0.070
2 2 5 -0.468 0.095
2 2 6 -0.782 0.059
2 2 7 -0.341 0.065
2 2 8 -1.614 0.084
2 2 9 -1.330 0.079
2 2 10 -0.695 0.074
2 2 11 -0.345 0.072
2 2 12 0.428 0.069
2 2 13 0.073 0.083
2 2 14 -0.558 0.083
2 2 15 0.324 0.082
2 2 16 1.067 0.064
2 2 17 -0.203 0.071
2 2 18 1.944 0.080
2 2 19 -0.225 0.081
2 2 20 -0.493 0.056
2 2 21 0.023 0.062
2 2 22 0.281 0.073
2 2 23 0.591 0.064
2 2 24 -0.902 0.055
2 2 25 -0.760 0.052
2 2 26 0.745 0.064
2 2 27 0.402 0.073
2 2 28 1.358 0.054
2 2 29 1.056 0.055
2 2 30 0.937 0.056
2 2 31 0.863 0.069
2 2 32 0.517 0.058
2 2 33 -0.824 0.059
2 2 34 -0.893 0.060
2 2 35 -0.503 0.061
2 2 36 -1.802 0.291
2 2 37 -1.025 0.062
2 2 38 -0.895 0.063
2 2 39 -0.659 0.309
2 2 40 -0.944 0.065
2 2 41 -1.875 0.066
2 2 42 -1.413 0.067
2 2 43 -0.446 0.086
2 2 44 1.040 0.069
2 2 45 -0.225 0.083
2 2 46 1.361 0.492
2 2 47 0.229 0.071
2 2 48 -0.447 0.072
2 2 49 0.165 0.458
2 2 50 0.038 0.074
2 2 51 -0.712 0.329
2 2 52 -1.030 0.311
2 2 53 1.102 0.616
2 2 54 0.875 0.457
2 2 55 0.741 0.079
2 2 56 0.949 0.999
2 2 57 1.779 0.759
2 2 58 0.505 0.942
2 2 59 0.502 0.754
2 2 60 1.711 0.083
2 2 61 1.715 0.988
2 2 62 1.348 1.000
2 3 1 -1.253 0.997
2 3 2 1.099 0.845
2 3 3 -1.779 0.160
2 3 4 -1.741 0.994
2 3 5 0.957 0.170
3 1 1 -1.554 0.084
3 1 2 -0.069 0.085
3 1 3 1.649 0.113
3 1 4 -1.572 0.116
3 1 5 -1.404 0.131
3 1 6 -1.125 0.130
3 1 7 0.323 0.126
3 1 8 0.203 0.127
3 1 9 1.364 0.124
3 1 10 -1.451 0.129
3 1 11 -1.500 0.135
3 1 12 -0.543 0.447
3 1 13 1.704 0.670
3 1 14 0.220 0.151
3 1 15 1.116 0.431
3 1 16 -2.009 0.490
3 1 17 0.052 0.345
3 1 18 -2.100 0.414
3 1 19 1.142 0.259
3 1 20 1.783 1.000
3 1 21 1.231 0.214
3 1 22 -0.203 0.836
3 1 23 -1.124 0.903
3 2 1 1.679 0.030
3 2 2 -1.305 0.044
3 2 3 1.613 0.032
3 2 4 1.379 0.084
3 2 5 -1.355 0.104
3 2 6 1.429 0.067
3 2 7 -0.821 0.082
3 2 8 -1.104 0.083
3 2 9 1.557 0.083
3 2 10 -1.254 0.084
3 2 11 -0.727 0.078
3 2 12 -0.059 0.069
3 2 13 -0.588 0.083
3 2 14 -0.455 0.082
3 2 15 0.538 0.086
3 2 16 -0.400 0.082
3 2 17 -0.846 0.080
3 2 18 -1.638 0.080
3 2 19 -0.950 0.067
3 2 20 -0.960 0.072
3 2 21 -0.824 0.079
3 2 22 -0.904 0.074
3 2 23 -0.683 0.067
3 2 24 -0.735 0.084
3 2 25 -1.522 0.073
3 2 26 -0.514 0.054
3 2 27 -0.649 0.064
3 2 28 0.096 0.086
3 2 29 -0.031 0.061
3 2 30 0.005 0.056
3 2 31 0.917 0.057
3 2 32 0.010 0.059
3 2 33 -1.464 0.394
3 2 34 -0.851 0.060
3 2 35 -0.619 0.061
3 2 36 -1.810 0.062
3 2 37 -1.577 0.062
3 2 38 -1.020 0.063
3 2 39 -4.062 0.144
3 2 40 -0.599 0.065
3 2 41 1.790 0.066
3 2 42 -1.247 0.067
3 2 43 -0.444 0.086
3 2 44 0.147 0.291
3 2 45 1.826 0.070
3 2 46 -0.035 0.083
3 2 47 0.096 0.541
3 2 48 -0.661 0.072
3 2 49 1.997 0.073
3 2 50 0.216 0.467
3 2 51 -1.575 0.075
3 2 52 -0.623 1.000
3 2 53 -1.304 0.077
3 2 54 0.210 0.744
3 2 55 -0.201 0.366
3 2 56 0.678 0.848
3 2 57 0.945 0.974
3 2 58 -0.794 0.681
3 2 59 0.924 0.082
3 2 60 0.467 0.647
3 2 61 0.790 0.180
3 2 62 1.254 0.315
3 3 1 1.796 1.000
3 3 2 -0.611 0.568
3 3 3 -1.955 0.996
3 3 4 -1.558 0.165
3 3 5 0.000 0.100
4 1 1 -0.035 0.080
4 1 2 -0.949 0.701
4 1 3 0.156 0.567
4 1 4 1.254 0.242
4 1 5 -1.088 0.349
4 1 6 0.151 0.107
4 1 7 -1.859 0.113
4 1 8 -1.608 0.118
4 1 9 -0.357 0.124
4 1 10 -0.746 0.353
4 1 11 1.524 0.135
4 1 12 0.315 0.150
4 1 13 -0.386 0.145
4 1 14 -0.640 0.456
4 1 15 -0.975 0.156
4 1 16 -1.455 0.413
4 1 17 1.790 0.382
4 1 18 -1.323 0.444
4 1 19 -2.045 0.717
4 1 20 -0.386 0.200
4 1 21 -3.995 0.189
4 1 22 1.252 1.000
4 1 23 -1.830 0.999
4 2 1 0.124 0.030
4 2 2 -0.924 0.031
4 2 3 0.548 0.081
4 2 4 -0.138 0.082
4 2 5 1.296 0.114
4 2 6 1.490 0.107
4 2 7 -1.658 0.101
4 2 8 1.310 0.102
4 2 9 0.872 0.106
4 2 10 -1.685 0.105
4 2 11 -2.003 0.108
4 2 12 -1.302 0.119
4 2 13 -1.275 0.097
4 2 14 1.994 0.092
4 2 15 -0.751 0.117
4 2 16 -1.079 0.095
4 2 17 -1.307 0.094
4 2 18 0.759 0.131
4 2 19 -1.695 0.107
4 2 20 1.806 0.080
4 2 21 -1.207 0.099
4 2 22 -1.144 0.086
4 2 23 -0.546 0.073
4 2 24 -1.517 0.081
4 2 25 -1.555 0.091
4 2 26 -0.519 0.080
4 2 27 -0.724 0.075
4 2 28 -0.412 0.072
4 2 29 -1.016 0.073
4 2 30 0.370 0.067
4 2 31 -0.025 0.057
4 2 32 -0.362 0.058
4 2 33 1.788 0.059
4 2 34 -1.892 0.061
4 2 35 -1.827 0.061
4 2 36 1.301 0.062
4 2 37 -1.712 0.062
4 2 38 -1.724 0.063
4 2 39 -1.211 0.064
4 2 40 -1.049 0.065
4 2 41 1.058 0.066
4 2 42 -1.892 0.067
4 2 43 1.497 0.068
4 2 44 -0.801 0.069
4 2 45 0.466 0.100
4 2 46 -0.778 0.747
4 2 47 -1.938 0.071
4 2 48 1.457 0.343
4 2 49 0.450 0.384
4 2 50 -1.603 0.869
4 2 51 0.844 0.075
4 2 52 -1.051 0.801
4 2 53 1.667 0.077
4 2 54 -0.156 0.889
4 2 55 -1.544 0.079
4 2 56 -1.010 0.526
4 2 57 -0.337 0.351
4 2 58 0.068 0.081
4 2 59 -1.033 0.986
4 2 60 -0.717 0.986
4 2 61 0.084 0.084
4 2 62 0.561 0.729
4 3 1 -2.168 0.163
4 3 2 1.266 0.444
4 3 3 -1.568 0.160
4 3 4 -1.027 0.441
4 3 5 0.000 0.100
5 1 1 0.383 0.081
5 1 2 1.234 0.123
5 1 3 -0.041 0.099
5 1 4 1.406 0.151
5 1 5 -0.389 0.129
5 1 6 0.278 0.107
5 1 7 -0.549 0.120
5 1 8 -0.480 0.128
5 1 9 1.609 0.244
5 1 10 -0.467 0.129
5 1 11 -1.673 0.135
5 1 12 -1.390 0.273
5 1 13 -0.323 0.145
5 1 14 0.930 0.389
5 1 15 1.511 0.563
5 1 16 -0.277 0.456
5 1 17 1.420 0.694
5 1 18 -0.464 0.520
5 1 19 -1.178 0.427
5 1 20 -3.839 0.341
5 1 21 0.633 0.208
5 1 22 3.453 0.194
5 1 23 -1.997 0.200
5 2 1 1.951 0.030
5 2 2 1.889 0.068
5 2 3 1.258 0.032
5 2 4 0.888 0.033
5 2 5 -1.533 0.081
5 2 6 -1.141 0.087
5 2 7 -0.906 0.084
5 2 8 -0.738 0.085
5 2 9 1.921 0.107
5 2 10 -0.361 0.091
5 2 11 -0.597 0.097
5 2 12 -0.054 0.088
5 2 13 -0.642 0.100
5 2 14 0.088 0.092
5 2 15 0.481 0.088
5 2 16 0.645 0.083
5 2 17 -0.580 0.098
5 2 18 1.189 0.095
5 2 19 -0.402 0.075
5 2 20 -0.914 0.073
5 2 21 -0.189 0.066
5 2 22 -0.716 0.073
5 2 23 0.271 0.084
5 2 24 -0.873 0.080
5 2 25 -0.527 0.067
5 2 26 0.320 0.072
5 2 27 0.403 0.074
5 2 28 0.434 0.084
5 2 29 0.784 0.069
5 2 30 0.914 0.056
5 2 31 1.029 0.066
5 2 32 -0.002 0.089
5 2 33 -0.352 0.061
5 2 34 -1.625 0.342
5 2 35 -0.437 0.070
5 2 36 -0.990 0.199
5 2 37 -0.659 0.062
5 2 38 -0.300 0.480
5 2 39 -3.568 0.122
5 2 40 -0.018 0.065
5 2 41 -1.954 0.066
5 2 42 -1.040 0.067
5 2 43 -1.856 0.068
5 2 44 0.555 0.069
5 2 45 -1.709 0.070
5 2 46 0.816 0.071
5 2 47 0.193 0.071
5 2 48 0.234 0.496
5 2 49 -1.303 0.073
5 2 50 0.266 0.074
5 2 51 -0.337 0.075
5 2 52 0.068 0.998
5 2 53 1.001 1.000
5 2 54 1.078 0.078
5 2 55 0.502 0.079
5 2 56 0.185 0.080
5 2 57 0.251 0.881
5 2 58 0.658 0.406
5 2 59 0.638 0.746
5 2 60 -0.384 0.853
5 2 61 0.311 0.900
5 2 62 -0.947 0.100
5 3 1 1.014 0.286
5 3 2 1.323 0.530
5 3 3 -0.938 0.398
5 3 4 0.000 0.100
5 3 5 0.000 0.100
6 1 1 1.244 0.080
6 1 2 0.899 0.099
6 1 3 1.940 0.096
6 1 4 1.481 0.121
6 1 5 1.874 0.109
6 1 6 -1.197 0.128
6 1 7 -0.659 0.121
6 1 8 -0.565 0.123
6 1 9 0.754 0.124
6 1 10 0.705 0.129
6 1 11 0.468 0.135
6 1 12 1.824 0.418
6 1 13 0.897 0.181
6 1 14 -0.523 0.504
6 1 15 -0.432 0.156
6 1 16 1.771 0.369
6 1 17 -1.224 0.506
6 1 18 1.045 0.662
6 1 19 1.059 0.491
6 1 20 0.298 0.415
6 1 21 0.000 0.100
6 1 22 0.153 0.645
6 1 23 -0.098 0.928
6 2 1 -1.225 0.030
6 2 2 -0.349 0.031
6 2 3 -1.175 0.032
6 2 4 -0.236 0.067
6 2 5 0.022 0.090
6 2 6 0.264 0.091
6 2 7 0.760 0.089
6 2 8 0.198 0.075
6 2 9 0.104 0.093
6 2 10 0.878 0.079
6 2 11 0.569 0.090
6 2 12 1.682 0.070
6 2 13 1.529 0.068
6 2 14 1.495 0.083
6 2 15 1.922 0.084
6 2 16 1.532 0.086
6 2 17 1.005 0.088
6 2 18 -1.127 0.083
6 2 19 0.246 0.086
6 2 20 0.362 0.076
6 2 21 -1.575 0.084
6 2 22 1.359 0.070
6 2 23 1.969 0.071
6 2 24 1.441 0.072
6 2 25 1.020 0.078
6 2 26 1.973 0.061
6 2 27 -1.638 0.086
6 2 28 1.983 0.054
6 2 29 1.373 0.055
6 2 30 -1.299 0.056
6 2 31 2.021 0.057
6 2 32 -1.742 0.058
6 2 33 1.041 0.059
6 2 34 0.203 0.060
6 2 35 0.258 0.061
6 2 36 -0.204 0.062
6 2 37 0.862 0.062
6 2 38 0.204 0.063
6 2 39 2.032 0.064
6 2 40 1.168 0.676
6 2 41 -0.309 0.066
6 2 42 0.341 0.067
6 2 43 -0.484 0.068
6 2 44 1.610 0.069
6 2 45 0.384 0.983
6 2 46 -1.498 0.071
6 2 47 1.022 0.071
6 2 48 -1.737 0.072
6 2 49 -0.802 0.519
6 2 50 -1.439 0.887
6 2 51 -0.901 0.518
6 2 52 -0.791 0.687
6 2 53 0.568 0.564
6 2 54 1.547 0.621
6 2 55 0.507 0.079
6 2 56 1.223 0.080
6 2 57 1.349 0.080
6 2 58 0.917 0.188
6 2 59 -2.050 0.912
6 2 60 -1.142 0.870
6 2 61 -2.382 0.456
6 2 62 1.315 0.935
6 3 1 1.728 0.206
6 3 2 1.600 0.472
6 3 3 0.000 0.100
6 3 4 0.105 0.165
6 3 5 -0.686 0.170
