1 1 1 0.0069012 0.0534163
1 1 2 -0.0004474 -0.0079132
1 1 3 0.0008783 -0.0001991
1 1 4 -0.0022187 0.0340960
1 1 5 0.0021404 -0.0101374
1 1 6 0.0000000 0.0000000
1 1 7 0.0000000 0.0000000
1 1 8 -0.0004346 -0.0161920
1 1 9 0.0000000 0.0000000
1 1 10 0.0000000 0.0000000
1 1 11 0.0000000 0.0000000
1 1 12 0.0000000 0.0000000
1 1 13 0.0000000 0.0000000
1 1 14 0.0000000 0.0000000
1 1 15 0.0000000 0.0000000
1 1 16 0.0000000 0.0000000
1 1 17 0.0000000 0.0000000
1 1 18 0.0000000 0.0000000
1 1 19 0.0000000 0.0000000
1 1 20 0.0000000 0.0000000
1 1 21 0.0000000 0.0000000
1 1 22 0.0000000 0.0000000
1 1 23 0.0000000 0.0000000
1 2 1 0.0000000 0.0000000
1 2 2 0.1272782 0.2551462
1 2 3 0.0001493 -0.0017295
1 2 4 0.0001490 -0.0008707
1 2 5 0.0002381 -0.0053486
1 2 6 0.0002400 -0.0014711
1 2 7 -0.0004798 -0.0048151
1 2 8 -0.0000487 0.0005573
1 2 9 -0.0000733 0.0073341
1 2 10 -0.0011170 0.0066876
1 2 11 -0.0004751 0.0019302
1 2 12 0.0000000 0.0000000
1 2 13 -0.0577441 -0.1493320
1 2 14 0.0007338 0.0068908
1 2 15 0.0000000 0.0000000
1 2 16 0.0000000 0.0000000
1 2 17 0.0000000 0.0000000
1 2 18 0.0000895 -0.0020016
1 2 19 0.0000000 0.0000000
1 2 20 0.0000000 0.0000000
1 2 21 0.0000000 0.0000000
1 2 22 0.0000000 0.0000000
1 2 23 0.0000000 0.0000000
1 2 24 0.0000000 0.0000000
1 2 25 0.0000000 0.0000000
1 2 26 0.0000000 0.0000000
1 2 27 0.0000000 0.0000000
1 2 28 0.0000000 0.0000000
1 2 29 0.0000000 0.0000000
1 2 30 0.0000000 0.0000000
1 2 31 0.0000000 0.0000000
1 2 32 0.0000000 0.0000000
1 2 33 0.0000000 0.0000000
1 2 34 0.0000000 0.0000000
1 2 35 0.0000000 0.0000000
1 2 36 0.0000000 0.0000000
1 2 37 0.0000000 0.0000000
1 2 38 0.0000000 0.0000000
1 2 39 0.0000000 0.0000000
1 2 40 0.0000000 0.0000000
1 2 41 0.0000000 0.0000000
1 2 42 0.0000000 0.0000000
1 2 43 0.0000000 0.0000000
1 2 44 0.0000000 0.0000000
1 2 45 0.0000000 0.0000000
1 2 46 0.0000000 0.0000000
1 2 47 0.0000000 0.0000000
1 2 48 0.0000000 0.0000000
1 2 49 0.0000000 0.0000000
1 2 50 0.0000000 0.0000000
1 2 51 0.0000000 0.0000000
1 2 52 0.0000000 0.0000000
1 2 53 0.0000000 0.0000000
1 2 54 0.0000000 0.0000000
1 2 55 0.0000000 0.0000000
1 2 56 0.0000000 0.0000000
1 2 57 0.0000000 0.0000000
1 2 58 0.0000000 0.0000000
1 2 59 0.0000000 0.0000000
1 2 60 0.0000000 0.0000000
1 2 61 0.0000000 0.0000000
1 2 62 0.0000000 0.0000000
1 3 1 0.0000000 0.0000000
1 3 2 0.0000000 0.0000000
1 3 3 0.0000000 0.0000000
1 3 4 0.0000000 0.0000000
1 3 5 0.0000000 0.0000000
2 1 1 -0.0030093 -0.0056743
2 1 2 0.0002910 -0.0032993
2 1 3 -0.0000606 -0.0025411
2 1 4 -0.0018315 -0.0084169
2 1 5 0.0000000 0.0000000
2 1 6 0.0000000 0.0000000
2 1 7 0.0000000 0.0000000
2 1 8 0.0000000 0.0000000
2 1 9 0.0000000 0.0000000
2 1 10 0.0000000 0.0000000
2 1 11 0.0000000 0.0000000
2 1 12 0.0000000 0.0000000
2 1 13 0.0000000 0.0000000
2 1 14 0.0000000 0.0000000
2 1 15 0.0000000 0.0000000
2 1 16 0.0000000 0.0000000
2 1 17 0.0000000 0.0000000
2 1 18 0.0000000 0.0000000
2 1 19 0.0000000 0.0000000
2 1 20 0.0000000 0.0000000
2 1 21 0.0000000 0.0000000
2 1 22 0.0000000 0.0000000
2 1 23 0.0000000 0.0000000
2 2 1 0.0000000 0.0000000
2 2 2 0.0000000 0.0000000
2 2 3 -0.0238965 0.0082708
2 2 4 0.0004759 -0.0007910
2 2 5 0.0001342 -0.0019024
2 2 6 0.0001372 0.0045044
2 2 7 0.0001232 0.0006832
2 2 8 0.0000711 -0.0008537
2 2 9 0.0000084 -0.0024340
2 2 10 0.0000785 0.0021422
2 2 11 0.0014539 -0.0053224
2 2 12 0.0041563 -0.0380649
2 2 13 0.0002554 0.0072648
2 2 14 -0.0000237 -0.0002223
2 2 15 0.0007989 0.0145537
2 2 16 0.0000000 0.0000000
2 2 17 0.0006013 0.0083087
2 2 18 0.0000000 0.0000000
2 2 19 0.0000000 0.0000000
2 2 20 0.0000000 0.0000000
2 2 21 0.0000000 0.0000000
2 2 22 0.0000000 0.0000000
2 2 23 0.0000000 0.0000000
2 2 24 -0.0001785 0.0043598
2 2 25 0.0000000 0.0000000
2 2 26 0.0000000 0.0000000
2 2 27 0.0000000 0.0000000
2 2 28 0.0000000 0.0000000
2 2 29 0.0000000 0.0000000
2 2 30 0.0000000 0.0000000
2 2 31 0.0000000 0.0000000
2 2 32 0.0000000 0.0000000
2 2 33 0.0000000 0.0000000
2 2 34 0.0000000 0.0000000
2 2 35 0.0000000 0.0000000
2 2 36 0.0000000 0.0000000
2 2 37 0.0000000 0.0000000
2 2 38 0.0000000 0.0000000
2 2 39 0.0000000 0.0000000
2 2 40 0.0000000 0.0000000
2 2 41 0.0000000 0.0000000
2 2 42 0.0000000 0.0000000
2 2 43 0.0000000 0.0000000
2 2 44 0.0000000 0.0000000
2 2 45 0.0000000 0.0000000
2 2 46 0.0000000 0.0000000
2 2 47 0.0000000 0.0000000
2 2 48 0.0000000 0.0000000
2 2 49 0.0000000 0.0000000
2 2 50 0.0000000 0.0000000
2 2 51 0.0000000 0.0000000
2 2 52 0.0000000 0.0000000
2 2 53 0.0000000 0.0000000
2 2 54 0.0000000 0.0000000
2 2 55 0.0000000 0.0000000
2 2 56 0.0000000 0.0000000
2 2 57 0.0000000 0.0000000
2 2 58 0.0000000 0.0000000
2 2 59 0.0000000 0.0000000
2 2 60 0.0000000 0.0000000
2 2 61 0.0000000 0.0000000
2 2 62 0.0000000 0.0000000
2 3 1 0.0000000 0.0000000
2 3 2 0.0000000 0.0000000
2 3 3 0.0000000 0.0000000
2 3 4 0.0000000 0.0000000
2 3 5 0.0000000 0.0000000
3 1 1 -0.0007909 0.0039269
3 1 2 0.0001996 -0.0009742
3 1 3 0.0003194 -0.0015109
3 1 4 0.0001432 -0.0005908
3 1 5 0.0001013 -0.0116033
3 1 6 -0.0010451 0.0054315
3 1 7 0.0000000 0.0000000
3 1 8 0.0000000 0.0000000
3 1 9 0.0000000 0.0000000
3 1 10 0.0000000 0.0000000
3 1 11 0.0000000 0.0000000
3 1 12 0.0000000 0.0000000
3 1 13 0.0000000 0.0000000
3 1 14 0.0000000 0.0000000
3 1 15 0.0000000 0.0000000
3 1 16 0.0000000 0.0000000
3 1 17 0.0000000 0.0000000
3 1 18 0.0000000 0.0000000
3 1 19 0.0000000 0.0000000
3 1 20 0.0000000 0.0000000
3 1 21 0.0000000 0.0000000
3 1 22 0.0000000 0.0000000
3 1 23 0.0000000 0.0000000
3 2 1 0.0000000 0.0000000
3 2 2 -0.0017045 0.0041162
3 2 3 0.0000000 0.0000000
3 2 4 0.0006461 0.0008945
3 2 5 -0.0008031 -0.0042107
3 2 6 -0.0000046 -0.0003821
3 2 7 -0.0003780 -0.0011952
3 2 8 -0.0000647 0.0011526
3 2 9 -0.0089867 0.1293987
3 2 10 0.0000034 0.0024132
3 2 11 -0.0001587 0.0027277
3 2 12 0.0000223 -0.0009531
3 2 13 0.0001102 -0.0017892
3 2 14 0.0000000 0.0000000
3 2 15 0.0000000 0.0000000
3 2 16 0.0000000 0.0000000
3 2 17 0.0000000 0.0000000
3 2 18 0.0000000 0.0000000
3 2 19 -0.0007226 -0.0110538
3 2 20 0.0000000 0.0000000
3 2 21 0.0000000 0.0000000
3 2 22 0.0000000 0.0000000
3 2 23 0.0000000 0.0000000
3 2 24 0.0000000 0.0000000
3 2 25 0.0000000 0.0000000
3 2 26 0.0000000 0.0000000
3 2 27 0.0000000 0.0000000
3 2 28 0.0000000 0.0000000
3 2 29 0.0000000 0.0000000
3 2 30 0.0000000 0.0000000
3 2 31 0.0000000 0.0000000
3 2 32 0.0000000 0.0000000
3 2 33 0.0000000 0.0000000
3 2 34 0.0000000 0.0000000
3 2 35 0.0000000 0.0000000
3 2 36 0.0000000 0.0000000
3 2 37 0.0000000 0.0000000
3 2 38 0.0000000 0.0000000
3 2 39 0.0000000 0.0000000
3 2 40 0.0000000 0.0000000
3 2 41 0.0000000 0.0000000
3 2 42 0.0000000 0.0000000
3 2 43 0.0000000 0.0000000
3 2 44 0.0000000 0.0000000
3 2 45 0.0000000 0.0000000
3 2 46 0.0000000 0.0000000
3 2 47 0.0000000 0.0000000
3 2 48 0.0000000 0.0000000
3 2 49 0.0000000 0.0000000
3 2 50 0.0000000 0.0000000
3 2 51 0.0000000 0.0000000
3 2 52 0.0000000 0.0000000
3 2 53 0.0000000 0.0000000
3 2 54 0.0000000 0.0000000
3 2 55 0.0000000 0.0000000
3 2 56 0.0000000 0.0000000
3 2 57 0.0000000 0.0000000
3 2 58 0.0000000 0.0000000
3 2 59 0.0000000 0.0000000
3 2 60 0.0000000 0.0000000
3 2 61 0.0000000 0.0000000
3 2 62 0.0000000 0.0000000
3 3 1 0.0000000 0.0000000
3 3 2 0.0000000 0.0000000
3 3 3 0.0000000 0.0000000
3 3 4 0.0000000 0.0000000
3 3 5 0.0000000 0.0000000
4 1 1 0.0000000 0.0000000
4 1 2 -0.0193871 -0.1077731
4 1 3 0.0000771 0.0044140
4 1 4 -0.0032746 0.0401502
4 1 5 0.0000761 -0.0054119
4 1 6 0.0000000 0.0000000
4 1 7 0.0000000 0.0000000
4 1 8 0.0000000 0.0000000
4 1 9 0.0000000 0.0000000
4 1 10 0.0000000 0.0000000
4 1 11 0.0000000 0.0000000
4 1 12 0.0000000 0.0000000
4 1 13 0.0000000 0.0000000
4 1 14 0.0000000 0.0000000
4 1 15 0.0000000 0.0000000
4 1 16 0.0000000 0.0000000
4 1 17 0.0000000 0.0000000
4 1 18 0.0000000 0.0000000
4 1 19 0.0000000 0.0000000
4 1 20 0.0000000 0.0000000
4 1 21 0.0000000 0.0000000
4 1 22 0.0000000 0.0000000
4 1 23 0.0000000 0.0000000
4 2 1 0.0000000 0.0000000
4 2 2 0.0017797 0.0047895
4 2 3 -0.0034937 0.0099300
4 2 4 0.0002959 0.0009611
4 2 5 0.0001795 0.0000267
4 2 6 0.0003334 0.0053057
4 2 7 0.0002277 -0.0017863
4 2 8 0.0001851 -0.0009542
4 2 9 -0.0000033 -0.0003627
4 2 10 -0.0000499 0.0009069
4 2 11 -0.0008143 0.0015712
4 2 12 -0.0009378 0.0194379
4 2 13 0.0005381 -0.0163359
4 2 14 0.0000303 -0.0015367
4 2 15 0.0000000 0.0000000
4 2 16 0.0000000 0.0000000
4 2 17 -0.0002502 0.0090558
4 2 18 0.0000000 0.0000000
4 2 19 0.0000000 0.0000000
4 2 20 0.0000000 0.0000000
4 2 21 0.0000000 0.0000000
4 2 22 0.0000000 0.0000000
4 2 23 0.0000000 0.0000000
4 2 24 0.0000000 0.0000000
4 2 25 0.0000000 0.0000000
4 2 26 0.0000000 0.0000000
4 2 27 0.0000000 0.0000000
4 2 28 0.0000000 0.0000000
4 2 29 0.0000000 0.0000000
4 2 30 0.0000000 0.0000000
4 2 31 0.0000000 0.0000000
4 2 32 0.0000000 0.0000000
4 2 33 0.0000000 0.0000000
4 2 34 0.0000000 0.0000000
4 2 35 0.0000000 0.0000000
4 2 36 0.0000000 0.0000000
4 2 37 0.0000000 0.0000000
4 2 38 0.0000000 0.0000000
4 2 39 0.0000000 0.0000000
4 2 40 0.0000000 0.0000000
4 2 41 0.0000000 0.0000000
4 2 42 0.0000000 0.0000000
4 2 43 0.0000000 0.0000000
4 2 44 0.0000000 0.0000000
4 2 45 0.0000000 0.0000000
4 2 46 0.0000000 0.0000000
4 2 47 0.0000000 0.0000000
4 2 48 0.0000000 0.0000000
4 2 49 0.0000000 0.0000000
4 2 50 0.0000000 0.0000000
4 2 51 0.0000000 0.0000000
4 2 52 0.0000000 0.0000000
4 2 53 0.0000000 0.0000000
4 2 54 0.0000000 0.0000000
4 2 55 0.0000000 0.0000000
4 2 56 0.0000000 0.0000000
4 2 57 0.0000000 0.0000000
4 2 58 0.0000000 0.0000000
4 2 59 0.0000000 0.0000000
4 2 60 0.0000000 0.0000000
4 2 61 0.0000000 0.0000000
4 2 62 0.0000000 0.0000000
4 3 1 0.0000000 0.0000000
4 3 2 0.0000000 0.0000000
4 3 3 0.0000000 0.0000000
4 3 4 0.0000000 0.0000000
4 3 5 0.0000000 0.0000000
5 1 1 0.0000418 0.0135358
5 1 2 0.0002557 -0.0039218
5 1 3 -0.0001394 0.0046266
5 1 4 0.0003596 -0.0004930
5 1 5 -0.0007361 0.0218485
5 1 6 0.0000000 0.0000000
5 1 7 0.0000000 0.0000000
5 1 8 0.0000000 0.0000000
5 1 9 0.0000000 0.0000000
5 1 10 0.0000000 0.0000000
5 1 11 0.0000000 0.0000000
5 1 12 0.0000000 0.0000000
5 1 13 0.0000000 0.0000000
5 1 14 0.0000000 0.0000000
5 1 15 0.0000000 0.0000000
5 1 16 0.0000000 0.0000000
5 1 17 0.0000000 0.0000000
5 1 18 0.0000000 0.0000000
5 1 19 0.0000000 0.0000000
5 1 20 0.0000000 0.0000000
5 1 21 0.0000000 0.0000000
5 1 22 0.0000000 0.0000000
5 1 23 0.0000000 0.0000000
5 2 1 0.0000000 0.0000000
5 2 2 -0.0000230 -0.0013117
5 2 3 0.0009216 0.0026954
5 2 4 0.0000027 -0.0018164
5 2 5 -0.0005389 -0.0026301
5 2 6 0.0001698 0.0006897
5 2 7 -0.0003511 -0.0041086
5 2 8 -0.0000554 -0.0000383
5 2 9 -0.0000126 0.0008235
5 2 10 -0.0130463 -0.0714634
5 2 11 0.0000227 0.0003268
5 2 12 0.0005787 0.0286227
5 2 13 0.0000000 0.0000000
5 2 14 -0.0006376 -0.0007045
5 2 15 -0.0002909 0.0107702
5 2 16 0.0000000 0.0000000
5 2 17 0.0000000 0.0000000
5 2 18 0.0000000 0.0000000
5 2 19 0.0000000 0.0000000
5 2 20 0.0000000 0.0000000
5 2 21 -0.0003556 0.0139194
5 2 22 0.0000000 0.0000000
5 2 23 0.0000000 0.0000000
5 2 24 0.0000000 0.0000000
5 2 25 0.0000000 0.0000000
5 2 26 0.0000000 0.0000000
5 2 27 0.0000000 0.0000000
5 2 28 0.0000000 0.0000000
5 2 29 0.0000000 0.0000000
5 2 30 0.0000000 0.0000000
5 2 31 0.0000000 0.0000000
5 2 32 0.0000000 0.0000000
5 2 33 0.0000000 0.0000000
5 2 34 0.0000000 0.0000000
5 2 35 0.0000000 0.0000000
5 2 36 0.0000000 0.0000000
5 2 37 0.0000000 0.0000000
5 2 38 0.0000000 0.0000000
5 2 39 0.0000000 0.0000000
5 2 40 0.0000000 0.0000000
5 2 41 0.0000000 0.0000000
5 2 42 0.0000000 0.0000000
5 2 43 0.0000000 0.0000000
5 2 44 0.0000000 0.0000000
5 2 45 0.0000000 0.0000000
5 2 46 0.0000000 0.0000000
5 2 47 0.0000000 0.0000000
5 2 48 0.0000000 0.0000000
5 2 49 0.0000000 0.0000000
5 2 50 0.0000000 0.0000000
5 2 51 0.0000000 0.0000000
5 2 52 0.0000000 0.0000000
5 2 53 0.0000000 0.0000000
5 2 54 0.0000000 0.0000000
5 2 55 0.0000000 0.0000000
5 2 56 0.0000000 0.0000000
5 2 57 0.0000000 0.0000000
5 2 58 0.0000000 0.0000000
5 2 59 0.0000000 0.0000000
5 2 60 0.0000000 0.0000000
5 2 61 0.0000000 0.0000000
5 2 62 0.0000000 0.0000000
5 3 1 0.0000000 0.0000000
5 3 2 0.0000000 0.0000000
5 3 3 0.0000000 0.0000000
5 3 4 0.0000000 0.0000000
5 3 5 0.0000000 0.0000000
6 1 1 -0.0010888 -0.0063383
6 1 2 0.0001323 -0.0040022
6 1 3 -0.0017104 0.0318999
6 1 4 0.0018439 -0.0315743
6 1 5 0.0000000 0.0000000
6 1 6 0.0000000 0.0000000
6 1 7 0.0000000 0.0000000
6 1 8 0.0000052 0.0002327
6 1 9 0.0000000 0.0000000
6 1 10 0.0000000 0.0000000
6 1 11 0.0000000 0.0000000
6 1 12 0.0000000 0.0000000
6 1 13 0.0000000 0.0000000
6 1 14 0.0000000 0.0000000
6 1 15 0.0000000 0.0000000
6 1 16 0.0000000 0.0000000
6 1 17 0.0000000 0.0000000
6 1 18 0.0000000 0.0000000
6 1 19 0.0000000 0.0000000
6 1 20 0.0000000 0.0000000
6 1 21 0.0000000 0.0000000
6 1 22 0.0000000 0.0000000
6 1 23 0.0000000 0.0000000
6 2 1 0.0000000 0.0000000
6 2 2 0.0000000 0.0000000
6 2 3 -0.0012048 -0.0062007
6 2 4 0.0003870 -0.0053701
6 2 5 0.0002193 -0.0030914
6 2 6 0.0002076 -0.0017055
6 2 7 0.0002859 0.0029114
6 2 8 0.0002182 0.0053689
6 2 9 -0.0001011 0.0039706
6 2 10 0.0001965 -0.0010676
6 2 11 0.0001352 0.0007250
6 2 12 0.0000000 0.0000000
6 2 13 -0.0074296 -0.1725702
6 2 14 0.0000000 0.0000000
6 2 15 -0.0099089 0.0756948
6 2 16 0.0000000 0.0000000
6 2 17 0.0003862 -0.0134677
6 2 18 0.0000000 0.0000000
6 2 19 0.0000000 0.0000000
6 2 20 0.0000000 0.0000000
6 2 21 0.0000000 0.0000000
6 2 22 0.0000000 0.0000000
6 2 23 0.0000000 0.0000000
6 2 24 0.0000000 0.0000000
6 2 25 0.5698220 -0.5354158
6 2 26 0.0000000 0.0000000
6 2 27 0.0000000 0.0000000
6 2 28 0.0000000 0.0000000
6 2 29 0.0000000 0.0000000
6 2 30 0.0000000 0.0000000
6 2 31 0.0000000 0.0000000
6 2 32 0.0000000 0.0000000
6 2 33 0.0000000 0.0000000
6 2 34 0.0000000 0.0000000
6 2 35 0.0000000 0.0000000
6 2 36 0.0000000 0.0000000
6 2 37 0.0000000 0.0000000
6 2 38 0.0000000 0.0000000
6 2 39 0.0000000 0.0000000
6 2 40 0.0000000 0.0000000
6 2 41 0.0000000 0.0000000
6 2 42 0.0000000 0.0000000
6 2 43 0.0000000 0.0000000
6 2 44 0.0000000 0.0000000
6 2 45 0.0000000 0.0000000
6 2 46 0.0000000 0.0000000
6 2 47 0.0000000 0.0000000
6 2 48 0.0000000 0.0000000
6 2 49 0.0000000 0.0000000
6 2 50 0.0000000 0.0000000
6 2 51 0.0000000 0.0000000
6 2 52 0.0000000 0.0000000
6 2 53 0.0000000 0.0000000
6 2 54 0.0000000 0.0000000
6 2 55 0.0000000 0.0000000
6 2 56 0.0000000 0.0000000
6 2 57 0.0000000 0.0000000
6 2 58 0.0000000 0.0000000
6 2 59 0.0000000 0.0000000
6 2 60 0.0000000 0.0000000
6 2 61 0.0000000 0.0000000
6 2 62 0.0000000 0.0000000
6 3 1 0.0000000 0.0000000
6 3 2 0.0000000 0.0000000
6 3 3 0.0000000 0.0000000
6 3 4 0.0000000 0.0000000
6 3 5 0.0000000 0.0000000
