1 1 1 1.695 
1 1 2 0.201 
1 1 3 2.631 
1 1 4 2.101 
1 1 5 0.506 
1 1 6 4.510 
1 1 7 0.242 
1 1 8 0.063 
1 1 9 -0.962 
1 1 10 0.895 
1 1 11 5.819 
1 1 12 2.672 
1 1 13 -3.043 
1 1 14 0.798 
1 1 15 0.967 
1 1 16 0.596 
1 1 17 -3.791 
1 1 18 2.304 
1 1 19 -0.679 
1 1 20 0.749 
1 1 21 0.672 
1 1 22 -2.455 
1 1 23 -0.239 
1 2 1 0.265 
1 2 2 0.711 
1 2 3 1.324 
1 2 4 1.230 
1 2 5 1.368 
1 2 6 -0.553 
1 2 7 -0.994 
1 2 8 -0.594 
1 2 9 -1.527 
1 2 10 0.794 
1 2 11 0.872 
1 2 12 1.656 
1 2 13 0.216 
1 2 14 -0.163 
1 2 15 0.793 
1 2 16 -1.068 
1 2 17 0.778 
1 2 18 1.399 
1 2 19 -0.167 
1 2 20 0.384 
1 2 21 0.336 
1 2 22 -0.427 
1 2 23 -0.622 
1 2 24 0.767 
1 2 25 1.187 
1 2 26 0.556 
1 2 27 0.994 
1 2 28 1.328 
1 2 29 -0.193 
1 2 30 0.293 
1 2 31 0.747 
1 2 32 1.065 
1 2 33 2.008 
1 2 34 0.467 
1 2 35 -0.517 
1 2 36 -0.616 
1 2 37 -1.315 
1 2 38 -0.655 
1 2 39 -1.686 
1 2 40 -1.834 
1 2 41 0.815 
1 2 42 0.227 
1 2 43 0.589 
1 2 44 -0.462 
1 2 45 -0.843 
1 2 46 0.113 
1 2 47 0.371 
1 2 48 1.394 
1 2 49 2.301 
1 2 50 -0.275 
1 2 51 0.512 
1 2 52 -0.770 
1 2 53 -0.691 
1 2 54 -0.399 
1 2 55 -0.438 
1 2 56 0.040 
1 2 57 -0.557 
1 2 58 -1.074 
1 2 59 0.418 
1 2 60 -0.210 
1 2 61 2.391 
1 2 62 0.655 
1 3 1 11.165 
1 3 2 -6.962 
1 3 3 -8.818 
1 3 4 -8.714 
1 3 5 1.544 
2 1 1 -3.780 
2 1 2 1.709 
2 1 3 0.830 
2 1 4 -1.998 
2 1 5 -1.124 
2 1 6 0.000 
2 1 7 -0.391 
2 1 8 -1.286 
2 1 9 -0.119 
2 1 10 0.000 
2 1 11 0.186 
2 1 12 2.058 
2 1 13 0.191 
2 1 14 1.986 
2 1 15 0.674 
2 1 16 -0.148 
2 1 17 4.711 
2 1 18 -0.818 
2 1 19 2.511 
2 1 20 1.675 
2 1 21 -4.976 
2 1 22 -0.755 
2 1 23 -0.986 
2 2 1 -1.616 
2 2 2 0.296 
2 2 3 0.269 
2 2 4 1.585 
2 2 5 -0.426 
2 2 6 -1.582 
2 2 7 0.797 
2 2 8 -0.685 
2 2 9 2.000 
2 2 10 1.594 
2 2 11 1.613 
2 2 12 0.982 
2 2 13 -0.636 
2 2 14 -0.017 
2 2 15 -0.262 
2 2 16 0.797 
2 2 17 0.484 
2 2 18 0.166 
2 2 19 -0.007 
2 2 20 -0.410 
2 2 21 -0.446 
2 2 22 -0.043 
2 2 23 -0.454 
2 2 24 -0.448 
2 2 25 -0.357 
2 2 26 0.387 
2 2 27 1.590 
2 2 28 0.425 
2 2 29 1.597 
2 2 30 2.005 
2 2 31 0.055 
2 2 32 2.710 
2 2 33 -0.103 
2 2 34 0.153 
2 2 35 0.545 
2 2 36 0.377 
2 2 37 -1.037 
2 2 38 0.167 
2 2 39 0.069 
2 2 40 0.815 
2 2 41 2.538 
2 2 42 0.292 
2 2 43 0.426 
2 2 44 1.249 
2 2 45 1.558 
2 2 46 0.392 
2 2 47 -0.149 
2 2 48 2.573 
2 2 49 1.120 
2 2 50 1.922 
2 2 51 -0.860 
2 2 52 0.805 
2 2 53 1.414 
2 2 54 -0.438 
2 2 55 -1.047 
2 2 56 -0.319 
2 2 57 0.090 
2 2 58 0.385 
2 2 59 1.636 
2 2 60 -0.161 
2 2 61 1.618 
2 2 62 -0.859 
2 3 1 9.299 
2 3 2 -0.493 
2 3 3 0.969 
2 3 4 -9.665 
2 3 5 7.430 
3 1 1 0.210 
3 1 2 1.634 
3 1 3 0.838 
3 1 4 1.011 
3 1 5 1.771 
3 1 6 0.093 
3 1 7 7.120 
3 1 8 -0.055 
3 1 9 1.015 
3 1 10 1.406 
3 1 11 -1.836 
3 1 12 1.127 
3 1 13 1.402 
3 1 14 -2.767 
3 1 15 7.648 
3 1 16 1.857 
3 1 17 -8.416 
3 1 18 -0.490 
3 1 19 -0.867 
3 1 20 2.345 
3 1 21 -1.673 
3 1 22 -2.968 
3 1 23 1.088 
3 2 1 -1.560 
3 2 2 5.166 
3 2 3 1.725 
3 2 4 -1.279 
3 2 5 1.573 
3 2 6 0.040 
3 2 7 0.444 
3 2 8 0.372 
3 2 9 1.236 
3 2 10 0.307 
3 2 11 0.738 
3 2 12 1.106 
3 2 13 1.986 
3 2 14 0.321 
3 2 15 0.632 
3 2 16 -0.181 
3 2 17 0.563 
3 2 18 -1.428 
3 2 19 -0.549 
3 2 20 0.420 
3 2 21 1.377 
3 2 22 0.241 
3 2 23 0.394 
3 2 24 1.655 
3 2 25 1.444 
3 2 26 1.599 
3 2 27 -0.538 
3 2 28 0.257 
3 2 29 2.720 
3 2 30 -1.328 
3 2 31 -0.357 
3 2 32 1.685 
3 2 33 0.640 
3 2 34 0.235 
3 2 35 1.788 
3 2 36 -0.930 
3 2 37 -0.457 
3 2 38 0.913 
3 2 39 -0.985 
3 2 40 -0.011 
3 2 41 1.384 
3 2 42 1.916 
3 2 43 -0.953 
3 2 44 1.951 
3 2 45 1.257 
3 2 46 0.636 
3 2 47 1.246 
3 2 48 0.780 
3 2 49 0.126 
3 2 50 -2.607 
3 2 51 0.195 
3 2 52 0.248 
3 2 53 1.777 
3 2 54 -1.736 
3 2 55 1.115 
3 2 56 0.198 
3 2 57 0.350 
3 2 58 -0.209 
3 2 59 -1.225 
3 2 60 0.015 
3 2 61 -1.650 
3 2 62 -1.749 
3 3 1 0.291 
3 3 2 1.439 
3 3 3 -5.326 
3 3 4 -1.671 
3 3 5 -1.092 
4 1 1 0.887 
4 1 2 2.818 
4 1 3 1.319 
4 1 4 -1.582 
4 1 5 -0.519 
4 1 6 3.931 
4 1 7 0.421 
4 1 8 -1.020 
4 1 9 -0.864 
4 1 10 -0.005 
4 1 11 3.080 
4 1 12 -0.931 
4 1 13 0.344 
4 1 14 -0.759 
4 1 15 3.766 
4 1 16 1.505 
4 1 17 -2.975 
4 1 18 -0.104 
4 1 19 -0.879 
4 1 20 0.694 
4 1 21 -0.736 
4 1 22 0.966 
4 1 23 1.252 
4 2 1 -0.495 
4 2 2 -0.957 
4 2 3 -1.732 
4 2 4 -0.282 
4 2 5 0.341 
4 2 6 -1.325 
4 2 7 0.029 
4 2 8 0.309 
4 2 9 1.941 
4 2 10 1.054 
4 2 11 0.796 
4 2 12 1.364 
4 2 13 0.601 
4 2 14 0.269 
4 2 15 0.255 
4 2 16 -0.727 
4 2 17 0.646 
4 2 18 -1.256 
4 2 19 0.218 
4 2 20 2.296 
4 2 21 -0.178 
4 2 22 0.513 
4 2 23 0.352 
4 2 24 -0.014 
4 2 25 0.750 
4 2 26 0.822 
4 2 27 1.267 
4 2 28 0.427 
4 2 29 1.449 
4 2 30 0.511 
4 2 31 0.132 
4 2 32 -0.581 
4 2 33 -0.608 
4 2 34 0.670 
4 2 35 0.609 
4 2 36 1.809 
4 2 37 0.550 
4 2 38 0.870 
4 2 39 -0.372 
4 2 40 -1.868 
4 2 41 0.342 
4 2 42 0.985 
4 2 43 0.535 
4 2 44 0.937 
4 2 45 1.411 
4 2 46 -1.142 
4 2 47 0.424 
4 2 48 -0.230 
4 2 49 1.023 
4 2 50 -0.813 
4 2 51 1.135 
4 2 52 -0.277 
4 2 53 1.539 
4 2 54 0.861 
4 2 55 0.578 
4 2 56 0.101 
4 2 57 -0.246 
4 2 58 -1.477 
4 2 59 -0.198 
4 2 60 1.152 
4 2 61 1.299 
4 2 62 -1.243 
4 3 1 0.742 
4 3 2 1.070 
4 3 3 -5.632 
4 3 4 10.320 
4 3 5 1.981 
5 1 1 -1.005 
5 1 2 2.394 
5 1 3 -0.096 
5 1 4 0.006 
5 1 5 -0.107 
5 1 6 2.768 
5 1 7 -2.129 
5 1 8 0.724 
5 1 9 1.454 
5 1 10 1.152 
5 1 11 -0.871 
5 1 12 -1.048 
5 1 13 2.090 
5 1 14 1.001 
5 1 15 -3.957 
5 1 16 8.389 
5 1 17 3.106 
5 1 18 -0.640 
5 1 19 -0.902 
5 1 20 1.054 
5 1 21 -0.404 
5 1 22 -1.354 
5 1 23 0.234 
5 2 1 1.656 
5 2 2 -0.916 
5 2 3 0.268 
5 2 4 0.948 
5 2 5 0.065 
5 2 6 1.355 
5 2 7 0.877 
5 2 8 0.148 
5 2 9 0.544 
5 2 10 1.209 
5 2 11 0.085 
5 2 12 0.594 
5 2 13 0.226 
5 2 14 0.463 
5 2 15 0.343 
5 2 16 2.574 
5 2 17 -0.199 
5 2 18 0.226 
5 2 19 1.094 
5 2 20 0.054 
5 2 21 -0.015 
5 2 22 -0.967 
5 2 23 -0.408 
5 2 24 0.379 
5 2 25 0.935 
5 2 26 0.039 
5 2 27 1.039 
5 2 28 1.957 
5 2 29 0.858 
5 2 30 0.766 
5 2 31 0.929 
5 2 32 0.016 
5 2 33 1.148 
5 2 34 0.093 
5 2 35 -0.109 
5 2 36 -1.385 
5 2 37 -0.056 
5 2 38 -1.566 
5 2 39 -1.383 
5 2 40 -0.122 
5 2 41 0.699 
5 2 42 1.076 
5 2 43 -0.102 
5 2 44 0.492 
5 2 45 1.676 
5 2 46 0.094 
5 2 47 1.098 
5 2 48 -0.531 
5 2 49 -1.730 
5 2 50 -0.266 
5 2 51 1.110 
5 2 52 -0.311 
5 2 53 -0.855 
5 2 54 0.589 
5 2 55 -1.656 
5 2 56 2.306 
5 2 57 -1.272 
5 2 58 1.405 
5 2 59 0.582 
5 2 60 -0.575 
5 2 61 2.095 
5 2 62 -0.854 
5 3 1 -0.471 
5 3 2 0.331 
5 3 3 3.869 
5 3 4 -3.042 
5 3 5 -11.386 
6 1 1 3.493 
6 1 2 -1.052 
6 1 3 -2.313 
6 1 4 1.922 
6 1 5 2.832 
6 1 6 -2.131 
6 1 7 -0.036 
6 1 8 2.061 
6 1 9 1.333 
6 1 10 0.450 
6 1 11 -0.181 
6 1 12 0.157 
6 1 13 1.694 
6 1 14 -5.205 
6 1 15 -2.561 
6 1 16 0.372 
6 1 17 4.027 
6 1 18 1.174 
6 1 19 0.725 
6 1 20 3.244 
6 1 21 0.000 
6 1 22 -1.138 
6 1 23 -1.016 
6 2 1 -1.573 
6 2 2 -0.105 
6 2 3 0.144 
6 2 4 1.871 
6 2 5 0.930 
6 2 6 1.388 
6 2 7 -0.554 
6 2 8 -1.710 
6 2 9 -0.513 
6 2 10 0.407 
6 2 11 0.689 
6 2 12 1.342 
6 2 13 -0.009 
6 2 14 0.367 
6 2 15 0.120 
6 2 16 -0.793 
6 2 17 -1.248 
6 2 18 0.005 
6 2 19 1.552 
6 2 20 -0.513 
6 2 21 1.003 
6 2 22 0.188 
6 2 23 -0.016 
6 2 24 1.459 
6 2 25 1.026 
6 2 26 0.166 
6 2 27 0.842 
6 2 28 0.644 
6 2 29 0.749 
6 2 30 0.222 
6 2 31 0.921 
6 2 32 0.344 
6 2 33 -1.329 
6 2 34 0.181 
6 2 35 0.102 
6 2 36 0.618 
6 2 37 -0.040 
6 2 38 -1.903 
6 2 39 -0.862 
6 2 40 0.672 
6 2 41 2.502 
6 2 42 1.226 
6 2 43 -0.240 
6 2 44 -0.372 
6 2 45 0.263 
6 2 46 0.389 
6 2 47 0.162 
6 2 48 -0.035 
6 2 49 0.104 
6 2 50 2.263 
6 2 51 0.691 
6 2 52 -0.895 
6 2 53 0.881 
6 2 54 0.604 
6 2 55 2.278 
6 2 56 0.607 
6 2 57 -0.772 
6 2 58 -1.372 
6 2 59 0.669 
6 2 60 -0.965 
6 2 61 0.689 
6 2 62 -0.684 
6 3 1 -1.812 
6 3 2 2.406 
6 3 3 3.518 
6 3 4 -9.121 
6 3 5 4.368 
