1 1 1 89.134 89.134 62.982 62.982 -0.036
1 1 2 107.953 107.953 60.499 60.499 -0.052
1 1 3 96.298 96.298 35.995 35.995 -0.039
1 1 4 118.260 118.260 40.563 40.563 -0.120
1 1 5 123.993 123.993 35.240 35.240 -0.054
1 1 6 90.834 90.834 20.094 20.094 -0.204
1 1 7 118.264 118.264 26.010 26.010 -0.102
1 1 8 114.581 114.581 22.520 22.520 -0.076
1 1 9 137.251 137.251 25.929 25.929 -0.002
1 1 10 123.809 123.809 20.402 20.402 -0.094
1 1 11 126.728 126.728 19.225 19.225 0.002
1 1 12 132.129 132.129 18.906 18.906 -0.060
1 1 13 116.969 116.969 14.688 14.688 -0.044
1 1 14 152.063 152.063 19.946 19.946 -0.058
1 1 15 164.153 164.153 21.184 21.184 0.057
1 1 16 162.846 162.846 18.221 18.221 -0.617
1 1 17 151.308 151.308 16.607 16.607 0.029
1 1 18 178.029 178.029 20.141 20.141 -0.011
1 1 19 141.622 141.622 13.463 13.463 -0.039
1 1 20 182.079 182.079 18.749 18.749 -0.021
1 1 21 192.560 192.560 19.300 19.300 -0.100
1 1 22 167.018 167.018 14.981 14.981 0.103
1 1 23 169.802 169.802 14.735 14.735 0.023
1 2 1 127.341 127.341 220.450 220.450 -0.002
1 2 2 128.422 128.422 141.164 141.164 0.003
1 2 3 123.715 123.715 111.824 111.824 -0.036
1 2 4 128.740 128.740 94.337 94.337 -0.017
1 2 5 127.234 127.234 82.700 82.700 -0.037
1 2 6 130.341 130.341 76.520 76.520 -0.051
1 2 7 172.325 172.325 96.699 96.699 -0.041
1 2 8 147.448 147.448 70.916 70.916 -0.040
1 2 9 171.034 171.034 82.236 82.236 -0.051
1 2 10 141.122 141.122 54.876 54.876 -0.077
1 2 11 165.935 165.935 65.904 65.904 -0.035
1 2 12 208.669 208.669 87.544 87.544 -0.040
1 2 13 138.198 138.198 42.323 42.323 -0.081
1 2 14 149.972 149.972 44.884 44.884 0.139
1 2 15 166.611 166.611 50.954 50.954 -0.050
1 2 16 170.728 170.728 48.966 48.966 -0.089
1 2 17 171.357 171.357 47.417 47.417 -0.026
1 2 18 128.013 128.013 28.178 28.178 -0.079
1 2 19 146.216 146.216 33.140 33.140 -0.071
1 2 20 148.703 148.703 32.829 32.829 -0.051
1 2 21 121.180 121.180 22.544 22.544 -0.062
1 2 22 161.096 161.096 33.796 33.796 -0.089
1 2 23 139.090 139.090 26.319 26.319 -0.029
1 2 24 163.897 163.897 31.660 31.660 -0.037
1 2 25 187.039 187.039 37.501 37.501 -0.041
1 2 26 172.385 172.385 32.281 32.281 -0.025
1 2 27 207.492 207.492 40.334 40.334 -0.009
1 2 28 154.721 154.721 25.275 25.275 -0.062
1 2 29 147.371 147.371 22.558 22.558 -0.006
1 2 30 163.740 163.740 25.790 25.790 -0.018
1 2 31 130.118 130.118 17.872 17.872 0.016
1 2 32 314.258 314.258 63.926 63.926 -0.015
1 2 33 219.876 219.876 36.564 36.564 -0.042
1 2 34 271.967 271.967 49.258 49.258 -0.004
1 2 35 240.729 240.729 39.592 39.592 -0.009
1 2 36 244.511 244.511 39.711 39.711 -0.001
1 2 37 256.493 256.493 41.841 41.841 -0.020
1 2 38 319.760 319.760 55.958 55.958 0.007
1 2 39 225.555 225.555 32.550 32.550 0.006
1 2 40 239.171 239.171 34.875 34.875 0.009
1 2 41 273.412 273.412 41.342 41.342 0.009
1 2 42 201.333 201.333 25.672 25.672 0.002
1 2 43 203.478 203.478 25.189 25.189 0.007
1 2 44 220.234 220.234 27.905 27.905 -0.020
1 2 45 255.058 255.058 34.099 34.099 0.090
1 2 46 213.196 213.196 25.302 25.302 0.022
1 2 47 232.482 232.482 28.478 28.478 0.063
1 2 48 292.296 292.296 39.705 39.705 -0.000
1 2 49 223.820 223.820 25.702 25.702 -0.032
1 2 50 309.122 309.122 41.166 41.166 0.011
1 2 51 347.198 347.198 48.234 48.234 0.040
1 2 52 273.737 273.737 32.794 32.794 0.034
1 2 53 293.567 293.567 35.928 35.928 0.017
1 2 54 200.641 200.641 19.972 19.972 0.026
1 2 55 236.592 236.592 25.217 25.217 0.042
1 2 56 314.530 314.530 37.877 37.877 0.034
1 2 57 232.071 232.071 23.677 23.677 0.039
1 2 58 254.200 254.200 26.796 26.796 0.053
1 2 59 257.509 257.509 27.020 27.020 -0.015
1 2 60 274.191 274.191 29.036 29.036 0.037
1 2 61 247.750 247.750 24.611 24.611 0.028
1 2 62 258.930 258.930 26.339 26.339 0.017
1 3 1 190.026 190.026 17.680 17.680 0.045
1 3 2 219.108 219.108 21.075 21.075 0.012
1 3 3 218.953 218.953 21.690 21.690 -0.018
1 3 4 214.761 214.761 23.515 23.515 0.122
1 3 5 433.992 433.992 71.096 71.096 -0.299
2 1 1 95.011 95.011 69.282 69.282 0.059
2 1 2 101.373 101.373 54.568 54.568 0.093
2 1 3 66.336 66.336 20.358 20.358 0.173
2 1 4 102.081 102.081 32.871 32.871 0.045
2 1 5 84.323 84.323 19.589 19.589 0.145
2 1 6 151.704 151.704 1323.614 1323.614 0.000
2 1 7 114.741 114.741 24.842 24.842 0.126
2 1 8 119.511 119.511 23.969 23.969 0.124
2 1 9 121.198 121.198 21.376 21.376 0.120
2 1 10 167.617 167.617 1642.694 1642.694 0.000
2 1 11 135.576 135.576 21.222 21.222 0.180
2 1 12 89.756 89.756 10.580 10.580 0.043
2 1 13 130.153 130.153 17.201 17.201 0.107
2 1 14 127.951 127.951 15.399 15.399 -0.006
2 1 15 121.991 121.991 13.600 13.600 0.003
2 1 16 136.818 136.818 14.963 14.963 0.006
2 1 17 136.976 136.976 14.294 14.294 -0.015
2 1 18 180.527 180.527 20.520 20.520 0.108
2 1 19 357.361 357.361 248.471 248.471 1.909
2 1 20 160.440 160.440 15.509 15.509 -0.114
2 1 21 168.068 168.068 15.781 15.781 0.033
2 1 22 172.172 172.172 15.683 15.683 0.064
2 1 23 162.993 162.993 13.763 13.763 0.084
2 2 1 133.384 133.384 232.579 232.579 -0.034
2 2 2 163.079 163.079 199.870 199.870 0.027
2 2 3 154.054 154.054 158.924 158.924 0.007
2 2 4 106.814 106.814 71.456 71.456 0.043
2 2 5 129.306 129.306 84.603 84.603 0.014
2 2 6 151.866 151.866 96.685 96.685 0.037
2 2 7 133.841 133.841 66.325 66.325 0.048
2 2 8 115.408 115.408 48.547 48.547 0.099
2 2 9 129.216 129.216 53.495 53.495 0.105
2 2 10 188.719 188.719 85.172 85.172 0.038
2 2 11 191.787 191.787 82.220 82.220 0.082
2 2 12 187.612 187.612 74.862 74.862 0.026
2 2 13 164.393 164.393 54.875 54.875 0.058
2 2 14 128.225 128.225 35.916 35.916 0.111
2 2 15 136.338 136.338 37.565 37.565 0.096
2 2 16 160.673 160.673 44.591 44.591 0.088
2 2 17 170.430 170.430 47.000 47.000 0.055
2 2 18 119.350 119.350 25.355 25.355 0.088
2 2 19 123.098 123.098 25.633 25.633 0.091
2 2 20 161.974 161.974 37.256 37.256 0.072
2 2 21 126.085 126.085 23.928 23.928 0.089
2 2 22 175.725 175.725 38.363 38.363 0.095
2 2 23 159.140 159.140 32.118 32.118 0.080
2 2 24 132.447 132.447 22.976 22.976 0.097
2 2 25 157.844 157.844 29.072 29.072 0.051
2 2 26 163.118 163.118 29.660 29.660 0.074
2 2 27 199.340 199.340 37.916 37.916 0.070
2 2 28 175.497 175.497 30.548 30.548 0.045
2 2 29 156.323 156.323 24.657 24.657 0.072
2 2 30 153.929 153.929 23.489 23.489 0.054
2 2 31 124.593 124.593 16.695 16.695 0.081
2 2 32 249.752 249.752 45.249 45.249 0.047
2 2 33 219.463 219.463 36.478 36.478 0.021
2 2 34 267.990 267.990 48.147 48.147 0.032
2 2 35 250.991 250.991 42.156 42.156 0.034
2 2 36 220.365 220.365 34.003 34.003 0.020
2 2 37 233.227 233.227 36.260 36.260 0.013
2 2 38 295.442 295.442 49.709 49.709 0.016
2 2 39 195.680 195.680 26.287 26.287 -0.022
2 2 40 207.947 207.947 28.274 28.274 -0.055
2 2 41 245.732 245.732 35.216 35.216 0.039
2 2 42 218.989 218.989 29.119 29.119 0.007
2 2 43 198.796 198.796 24.322 24.322 -0.013
2 2 44 259.145 259.145 35.574 35.574 -0.044
2 2 45 218.633 218.633 27.133 27.133 -0.029
2 2 46 236.573 236.573 29.587 29.587 -0.009
2 2 47 246.267 246.267 31.106 31.106 -0.019
2 2 48 260.018 260.018 33.197 33.197 -0.001
2 2 49 250.871 250.871 30.514 30.514 0.008
2 2 50 273.520 273.520 34.220 34.220 -0.017
2 2 51 324.549 324.549 43.642 43.642 0.008
2 2 52 299.184 299.184 37.477 37.477 0.031
2 2 53 293.955 293.955 35.997 35.997 -0.003
2 2 54 281.397 281.397 33.164 33.164 0.027
2 2 55 231.715 231.715 24.263 24.263 0.068
2 2 56 316.039 316.039 38.162 38.162 0.037
2 2 57 274.994 274.994 30.542 30.542 0.066
2 2 58 205.779 205.779 19.537 19.537 0.047
2 2 59 213.002 213.002 20.658 20.658 0.078
2 2 60 245.518 245.518 24.889 24.889 0.078
2 2 61 271.338 271.338 28.406 28.406 0.041
2 2 62 281.521 281.521 29.155 29.155 0.024
2 3 1 185.096 185.096 17.002 17.002 0.031
2 3 2 238.970 238.970 23.810 23.810 -0.062
2 3 3 202.540 202.540 18.114 18.114 -0.119
2 3 4 194.079 194.079 17.520 17.520 -0.061
2 3 5 197.893 197.893 19.000 19.000 -0.180
3 1 1 120.060 120.060 99.356 99.356 0.037
3 1 2 130.735 130.735 79.729 79.729 -0.090
3 1 3 83.718 83.718 28.757 28.757 -0.173
3 1 4 113.396 113.396 38.450 38.450 -0.048
3 1 5 80.489 80.489 18.004 18.004 -0.256
3 1 6 76.932 76.932 15.812 15.812 -0.140
3 1 7 113.729 113.729 24.440 24.440 -0.154
3 1 8 138.492 138.492 29.435 29.435 -0.210
3 1 9 125.486 125.486 22.540 22.540 0.113
3 1 10 124.017 124.017 20.509 20.509 0.077
3 1 11 92.225 92.225 11.929 11.929 -0.058
3 1 12 122.526 122.526 16.878 16.878 0.022
3 1 13 128.486 128.486 16.897 16.897 -0.026
3 1 14 138.695 138.695 17.364 17.364 -0.046
3 1 15 161.309 161.309 20.668 20.668 -0.017
3 1 16 155.669 155.669 18.145 18.145 0.045
3 1 17 144.848 144.848 15.549 15.549 0.032
3 1 18 194.255 194.255 22.883 22.883 0.108
3 1 19 171.520 171.520 17.942 17.942 0.082
3 1 20 159.889 159.889 15.372 15.372 0.195
3 1 21 171.179 171.179 16.000 16.000 0.342
3 1 22 177.790 177.790 16.331 16.331 0.278
3 1 23 172.447 172.447 14.921 14.921 0.197
3 2 1 97.676 97.676 148.579 148.579 -0.015
3 2 2 143.594 143.594 169.303 169.303 -0.046
3 2 3 145.767 145.767 142.994 142.994 -0.031
3 2 4 182.460 182.460 156.896 156.896 -0.074
3 2 5 152.949 152.949 105.633 105.633 -0.078
3 2 6 123.819 123.819 69.052 69.052 -0.122
3 2 7 177.678 177.678 99.979 99.979 -0.081
3 2 8 178.196 178.196 92.930 92.930 -0.080
3 2 9 120.173 120.173 47.744 47.744 -0.119
3 2 10 165.821 165.821 68.805 68.805 -0.105
3 2 11 188.933 188.933 79.446 79.446 -0.080
3 2 12 201.903 201.903 83.203 83.203 -0.048
3 2 13 151.898 151.898 48.599 48.599 -0.086
3 2 14 159.209 159.209 49.409 49.409 -0.108
3 2 15 189.284 189.284 61.322 61.322 -0.075
3 2 16 129.440 129.440 32.260 32.260 -0.107
3 2 17 181.599 181.599 51.260 51.260 -0.090
3 2 18 146.129 146.129 34.428 34.428 -0.077
3 2 19 201.791 201.791 53.615 53.615 -0.071
3 2 20 181.142 181.142 44.004 44.004 -0.090
3 2 21 129.246 129.246 24.724 24.724 -0.134
3 2 22 172.624 172.624 37.459 37.459 -0.065
3 2 23 153.389 153.389 30.451 30.451 -0.050
3 2 24 164.650 164.650 31.859 31.859 -0.084
3 2 25 164.247 164.247 30.829 30.829 -0.049
3 2 26 177.894 177.894 33.820 33.820 -0.018
3 2 27 169.468 169.468 29.772 29.772 -0.067
3 2 28 153.663 153.663 25.035 25.035 -0.046
3 2 29 136.694 136.694 20.145 20.145 -0.054
3 2 30 167.082 167.082 26.585 26.585 -0.020
3 2 31 160.579 160.579 24.446 24.446 -0.036
3 2 32 263.678 263.678 49.069 49.069 -0.036
3 2 33 194.562 194.562 30.460 30.460 -0.010
3 2 34 245.658 245.658 42.298 42.298 -0.015
3 2 35 208.963 208.963 32.010 32.010 -0.028
3 2 36 229.477 229.477 36.152 36.152 -0.013
3 2 37 228.646 228.646 35.205 35.205 -0.005
3 2 38 289.339 289.339 48.160 48.160 -0.021
3 2 39 241.024 241.024 35.953 35.953 -0.007
3 2 40 290.377 290.377 46.631 46.631 -0.034
3 2 41 213.053 213.053 28.409 28.409 0.057
3 2 42 215.608 215.608 28.458 28.458 0.006
3 2 43 242.825 242.825 32.848 32.848 0.005
3 2 44 256.206 256.206 35.016 35.016 0.016
3 2 45 230.685 230.685 29.417 29.417 0.015
3 2 46 196.327 196.327 22.375 22.375 0.050
3 2 47 276.562 276.562 36.988 36.988 0.029
3 2 48 211.341 211.341 24.325 24.325 0.054
3 2 49 189.814 189.814 20.079 20.079 0.051
3 2 50 182.994 182.994 18.693 18.693 0.109
3 2 51 198.735 198.735 21.019 21.019 0.060
3 2 52 334.216 334.216 44.182 44.182 0.061
3 2 53 203.141 203.141 20.644 20.644 0.102
3 2 54 255.156 255.156 28.797 28.797 0.091
3 2 55 255.936 255.936 28.878 28.878 0.126
3 2 56 348.725 348.725 44.053 44.053 0.125
3 2 57 367.363 367.363 6960.883 6960.883 0.000
3 2 58 212.980 212.980 20.539 20.539 0.095
3 2 59 230.841 230.841 22.744 22.744 0.030
3 2 60 266.604 266.604 27.853 27.853 0.025
3 2 61 233.556 233.556 23.287 23.287 -0.016
3 2 62 267.863 267.863 27.506 27.506 0.052
3 3 1 270.060 270.060 30.381 30.381 0.257
3 3 2 241.128 241.128 24.123 24.123 0.145
3 3 3 217.819 217.819 20.221 20.221 0.192
3 3 4 207.080 207.080 18.980 18.980 0.278
3 3 5 255.581 255.581 50.357 50.357 0.678
4 1 1 95.073 95.073 69.401 69.401 -0.032
4 1 2 111.208 111.208 61.484 61.484 -0.170
4 1 3 113.744 113.744 45.865 45.865 -0.097
4 1 4 105.174 105.174 34.151 34.151 -0.087
4 1 5 73.568 73.568 16.105 16.105 0.002
4 1 6 85.475 85.475 18.686 18.686 -0.021
4 1 7 132.448 132.448 30.689 30.689 -0.170
4 1 8 119.781 119.781 24.188 24.188 0.012
4 1 9 142.283 142.283 27.216 27.216 -0.084
4 1 10 136.964 136.964 23.568 23.568 -0.200
4 1 11 91.797 91.797 11.798 11.798 -0.164
4 1 12 167.861 167.861 27.086 27.086 -0.054
4 1 13 148.446 148.446 20.872 20.872 -0.160
4 1 14 127.149 127.149 15.246 15.246 -0.063
4 1 15 126.143 126.143 14.216 14.216 -0.211
4 1 16 154.398 154.398 17.111 17.111 -0.594
4 1 17 164.394 164.394 18.781 18.781 -0.036
4 1 18 199.444 199.444 2388.709 2388.709 0.000
4 1 19 174.803 174.803 18.403 18.403 -0.167
4 1 20 133.088 133.088 11.723 11.723 -0.047
4 1 21 155.239 155.239 13.994 13.994 -0.035
4 1 22 188.194 188.194 17.914 17.914 -0.094
4 1 23 195.493 195.493 18.198 18.198 0.002
4 2 1 155.504 155.504 294.162 294.162 -0.028
4 2 2 110.954 110.954 113.436 113.436 -0.013
4 2 3 155.145 155.145 152.842 152.842 -0.061
4 2 4 107.573 107.573 71.703 71.703 -0.058
4 2 5 133.611 133.611 86.622 86.622 -0.085
4 2 6 145.998 145.998 90.214 90.214 -0.054
4 2 7 164.723 164.723 90.558 90.558 -0.054
4 2 8 115.737 115.737 49.440 49.440 -0.066
4 2 9 132.223 132.223 56.049 56.049 -0.016
4 2 10 171.465 171.465 73.059 73.059 -0.067
4 2 11 154.519 154.519 59.744 59.744 -0.048
4 2 12 188.876 188.876 75.406 75.406 -0.045
4 2 13 177.549 177.549 61.887 61.887 -0.052
4 2 14 146.413 146.413 44.035 44.035 -0.043
4 2 15 169.123 169.123 52.245 52.245 -0.015
4 2 16 148.627 148.627 39.878 39.878 -0.059
4 2 17 166.103 166.103 45.179 45.179 -0.040
4 2 18 150.628 150.628 36.054 36.054 -0.020
4 2 19 196.738 196.738 51.753 51.753 -0.040
4 2 20 158.839 158.839 36.331 36.331 -0.017
4 2 21 133.058 133.058 25.984 25.984 -0.009
4 2 22 177.557 177.557 39.165 39.165 -0.039
4 2 23 200.052 200.052 45.357 45.357 -0.035
4 2 24 184.049 184.049 37.688 37.688 -0.030
4 2 25 166.612 166.612 31.535 31.535 -0.018
4 2 26 180.397 180.397 34.530 34.530 -0.035
4 2 27 189.602 189.602 35.231 35.231 -0.019
4 2 28 195.847 195.847 36.060 36.060 -0.048
4 2 29 152.980 152.980 23.817 23.817 -0.070
4 2 30 154.185 154.185 23.587 23.587 -0.022
4 2 31 147.391 147.391 21.502 21.502 -0.024
4 2 32 323.814 323.814 66.927 66.927 -0.012
4 2 33 192.299 192.299 29.888 29.888 -0.058
4 2 34 259.198 259.198 45.812 45.812 -0.064
4 2 35 294.693 294.693 53.616 53.616 -0.003
4 2 36 248.180 248.180 40.591 40.591 -0.031
4 2 37 307.976 307.976 54.998 54.998 -0.024
4 2 38 308.284 308.284 52.925 52.925 -0.034
4 2 39 264.707 264.707 41.382 41.382 -0.021
4 2 40 272.108 272.108 42.306 42.306 -0.027
4 2 41 272.239 272.239 41.077 41.077 -0.027
4 2 42 289.018 289.018 44.088 44.088 -0.052
4 2 43 239.185 239.185 32.131 32.131 -0.035
4 2 44 276.094 276.094 39.148 39.148 0.003
4 2 45 270.627 270.627 37.398 37.398 0.000
4 2 46 234.900 234.900 29.256 29.256 0.016
4 2 47 243.979 243.979 30.665 30.665 0.036
4 2 48 303.849 303.849 42.009 42.009 0.006
4 2 49 181.822 181.822 18.831 18.831 0.026
4 2 50 262.178 262.178 32.112 32.112 0.000
4 2 51 310.827 310.827 40.885 40.885 -0.012
4 2 52 267.973 267.973 31.775 31.775 0.009
4 2 53 280.778 280.778 33.643 33.643 0.015
4 2 54 253.385 253.385 28.371 28.371 0.009
4 2 55 227.361 227.361 24.106 24.106 -0.033
4 2 56 320.978 320.978 39.074 39.074 -0.049
4 2 57 198.865 198.865 18.931 18.931 -0.085
4 2 58 227.135 227.135 22.964 22.964 -0.007
4 2 59 213.034 213.034 20.966 20.966 -0.003
4 2 60 213.684 213.684 21.705 21.705 -0.012
4 2 61 240.366 240.366 23.808 23.808 -0.048
4 2 62 307.107 307.107 34.180 34.180 -0.054
4 3 1 192.747 192.747 18.064 18.064 0.015
4 3 2 222.887 222.887 21.553 21.553 0.089
4 3 3 262.997 262.997 28.497 28.497 0.080
4 3 4 233.383 233.383 27.680 27.680 0.187
4 3 5 231.936 231.936 3300.752 3300.752 0.000
5 1 1 112.330 112.330 90.276 90.276 -0.010
5 1 2 129.418 129.418 79.965 79.965 0.053
5 1 3 161.615 161.615 75.116 75.116 0.135
5 1 4 135.519 135.519 49.816 49.816 0.121
5 1 5 92.351 92.351 22.649 22.649 0.082
5 1 6 101.136 101.136 23.938 23.938 -0.062
5 1 7 97.705 97.705 19.626 19.626 0.038
5 1 8 105.135 105.135 19.892 19.892 0.033
5 1 9 133.104 133.104 24.625 24.625 0.084
5 1 10 141.821 141.821 25.092 25.092 -0.034
5 1 11 141.894 141.894 22.715 22.715 -0.093
5 1 12 153.876 153.876 23.795 23.795 -0.004
5 1 13 170.941 170.941 25.929 25.929 -0.019
5 1 14 132.033 132.033 16.145 16.145 -0.052
5 1 15 180.795 180.795 24.506 24.506 0.037
5 1 16 166.223 166.223 19.945 19.945 -0.142
5 1 17 161.534 161.534 18.294 18.294 -0.043
5 1 18 192.509 192.509 22.555 22.555 -0.145
5 1 19 194.834 194.834 21.735 21.735 -0.011
5 1 20 179.615 179.615 18.365 18.365 -0.041
5 1 21 184.965 184.965 18.194 18.194 -0.100
5 1 22 174.166 174.166 15.969 15.969 -0.001
5 1 23 167.181 167.181 14.389 14.389 0.042
5 2 1 500.000 500.000 4709.142 4709.142 0.013
5 2 2 121.489 121.489 130.007 130.007 -0.008
5 2 3 135.292 135.292 129.889 129.889 -0.016
5 2 4 127.768 127.768 93.942 93.942 0.031
5 2 5 107.288 107.288 63.770 63.770 0.032
5 2 6 121.436 121.436 69.113 69.113 0.032
5 2 7 136.287 136.287 67.789 67.789 0.074
5 2 8 147.059 147.059 70.974 70.974 0.050
5 2 9 133.551 133.551 56.788 56.788 0.043
5 2 10 176.866 176.866 77.150 77.150 0.030
5 2 11 203.069 203.069 89.765 89.765 0.010
5 2 12 223.238 223.238 97.292 97.292 0.005
5 2 13 182.882 182.882 64.657 64.657 0.019
5 2 14 164.538 164.538 52.577 52.577 0.003
5 2 15 162.170 162.170 49.058 49.058 0.019
5 2 16 158.787 158.787 44.021 44.021 0.058
5 2 17 155.390 155.390 41.037 41.037 -0.007
5 2 18 136.154 136.154 31.045 31.045 0.007
5 2 19 164.721 164.721 39.726 39.726 -0.029
5 2 20 180.393 180.393 43.903 43.903 0.032
5 2 21 121.644 121.644 22.731 22.731 0.035
5 2 22 148.398 148.398 30.014 30.014 0.018
5 2 23 185.559 185.559 40.580 40.580 0.007
5 2 24 147.229 147.229 26.974 26.974 0.004
5 2 25 165.129 165.129 31.152 31.152 0.006
5 2 26 161.685 161.685 29.323 29.323 -0.001
5 2 27 201.597 201.597 38.689 38.689 0.007
5 2 28 156.843 156.843 25.829 25.829 -0.034
5 2 29 136.565 136.565 20.121 20.121 0.005
5 2 30 216.860 216.860 39.392 39.392 -0.041
5 2 31 157.345 157.345 27.402 27.402 0.000
5 2 32 285.930 285.930 55.424 55.424 -0.050
5 2 33 220.301 220.301 36.728 36.728 -0.010
5 2 34 270.280 270.280 48.802 48.802 -0.023
5 2 35 258.777 258.777 44.095 44.095 -0.035
5 2 36 260.701 260.701 43.730 43.730 -0.007
5 2 37 263.361 263.361 43.564 43.564 -0.011
5 2 38 349.810 349.810 64.304 64.304 -0.033
5 2 39 191.104 191.104 25.375 25.375 -0.006
5 2 40 255.715 255.715 38.565 38.565 -0.047
5 2 41 251.225 251.225 36.420 36.420 -0.002
5 2 42 239.171 239.171 33.216 33.216 -0.042
5 2 43 231.608 231.608 30.545 30.545 -0.072
5 2 44 289.853 289.853 42.156 42.156 -0.057
5 2 45 248.970 248.970 32.964 32.964 -0.031
5 2 46 227.981 227.981 27.991 27.991 -0.053
5 2 47 238.741 238.741 29.663 29.663 -0.030
5 2 48 277.780 277.780 36.678 36.678 -0.054
5 2 49 216.622 216.622 24.498 24.498 -0.037
5 2 50 284.729 284.729 36.387 36.387 -0.026
5 2 51 308.890 308.890 40.414 40.414 -0.055
5 2 52 310.849 310.849 39.692 39.692 -0.043
5 2 53 268.017 268.017 31.335 31.335 -0.031
5 2 54 247.767 247.767 27.392 27.392 -0.038
5 2 55 254.346 254.346 28.115 28.115 0.011
5 2 56 204.472 204.472 20.279 20.279 -0.021
5 2 57 190.549 190.549 17.936 17.936 -0.049
5 2 58 225.046 225.046 22.604 22.604 -0.047
5 2 59 189.518 189.518 17.355 17.355 -0.061
5 2 60 263.059 263.059 27.975 27.975 0.015
5 2 61 223.659 223.659 21.367 21.367 -0.061
5 2 62 260.723 260.723 27.050 27.050 -0.013
5 3 1 196.066 196.066 18.621 18.621 -0.073
5 3 2 219.851 219.851 20.964 20.964 -0.132
5 3 3 237.599 237.599 23.103 23.103 -0.173
5 3 4 248.175 248.175 22.852 22.852 -0.703
5 3 5 220.722 220.722 22.956 22.956 -0.160
6 1 1 87.374 87.374 61.386 61.386 -0.019
6 1 2 120.536 120.536 69.987 69.987 -0.109
6 1 3 138.796 138.796 61.322 61.322 0.095
6 1 4 116.460 116.460 39.060 39.060 0.184
6 1 5 113.296 113.296 30.225 30.225 0.188
6 1 6 90.597 90.597 19.953 19.953 0.264
6 1 7 110.786 110.786 23.518 23.518 0.157
6 1 8 151.386 151.386 34.224 34.224 0.040
6 1 9 122.021 122.021 21.672 21.672 -0.004
6 1 10 126.703 126.703 20.960 20.960 0.227
6 1 11 128.593 128.593 19.655 19.655 -0.004
6 1 12 138.595 138.595 20.287 20.287 0.074
6 1 13 137.198 137.198 18.620 18.620 0.077
6 1 14 148.174 148.174 18.888 18.888 0.299
6 1 15 152.636 152.636 18.948 18.948 0.169
6 1 16 160.521 160.521 18.823 18.823 0.228
6 1 17 155.287 155.287 17.246 17.246 0.034
6 1 18 198.361 198.361 23.618 23.618 0.094
6 1 19 178.400 178.400 18.986 18.986 0.116
6 1 20 184.875 184.875 19.082 19.082 0.190
6 1 21 211.379 211.379 2705.928 2705.928 0.000
6 1 22 156.757 156.757 13.448 13.448 0.373
6 1 23 172.180 172.180 14.880 14.880 0.244
6 2 1 196.281 196.281 416.363 416.363 0.007
6 2 2 110.629 110.629 113.008 113.008 -0.008
6 2 3 146.071 146.071 144.447 144.447 0.008
6 2 4 187.768 187.768 169.659 169.659 0.079
6 2 5 113.233 113.233 69.092 69.092 0.034
6 2 6 137.729 137.729 83.268 83.268 0.045
6 2 7 181.696 181.696 104.784 104.784 0.037
6 2 8 133.771 133.771 61.432 61.432 0.016
6 2 9 156.225 156.225 72.016 72.016 0.013
6 2 10 180.948 180.948 79.990 79.990 0.023
6 2 11 163.964 163.964 64.952 64.952 0.018
6 2 12 208.849 208.849 88.042 88.042 0.030
6 2 13 174.680 174.680 60.440 60.440 0.032
6 2 14 130.940 130.940 37.175 37.175 0.068
6 2 15 168.362 168.362 51.746 51.746 0.051
6 2 16 151.428 151.428 41.002 41.002 0.045
6 2 17 149.412 149.412 38.577 38.577 0.029
6 2 18 130.072 130.072 28.945 28.945 0.054
6 2 19 153.553 153.553 35.596 35.596 0.090
6 2 20 158.949 158.949 36.396 36.396 0.043
6 2 21 134.175 134.175 26.281 26.281 0.045
6 2 22 168.455 168.455 36.199 36.199 0.027
6 2 23 160.183 160.183 32.471 32.471 0.070
6 2 24 143.880 143.880 26.003 26.003 0.076
6 2 25 158.208 158.208 29.111 29.111 0.069
6 2 26 157.602 157.602 28.178 28.178 0.046
6 2 27 190.187 190.187 35.376 35.376 0.038
6 2 28 134.890 134.890 20.622 20.622 0.035
6 2 29 106.144 106.144 11.964 11.964 -0.047
6 2 30 173.452 173.452 28.080 28.080 0.051
6 2 31 117.635 117.635 15.330 15.330 0.035
6 2 32 296.837 296.837 58.611 58.611 0.029
6 2 33 201.412 201.412 32.070 32.070 0.028
6 2 34 263.497 263.497 46.956 46.956 0.041
6 2 35 231.811 231.811 37.413 37.413 0.013
6 2 36 247.221 247.221 40.374 40.374 -0.010
6 2 37 223.811 223.811 34.076 34.076 0.043
6 2 38 285.196 285.196 47.112 47.112 0.035
6 2 39 312.300 312.300 53.032 53.032 0.025
6 2 40 264.419 264.419 40.501 40.501 0.040
6 2 41 204.798 204.798 26.786 26.786 0.039
6 2 42 216.465 216.465 28.636 28.636 0.032
6 2 43 193.327 193.327 23.317 23.317 0.088
6 2 44 212.539 212.539 26.398 26.398 0.101
6 2 45 318.441 318.441 977.638 977.638 0.000
6 2 46 205.340 205.340 23.897 23.897 0.040
6 2 47 192.912 192.912 21.525 21.525 0.089
6 2 48 319.660 319.660 45.330 45.330 0.055
6 2 49 259.695 259.695 32.135 32.135 0.007
6 2 50 263.105 263.105 32.293 32.293 0.046
6 2 51 305.198 305.198 39.742 39.742 0.059
6 2 52 291.528 291.528 36.029 36.029 0.062
6 2 53 308.451 308.451 38.681 38.681 0.041
6 2 54 228.012 228.012 24.141 24.141 0.119
6 2 55 264.465 264.465 29.565 29.565 0.073
6 2 56 226.511 226.511 23.140 23.140 0.066
6 2 57 197.185 197.185 19.041 19.041 0.122
6 2 58 226.411 226.411 22.200 22.200 0.118
6 2 59 239.165 239.165 24.702 24.702 0.114
6 2 60 259.460 259.460 26.555 26.555 0.159
6 2 61 253.147 253.147 25.525 25.525 0.113
6 2 62 304.216 304.216 32.857 32.857 0.091
6 3 1 189.043 189.043 17.376 17.376 0.284
6 3 2 218.851 218.851 20.369 20.369 0.420
6 3 3 460.806 460.806 65.457 65.457 -0.002
6 3 4 215.320 215.320 20.737 20.737 0.191
6 3 5 261.648 261.648 28.820 28.820 0.263
