1 1 1 -0.664 0.080
1 1 2 1.018 0.099
1 1 3 0.147 0.091
1 1 4 -0.805 0.110
1 1 5 0.183 0.107
1 1 6 0.102 0.107
1 1 7 0.510 0.113
1 1 8 -0.788 0.118
1 1 9 -0.583 0.134
1 1 10 0.246 0.143
1 1 11 0.635 0.135
1 1 12 0.560 0.173
1 1 13 0.473 0.145
1 1 14 0.265 0.976
1 1 15 -0.634 0.672
1 1 16 -0.215 0.162
1 1 17 -0.408 0.200
1 1 18 -1.062 0.983
1 1 19 -0.348 0.202
1 1 20 -1.213 0.465
1 1 21 1.174 0.281
1 1 22 -0.447 0.633
1 1 23 0.741 0.546
1 2 1 -0.565 0.811
1 2 2 0.338 0.607
1 2 3 -0.128 0.163
1 2 4 -0.896 0.048
1 2 5 -0.999 0.079
1 2 6 -0.522 0.056
1 2 7 0.066 0.060
1 2 8 -0.524 0.058
1 2 9 0.215 0.057
1 2 10 -0.619 0.064
1 2 11 -0.440 0.055
1 2 12 -0.080 0.061
1 2 13 -0.839 0.076
1 2 14 0.603 0.061
1 2 15 -0.972 0.063
1 2 16 0.547 0.069
1 2 17 0.801 0.064
1 2 18 -0.649 0.069
1 2 19 0.468 0.064
1 2 20 -0.254 0.047
1 2 21 0.375 0.056
1 2 22 0.658 0.067
1 2 23 0.761 0.050
1 2 24 -0.947 0.051
1 2 25 0.999 0.052
1 2 26 -0.548 0.053
1 2 27 -0.429 0.053
1 2 28 -0.098 0.054
1 2 29 -0.183 0.055
1 2 30 0.284 0.056
1 2 31 -0.432 0.057
1 2 32 -0.459 0.058
1 2 33 0.046 0.059
1 2 34 -0.302 0.060
1 2 35 -0.149 0.061
1 2 36 -0.826 0.062
1 2 37 -0.184 0.062
1 2 38 -0.096 0.443
1 2 39 -0.305 0.406
1 2 40 0.205 0.065
1 2 41 -0.224 0.066
1 2 42 -0.859 0.067
1 2 43 0.904 0.317
1 2 44 0.268 0.456
1 2 45 0.581 0.557
1 2 46 -0.080 0.071
1 2 47 -150.834 0.119
1 2 48 0.840 0.072
1 2 49 -0.121 0.389
1 2 50 -0.376 0.959
1 2 51 0.549 0.391
1 2 52 0.106 0.457
1 2 53 -0.953 0.077
1 2 54 -1.366 0.993
1 2 55 -0.463 0.079
1 2 56 0.868 0.982
1 2 57 -0.730 0.874
1 2 58 -0.736 0.999
1 2 59 -1.103 0.536
1 2 60 0.356 0.083
1 2 61 0.170 0.443
1 2 62 0.248 0.995
1 3 1 0.042 0.449
1 3 2 0.436 0.388
1 3 3 -0.042 0.160
1 3 4 -0.226 0.165
1 3 5 0.000 0.100
2 1 1 0.865 0.080
2 1 2 1.008 0.101
2 1 3 -0.950 0.100
2 1 4 0.187 0.101
2 1 5 0.770 0.102
2 1 6 0.000 0.100
2 1 7 -0.482 0.113
2 1 8 0.324 0.118
2 1 9 0.339 0.124
2 1 10 0.000 0.100
2 1 11 -0.534 0.148
2 1 12 0.165 0.205
2 1 13 0.359 0.179
2 1 14 -0.411 0.272
2 1 15 0.210 0.173
2 1 16 0.890 0.638
2 1 17 -0.341 0.430
2 1 18 1.353 0.435
2 1 19 -0.050 0.997
2 1 20 0.132 0.658
2 1 21 0.663 1.000
2 1 22 0.639 0.549
2 1 23 -0.678 0.892
2 2 1 0.342 0.996
2 2 2 -0.252 0.031
2 2 3 -0.276 0.032
2 2 4 -0.262 0.033
2 2 5 -0.469 0.062
2 2 6 -0.801 0.048
2 2 7 -0.316 0.039
2 2 8 0.391 0.054
2 2 9 0.681 0.062
2 2 10 -0.698 0.061
2 2 11 -0.342 0.055
2 2 12 0.426 0.063
2 2 13 0.082 0.069
2 2 14 -0.553 0.069
2 2 15 0.318 0.074
2 2 16 -0.947 0.044
2 2 17 -0.205 0.063
2 2 18 -0.053 0.053
2 2 19 -0.242 0.046
2 2 20 -0.494 0.047
2 2 21 0.019 0.048
2 2 22 0.281 0.049
2 2 23 0.581 0.050
2 2 24 -0.904 0.051
2 2 25 -0.759 0.052
2 2 26 0.780 0.053
2 2 27 0.469 0.053
2 2 28 -0.706 0.054
2 2 29 -0.936 0.055
2 2 30 0.939 0.056
2 2 31 0.855 0.057
2 2 32 0.487 0.058
2 2 33 -0.842 0.059
2 2 34 -0.897 0.060
2 2 35 -0.480 0.061
2 2 36 0.009 0.062
2 2 37 -1.059 0.062
2 2 38 1.050 0.063
2 2 39 -0.490 0.064
2 2 40 -1.017 0.332
2 2 41 0.123 0.066
2 2 42 0.587 0.067
2 2 43 0.368 0.068
2 2 44 0.022 0.069
2 2 45 0.766 0.470
2 2 46 -0.317 0.710
2 2 47 -0.161 0.071
2 2 48 -0.434 0.072
2 2 49 -0.240 0.694
2 2 50 -0.767 0.975
2 2 51 -0.050 0.961
2 2 52 1.543 0.744
2 2 53 -1.755 0.997
2 2 54 0.846 0.275
2 2 55 0.593 0.346
2 2 56 -0.450 0.415
2 2 57 0.272 0.979
2 2 58 1.075 0.478
2 2 59 -0.017 0.893
2 2 60 -0.407 0.083
2 2 61 0.136 0.993
2 2 62 -0.174 0.749
2 3 1 -0.653 0.389
2 3 2 -0.934 1.000
2 3 3 -0.728 0.340
2 3 4 -0.312 1.000
2 3 5 0.000 0.100
3 1 1 0.507 0.080
3 1 2 -0.063 0.085
3 1 3 -0.355 0.091
3 1 4 0.418 0.096
3 1 5 0.601 0.102
3 1 6 0.891 0.107
3 1 7 0.332 0.113
3 1 8 0.191 0.118
3 1 9 -0.637 0.124
3 1 10 0.527 0.129
3 1 11 0.424 0.135
3 1 12 -0.939 0.171
3 1 13 0.039 0.146
3 1 14 0.365 0.170
3 1 15 1.332 0.499
3 1 16 -0.015 0.266
3 1 17 -0.307 0.456
3 1 18 0.319 0.689
3 1 19 -1.021 0.183
3 1 20 1.280 0.418
3 1 21 0.599 0.189
3 1 22 0.727 0.998
3 1 23 0.324 0.789
3 2 1 0.291 0.048
3 2 2 0.739 0.031
3 2 3 1.712 0.952
3 2 4 -0.632 0.033
3 2 5 0.658 0.058
3 2 6 -0.590 0.035
3 2 7 -0.808 0.048
3 2 8 0.904 0.063
3 2 9 -0.451 0.056
3 2 10 0.758 0.066
3 2 11 -0.733 0.047
3 2 12 -0.063 0.060
3 2 13 -0.595 0.076
3 2 14 -0.449 0.066
3 2 15 0.535 0.082
3 2 16 -0.411 0.067
3 2 17 -0.841 0.066
3 2 18 0.372 0.052
3 2 19 -0.953 0.050
3 2 20 -0.954 0.047
3 2 21 -0.820 0.059
3 2 22 -0.889 0.049
3 2 23 -0.687 0.050
3 2 24 -0.714 0.072
3 2 25 0.427 0.052
3 2 26 -0.515 0.053
3 2 27 -0.643 0.053
3 2 28 0.086 0.054
3 2 29 -0.048 0.055
3 2 30 -0.035 0.100
3 2 31 0.899 0.057
3 2 32 0.074 0.058
3 2 33 0.409 0.059
3 2 34 -0.853 0.060
3 2 35 -0.619 0.061
3 2 36 0.095 0.062
3 2 37 -0.421 0.079
3 2 38 0.976 0.063
3 2 39 0.456 0.064
3 2 40 -0.441 0.379
3 2 41 -0.187 0.066
3 2 42 0.471 0.067
3 2 43 0.620 0.068
3 2 44 0.155 0.311
3 2 45 0.765 0.097
3 2 46 0.060 0.452
3 2 47 0.310 0.690
3 2 48 -0.300 0.072
3 2 49 0.072 0.073
3 2 50 0.301 0.425
3 2 51 -0.154 0.075
3 2 52 -1.083 0.995
3 2 53 0.588 0.077
3 2 54 0.733 0.318
3 2 55 0.306 0.981
3 2 56 0.619 0.995
3 2 57 0.894 0.841
3 2 58 -0.975 1.000
3 2 59 -0.967 1.000
3 2 60 0.961 0.865
3 2 61 -1.448 0.446
3 2 62 1.143 0.800
3 3 1 0.337 0.497
3 3 2 -0.755 0.292
3 3 3 0.204 0.434
3 3 4 0.204 0.448
3 3 5 0.000 0.100
4 1 1 -0.034 0.080
4 1 2 0.866 0.085
4 1 3 0.114 0.520
4 1 4 -0.842 0.354
4 1 5 0.892 0.450
4 1 6 0.051 0.107
4 1 7 0.146 0.113
4 1 8 0.397 0.118
4 1 9 -0.386 0.124
4 1 10 -0.795 0.165
4 1 11 -0.472 0.135
4 1 12 0.293 0.140
4 1 13 -0.355 0.145
4 1 14 -0.619 0.954
4 1 15 0.336 0.156
4 1 16 0.428 0.632
4 1 17 -0.229 0.172
4 1 18 0.353 0.564
4 1 19 0.280 0.192
4 1 20 0.230 0.184
4 1 21 -0.188 0.214
4 1 22 0.400 0.485
4 1 23 -0.209 1.000
4 2 1 0.315 0.030
4 2 2 -0.726 0.031
4 2 3 0.545 0.032
4 2 4 -0.134 0.064
4 2 5 -0.722 0.079
4 2 6 -0.539 0.079
4 2 7 0.318 0.065
4 2 8 -0.705 0.093
4 2 9 0.876 0.081
4 2 10 0.302 0.060
4 2 11 -0.001 0.095
4 2 12 0.695 0.110
4 2 13 0.710 0.060
4 2 14 -0.048 0.055
4 2 15 -0.756 0.107
4 2 16 0.943 0.053
4 2 17 0.696 0.082
4 2 18 0.764 0.088
4 2 19 0.308 0.083
4 2 20 -0.194 0.078
4 2 21 0.803 0.073
4 2 22 0.855 0.076
4 2 23 -0.552 0.057
4 2 24 0.504 0.072
4 2 25 0.422 0.084
4 2 26 -0.495 0.053
4 2 27 -0.730 0.054
4 2 28 -0.457 0.054
4 2 29 0.999 0.055
4 2 30 0.361 0.056
4 2 31 0.012 0.057
4 2 32 -0.274 0.058
4 2 33 -0.235 0.059
4 2 34 0.077 0.060
4 2 35 0.156 0.061
4 2 36 -0.773 0.062
4 2 37 0.225 0.062
4 2 38 0.032 0.063
4 2 39 0.761 0.064
4 2 40 0.934 0.065
4 2 41 -0.948 0.066
4 2 42 -0.154 0.067
4 2 43 -0.572 0.068
4 2 44 -0.741 0.246
4 2 45 0.431 0.070
4 2 46 -0.151 0.685
4 2 47 1.136 0.093
4 2 48 -0.927 0.072
4 2 49 1.414 0.989
4 2 50 0.032 0.074
4 2 51 0.964 0.075
4 2 52 0.672 1.000
4 2 53 -0.271 0.925
4 2 54 -1.936 0.988
4 2 55 0.466 0.079
4 2 56 -0.857 0.382
4 2 57 -0.439 0.207
4 2 58 -0.580 1.000
4 2 59 -1.101 0.504
4 2 60 -0.861 0.976
4 2 61 -0.102 1.000
4 2 62 -0.524 0.991
4 3 1 0.652 1.000
4 3 2 -0.975 0.964
4 3 3 -0.750 0.373
4 3 4 -1.092 1.000
4 3 5 0.000 0.100
5 1 1 0.388 0.080
5 1 2 -0.798 0.093
5 1 3 -0.018 0.091
5 1 4 -0.605 0.096
5 1 5 -0.389 0.139
5 1 6 0.294 0.114
5 1 7 -0.517 0.113
5 1 8 -0.479 0.118
5 1 9 -0.425 0.124
5 1 10 -0.480 0.129
5 1 11 0.374 0.135
5 1 12 0.740 0.416
5 1 13 -0.367 0.145
5 1 14 0.694 0.474
5 1 15 -0.650 0.156
5 1 16 -0.586 0.699
5 1 17 -0.646 0.592
5 1 18 -0.223 0.331
5 1 19 -1.115 0.449
5 1 20 0.359 0.990
5 1 21 0.208 0.550
5 1 22 -0.977 0.227
5 1 23 -0.675 0.703
5 2 1 -0.053 0.030
5 2 2 -0.088 0.031
5 2 3 -0.706 0.032
5 2 4 0.872 0.033
5 2 5 0.476 0.061
5 2 6 0.870 0.077
5 2 7 -0.920 0.071
5 2 8 -0.726 0.066
5 2 9 -0.083 0.071
5 2 10 -0.357 0.073
5 2 11 -0.607 0.089
5 2 12 -0.047 0.069
5 2 13 -0.632 0.092
5 2 14 0.091 0.086
5 2 15 0.491 0.069
5 2 16 0.631 0.054
5 2 17 -0.593 0.074
5 2 18 -0.818 0.067
5 2 19 -0.395 0.046
5 2 20 -0.916 0.057
5 2 21 -0.202 0.049
5 2 22 -0.722 0.049
5 2 23 0.269 0.079
5 2 24 -0.865 0.064
5 2 25 -0.533 0.052
5 2 26 0.322 0.060
5 2 27 0.361 0.053
5 2 28 0.442 0.065
5 2 29 0.800 0.055
5 2 30 0.871 0.056
5 2 31 -0.982 0.057
5 2 32 0.036 0.058
5 2 33 -0.338 0.059
5 2 34 0.264 0.060
5 2 35 -0.442 0.061
5 2 36 0.793 0.062
5 2 37 -0.634 0.062
5 2 38 -0.387 0.334
5 2 39 -0.938 0.064
5 2 40 -0.126 0.065
5 2 41 -0.040 0.066
5 2 42 -0.045 0.133
5 2 43 0.534 0.068
5 2 44 0.861 0.069
5 2 45 -0.060 0.070
5 2 46 0.812 0.071
5 2 47 0.238 0.071
5 2 48 -0.115 0.100
5 2 49 0.444 0.073
5 2 50 -0.013 0.074
5 2 51 -0.130 0.075
5 2 52 -1.326 0.860
5 2 53 0.361 0.139
5 2 54 -1.304 0.945
5 2 55 -0.992 0.988
5 2 56 0.202 0.080
5 2 57 0.128 0.797
5 2 58 -0.648 0.994
5 2 59 0.963 0.868
5 2 60 -0.215 1.000
5 2 61 0.610 0.825
5 2 62 -0.763 0.998
5 3 1 -0.782 0.996
5 3 2 -1.037 1.000
5 3 3 -0.992 0.819
5 3 4 0.000 0.100
5 3 5 0.000 0.100
6 1 1 -0.762 0.080
6 1 2 0.893 0.090
6 1 3 -0.058 0.091
6 1 4 -0.535 0.103
6 1 5 -0.120 0.110
6 1 6 0.851 0.107
6 1 7 -0.662 0.113
6 1 8 -0.549 0.118
6 1 9 0.694 0.124
6 1 10 0.830 0.152
6 1 11 1.810 0.135
6 1 12 -0.201 0.140
6 1 13 -1.116 0.169
6 1 14 -0.772 0.171
6 1 15 -0.838 0.266
6 1 16 -0.294 0.181
6 1 17 0.262 0.585
6 1 18 -0.805 0.977
6 1 19 -2.397 0.206
6 1 20 0.286 0.436
6 1 21 0.000 0.100
6 1 22 -0.839 0.969
6 1 23 -0.891 0.903
6 2 1 -15.109 0.148
6 2 2 -0.946 0.031
6 2 3 0.733 0.032
6 2 4 -0.198 0.033
6 2 5 0.031 0.075
6 2 6 0.295 0.049
6 2 7 0.782 0.065
6 2 8 0.196 0.072
6 2 9 0.099 0.072
6 2 10 0.899 0.064
6 2 11 0.577 0.080
6 2 12 -0.324 0.068
6 2 13 -0.478 0.065
6 2 14 -0.513 0.087
6 2 15 -0.079 0.073
6 2 16 -0.479 0.063
6 2 17 -1.005 0.087
6 2 18 0.860 0.055
6 2 19 0.243 0.078
6 2 20 0.358 0.064
6 2 21 0.427 0.074
6 2 22 -0.627 0.051
6 2 23 -0.053 0.052
6 2 24 -0.592 0.051
6 2 25 1.017 0.052
6 2 26 -0.013 0.053
6 2 27 0.298 0.053
6 2 28 -0.015 0.054
6 2 29 -0.634 0.055
6 2 30 0.724 0.056
6 2 31 -0.004 0.057
6 2 32 0.105 0.058
6 2 33 -0.951 0.059
6 2 34 0.194 0.060
6 2 35 0.396 0.061
6 2 36 -0.274 0.087
6 2 37 0.913 0.062
6 2 38 0.380 0.063
6 2 39 0.193 0.341
6 2 40 -0.770 0.065
6 2 41 0.008 0.513
6 2 42 0.413 0.067
6 2 43 -0.706 0.418
6 2 44 -0.422 0.069
6 2 45 -0.118 0.070
6 2 46 0.873 0.395
6 2 47 0.023 0.075
6 2 48 0.402 0.072
6 2 49 -0.388 0.774
6 2 50 1.010 0.074
6 2 51 -1.054 0.585
6 2 52 -0.156 0.603
6 2 53 1.178 0.871
6 2 54 -0.346 1.000
6 2 55 0.046 0.178
6 2 56 -0.645 0.989
6 2 57 0.057 0.801
6 2 58 -1.002 0.966
6 2 59 -0.666 0.913
6 2 60 -0.980 0.998
6 2 61 0.277 0.532
6 2 62 -0.255 1.000
6 3 1 -0.750 0.868
6 3 2 -0.031 0.992
6 3 3 0.000 0.100
6 3 4 0.000 0.100
6 3 5 -0.686 0.170
