1 1 1 1.691 
1 1 2 0.018 
1 1 3 2.665 
1 1 4 1.085 
1 1 5 0.133 
1 1 6 4.906 
1 1 7 0.062 
1 1 8 0.077 
1 1 9 -1.418 
1 1 10 1.572 
1 1 11 5.974 
1 1 12 2.712 
1 1 13 -3.095 
1 1 14 0.640 
1 1 15 1.342 
1 1 16 -0.219 
1 1 17 -3.761 
1 1 18 2.248 
1 1 19 -0.638 
1 1 20 0.679 
1 1 21 0.522 
1 1 22 -2.164 
1 1 23 -0.413 
1 2 1 -2.107 
1 2 2 0.726 
1 2 3 1.278 
1 2 4 1.230 
1 2 5 1.753 
1 2 6 -0.629 
1 2 7 -1.095 
1 2 8 -0.646 
1 2 9 -1.611 
1 2 10 0.847 
1 2 11 0.912 
1 2 12 1.663 
1 2 13 0.186 
1 2 14 -0.229 
1 2 15 0.830 
1 2 16 -1.039 
1 2 17 0.807 
1 2 18 1.449 
1 2 19 -0.171 
1 2 20 0.365 
1 2 21 0.285 
1 2 22 -0.388 
1 2 23 -0.654 
1 2 24 0.702 
1 2 25 1.102 
1 2 26 0.572 
1 2 27 0.980 
1 2 28 1.485 
1 2 29 -0.240 
1 2 30 0.323 
1 2 31 0.793 
1 2 32 1.168 
1 2 33 2.116 
1 2 34 0.539 
1 2 35 -0.633 
1 2 36 -0.662 
1 2 37 -1.249 
1 2 38 -0.655 
1 2 39 -1.662 
1 2 40 -1.874 
1 2 41 0.501 
1 2 42 0.245 
1 2 43 0.673 
1 2 44 -0.405 
1 2 45 -1.063 
1 2 46 0.154 
1 2 47 -0.100 
1 2 48 1.539 
1 2 49 2.542 
1 2 50 -0.217 
1 2 51 0.519 
1 2 52 -0.830 
1 2 53 -0.759 
1 2 54 -0.559 
1 2 55 -0.463 
1 2 56 0.029 
1 2 57 -0.611 
1 2 58 -1.202 
1 2 59 0.273 
1 2 60 -0.100 
1 2 61 2.337 
1 2 62 0.627 
1 3 1 10.790 
1 3 2 -7.279 
1 3 3 -9.363 
1 3 4 -8.276 
1 3 5 2.633 
2 1 1 -4.156 
2 1 2 2.019 
2 1 3 0.742 
2 1 4 -2.194 
2 1 5 -1.405 
2 1 6 0.000 
2 1 7 -0.399 
2 1 8 -1.307 
2 1 9 -0.208 
2 1 10 0.000 
2 1 11 0.239 
2 1 12 2.166 
2 1 13 0.288 
2 1 14 1.997 
2 1 15 0.511 
2 1 16 0.079 
2 1 17 5.049 
2 1 18 -1.020 
2 1 19 0.000 
2 1 20 1.925 
2 1 21 -5.710 
2 1 22 0.132 
2 1 23 -1.142 
2 2 1 -1.627 
2 2 2 0.374 
2 2 3 0.362 
2 2 4 1.506 
2 2 5 -0.342 
2 2 6 -1.455 
2 2 7 0.993 
2 2 8 -0.659 
2 2 9 1.957 
2 2 10 1.736 
2 2 11 1.730 
2 2 12 1.138 
2 2 13 -0.582 
2 2 14 -0.701 
2 2 15 -0.119 
2 2 16 0.942 
2 2 17 0.563 
2 2 18 0.188 
2 2 19 0.057 
2 2 20 -0.301 
2 2 21 -0.242 
2 2 22 0.009 
2 2 23 -0.208 
2 2 24 -0.454 
2 2 25 -0.329 
2 2 26 0.426 
2 2 27 1.677 
2 2 28 0.533 
2 2 29 1.698 
2 2 30 2.156 
2 2 31 0.055 
2 2 32 2.895 
2 2 33 0.076 
2 2 34 0.211 
2 2 35 0.600 
2 2 36 0.508 
2 2 37 -1.000 
2 2 38 -0.250 
2 2 39 -0.451 
2 2 40 1.051 
2 2 41 2.905 
2 2 42 0.232 
2 2 43 -97.802 
2 2 44 1.152 
2 2 45 1.653 
2 2 46 0.319 
2 2 47 -0.010 
2 2 48 2.800 
2 2 49 1.132 
2 2 50 2.084 
2 2 51 -0.867 
2 2 52 0.870 
2 2 53 1.570 
2 2 54 -0.440 
2 2 55 -1.076 
2 2 56 -0.250 
2 2 57 0.129 
2 2 58 0.416 
2 2 59 1.856 
2 2 60 -0.128 
2 2 61 2.003 
2 2 62 -0.945 
2 3 1 9.386 
2 3 2 -0.274 
2 3 3 1.189 
2 3 4 -9.832 
2 3 5 7.583 
3 1 1 -0.606 
3 1 2 1.863 
3 1 3 0.700 
3 1 4 1.093 
3 1 5 2.325 
3 1 6 0.228 
3 1 7 7.453 
3 1 8 0.379 
3 1 9 0.753 
3 1 10 0.804 
3 1 11 -1.398 
3 1 12 1.335 
3 1 13 1.460 
3 1 14 -2.663 
3 1 15 8.350 
3 1 16 1.687 
3 1 17 -8.203 
3 1 18 -1.323 
3 1 19 -0.625 
3 1 20 2.576 
3 1 21 -1.910 
3 1 22 -3.923 
3 1 23 0.593 
3 2 1 -1.585 
3 2 2 5.159 
3 2 3 1.749 
3 2 4 -1.305 
3 2 5 1.679 
3 2 6 0.035 
3 2 7 0.498 
3 2 8 0.277 
3 2 9 1.269 
3 2 10 0.287 
3 2 11 0.770 
3 2 12 1.137 
3 2 13 2.044 
3 2 14 0.320 
3 2 15 0.612 
3 2 16 -0.243 
3 2 17 0.590 
3 2 18 -1.433 
3 2 19 -0.514 
3 2 20 0.505 
3 2 21 1.583 
3 2 22 0.285 
3 2 23 0.494 
3 2 24 1.781 
3 2 25 1.448 
3 2 26 1.571 
3 2 27 -0.581 
3 2 28 0.355 
3 2 29 2.841 
3 2 30 -1.397 
3 2 31 -0.952 
3 2 32 1.832 
3 2 33 0.376 
3 2 34 0.215 
3 2 35 1.910 
3 2 36 -1.202 
3 2 37 -0.565 
3 2 38 0.751 
3 2 39 -0.944 
3 2 40 0.095 
3 2 41 1.566 
3 2 42 1.960 
3 2 43 -1.022 
3 2 44 1.983 
3 2 45 1.346 
3 2 46 0.551 
3 2 47 1.312 
3 2 48 0.720 
3 2 49 0.180 
3 2 50 -2.718 
3 2 51 0.202 
3 2 52 0.267 
3 2 53 1.977 
3 2 54 -1.858 
3 2 55 1.101 
3 2 56 0.213 
3 2 57 0.409 
3 2 58 -0.223 
3 2 59 -1.356 
3 2 60 0.100 
3 2 61 -1.715 
3 2 62 -1.847 
3 3 1 1.147 
3 3 2 1.538 
3 3 3 -5.125 
3 3 4 -1.942 
3 3 5 -0.647 
4 1 1 1.025 
4 1 2 3.226 
4 1 3 1.206 
4 1 4 -1.504 
4 1 5 -0.827 
4 1 6 3.728 
4 1 7 0.556 
4 1 8 -1.194 
4 1 9 -0.911 
4 1 10 0.545 
4 1 11 3.319 
4 1 12 -1.371 
4 1 13 0.419 
4 1 14 -0.904 
4 1 15 3.797 
4 1 16 1.631 
4 1 17 -2.908 
4 1 18 0.030 
4 1 19 -0.558 
4 1 20 0.588 
4 1 21 -0.921 
4 1 22 1.160 
4 1 23 0.544 
4 2 1 1.049 
4 2 2 -1.067 
4 2 3 -1.768 
4 2 4 -0.215 
4 2 5 0.305 
4 2 6 -1.415 
4 2 7 -0.020 
4 2 8 0.296 
4 2 9 1.912 
4 2 10 1.114 
4 2 11 0.699 
4 2 12 1.359 
4 2 13 0.616 
4 2 14 0.236 
4 2 15 0.188 
4 2 16 -0.767 
4 2 17 0.656 
4 2 18 -1.321 
4 2 19 0.238 
4 2 20 2.419 
4 2 21 -0.325 
4 2 22 0.540 
4 2 23 0.386 
4 2 24 -0.058 
4 2 25 0.744 
4 2 26 0.908 
4 2 27 1.244 
4 2 28 1.152 
4 2 29 1.457 
4 2 30 0.405 
4 2 31 0.214 
4 2 32 -0.666 
4 2 33 -0.665 
4 2 34 0.799 
4 2 35 1.052 
4 2 36 1.915 
4 2 37 0.577 
4 2 38 0.929 
4 2 39 -0.404 
4 2 40 -1.970 
4 2 41 0.358 
4 2 42 0.942 
4 2 43 0.716 
4 2 44 0.898 
4 2 45 1.343 
4 2 46 -1.148 
4 2 47 0.642 
4 2 48 -0.204 
4 2 49 1.047 
4 2 50 -0.862 
4 2 51 0.952 
4 2 52 -0.271 
4 2 53 1.664 
4 2 54 0.860 
4 2 55 0.743 
4 2 56 0.147 
4 2 57 -0.161 
4 2 58 -1.459 
4 2 59 -0.177 
4 2 60 1.083 
4 2 61 1.421 
4 2 62 -1.270 
4 3 1 1.504 
4 3 2 1.030 
4 3 3 -5.553 
4 3 4 10.813 
4 3 5 1.997 
5 1 1 -1.176 
5 1 2 2.394 
5 1 3 -0.443 
5 1 4 0.184 
5 1 5 -0.025 
5 1 6 2.822 
5 1 7 -2.327 
5 1 8 0.874 
5 1 9 1.266 
5 1 10 1.657 
5 1 11 -0.893 
5 1 12 -1.076 
5 1 13 2.182 
5 1 14 1.180 
5 1 15 -4.054 
5 1 16 8.676 
5 1 17 2.279 
5 1 18 -0.378 
5 1 19 -1.575 
5 1 20 0.060 
5 1 21 -0.515 
5 1 22 -1.655 
5 1 23 0.418 
5 2 1 1.665 
5 2 2 -0.948 
5 2 3 0.300 
5 2 4 0.995 
5 2 5 0.085 
5 2 6 1.434 
5 2 7 0.965 
5 2 8 0.227 
5 2 9 0.554 
5 2 10 1.215 
5 2 11 0.140 
5 2 12 0.643 
5 2 13 0.205 
5 2 14 0.459 
5 2 15 0.336 
5 2 16 2.675 
5 2 17 -0.220 
5 2 18 0.213 
5 2 19 1.269 
5 2 20 0.067 
5 2 21 0.059 
5 2 22 -0.964 
5 2 23 -0.395 
5 2 24 0.549 
5 2 25 1.074 
5 2 26 -0.107 
5 2 27 1.091 
5 2 28 2.116 
5 2 29 1.023 
5 2 30 0.842 
5 2 31 0.936 
5 2 32 0.307 
5 2 33 1.424 
5 2 34 -0.100 
5 2 35 0.038 
5 2 36 -1.442 
5 2 37 -0.021 
5 2 38 -1.507 
5 2 39 -1.239 
5 2 40 -0.010 
5 2 41 0.917 
5 2 42 1.208 
5 2 43 -0.000 
5 2 44 0.536 
5 2 45 1.741 
5 2 46 -0.100 
5 2 47 1.040 
5 2 48 -0.538 
5 2 49 -1.763 
5 2 50 -0.297 
5 2 51 1.188 
5 2 52 -0.340 
5 2 53 -0.871 
5 2 54 0.501 
5 2 55 -1.603 
5 2 56 2.396 
5 2 57 -1.309 
5 2 58 1.460 
5 2 59 0.551 
5 2 60 -0.621 
5 2 61 2.262 
5 2 62 -1.002 
5 3 1 -0.360 
5 3 2 0.671 
5 3 3 3.883 
5 3 4 -2.567 
5 3 5 -11.292 
6 1 1 4.521 
6 1 2 0.049 
6 1 3 -2.693 
6 1 4 1.962 
6 1 5 2.329 
6 1 6 -1.759 
6 1 7 0.063 
6 1 8 2.971 
6 1 9 1.897 
6 1 10 0.022 
6 1 11 0.038 
6 1 12 0.320 
6 1 13 2.198 
6 1 14 -5.586 
6 1 15 -2.632 
6 1 16 0.307 
6 1 17 3.886 
6 1 18 1.033 
6 1 19 0.586 
6 1 20 3.108 
6 1 21 0.000 
6 1 22 -1.633 
6 1 23 -0.800 
6 2 1 -4.382 
6 2 2 -0.125 
6 2 3 0.150 
6 2 4 1.910 
6 2 5 0.945 
6 2 6 1.391 
6 2 7 -0.499 
6 2 8 -1.717 
6 2 9 -0.512 
6 2 10 0.427 
6 2 11 0.769 
6 2 12 1.493 
6 2 13 0.022 
6 2 14 0.339 
6 2 15 0.195 
6 2 16 -0.838 
6 2 17 -1.131 
6 2 18 0.090 
6 2 19 1.725 
6 2 20 -0.454 
6 2 21 0.977 
6 2 22 0.381 
6 2 23 0.028 
6 2 24 2.103 
6 2 25 1.090 
6 2 26 0.202 
6 2 27 0.922 
6 2 28 0.875 
6 2 29 0.993 
6 2 30 0.363 
6 2 31 0.946 
6 2 32 0.411 
6 2 33 -1.328 
6 2 34 0.213 
6 2 35 -0.050 
6 2 36 0.619 
6 2 37 0.076 
6 2 38 -1.971 
6 2 39 -0.902 
6 2 40 0.816 
6 2 41 2.546 
6 2 42 1.348 
6 2 43 -0.284 
6 2 44 -0.401 
6 2 45 0.436 
6 2 46 0.551 
6 2 47 0.160 
6 2 48 0.002 
6 2 49 0.250 
6 2 50 2.383 
6 2 51 0.766 
6 2 52 -1.152 
6 2 53 0.920 
6 2 54 0.686 
6 2 55 2.190 
6 2 56 0.701 
6 2 57 -0.641 
6 2 58 -1.369 
6 2 59 0.559 
6 2 60 -0.857 
6 2 61 0.679 
6 2 62 -0.634 
6 3 1 -1.773 
6 3 2 2.190 
6 3 3 0.000 
6 3 4 -8.668 
6 3 5 3.969 
