1 1 1 -9.14 -6.20 10.00
1 1 2 -7.85 -8.23 10.00
1 1 3 38.32 8.99 10.00
1 1 4 -8.02 12.35 10.00
1 1 5 -8.09 -9.60 10.00
1 1 6 -6.90 49.69 10.00
1 1 7 15.71 -9.67 10.00
1 1 8 21.59 -6.80 10.00
1 1 9 -9.77 -9.49 10.00
1 1 10 -9.18 -9.70 10.00
1 1 11 -9.91 -8.79 10.00
1 1 12 38.70 7.45 10.00
1 1 13 -9.67 -9.42 10.00
1 1 14 -9.28 -8.97 10.00
1 1 15 -8.62 -8.76 10.00
1 1 16 -6.87 -7.67 10.00
1 1 17 -9.81 -7.04 10.00
1 1 18 -6.52 -9.32 10.00
1 1 19 -8.55 36.99 10.00
1 1 20 -2.81 -9.91 10.00
1 1 21 -9.98 -8.55 10.00
1 1 22 25.65 -4.63 10.00
1 1 23 -3.40 -0.71 10.00
1 2 1 -9.98 -9.98 10.00
1 2 2 -9.98 -9.98 10.00
1 2 3 -9.98 -9.98 10.00
1 2 4 -9.98 -9.98 10.00
1 2 5 32.79 30.20 10.00
1 2 6 -2.04 -4.35 10.00
1 2 7 -0.08 -1.58 10.00
1 2 8 -9.35 -8.41 10.00
1 2 9 2.27 -5.82 10.00
1 2 10 -8.65 -6.62 10.00
1 2 11 43.53 -8.97 10.00
1 2 12 -5.75 -4.42 10.00
1 2 13 -8.97 -8.83 10.00
1 2 14 -9.81 -1.27 10.00
1 2 15 -9.04 -8.16 10.00
1 2 16 -2.98 -3.19 10.00
1 2 17 -0.99 -5.40 10.00
1 2 18 -4.77 -9.77 10.00
1 2 19 -8.09 -8.23 10.00
1 2 20 -7.85 -2.46 10.00
1 2 21 -3.12 -6.24 10.00
1 2 22 -8.58 54.91 10.00
1 2 23 -9.11 -8.97 10.00
1 2 24 35.38 -8.90 10.00
1 2 25 26.07 -8.76 10.00
1 2 26 -7.81 29.85 10.00
1 2 27 -8.83 -7.95 10.00
1 2 28 -9.11 0.06 10.00
1 2 29 -1.13 -8.79 10.00
1 2 30 -9.84 -9.74 10.00
1 2 31 -8.44 -7.60 10.00
1 2 32 -7.53 -6.83 10.00
1 2 33 -4.45 -9.14 10.00
1 2 34 -6.13 -8.34 10.00
1 2 35 54.98 -7.99 10.00
1 2 36 -4.49 -6.69 10.00
1 2 37 10.39 -4.94 10.00
1 2 38 -6.83 -7.57 10.00
1 2 39 -8.41 -7.81 10.00
1 2 40 -4.10 -7.71 10.00
1 2 41 -0.95 -8.23 10.00
1 2 42 1.81 -1.65 10.00
1 2 43 -7.50 -6.80 10.00
1 2 44 -3.93 -9.81 10.00
1 2 45 3.95 37.69 10.00
1 2 46 -9.95 -5.08 10.00
1 2 47 -7.25 -2.07 10.00
1 2 48 -8.93 -7.18 10.00
1 2 49 -7.85 -9.53 10.00
1 2 50 -4.31 -4.77 10.00
1 2 51 11.58 -8.86 10.00
1 2 52 2.41 15.11 10.00
1 2 53 -4.10 -6.83 10.00
1 2 54 -1.58 1.11 10.00
1 2 55 -6.83 -1.72 10.00
1 2 56 -4.42 8.53 10.00
1 2 57 4.16 3.32 10.00
1 2 58 -3.30 13.50 10.00
1 2 59 -3.37 -1.72 10.00
1 2 60 0.24 -7.18 10.00
1 2 61 -9.04 -5.29 10.00
1 2 62 -3.75 -8.83 10.00
1 3 1 40.07 14.17 10.00
1 3 2 40.91 29.36 10.00
1 3 3 8.04 34.36 10.00
1 3 4 21.52 -6.62 10.00
1 3 5 33.77 -9.88 10.00
2 1 1 12.07 -8.69 10.00
2 1 2 -9.84 -8.02 10.00
2 1 3 10.04 -9.91 10.00
2 1 4 8.15 18.37 10.00
2 1 5 -9.84 -5.22 10.00
2 1 6 0.00 0.00 10.00
2 1 7 -9.35 11.40 10.00
2 1 8 33.31 55.33 10.00
2 1 9 22.57 26.87 10.00
2 1 10 0.00 0.00 10.00
2 1 11 -7.15 -2.63 10.00
2 1 12 -9.25 3.56 10.00
2 1 13 -9.28 -6.20 10.00
2 1 14 -9.88 -5.19 10.00
2 1 15 22.64 -9.53 10.00
2 1 16 54.24 -8.44 10.00
2 1 17 -5.82 -8.02 10.00
2 1 18 32.33 -8.23 10.00
2 1 19 0.00 0.00 10.00
2 1 20 36.08 -6.24 10.00
2 1 21 -9.53 -9.67 10.00
2 1 22 -9.84 -5.08 10.00
2 1 23 -7.01 -2.32 10.00
2 2 1 -9.98 -9.98 10.00
2 2 2 -9.98 -9.98 10.00
2 2 3 -9.98 -9.84 10.00
2 2 4 -3.16 -6.20 10.00
2 2 5 6.29 6.36 10.00
2 2 6 -2.56 -2.07 10.00
2 2 7 -7.60 -9.74 10.00
2 2 8 -6.31 -5.50 10.00
2 2 9 -4.59 -5.75 10.00
2 2 10 -5.50 -9.18 10.00
2 2 11 -6.20 9.41 10.00
2 2 12 -9.84 59.21 10.00
2 2 13 -9.46 -9.81 10.00
2 2 14 -9.56 -3.09 10.00
2 2 15 -7.81 -8.62 10.00
2 2 16 -2.46 33.80 10.00
2 2 17 -9.95 -9.67 10.00
2 2 18 -8.34 -1.30 10.00
2 2 19 -9.39 -5.61 10.00
2 2 20 -9.11 -9.60 10.00
2 2 21 -9.21 -4.87 10.00
2 2 22 -9.70 -9.42 10.00
2 2 23 -9.91 -9.35 10.00
2 2 24 -9.77 -7.60 10.00
2 2 25 -9.63 37.44 10.00
2 2 26 59.07 -9.95 10.00
2 2 27 25.26 -8.13 10.00
2 2 28 -5.75 47.24 10.00
2 2 29 -9.39 -8.48 10.00
2 2 30 -2.56 -2.88 10.00
2 2 31 -9.35 -9.42 10.00
2 2 32 -6.38 3.04 10.00
2 2 33 -8.72 -6.66 10.00
2 2 34 51.58 -9.11 10.00
2 2 35 -7.67 -4.84 10.00
2 2 36 -0.60 -7.67 10.00
2 2 37 -8.23 2.83 10.00
2 2 38 -2.49 -5.22 10.00
2 2 39 3.53 2.97 10.00
2 2 40 -9.11 -8.48 10.00
2 2 41 -1.16 -4.73 10.00
2 2 42 2.02 -7.57 10.00
2 2 43 -8.90 -9.04 10.00
2 2 44 -9.11 -9.11 10.00
2 2 45 -7.67 -7.92 10.00
2 2 46 -8.72 -9.70 10.00
2 2 47 -7.25 11.12 10.00
2 2 48 -3.51 -7.43 10.00
2 2 49 -5.71 -8.30 10.00
2 2 50 -9.56 -2.56 10.00
2 2 51 -6.20 -9.42 10.00
2 2 52 -4.94 -7.43 10.00
2 2 53 -9.98 -1.76 10.00
2 2 54 -9.67 -4.14 10.00
2 2 55 -2.70 -1.79 10.00
2 2 56 -8.90 -2.67 10.00
2 2 57 -5.08 -0.36 10.00
2 2 58 3.35 -9.32 10.00
2 2 59 12.91 -8.41 10.00
2 2 60 -6.73 -0.57 10.00
2 2 61 -6.52 -9.18 10.00
2 2 62 -8.16 0.03 10.00
2 3 1 -6.76 -8.90 10.00
2 3 2 -2.39 21.52 10.00
2 3 3 -6.83 -6.17 10.00
2 3 4 -7.29 -7.92 10.00
2 3 5 -9.14 -9.35 10.00
3 1 1 -8.55 -7.74 10.00
3 1 2 13.85 25.05 10.00
3 1 3 20.43 22.71 10.00
3 1 4 -9.21 39.19 10.00
3 1 5 -8.58 -8.90 10.00
3 1 6 12.14 -7.46 10.00
3 1 7 51.13 7.10 10.00
3 1 8 35.80 0.59 10.00
3 1 9 -9.88 -9.77 10.00
3 1 10 20.15 21.41 10.00
3 1 11 -9.56 9.20 10.00
3 1 12 3.35 -9.32 10.00
3 1 13 -7.53 -9.95 10.00
3 1 14 -9.46 -9.32 10.00
3 1 15 -8.23 2.72 10.00
3 1 16 -8.72 -8.30 10.00
3 1 17 40.21 -4.03 10.00
3 1 18 -6.41 -8.93 10.00
3 1 19 -4.73 -6.83 10.00
3 1 20 -8.90 -8.51 10.00
3 1 21 -8.72 -6.38 10.00
3 1 22 -7.08 -7.67 10.00
3 1 23 -5.99 -1.76 10.00
3 2 1 -9.98 -9.98 10.00
3 2 2 -9.98 -9.98 10.00
3 2 3 53.47 50.57 10.00
3 2 4 19.70 16.51 10.00
3 2 5 3.49 -0.53 10.00
3 2 6 -4.49 -7.57 10.00
3 2 7 -5.96 -8.30 10.00
3 2 8 -9.95 -9.74 10.00
3 2 9 -8.27 -8.93 10.00
3 2 10 -7.88 -7.04 10.00
3 2 11 -6.20 -6.97 10.00
3 2 12 -4.49 5.80 10.00
3 2 13 -6.90 1.32 10.00
3 2 14 21.27 -9.81 10.00
3 2 15 -9.35 -7.85 10.00
3 2 16 20.92 -9.84 10.00
3 2 17 -9.70 18.75 10.00
3 2 18 -7.18 10.74 10.00
3 2 19 18.37 -5.99 10.00
3 2 20 -8.97 -9.35 10.00
3 2 21 45.21 16.44 10.00
3 2 22 37.83 -8.55 10.00
3 2 23 0.52 -2.81 10.00
3 2 24 -9.84 -8.86 10.00
3 2 25 -8.41 -9.56 10.00
3 2 26 -7.74 -6.34 10.00
3 2 27 -8.23 -8.41 10.00
3 2 28 -7.78 -8.86 10.00
3 2 29 -1.20 -7.99 10.00
3 2 30 -7.78 -7.22 10.00
3 2 31 -6.83 -8.62 10.00
3 2 32 -5.08 -6.76 10.00
3 2 33 -9.60 -9.98 10.00
3 2 34 -3.33 -8.65 10.00
3 2 35 -7.04 -9.91 10.00
3 2 36 -7.64 -8.83 10.00
3 2 37 -7.85 -7.29 10.00
3 2 38 -7.04 -6.94 10.00
3 2 39 -9.21 -5.78 10.00
3 2 40 -7.74 36.60 10.00
3 2 41 27.15 8.57 10.00
3 2 42 1.11 -4.52 10.00
3 2 43 -6.24 0.13 10.00
3 2 44 4.72 -2.21 10.00
3 2 45 -7.81 -6.06 10.00
3 2 46 -1.27 -8.51 10.00
3 2 47 3.18 1.85 10.00
3 2 48 -5.89 39.89 10.00
3 2 49 -4.59 -4.63 10.00
3 2 50 -6.69 -4.59 10.00
3 2 51 -3.16 -0.11 10.00
3 2 52 -9.70 -1.97 10.00
3 2 53 3.88 -4.66 10.00
3 2 54 -5.43 -6.24 10.00
3 2 55 11.89 -3.44 10.00
3 2 56 -9.11 -5.36 10.00
3 2 57 -7.71 0.41 10.00
3 2 58 -4.00 24.74 10.00
3 2 59 -9.67 -1.02 10.00
3 2 60 16.20 -1.20 10.00
3 2 61 5.56 -8.06 10.00
3 2 62 -6.20 0.17 10.00
3 3 1 -1.06 -9.63 10.00
3 3 2 -9.81 8.25 10.00
3 3 3 45.39 -7.67 10.00
3 3 4 -9.95 -8.48 10.00
3 3 5 12.35 -9.21 10.00
4 1 1 -9.67 -9.32 10.00
4 1 2 13.85 1.29 10.00
4 1 3 49.83 -8.20 10.00
4 1 4 35.13 -5.71 10.00
4 1 5 48.33 -9.25 10.00
4 1 6 26.70 35.94 10.00
4 1 7 -6.45 27.92 10.00
4 1 8 -3.33 4.58 10.00
4 1 9 55.33 -8.76 10.00
4 1 10 -9.11 -9.42 10.00
4 1 11 15.88 -6.41 10.00
4 1 12 -6.10 -0.74 10.00
4 1 13 -9.21 -9.07 10.00
4 1 14 -9.67 -8.37 10.00
4 1 15 -9.77 -9.35 10.00
4 1 16 -8.37 44.69 10.00
4 1 17 -6.38 -8.41 10.00
4 1 18 -9.35 0.34 10.00
4 1 19 -8.51 1.67 10.00
4 1 20 -8.55 -9.49 10.00
4 1 21 -4.42 -6.62 10.00
4 1 22 -4.00 -7.43 10.00
4 1 23 -2.63 -2.88 10.00
4 2 1 -9.98 -9.98 10.00
4 2 2 -9.98 -9.98 10.00
4 2 3 -9.98 -9.98 10.00
4 2 4 56.24 59.07 10.00
4 2 5 -9.46 -3.89 10.00
4 2 6 4.58 1.25 10.00
4 2 7 -8.69 -4.31 10.00
4 2 8 -3.09 -4.38 10.00
4 2 9 -9.53 -8.30 10.00
4 2 10 -9.60 -8.51 10.00
4 2 11 -3.58 -0.71 10.00
4 2 12 -7.43 4.12 10.00
4 2 13 -8.27 -7.25 10.00
4 2 14 -9.18 -7.08 10.00
4 2 15 -8.55 -7.50 10.00
4 2 16 -8.16 -9.98 10.00
4 2 17 -7.99 -8.97 10.00
4 2 18 -7.36 39.61 10.00
4 2 19 26.73 -9.84 10.00
4 2 20 -0.11 -4.38 10.00
4 2 21 -9.18 -8.93 10.00
4 2 22 -9.18 -2.67 10.00
4 2 23 -8.48 -2.91 10.00
4 2 24 -9.95 -8.83 10.00
4 2 25 -0.67 -7.22 10.00
4 2 26 -4.87 -9.35 10.00
4 2 27 0.24 -9.18 10.00
4 2 28 -8.83 -9.63 10.00
4 2 29 -8.16 -8.41 10.00
4 2 30 -5.01 -6.38 10.00
4 2 31 -8.83 -9.84 10.00
4 2 32 -5.64 -9.91 10.00
4 2 33 -8.51 -4.80 10.00
4 2 34 -9.91 -4.28 10.00
4 2 35 -9.91 -7.92 10.00
4 2 36 -9.88 -3.23 10.00
4 2 37 -6.90 48.71 10.00
4 2 38 -0.81 -8.37 10.00
4 2 39 -9.28 -4.63 10.00
4 2 40 -6.90 -7.46 10.00
4 2 41 -3.12 -9.60 10.00
4 2 42 -8.51 -7.29 10.00
4 2 43 -4.98 -5.50 10.00
4 2 44 -4.66 -9.35 10.00
4 2 45 -9.25 -6.87 10.00
4 2 46 -9.46 -9.53 10.00
4 2 47 -6.38 -4.80 10.00
4 2 48 -9.95 -9.77 10.00
4 2 49 -9.95 -3.89 10.00
4 2 50 8.78 0.97 10.00
4 2 51 3.49 18.09 10.00
4 2 52 -2.46 -6.20 10.00
4 2 53 34.33 -9.56 10.00
4 2 54 -3.09 3.42 10.00
4 2 55 53.86 2.30 10.00
4 2 56 6.43 -6.52 10.00
4 2 57 -9.84 -7.99 10.00
4 2 58 2.27 -5.57 10.00
4 2 59 -4.63 -1.16 10.00
4 2 60 5.66 15.25 10.00
4 2 61 11.05 -8.97 10.00
4 2 62 44.90 5.42 10.00
4 3 1 -9.84 -8.79 10.00
4 3 2 26.45 32.37 10.00
4 3 3 5.59 -8.86 10.00
4 3 4 13.43 -5.75 10.00
4 3 5 -5.82 6.89 10.00
5 1 1 -2.28 0.03 10.00
5 1 2 -8.55 -9.81 10.00
5 1 3 43.57 -5.78 10.00
5 1 4 -8.37 -3.16 10.00
5 1 5 -9.56 56.06 10.00
5 1 6 -9.70 23.97 10.00
5 1 7 25.44 -0.01 10.00
5 1 8 -9.42 -7.22 10.00
5 1 9 -9.88 -9.14 10.00
5 1 10 19.07 48.96 10.00
5 1 11 -8.58 -5.29 10.00
5 1 12 -7.71 -9.70 10.00
5 1 13 34.29 31.95 10.00
5 1 14 19.52 -9.67 10.00
5 1 15 -9.60 -5.54 10.00
5 1 16 20.12 -8.09 10.00
5 1 17 -9.25 -7.71 10.00
5 1 18 39.23 -9.91 10.00
5 1 19 -7.99 -9.60 10.00
5 1 20 27.22 -8.90 10.00
5 1 21 -7.60 -9.49 10.00
5 1 22 -9.28 -7.88 10.00
5 1 23 -7.46 -8.76 10.00
5 2 1 -9.98 -9.98 10.00
5 2 2 -9.98 -9.98 10.00
5 2 3 9.13 7.69 10.00
5 2 4 -0.39 1.04 10.00
5 2 5 0.17 -4.35 10.00
5 2 6 14.76 10.81 10.00
5 2 7 -5.22 -4.03 10.00
5 2 8 -7.95 -8.97 10.00
5 2 9 -6.94 -2.46 10.00
5 2 10 -9.84 -8.51 10.00
5 2 11 -9.77 -0.81 10.00
5 2 12 -9.74 -8.97 10.00
5 2 13 -5.61 -9.14 10.00
5 2 14 -8.30 -7.64 10.00
5 2 15 -5.89 -7.04 10.00
5 2 16 -9.91 -9.35 10.00
5 2 17 45.53 -8.79 10.00
5 2 18 -9.63 15.01 10.00
5 2 19 -7.01 -8.72 10.00
5 2 20 -8.79 -8.41 10.00
5 2 21 -9.81 -9.35 10.00
5 2 22 -9.74 -4.31 10.00
5 2 23 -9.91 -5.71 10.00
5 2 24 -8.79 -9.74 10.00
5 2 25 59.67 -9.74 10.00
5 2 26 -9.25 -7.39 10.00
5 2 27 -7.67 56.97 10.00
5 2 28 -8.51 7.66 10.00
5 2 29 -8.48 -9.28 10.00
5 2 30 -6.31 -7.36 10.00
5 2 31 -9.74 -9.04 10.00
5 2 32 56.38 39.30 10.00
5 2 33 -7.11 -6.83 10.00
5 2 34 -8.55 22.85 10.00
5 2 35 -9.81 -6.45 10.00
5 2 36 12.91 -0.99 10.00
5 2 37 -5.08 -8.79 10.00
5 2 38 -4.84 -4.52 10.00
5 2 39 -8.13 -2.67 10.00
5 2 40 -8.44 -8.72 10.00
5 2 41 5.24 -7.50 10.00
5 2 42 -2.91 -5.43 10.00
5 2 43 -6.59 -0.92 10.00
5 2 44 53.26 -5.26 10.00
5 2 45 -8.51 -3.65 10.00
5 2 46 -8.37 -8.72 10.00
5 2 47 -8.93 -8.62 10.00
5 2 48 18.23 -9.70 10.00
5 2 49 -5.47 -8.55 10.00
5 2 50 -8.34 -7.04 10.00
5 2 51 -8.93 -7.67 10.00
5 2 52 -9.42 -7.29 10.00
5 2 53 -2.74 -4.77 10.00
5 2 54 -8.06 -9.67 10.00
5 2 55 -9.35 -6.83 10.00
5 2 56 -4.84 -7.99 10.00
5 2 57 -7.88 -9.46 10.00
5 2 58 -6.45 10.28 10.00
5 2 59 -2.32 -5.12 10.00
5 2 60 -9.60 1.57 10.00
5 2 61 -5.75 10.74 10.00
5 2 62 -7.22 -9.60 10.00
5 3 1 -9.74 -9.84 10.00
5 3 2 -7.04 -9.49 10.00
5 3 3 -9.95 -9.81 10.00
5 3 4 -6.17 -6.83 10.00
5 3 5 15.11 -8.93 10.00
6 1 1 -6.48 -6.27 10.00
6 1 2 -6.97 -4.70 10.00
6 1 3 -9.28 9.58 10.00
6 1 4 -2.35 -9.04 10.00
6 1 5 36.22 28.31 10.00
6 1 6 -9.35 59.39 10.00
6 1 7 42.97 37.55 10.00
6 1 8 22.36 38.63 10.00
6 1 9 12.91 -9.49 10.00
6 1 10 -9.25 -8.97 10.00
6 1 11 43.99 -8.41 10.00
6 1 12 -6.13 -6.38 10.00
6 1 13 -9.42 47.03 10.00
6 1 14 -9.56 31.88 10.00
6 1 15 23.34 -8.62 10.00
6 1 16 1.85 -9.60 10.00
6 1 17 -4.63 -2.35 10.00
6 1 18 4.09 -7.99 10.00
6 1 19 -6.38 34.36 10.00
6 1 20 -9.95 -4.35 10.00
6 1 21 0.00 0.00 10.00
6 1 22 8.36 -7.74 10.00
6 1 23 12.14 -6.69 10.00
6 2 1 59.81 58.20 10.00
6 2 2 -9.98 -9.98 10.00
6 2 3 -9.98 -9.98 10.00
6 2 4 -8.86 -9.77 10.00
6 2 5 5.10 -7.08 10.00
6 2 6 -9.28 1.88 10.00
6 2 7 -7.29 -3.54 10.00
6 2 8 -6.06 0.97 10.00
6 2 9 -7.67 -9.18 10.00
6 2 10 -8.06 -3.72 10.00
6 2 11 -7.43 -7.39 10.00
6 2 12 -9.39 -7.22 10.00
6 2 13 -9.39 29.32 10.00
6 2 14 -5.29 -8.90 10.00
6 2 15 -8.58 -3.86 10.00
6 2 16 -8.37 -7.36 10.00
6 2 17 -9.70 10.98 10.00
6 2 18 -4.77 -9.11 10.00
6 2 19 -6.62 -7.18 10.00
6 2 20 19.70 50.67 10.00
6 2 21 -9.88 -6.34 10.00
6 2 22 -6.76 -6.17 10.00
6 2 23 -7.88 -6.55 10.00
6 2 24 -8.58 -9.74 10.00
6 2 25 -4.98 -9.81 10.00
6 2 26 38.74 -7.04 10.00
6 2 27 -3.89 1.88 10.00
6 2 28 34.54 -9.28 10.00
6 2 29 -6.97 -9.07 10.00
6 2 30 -7.67 -8.44 10.00
6 2 31 -8.79 -6.97 10.00
6 2 32 41.57 -9.42 10.00
6 2 33 -9.74 9.62 10.00
6 2 34 -5.96 -3.23 10.00
6 2 35 -2.07 -8.83 10.00
6 2 36 2.79 -9.18 10.00
6 2 37 -8.23 37.93 10.00
6 2 38 13.78 -0.60 10.00
6 2 39 -9.81 -8.51 10.00
6 2 40 14.31 -6.20 10.00
6 2 41 6.08 3.21 10.00
6 2 42 -3.51 40.66 10.00
6 2 43 -6.62 -5.71 10.00
6 2 44 -6.55 -7.78 10.00
6 2 45 -6.97 -0.04 10.00
6 2 46 -6.87 -8.62 10.00
6 2 47 7.73 -2.88 10.00
6 2 48 -2.04 -5.64 10.00
6 2 49 0.03 -6.03 10.00
6 2 50 -9.74 -6.48 10.00
6 2 51 -9.91 1.04 10.00
6 2 52 -4.35 -4.17 10.00
6 2 53 -5.40 1.11 10.00
6 2 54 -9.32 -6.06 10.00
6 2 55 -7.01 -1.69 10.00
6 2 56 -3.58 -3.89 10.00
6 2 57 -4.42 -7.18 10.00
6 2 58 -8.06 -7.29 10.00
6 2 59 -8.69 1.18 10.00
6 2 60 5.35 12.56 10.00
6 2 61 12.66 -3.40 10.00
6 2 62 -9.32 -7.64 10.00
6 3 1 2.09 -8.51 10.00
6 3 2 -8.93 47.94 10.00
6 3 3 3.60 -9.98 10.00
6 3 4 2.93 -9.81 10.00
6 3 5 -9.67 -8.58 10.00
