1 1 1 89.130 89.130 57.787 57.787 -0.239
1 1 2 113.336 113.336 65.815 65.815 0.017
1 1 3 98.966 98.966 34.123 34.123 -0.414
1 1 4 117.051 117.051 38.851 38.851 -0.222
1 1 5 130.885 130.885 38.485 38.485 0.021
1 1 6 85.723 85.723 17.580 17.580 -0.832
1 1 7 118.574 118.574 26.244 26.244 -0.014
1 1 8 115.612 115.612 22.882 22.882 0.017
1 1 9 134.603 134.603 24.813 24.813 0.221
1 1 10 123.834 123.834 20.248 20.248 -0.228
1 1 11 125.933 125.933 18.685 18.685 -0.557
1 1 12 132.664 132.664 18.719 18.719 -0.310
1 1 13 118.687 118.687 14.852 14.852 0.326
1 1 14 152.523 152.523 20.050 20.050 -0.063
1 1 15 164.133 164.133 21.223 21.223 -0.027
1 1 16 165.547 165.547 18.331 18.331 -0.777
1 1 17 149.809 149.809 16.075 16.075 0.469
1 1 18 175.048 175.048 19.570 19.570 -0.155
1 1 19 141.873 141.873 13.496 13.496 0.024
1 1 20 181.298 181.298 18.619 18.619 -0.056
1 1 21 192.225 192.225 19.392 19.392 -0.120
1 1 22 169.321 169.321 15.139 15.139 0.319
1 1 23 168.371 168.371 14.954 14.954 0.041
1 2 1 133.384 133.384 232.579 232.579 -0.034
1 2 2 118.986 118.986 122.644 122.644 -0.068
1 2 3 107.494 107.494 99.998 99.998 -0.213
1 2 4 118.264 118.264 79.200 79.200 -0.125
1 2 5 120.384 120.384 76.549 76.549 -0.210
1 2 6 132.325 132.325 77.924 77.924 0.075
1 2 7 175.743 175.743 98.034 98.034 0.083
1 2 8 149.974 149.974 71.944 71.944 0.075
1 2 9 157.650 157.650 68.898 68.898 0.172
1 2 10 137.296 137.296 52.526 52.526 -0.085
1 2 11 168.821 168.821 67.350 67.350 -0.072
1 2 12 201.002 201.002 79.340 79.340 -0.143
1 2 13 136.053 136.053 41.387 41.387 -0.062
1 2 14 149.461 149.461 43.912 43.912 0.196
1 2 15 169.166 169.166 51.995 51.995 -0.062
1 2 16 164.940 164.940 46.514 46.514 0.058
1 2 17 171.188 171.188 47.179 47.179 -0.061
1 2 18 126.094 126.094 27.191 27.191 -0.189
1 2 19 144.819 144.819 32.740 32.740 0.037
1 2 20 148.369 148.369 32.760 32.760 -0.027
1 2 21 121.848 121.848 22.762 22.762 -0.035
1 2 22 159.459 159.459 33.356 33.356 0.005
1 2 23 140.517 140.517 26.707 26.707 0.090
1 2 24 164.568 164.568 31.762 31.762 -0.084
1 2 25 188.203 188.203 37.643 37.643 -0.112
1 2 26 174.225 174.225 32.815 32.815 -0.059
1 2 27 205.788 205.788 39.728 39.728 -0.066
1 2 28 155.386 155.386 24.934 24.934 -0.265
1 2 29 148.223 148.223 22.751 22.751 0.003
1 2 30 165.393 165.393 26.187 26.187 -0.016
1 2 31 128.294 128.294 17.460 17.460 -0.045
1 2 32 312.330 312.330 63.176 63.176 -0.056
1 2 33 219.177 219.177 36.062 36.062 -0.153
1 2 34 277.852 277.852 50.855 50.855 -0.013
1 2 35 242.342 242.342 39.985 39.985 0.048
1 2 36 239.758 239.758 38.475 38.475 0.070
1 2 37 257.845 257.845 42.102 42.102 0.044
1 2 38 315.685 315.685 54.936 54.936 0.032
1 2 39 224.210 224.210 32.062 32.062 0.124
1 2 40 234.016 234.016 33.589 33.589 0.131
1 2 41 274.036 274.036 41.512 41.512 -0.033
1 2 42 202.898 202.898 25.963 25.963 0.032
1 2 43 202.746 202.746 25.249 25.249 -0.006
1 2 44 220.707 220.707 27.984 27.984 0.004
1 2 45 258.263 258.263 34.635 34.635 0.124
1 2 46 214.851 214.851 25.592 25.592 0.035
1 2 47 228.307 228.307 27.732 27.732 0.044
1 2 48 288.086 288.086 38.705 38.705 -0.057
1 2 49 223.417 223.417 25.921 25.921 -0.138
1 2 50 314.155 314.155 42.127 42.127 0.040
1 2 51 348.579 348.579 48.541 48.541 0.014
1 2 52 277.135 277.135 34.010 34.010 0.069
1 2 53 291.791 291.791 36.047 36.047 0.051
1 2 54 203.022 203.022 20.707 20.707 0.101
1 2 55 238.273 238.273 25.820 25.820 0.064
1 2 56 320.554 320.554 39.981 39.981 0.015
1 2 57 231.827 231.827 24.458 24.458 0.064
1 2 58 253.416 253.416 28.322 28.322 0.064
1 2 59 257.417 257.417 28.219 28.219 0.041
1 2 60 285.120 285.120 32.781 32.781 0.022
1 2 61 260.095 260.095 30.675 30.675 -0.071
1 2 62 268.505 268.505 29.386 29.386 -0.004
1 3 1 189.296 189.296 21.501 21.501 -0.956
1 3 2 227.050 227.050 28.438 28.438 0.629
1 3 3 228.429 228.429 31.788 31.788 0.651
1 3 4 214.706 214.706 29.852 29.852 0.660
1 3 5 407.303 407.303 73.966 73.966 -0.381
2 1 1 72.331 72.331 345.003 345.003 0.687
2 1 2 97.115 97.115 49.880 49.880 -0.166
2 1 3 64.051 64.051 19.436 19.436 -0.122
2 1 4 100.168 100.168 30.226 30.226 0.358
2 1 5 85.763 85.763 20.024 20.024 0.172
2 1 6 151.704 151.704 1323.614 1323.614 0.000
2 1 7 114.698 114.698 24.892 24.892 0.108
2 1 8 119.938 119.938 23.815 23.815 0.224
2 1 9 123.434 123.434 22.062 22.062 0.036
2 1 10 167.617 167.617 1642.694 1642.694 0.000
2 1 11 135.852 135.852 21.409 21.409 0.044
2 1 12 88.876 88.876 10.311 10.311 -0.333
2 1 13 129.839 129.839 17.174 17.174 -0.006
2 1 14 126.270 126.270 14.947 14.947 -0.259
2 1 15 125.964 125.964 14.254 14.254 -0.049
2 1 16 135.807 135.807 14.794 14.794 -0.041
2 1 17 133.930 133.930 13.592 13.592 -0.564
2 1 18 178.176 178.176 20.025 20.025 0.211
2 1 19 250.921 250.921 183.235 183.235 2.412
2 1 20 159.910 159.910 15.361 15.361 -0.230
2 1 21 169.127 169.127 16.566 16.566 0.494
2 1 22 172.172 172.172 15.769 15.769 0.131
2 1 23 159.384 159.384 14.153 14.153 0.282
2 2 1 48.097 48.097 128.125 128.125 0.358
2 2 2 135.568 135.568 155.865 155.865 0.012
2 2 3 152.157 152.157 150.701 150.701 -0.041
2 2 4 107.074 107.074 75.786 75.786 -0.195
2 2 5 125.125 125.125 79.620 79.620 0.059
2 2 6 153.775 153.775 92.946 92.946 0.213
2 2 7 134.947 134.947 67.044 67.044 -0.051
2 2 8 114.716 114.716 46.919 46.919 0.172
2 2 9 128.077 128.077 56.291 56.291 -0.190
2 2 10 184.387 184.387 83.927 83.927 -0.091
2 2 11 158.419 158.419 60.642 60.642 -0.099
2 2 12 185.588 185.588 73.781 73.781 -0.050
2 2 13 161.841 161.841 52.799 52.799 0.120
2 2 14 126.879 126.879 35.578 35.578 0.049
2 2 15 138.460 138.460 38.397 38.397 0.128
2 2 16 162.518 162.518 45.677 45.677 -0.001
2 2 17 167.119 167.119 45.646 45.646 -0.017
2 2 18 119.444 119.444 25.464 25.464 0.019
2 2 19 124.927 124.927 26.150 26.150 0.090
2 2 20 163.408 163.408 37.834 37.834 0.054
2 2 21 125.278 125.278 23.642 23.642 0.109
2 2 22 169.875 169.875 36.534 36.534 0.089
2 2 23 160.280 160.280 32.445 32.445 0.093
2 2 24 132.108 132.108 22.848 22.848 0.119
2 2 25 156.156 156.156 28.609 28.609 0.044
2 2 26 162.590 162.590 29.571 29.571 0.024
2 2 27 199.952 199.952 37.928 37.928 -0.098
2 2 28 178.181 178.181 31.317 31.317 -0.003
2 2 29 151.868 151.868 23.500 23.500 -0.115
2 2 30 152.448 152.448 23.030 23.030 -0.148
2 2 31 124.941 124.941 16.784 16.784 0.010
2 2 32 230.585 230.585 40.249 40.249 -0.141
2 2 33 223.233 223.233 37.426 37.426 0.021
2 2 34 273.194 273.194 49.614 49.614 0.002
2 2 35 250.983 250.983 42.148 42.148 -0.012
2 2 36 219.627 219.627 33.806 33.806 -0.007
2 2 37 233.426 233.426 36.309 36.309 0.053
2 2 38 292.718 292.718 48.993 48.993 -0.023
2 2 39 196.837 196.837 26.554 26.554 -0.010
2 2 40 208.525 208.525 28.373 28.373 -0.078
2 2 41 241.856 241.856 34.309 34.309 -0.090
2 2 42 219.647 219.647 29.245 29.245 -0.036
2 2 43 201.676 201.676 24.841 24.841 -0.049
2 2 44 258.436 258.436 35.340 35.340 -0.125
2 2 45 217.623 217.623 26.851 26.851 -0.112
2 2 46 236.123 236.123 29.514 29.514 -0.035
2 2 47 243.912 243.912 30.625 30.625 -0.028
2 2 48 253.183 253.183 32.255 32.255 -0.138
2 2 49 253.514 253.514 31.206 31.206 -0.090
2 2 50 277.529 277.529 35.176 35.176 -0.083
2 2 51 321.263 321.263 42.925 42.925 0.031
2 2 52 298.479 298.479 37.335 37.335 -0.023
2 2 53 301.432 301.432 37.602 37.602 -0.059
2 2 54 282.562 282.562 33.383 33.383 0.088
2 2 55 230.217 230.217 25.268 25.268 0.126
2 2 56 320.404 320.404 39.209 39.209 0.077
2 2 57 270.693 270.693 30.792 30.792 0.066
2 2 58 208.245 208.245 20.486 20.486 0.054
2 2 59 216.272 216.272 23.346 23.346 -0.009
2 2 60 250.321 250.321 27.209 27.209 0.101
2 2 61 275.896 275.896 31.021 31.021 -0.027
2 2 62 286.801 286.801 31.593 31.593 0.067
2 3 1 184.097 184.097 19.558 19.558 -0.782
2 3 2 241.005 241.005 24.773 24.773 0.039
2 3 3 203.717 203.717 18.993 18.993 -0.145
2 3 4 194.422 194.422 24.513 24.513 0.754
2 3 5 209.686 209.686 26.635 26.635 -0.709
3 1 1 135.353 135.353 116.863 116.863 0.118
3 1 2 113.341 113.341 58.594 58.594 -0.255
3 1 3 82.860 82.860 27.660 27.660 -0.238
3 1 4 113.482 113.482 38.256 38.256 -0.093
3 1 5 78.014 78.014 16.575 16.575 -0.461
3 1 6 81.033 81.033 17.176 17.176 0.114
3 1 7 114.622 114.622 42.952 42.952 -1.030
3 1 8 137.607 137.607 29.607 29.607 -0.103
3 1 9 127.816 127.816 23.239 23.239 0.017
3 1 10 125.053 125.053 20.772 20.772 0.066
3 1 11 94.852 94.852 12.398 12.398 0.219
3 1 12 123.535 123.535 17.071 17.071 -0.083
3 1 13 128.236 128.236 16.696 16.696 -0.214
3 1 14 142.029 142.029 17.701 17.701 0.328
3 1 15 151.349 151.349 20.289 20.289 -0.724
3 1 16 152.903 152.903 17.662 17.662 -0.070
3 1 17 146.263 146.263 16.903 16.903 0.919
3 1 18 195.632 195.632 23.010 23.010 0.190
3 1 19 171.119 171.119 17.879 17.879 0.120
3 1 20 156.318 156.318 15.025 15.025 -0.025
3 1 21 170.286 170.286 15.939 15.939 0.410
3 1 22 177.449 177.449 16.245 16.245 0.566
3 1 23 171.264 171.264 15.725 15.725 -0.001
3 2 1 499.998 499.998 24424.257 24424.257 0.053
3 2 2 143.139 143.139 1166.603 1166.603 0.000
3 2 3 81.011 81.011 163.842 163.842 -0.397
3 2 4 161.927 161.927 138.450 138.450 0.074
3 2 5 118.545 118.545 67.090 67.090 -0.226
3 2 6 124.298 124.298 70.703 70.703 -0.086
3 2 7 178.003 178.003 100.143 100.143 -0.084
3 2 8 170.228 170.228 86.448 86.448 -0.087
3 2 9 122.080 122.080 47.372 47.372 -0.234
3 2 10 159.679 159.679 65.905 65.905 -0.089
3 2 11 193.224 193.224 81.592 81.592 -0.101
3 2 12 197.851 197.851 78.993 78.993 -0.113
3 2 13 145.268 145.268 43.860 43.860 -0.224
3 2 14 158.157 158.157 49.381 49.381 -0.068
3 2 15 188.788 188.788 61.074 61.074 -0.098
3 2 16 128.587 128.587 32.130 32.130 -0.021
3 2 17 183.068 183.068 51.891 51.891 -0.089
3 2 18 143.935 143.935 33.150 33.150 0.164
3 2 19 202.424 202.424 54.102 54.102 0.014
3 2 20 185.863 185.863 45.952 45.952 -0.054
3 2 21 128.415 128.415 24.316 24.316 -0.199
3 2 22 173.560 173.560 37.873 37.873 -0.013
3 2 23 152.416 152.416 30.179 30.179 -0.035
3 2 24 164.177 164.177 31.637 31.637 -0.112
3 2 25 163.204 163.204 30.288 30.288 -0.148
3 2 26 174.687 174.687 32.850 32.850 -0.077
3 2 27 161.525 161.525 27.695 27.695 0.043
3 2 28 153.883 153.883 25.106 25.106 -0.039
3 2 29 134.435 134.435 19.353 19.353 -0.291
3 2 30 166.443 166.443 26.391 26.391 0.074
3 2 31 163.791 163.791 25.209 25.209 0.021
3 2 32 260.273 260.273 47.847 47.847 -0.103
3 2 33 195.503 195.503 30.678 30.678 -0.019
3 2 34 249.219 249.219 43.218 43.218 -0.021
3 2 35 208.518 208.518 31.760 31.760 -0.112
3 2 36 227.174 227.174 35.531 35.531 0.071
3 2 37 229.404 229.404 35.303 35.303 0.071
3 2 38 290.479 290.479 48.463 48.463 -0.046
3 2 39 244.176 244.176 36.575 36.575 0.076
3 2 40 290.562 290.562 46.713 46.713 0.017
3 2 41 211.886 211.886 28.139 28.139 -0.090
3 2 42 214.800 214.800 28.241 28.241 -0.074
3 2 43 242.481 242.481 32.743 32.743 0.060
3 2 44 250.708 250.708 33.848 33.848 -0.066
3 2 45 230.478 230.478 29.370 29.370 -0.043
3 2 46 196.434 196.434 22.378 22.378 0.003
3 2 47 277.580 277.580 37.249 37.249 -0.009
3 2 48 210.840 210.840 24.239 24.239 -0.003
3 2 49 334.748 334.748 6438.942 6438.942 0.000
3 2 50 182.924 182.924 18.572 18.572 0.328
3 2 51 199.917 199.917 21.370 21.370 0.035
3 2 52 331.658 331.658 43.711 43.711 0.038
3 2 53 203.784 203.784 21.060 21.060 -0.020
3 2 54 254.772 254.772 29.485 29.485 0.108
3 2 55 258.050 258.050 31.792 31.792 0.030
3 2 56 346.769 346.769 46.129 46.129 0.075
3 2 57 232.728 232.728 24.661 24.661 0.063
3 2 58 212.520 212.520 21.298 21.298 0.085
3 2 59 375.516 375.516 11689.564 11689.564 0.000
3 2 60 264.518 264.518 29.646 29.646 0.037
3 2 61 233.677 233.677 24.978 24.978 0.035
3 2 62 387.747 387.747 488.631 488.631 0.000
3 3 1 220.397 220.397 22.423 22.423 0.047
3 3 2 248.654 248.654 25.663 25.663 0.064
3 3 3 217.561 217.561 21.923 21.923 0.506
3 3 4 213.650 213.650 22.758 22.758 0.392
3 3 5 227.520 227.520 48.413 48.413 1.074
4 1 1 95.486 95.486 64.886 64.886 -0.238
4 1 2 84.296 84.296 63.363 63.363 -0.581
4 1 3 110.913 110.913 42.292 42.292 -0.202
4 1 4 105.099 105.099 33.821 33.821 0.175
4 1 5 74.337 74.337 16.129 16.129 0.231
4 1 6 85.057 85.057 17.838 17.838 -0.340
4 1 7 129.994 129.994 29.757 29.757 -0.168
4 1 8 116.621 116.621 23.041 23.041 0.170
4 1 9 140.592 140.592 26.803 26.803 0.016
4 1 10 136.567 136.567 23.349 23.349 -0.238
4 1 11 90.838 90.838 11.141 11.141 -0.598
4 1 12 171.836 171.836 28.031 28.031 0.082
4 1 13 152.028 152.028 21.648 21.648 -0.151
4 1 14 127.158 127.158 15.253 15.253 0.036
4 1 15 125.524 125.524 13.669 13.669 -0.583
4 1 16 157.232 157.232 17.394 17.394 -0.615
4 1 17 165.419 165.419 18.784 18.784 0.244
4 1 18 199.444 199.444 2388.709 2388.709 0.000
4 1 19 174.881 174.881 18.450 18.450 -0.079
4 1 20 134.584 134.584 11.904 11.904 -0.098
4 1 21 157.213 157.213 14.268 14.268 0.055
4 1 22 189.138 189.138 18.177 18.177 -0.093
4 1 23 195.184 195.184 18.496 18.496 -0.092
4 2 1 99.616 99.616 153.014 153.014 0.074
4 2 2 104.635 104.635 105.888 105.888 0.180
4 2 3 138.559 138.559 189.405 189.405 0.164
4 2 4 112.050 112.050 76.764 76.764 -0.043
4 2 5 139.040 139.040 92.233 92.233 -0.080
4 2 6 143.287 143.287 84.065 84.065 0.154
4 2 7 162.591 162.591 89.027 89.027 0.020
4 2 8 118.391 118.391 50.700 50.700 -0.083
4 2 9 117.399 117.399 44.586 44.586 -0.217
4 2 10 170.872 170.872 71.299 71.299 -0.127
4 2 11 158.495 158.495 61.352 61.352 -0.094
4 2 12 189.565 189.565 74.135 74.135 -0.122
4 2 13 173.787 173.787 59.708 59.708 -0.064
4 2 14 150.595 150.595 45.674 45.674 -0.085
4 2 15 173.963 173.963 54.408 54.408 -0.043
4 2 16 147.325 147.325 39.297 39.297 0.083
4 2 17 171.088 171.088 47.094 47.094 -0.067
4 2 18 150.041 150.041 35.546 35.546 0.132
4 2 19 197.845 197.845 52.299 52.299 -0.013
4 2 20 158.358 158.358 35.394 35.394 -0.210
4 2 21 133.836 133.836 26.237 26.237 0.038
4 2 22 179.310 179.310 39.701 39.701 -0.050
4 2 23 202.539 202.539 46.289 46.289 -0.030
4 2 24 187.062 187.062 38.592 38.592 -0.037
4 2 25 168.206 168.206 31.879 31.879 -0.082
4 2 26 179.492 179.492 34.169 34.169 -0.098
4 2 27 190.049 190.049 35.061 35.061 -0.131
4 2 28 196.768 196.768 36.188 36.188 -0.083
4 2 29 153.647 153.647 23.746 23.746 -0.189
4 2 30 151.895 151.895 22.969 22.969 -0.097
4 2 31 149.927 149.927 22.060 22.060 -0.048
4 2 32 317.205 317.205 64.926 64.926 -0.015
4 2 33 189.938 189.938 29.373 29.373 -0.020
4 2 34 261.744 261.744 46.286 46.286 -0.087
4 2 35 296.622 296.622 54.077 54.077 -0.049
4 2 36 244.906 244.906 39.505 39.505 -0.120
4 2 37 307.478 307.478 54.898 54.898 -0.051
4 2 38 308.177 308.177 52.693 52.693 -0.085
4 2 39 263.302 263.302 41.048 41.048 -0.005
4 2 40 268.886 268.886 41.429 41.429 0.082
4 2 41 271.875 271.875 40.963 40.963 -0.051
4 2 42 288.387 288.387 43.838 43.838 -0.090
4 2 43 236.760 236.760 31.595 31.595 -0.090
4 2 44 272.203 272.203 38.271 38.271 -0.062
4 2 45 269.269 269.269 37.005 37.005 -0.078
4 2 46 238.391 238.391 29.867 29.867 0.064
4 2 47 242.572 242.572 30.865 30.865 -0.004
4 2 48 301.591 301.591 41.488 41.488 -0.005
4 2 49 180.627 180.627 18.895 18.895 -0.072
4 2 50 263.613 263.613 32.371 32.371 0.028
4 2 51 310.469 310.469 40.776 40.776 -0.048
4 2 52 268.301 268.301 32.286 32.286 0.021
4 2 53 276.759 276.759 33.578 33.578 -0.023
4 2 54 254.168 254.168 29.079 29.079 0.007
4 2 55 225.208 225.208 24.395 24.395 -0.022
4 2 56 324.080 324.080 41.014 41.014 -0.033
4 2 57 210.813 210.813 21.961 21.961 -0.047
4 2 58 228.162 228.162 24.638 24.638 0.043
4 2 59 211.921 211.921 23.058 23.058 -0.018
4 2 60 216.416 216.416 23.767 23.767 -0.142
4 2 61 383.670 383.670 9795.542 9795.542 0.000
4 2 62 312.690 312.690 37.041 37.041 0.010
4 3 1 191.281 191.281 18.848 18.848 -0.275
4 3 2 227.154 227.154 23.130 23.130 -0.042
4 3 3 355.166 355.166 51.170 51.170 0.122
4 3 4 239.013 239.013 45.246 45.246 -0.584
4 3 5 231.936 231.936 3300.752 3300.752 0.000
5 1 1 127.288 127.288 107.237 107.237 0.093
5 1 2 105.973 105.973 60.387 60.387 -0.283
5 1 3 165.933 165.933 78.102 78.102 0.161
5 1 4 136.308 136.308 50.365 50.365 0.113
5 1 5 91.930 91.930 22.506 22.506 0.068
5 1 6 95.696 95.696 20.950 20.950 -0.660
5 1 7 100.023 100.023 19.945 19.945 0.284
5 1 8 106.016 106.016 19.964 19.964 -0.139
5 1 9 131.815 131.815 24.344 24.344 -0.039
5 1 10 143.855 143.855 25.136 25.136 -0.244
5 1 11 142.580 142.580 22.916 22.916 -0.064
5 1 12 159.373 159.373 25.144 25.144 0.094
5 1 13 169.663 169.663 25.309 25.309 -0.221
5 1 14 133.095 133.095 16.256 16.256 -0.173
5 1 15 182.156 182.156 24.125 24.125 0.352
5 1 16 159.276 159.276 20.525 20.525 -0.968
5 1 17 160.958 160.958 17.896 17.896 -0.351
5 1 18 197.237 197.237 23.421 23.421 -0.147
5 1 19 198.656 198.656 22.370 22.370 0.064
5 1 20 179.400 179.400 18.329 18.329 -0.092
5 1 21 186.353 186.353 18.538 18.538 -0.087
5 1 22 173.284 173.284 15.955 15.955 0.081
5 1 23 168.373 168.373 15.217 15.217 0.104
5 2 1 105.910 105.910 641.592 641.592 -0.137
5 2 2 104.618 104.618 96.459 96.459 0.126
5 2 3 152.470 152.470 153.828 153.828 -0.023
5 2 4 123.597 123.597 86.489 86.489 -0.088
5 2 5 102.540 102.540 59.630 59.630 0.029
5 2 6 103.667 103.667 51.512 51.512 -0.182
5 2 7 134.060 134.060 66.296 66.296 -0.054
5 2 8 141.691 141.691 67.004 67.004 0.010
5 2 9 135.918 135.918 58.203 58.203 -0.049
5 2 10 176.818 176.818 75.983 75.983 -0.096
5 2 11 207.245 207.245 92.254 92.254 -0.011
5 2 12 227.830 227.830 99.872 99.872 -0.040
5 2 13 180.204 180.204 63.297 63.297 -0.012
5 2 14 156.061 156.061 48.354 48.354 -0.061
5 2 15 168.532 168.532 51.830 51.830 -0.050
5 2 16 149.262 149.262 40.321 40.321 -0.192
5 2 17 160.210 160.210 42.891 42.891 0.012
5 2 18 136.859 136.859 31.219 31.219 -0.030
5 2 19 166.938 166.938 39.733 39.733 -0.168
5 2 20 186.465 186.465 46.172 46.172 -0.004
5 2 21 121.855 121.855 22.779 22.779 -0.026
5 2 22 148.840 148.840 30.099 30.099 0.080
5 2 23 190.896 190.896 42.463 42.463 0.031
5 2 24 146.742 146.742 26.801 26.801 -0.050
5 2 25 165.911 165.911 31.167 31.167 -0.127
5 2 26 163.749 163.749 29.919 29.919 -0.019
5 2 27 203.380 203.380 38.946 38.946 -0.099
5 2 28 157.155 157.155 25.528 25.528 -0.220
5 2 29 136.021 136.021 19.938 19.938 -0.127
5 2 30 216.156 216.156 39.089 39.089 -0.095
5 2 31 133.072 133.072 18.402 18.402 -0.142
5 2 32 283.924 283.924 54.759 54.759 -0.050
5 2 33 217.894 217.894 35.979 35.979 -0.113
5 2 34 268.450 268.450 48.289 48.289 -0.026
5 2 35 257.304 257.304 43.705 43.705 -0.057
5 2 36 261.299 261.299 43.849 43.849 0.027
5 2 37 266.247 266.247 44.192 44.192 -0.032
5 2 38 345.551 345.551 62.967 62.967 0.031
5 2 39 192.085 192.085 25.554 25.554 0.047
5 2 40 256.185 256.185 38.623 38.623 -0.057
5 2 41 253.411 253.411 36.832 36.832 -0.063
5 2 42 238.697 238.697 32.935 32.935 -0.136
5 2 43 231.121 231.121 30.420 30.420 -0.099
5 2 44 290.245 290.245 42.163 42.163 -0.094
5 2 45 252.403 252.403 33.797 33.797 -0.144
5 2 46 230.128 230.128 28.392 28.392 -0.076
5 2 47 233.819 233.819 28.679 28.679 -0.095
5 2 48 280.852 280.852 37.286 37.286 -0.054
5 2 49 216.192 216.192 24.610 24.610 -0.001
5 2 50 294.557 294.557 38.778 38.778 -0.094
5 2 51 316.868 316.868 42.260 42.260 -0.086
5 2 52 316.666 316.666 41.121 41.121 -0.050
5 2 53 271.038 271.038 32.089 32.089 -0.042
5 2 54 247.837 247.837 27.941 27.941 -0.099
5 2 55 253.232 253.232 28.348 28.348 0.064
5 2 56 206.558 206.558 21.415 21.415 -0.132
5 2 57 193.702 193.702 19.722 19.722 0.029
5 2 58 227.852 227.852 25.058 25.058 -0.044
5 2 59 191.237 191.237 19.919 19.919 -0.008
5 2 60 268.004 268.004 32.302 32.302 0.003
5 2 61 222.235 222.235 25.298 25.298 -0.136
5 2 62 387.747 387.747 1573.922 1573.922 0.000
5 3 1 196.036 196.036 18.859 18.859 -0.091
5 3 2 223.300 223.300 21.720 21.720 -0.166
5 3 3 239.606 239.606 25.653 25.653 -0.365
5 3 4 225.278 225.278 22.003 22.003 -0.756
5 3 5 234.397 234.397 35.510 35.510 0.505
6 1 1 29.506 29.506 56.156 56.156 -1.220
6 1 2 120.232 120.232 69.242 69.242 -0.140
6 1 3 146.225 146.225 63.673 63.673 0.324
6 1 4 118.047 118.047 39.621 39.621 -0.193
6 1 5 114.244 114.244 29.997 29.997 -0.265
6 1 6 91.728 91.728 19.124 19.124 0.514
6 1 7 111.872 111.872 24.058 24.058 0.034
6 1 8 162.067 162.067 36.562 36.562 -0.265
6 1 9 124.472 124.472 21.831 21.831 -0.277
6 1 10 128.024 128.024 21.466 21.466 0.083
6 1 11 131.188 131.188 20.256 20.256 0.001
6 1 12 139.505 139.505 20.486 20.486 -0.094
6 1 13 138.277 138.277 18.678 18.678 -0.243
6 1 14 142.367 142.367 17.491 17.491 0.766
6 1 15 152.009 152.009 18.484 18.484 0.363
6 1 16 161.129 161.129 19.054 19.054 0.124
6 1 17 156.261 156.261 17.305 17.305 -0.370
6 1 18 198.098 198.098 23.614 23.614 -0.059
6 1 19 179.617 179.617 19.248 19.248 -0.031
6 1 20 181.622 181.622 18.922 18.922 -0.135
6 1 21 211.379 211.379 2705.928 2705.928 0.000
6 1 22 155.980 155.980 13.358 13.358 0.483
6 1 23 173.580 173.580 15.451 15.451 0.241
6 2 1 84.401 84.401 371.921 371.921 0.180
6 2 2 112.267 112.267 116.098 116.098 -0.025
6 2 3 149.184 149.184 149.231 149.231 -0.003
6 2 4 100.136 100.136 79.698 79.698 -0.220
6 2 5 119.062 119.062 72.786 72.786 -0.142
6 2 6 135.619 135.619 78.126 78.126 -0.178
6 2 7 181.077 181.077 104.364 104.364 0.050
6 2 8 124.120 124.120 52.168 52.168 0.185
6 2 9 161.543 161.543 75.575 75.575 0.024
6 2 10 182.973 182.973 81.056 81.056 -0.046
6 2 11 158.056 158.056 60.792 60.792 -0.083
6 2 12 196.304 196.304 79.264 79.264 -0.084
6 2 13 172.715 172.715 59.389 59.389 -0.019
6 2 14 133.019 133.019 38.218 38.218 -0.020
6 2 15 166.771 166.771 51.161 51.161 -0.018
6 2 16 153.952 153.952 41.836 41.836 0.090
6 2 17 148.430 148.430 37.959 37.959 0.113
6 2 18 131.074 131.074 29.270 29.270 0.016
6 2 19 149.965 149.965 34.208 34.208 -0.123
6 2 20 163.218 163.218 37.641 37.641 0.077
6 2 21 132.189 132.189 25.616 25.616 -0.106
6 2 22 168.939 168.939 36.372 36.372 -0.011
6 2 23 159.274 159.274 32.226 32.226 0.049
6 2 24 142.087 142.087 25.424 25.424 -0.121
6 2 25 156.645 156.645 28.682 28.682 -0.069
6 2 26 158.532 158.532 28.494 28.494 -0.025
6 2 27 190.256 190.256 35.363 35.363 -0.052
6 2 28 132.750 132.750 20.130 20.130 0.017
6 2 29 127.807 127.807 18.168 18.168 -0.107
6 2 30 173.354 173.354 28.104 28.104 0.015
6 2 31 118.872 118.872 15.580 15.580 -0.051
6 2 32 293.152 293.152 57.574 57.574 -0.013
6 2 33 201.487 201.487 32.021 32.021 0.086
6 2 34 264.635 264.635 47.319 47.319 0.017
6 2 35 230.988 230.988 37.219 37.219 -0.022
6 2 36 258.026 258.026 42.989 42.989 -0.049
6 2 37 225.849 225.849 34.564 34.564 0.001
6 2 38 286.924 286.924 47.434 47.434 0.087
6 2 39 316.043 316.043 54.024 54.024 0.032
6 2 40 263.060 263.060 40.243 40.243 -0.012
6 2 41 207.351 207.351 27.631 27.631 -0.173
6 2 42 215.574 215.574 28.398 28.398 -0.083
6 2 43 195.062 195.062 23.641 23.641 0.011
6 2 44 213.261 213.261 26.522 26.522 0.090
6 2 45 182.322 182.322 20.666 20.666 -0.006
6 2 46 207.222 207.222 24.250 24.250 0.011
6 2 47 191.231 191.231 21.290 21.290 0.032
6 2 48 316.404 316.404 44.669 44.669 0.034
6 2 49 258.688 258.688 31.947 31.947 0.006
6 2 50 262.841 262.841 32.156 32.156 -0.087
6 2 51 306.119 306.119 40.258 40.258 -0.017
6 2 52 290.476 290.476 35.824 35.824 0.072
6 2 53 308.920 308.920 38.769 38.769 -0.015
6 2 54 231.774 231.774 25.110 25.110 0.038
6 2 55 262.270 262.270 30.464 30.464 -0.015
6 2 56 227.985 227.985 24.666 24.666 0.019
6 2 57 194.365 194.365 19.240 19.240 0.095
6 2 58 220.674 220.674 20.906 20.906 -0.006
6 2 59 237.932 237.932 26.252 26.252 0.052
6 2 60 259.467 259.467 28.990 28.990 0.144
6 2 61 259.762 259.762 28.744 28.744 0.073
6 2 62 319.029 319.029 38.061 38.061 0.099
6 3 1 188.185 188.185 17.623 17.623 0.324
6 3 2 223.852 223.852 22.429 22.429 0.132
6 3 3 499.999 499.999 967.069 967.069 -0.064
6 3 4 220.211 220.211 29.175 29.175 0.844
6 3 5 263.931 263.931 37.397 37.397 -0.044
