1 1 1 0.235 0.120
1 1 2 -0.148 0.135
1 1 3 0.976 0.111
1 1 4 -0.005 0.129
1 1 5 0.966 0.109
1 1 6 0.970 0.190
1 1 7 -0.638 0.133
1 1 8 0.068 0.176
1 1 9 0.386 0.332
1 1 10 1.019 0.129
1 1 11 -0.544 0.135
1 1 12 -0.327 0.196
1 1 13 -0.714 0.200
1 1 14 -0.874 0.176
1 1 15 0.415 0.223
1 1 16 0.406 0.320
1 1 17 0.230 0.273
1 1 18 0.336 0.283
1 1 19 0.323 0.431
1 1 20 0.062 0.308
1 1 21 -0.517 0.330
1 1 22 -1.142 0.593
1 1 23 -0.039 0.653
1 2 1 0.393 0.118
1 2 2 -0.414 0.120
1 2 3 0.739 0.106
1 2 4 0.029 0.110
1 2 5 -0.103 0.118
1 2 6 0.366 0.107
1 2 7 0.934 0.099
1 2 8 0.351 0.089
1 2 9 -0.861 0.119
1 2 10 0.259 0.089
1 2 11 0.432 0.089
1 2 12 0.794 0.079
1 2 13 0.059 0.104
1 2 14 -0.535 0.087
1 2 15 -0.102 0.089
1 2 16 -0.590 0.093
1 2 17 -0.338 0.079
1 2 18 0.267 0.099
1 2 19 -0.641 0.097
1 2 20 0.655 0.098
1 2 21 -0.723 0.113
1 2 22 -0.480 0.094
1 2 23 -0.398 0.099
1 2 24 -0.073 0.089
1 2 25 -0.160 0.088
1 2 26 0.314 0.081
1 2 27 0.395 0.072
1 2 28 0.716 0.077
1 2 29 0.722 0.084
1 2 30 -0.790 0.084
1 2 31 0.518 0.090
1 2 32 0.428 0.093
1 2 33 0.929 0.083
1 2 34 0.626 0.088
1 2 35 0.693 0.095
1 2 36 0.050 0.112
1 2 37 0.761 0.098
1 2 38 0.980 0.108
1 2 39 0.404 0.098
1 2 40 -0.886 0.084
1 2 41 0.616 0.095
1 2 42 -0.006 0.081
1 2 43 -0.459 0.070
1 2 44 0.973 0.099
1 2 45 -0.345 0.070
1 2 46 0.829 0.100
1 2 47 0.799 0.082
1 2 48 -0.052 0.074
1 2 49 0.631 0.073
1 2 50 0.722 0.074
1 2 51 -0.755 0.075
1 2 52 0.807 0.076
1 2 53 0.196 0.077
1 2 54 -0.030 0.382
1 2 55 0.524 0.079
1 2 56 0.848 0.080
1 2 57 0.594 0.498
1 2 58 -0.968 0.081
1 2 59 0.020 0.082
1 2 60 -0.793 0.904
1 2 61 0.389 0.084
1 2 62 -0.254 0.426
1 3 1 0.000 0.100
1 3 2 -0.486 0.429
1 3 3 0.000 0.100
1 3 4 0.000 0.100
1 3 5 0.000 0.100
2 1 1 -0.385 0.100
2 1 2 -0.159 0.118
2 1 3 -0.129 0.124
2 1 4 -1.009 0.150
2 1 5 -0.430 0.170
2 1 6 0.000 0.100
2 1 7 0.338 0.130
2 1 8 -0.817 0.170
2 1 9 -0.804 0.170
2 1 10 0.000 0.100
2 1 11 0.312 0.255
2 1 12 0.827 0.140
2 1 13 -0.995 0.145
2 1 14 0.627 0.151
2 1 15 0.810 0.305
2 1 16 -0.350 0.274
2 1 17 0.318 0.328
2 1 18 -0.106 0.343
2 1 19 0.000 0.100
2 1 20 0.420 0.341
2 1 21 -0.086 0.423
2 1 22 -0.678 0.694
2 1 23 -0.289 0.200
2 2 1 -0.685 0.030
2 2 2 0.689 0.315
2 2 3 0.559 0.058
2 2 4 0.476 0.111
2 2 5 0.354 0.109
2 2 6 0.021 0.094
2 2 7 0.448 0.099
2 2 8 -0.806 0.105
2 2 9 -0.517 0.098
2 2 10 0.137 0.093
2 2 11 0.450 0.089
2 2 12 -0.763 0.093
2 2 13 0.887 0.086
2 2 14 0.267 0.102
2 2 15 -0.869 0.092
2 2 16 -0.132 0.092
2 2 17 0.603 0.090
2 2 18 0.750 0.093
2 2 19 0.612 0.087
2 2 20 0.346 0.077
2 2 21 0.850 0.087
2 2 22 -0.926 0.075
2 2 23 -0.598 0.092
2 2 24 -0.062 0.083
2 2 25 0.058 0.088
2 2 26 -0.450 0.078
2 2 27 -0.786 0.076
2 2 28 0.187 0.080
2 2 29 -0.073 0.075
2 2 30 -0.238 0.069
2 2 31 -0.311 0.092
2 2 32 -0.643 0.093
2 2 33 0.024 0.089
2 2 34 -0.048 0.065
2 2 35 0.379 0.094
2 2 36 0.886 0.106
2 2 37 -0.141 0.093
2 2 38 -0.060 0.088
2 2 39 0.309 0.087
2 2 40 -0.061 0.092
2 2 41 -0.954 0.096
2 2 42 -0.615 0.067
2 2 43 0.000 0.100
2 2 44 0.978 0.092
2 2 45 -0.286 0.115
2 2 46 -0.035 0.107
2 2 47 -0.887 0.103
2 2 48 0.429 0.072
2 2 49 0.804 0.146
2 2 50 0.705 0.074
2 2 51 0.348 0.075
2 2 52 0.078 0.457
2 2 53 -0.400 0.077
2 2 54 -0.646 0.359
2 2 55 -0.701 0.079
2 2 56 0.390 0.080
2 2 57 0.854 0.398
2 2 58 -0.112 0.081
2 2 59 -0.067 0.442
2 2 60 4.816 0.126
2 2 61 0.791 0.996
2 2 62 0.146 0.085
2 3 1 -0.747 0.992
2 3 2 0.065 0.155
2 3 3 0.000 0.100
2 3 4 0.000 0.100
2 3 5 0.000 0.100
3 1 1 -0.697 0.082
3 1 2 0.832 0.112
3 1 3 0.543 0.137
3 1 4 -0.679 0.118
3 1 5 -0.510 0.165
3 1 6 -0.220 0.146
3 1 7 -0.801 0.141
3 1 8 -0.870 0.197
3 1 9 0.217 0.151
3 1 10 -0.570 0.145
3 1 11 -0.627 0.317
3 1 12 0.208 0.140
3 1 13 0.704 0.145
3 1 14 -0.937 0.279
3 1 15 -0.147 0.358
3 1 16 1.062 0.162
3 1 17 0.711 0.358
3 1 18 -1.087 0.186
3 1 19 -0.120 0.477
3 1 20 -0.121 0.357
3 1 21 -0.022 0.476
3 1 22 -0.929 0.384
3 1 23 -0.199 1.000
3 2 1 0.515 0.030
3 2 2 -0.440 0.103
3 2 3 0.427 0.078
3 2 4 0.320 0.347
3 2 5 -0.469 0.112
3 2 6 0.315 0.123
3 2 7 0.039 0.113
3 2 8 -0.236 0.107
3 2 9 0.417 0.104
3 2 10 -0.375 0.107
3 2 11 0.137 0.095
3 2 12 0.802 0.102
3 2 13 0.296 0.101
3 2 14 0.426 0.101
3 2 15 -0.599 0.085
3 2 16 0.483 0.090
3 2 17 0.017 0.098
3 2 18 -0.745 0.095
3 2 19 -0.072 0.087
3 2 20 -0.113 0.080
3 2 21 0.085 0.088
3 2 22 -0.028 0.087
3 2 23 0.206 0.095
3 2 24 0.129 0.076
3 2 25 -0.635 0.097
3 2 26 0.361 0.087
3 2 27 0.230 0.095
3 2 28 0.964 0.088
3 2 29 0.860 0.091
3 2 30 0.879 0.082
3 2 31 -0.223 0.086
3 2 32 0.880 0.075
3 2 33 -0.587 0.087
3 2 34 0.057 0.085
3 2 35 0.248 0.103
3 2 36 -0.973 0.094
3 2 37 -0.767 0.160
3 2 38 -0.087 0.082
3 2 39 -0.622 0.086
3 2 40 0.409 0.110
3 2 41 0.695 0.080
3 2 42 -0.408 0.095
3 2 43 -0.510 0.085
3 2 44 0.908 0.088
3 2 45 0.735 0.190
3 2 46 0.916 0.094
3 2 47 0.861 0.075
3 2 48 0.331 0.110
3 2 49 0.745 0.099
3 2 50 0.904 0.074
3 2 51 -0.754 0.075
3 2 52 0.490 0.076
3 2 53 -0.281 0.077
3 2 54 -0.474 0.078
3 2 55 -0.718 0.335
3 2 56 -0.585 0.406
3 2 57 -0.193 0.080
3 2 58 -0.516 0.625
3 2 59 0.212 0.527
3 2 60 -0.153 0.083
3 2 61 0.201 0.084
3 2 62 0.240 0.404
3 3 1 -0.125 0.150
3 3 2 0.067 0.376
3 3 3 0.000 0.100
3 3 4 0.000 0.100
3 3 5 0.000 0.100
4 1 1 0.949 0.280
4 1 2 0.204 0.505
4 1 3 0.887 0.289
4 1 4 0.153 0.278
4 1 5 -0.254 0.405
4 1 6 0.065 0.448
4 1 7 0.974 0.113
4 1 8 -0.693 0.179
4 1 9 0.433 0.124
4 1 10 0.215 0.129
4 1 11 0.483 0.319
4 1 12 -0.789 0.142
4 1 13 0.506 0.242
4 1 14 0.444 0.277
4 1 15 -0.135 0.219
4 1 16 -0.324 0.237
4 1 17 0.584 0.317
4 1 18 -0.521 0.306
4 1 19 -0.786 0.407
4 1 20 0.155 0.216
4 1 21 -0.890 0.498
4 1 22 -0.621 0.394
4 1 23 -0.683 0.805
4 2 1 -0.903 0.134
4 2 2 0.121 0.139
4 2 3 -0.580 0.133
4 2 4 0.752 0.127
4 2 5 0.209 0.151
4 2 6 0.368 0.132
4 2 7 -0.796 0.120
4 2 8 0.211 0.148
4 2 9 -0.248 0.126
4 2 10 -0.822 0.126
4 2 11 0.891 0.151
4 2 12 -0.428 0.123
4 2 13 -0.402 0.115
4 2 14 0.888 0.128
4 2 15 0.130 0.141
4 2 16 -0.191 0.115
4 2 17 -0.461 0.104
4 2 18 -0.360 0.125
4 2 19 -0.805 0.117
4 2 20 0.684 0.120
4 2 21 -0.333 0.108
4 2 22 -0.289 0.090
4 2 23 0.331 0.096
4 2 24 -0.641 0.089
4 2 25 -0.691 0.097
4 2 26 0.372 0.086
4 2 27 0.129 0.087
4 2 28 0.442 0.094
4 2 29 -0.129 0.077
4 2 30 -0.819 0.060
4 2 31 0.866 0.095
4 2 32 0.473 0.089
4 2 33 0.723 0.096
4 2 34 0.971 0.085
4 2 35 -0.941 0.083
4 2 36 0.170 0.097
4 2 37 -0.828 0.083
4 2 38 -0.855 0.085
4 2 39 -0.331 0.107
4 2 40 -0.131 0.099
4 2 41 -0.042 0.090
4 2 42 -0.949 0.110
4 2 43 0.377 0.104
4 2 44 0.074 0.109
4 2 45 -0.425 0.073
4 2 46 0.377 0.108
4 2 47 -0.969 0.133
4 2 48 0.264 0.090
4 2 49 -0.411 0.073
4 2 50 -0.624 0.074
4 2 51 -0.045 0.112
4 2 52 -0.429 0.076
4 2 53 0.764 0.077
4 2 54 0.392 0.313
4 2 55 -0.315 0.464
4 2 56 0.690 0.080
4 2 57 0.388 0.080
4 2 58 0.788 0.410
4 2 59 -0.689 0.994
4 2 60 0.058 0.083
4 2 61 -1.042 0.084
4 2 62 0.845 0.100
4 3 1 0.449 0.895
4 3 2 -0.005 0.155
4 3 3 0.000 0.100
4 3 4 0.000 0.100
4 3 5 0.000 0.100
5 1 1 -0.767 0.108
5 1 2 0.072 0.138
5 1 3 0.831 0.114
5 1 4 -1.002 0.117
5 1 5 0.508 0.170
5 1 6 -0.942 0.144
5 1 7 0.331 0.182
5 1 8 0.433 0.190
5 1 9 0.355 0.151
5 1 10 0.349 0.162
5 1 11 -0.843 0.152
5 1 12 -0.551 0.270
5 1 13 0.605 0.215
5 1 14 -0.293 0.188
5 1 15 0.419 0.293
5 1 16 0.648 0.269
5 1 17 0.099 0.432
5 1 18 0.249 0.333
5 1 19 -0.047 0.293
5 1 20 -0.499 0.327
5 1 21 -0.430 0.354
5 1 22 0.629 0.498
5 1 23 0.513 0.685
5 2 1 0.581 0.341
5 2 2 0.706 0.139
5 2 3 0.027 0.317
5 2 4 -0.232 0.330
5 2 5 -0.710 0.124
5 2 6 -0.279 0.118
5 2 7 -0.035 0.108
5 2 8 0.129 0.126
5 2 9 0.789 0.117
5 2 10 0.501 0.097
5 2 11 0.264 0.102
5 2 12 0.809 0.104
5 2 13 0.256 0.104
5 2 14 0.930 0.094
5 2 15 -0.652 0.106
5 2 16 -0.503 0.102
5 2 17 0.300 0.109
5 2 18 0.092 0.119
5 2 19 0.437 0.089
5 2 20 -0.055 0.082
5 2 21 0.708 0.109
5 2 22 0.144 0.093
5 2 23 -0.861 0.089
5 2 24 0.012 0.091
5 2 25 0.353 0.094
5 2 26 -0.810 0.090
5 2 27 -0.737 0.086
5 2 28 -0.727 0.094
5 2 29 -0.338 0.109
5 2 30 -0.191 0.091
5 2 31 -0.120 0.091
5 2 32 0.899 0.095
5 2 33 0.573 0.107
5 2 34 -0.762 0.099
5 2 35 0.495 0.101
5 2 36 -0.166 0.102
5 2 37 0.293 0.091
5 2 38 0.418 0.108
5 2 39 0.047 0.104
5 2 40 0.920 0.109
5 2 41 -1.020 0.097
5 2 42 -0.024 0.123
5 2 43 -0.806 0.112
5 2 44 -0.445 0.121
5 2 45 -0.888 0.122
5 2 46 -0.235 0.118
5 2 47 -0.754 0.285
5 2 48 0.947 0.072
5 2 49 -0.576 0.073
5 2 50 -0.725 0.074
5 2 51 0.708 0.103
5 2 52 0.980 0.076
5 2 53 -0.808 0.077
5 2 54 0.427 0.078
5 2 55 -0.348 0.079
5 2 56 -0.545 0.080
5 2 57 -0.291 0.080
5 2 58 0.187 0.081
5 2 59 -0.719 0.589
5 2 60 -0.554 0.995
5 2 61 -1.301 0.993
5 2 62 -0.107 0.085
5 3 1 0.034 0.993
5 3 2 0.225 0.155
5 3 3 0.000 0.100
5 3 4 0.000 0.100
5 3 5 0.000 0.100
6 1 1 0.122 0.086
6 1 2 -0.239 0.118
6 1 3 0.819 0.111
6 1 4 0.343 0.152
6 1 5 0.671 0.126
6 1 6 -0.330 0.158
6 1 7 0.201 0.128
6 1 8 0.283 0.144
6 1 9 -0.390 0.160
6 1 10 -0.430 0.261
6 1 11 -0.665 0.157
6 1 12 0.596 0.146
6 1 13 -0.219 0.171
6 1 14 0.426 0.156
6 1 15 0.600 0.341
6 1 16 0.417 0.196
6 1 17 0.058 0.993
6 1 18 0.092 0.306
6 1 19 0.163 0.304
6 1 20 -0.806 0.251
6 1 21 0.000 0.100
6 1 22 -0.610 0.626
6 1 23 -0.349 0.326
6 2 1 -0.109 0.030
6 2 2 -0.125 0.127
6 2 3 -0.308 0.349
6 2 4 0.636 0.082
6 2 5 0.891 0.099
6 2 6 -0.864 0.113
6 2 7 -0.380 0.096
6 2 8 -0.917 0.106
6 2 9 0.984 0.102
6 2 10 -0.250 0.091
6 2 11 -0.570 0.103
6 2 12 0.542 0.083
6 2 13 0.387 0.095
6 2 14 0.376 0.097
6 2 15 0.790 0.087
6 2 16 0.418 0.103
6 2 17 -0.099 0.102
6 2 18 -0.220 0.099
6 2 19 -0.865 0.099
6 2 20 -0.764 0.091
6 2 21 -0.705 0.089
6 2 22 0.223 0.085
6 2 23 0.830 0.095
6 2 24 0.330 0.086
6 2 25 -0.077 0.099
6 2 26 0.875 0.085
6 2 27 -0.783 0.073
6 2 28 0.828 0.076
6 2 29 0.253 0.083
6 2 30 -0.435 0.090
6 2 31 0.892 0.101
6 2 32 -0.849 0.091
6 2 33 -0.109 0.096
6 2 34 -0.838 0.099
6 2 35 -0.755 0.100
6 2 36 0.761 0.104
6 2 37 -0.256 0.096
6 2 38 -0.710 0.093
6 2 39 0.962 0.103
6 2 40 0.127 0.093
6 2 41 0.635 0.107
6 2 42 -0.558 0.067
6 2 43 0.494 0.128
6 2 44 0.545 0.356
6 2 45 -0.967 0.122
6 2 46 -0.458 0.120
6 2 47 0.118 0.114
6 2 48 -0.578 0.309
6 2 49 0.476 0.102
6 2 50 0.099 0.074
6 2 51 0.427 0.410
6 2 52 0.499 0.076
6 2 53 0.021 0.077
6 2 54 0.495 0.495
6 2 55 -0.253 0.375
6 2 56 0.121 0.521
6 2 57 3.072 0.081
6 2 58 -0.941 0.754
6 2 59 1.184 0.450
6 2 60 -1.058 0.136
6 2 61 -0.628 0.084
6 2 62 -1.680 0.941
6 3 1 -0.911 0.869
6 3 2 -0.965 0.155
6 3 3 0.000 0.100
6 3 4 0.000 0.100
6 3 5 0.000 0.100
