1 1 1 832.320 832.320 4.055 4.055 -0.030 0.003
1 1 2 754.547 754.547 3.354 3.354 -0.080 0.003
1 1 3 753.789 753.789 3.825 3.825 -0.050 0.005
1 1 4 765.391 765.391 4.142 4.142 -0.144 0.005
1 1 5 788.646 788.646 3.935 3.935 -0.096 0.005
1 1 6 764.874 764.874 6.092 6.092 -0.233 0.009
1 1 7 704.219 704.219 4.173 4.173 -0.166 0.008
1 1 8 699.831 699.831 4.368 4.368 -0.138 0.010
1 1 9 727.368 727.368 5.166 5.166 -0.021 0.009
1 1 10 680.595 680.595 3.187 3.187 -0.106 0.011
1 1 11 706.598 706.598 2.839 2.839 0.017 0.011
1 1 12 697.884 697.884 2.871 2.871 -0.087 0.011
1 1 13 667.386 667.386 2.838 2.838 -0.138 0.013
1 1 14 683.321 683.321 2.725 2.725 -0.056 0.011
1 1 15 740.756 740.756 3.465 3.465 0.019 0.010
1 1 16 460.282 460.282 4.761 4.761 -0.633 0.012
1 1 17 714.809 714.809 3.583 3.583 0.007 0.013
1 1 18 739.429 739.429 3.914 3.914 -0.011 0.011
1 1 19 769.671 769.671 5.634 5.634 -0.025 0.015
1 1 20 782.302 782.302 6.381 6.381 0.016 0.012
1 1 21 726.929 726.929 5.612 5.612 -0.098 0.014
1 1 22 789.702 789.702 7.598 7.598 0.105 0.016
1 1 23 808.504 808.504 7.357 7.357 0.013 0.017
1 2 1 1206.772 1206.772 50.425 50.425 -0.022 0.004
1 2 2 1371.549 1371.549 11.868 11.868 -0.010 0.005
1 2 3 1527.225 1527.225 12.014 12.014 -0.034 0.003
1 2 4 1573.812 1573.812 15.541 15.541 -0.030 0.003
1 2 5 1535.513 1535.513 9.555 9.555 -0.060 0.003
1 2 6 1529.115 1529.115 8.364 8.364 -0.064 0.003
1 2 7 1566.201 1566.201 7.756 7.756 -0.058 0.003
1 2 8 1583.879 1583.879 8.366 8.366 -0.064 0.003
1 2 9 1573.017 1573.017 9.289 9.289 -0.052 0.003
1 2 10 1722.449 1722.449 9.594 9.594 -0.074 0.005
1 2 11 1587.918 1587.918 9.973 9.973 -0.081 0.004
1 2 12 1554.536 1554.536 8.428 8.428 -0.056 0.004
1 2 13 1546.854 1546.854 9.685 9.685 -0.136 0.007
1 2 14 1439.081 1439.081 9.400 9.400 0.116 0.006
1 2 15 1623.261 1623.261 11.440 11.440 -0.087 0.006
1 2 16 1559.451 1559.451 10.913 10.913 -0.116 0.006
1 2 17 1671.884 1671.884 11.304 11.304 -0.052 0.008
1 2 18 1615.501 1615.501 10.478 10.478 -0.127 0.011
1 2 19 1604.573 1604.573 11.875 11.875 -0.092 0.010
1 2 20 1580.250 1580.250 9.785 9.785 -0.103 0.010
1 2 21 1647.089 1647.089 11.289 11.289 -0.104 0.012
1 2 22 1641.236 1641.236 12.600 12.600 -0.127 0.009
1 2 23 1631.182 1631.182 9.898 9.898 -0.059 0.013
1 2 24 1619.444 1619.444 12.074 12.074 -0.105 0.011
1 2 25 1622.202 1622.202 10.784 10.784 -0.076 0.010
1 2 26 1605.455 1605.455 8.669 8.669 -0.066 0.010
1 2 27 1650.996 1650.996 9.408 9.408 -0.035 0.009
1 2 28 1604.705 1604.705 9.756 9.756 -0.094 0.014
1 2 29 1613.069 1613.069 7.996 7.996 -0.025 0.013
1 2 30 1662.062 1662.062 8.490 8.490 -0.028 0.012
1 2 31 1653.054 1653.054 8.142 8.142 -0.043 0.016
1 2 32 1657.438 1657.438 8.824 8.824 -0.030 0.007
1 2 33 1659.488 1659.488 7.935 7.935 -0.060 0.009
1 2 34 1689.726 1689.726 7.423 7.423 -0.033 0.008
1 2 35 1698.588 1698.588 7.193 7.193 -0.006 0.009
1 2 36 1657.337 1657.337 6.996 6.996 0.004 0.009
1 2 37 1696.244 1696.244 7.689 7.689 -0.029 0.009
1 2 38 1700.672 1700.672 7.893 7.893 0.003 0.007
1 2 39 1691.105 1691.105 8.376 8.376 0.014 0.010
1 2 40 1726.014 1726.014 9.310 9.310 -0.005 0.010
1 2 41 1709.563 1709.563 8.134 8.134 -0.003 0.009
1 2 42 1750.624 1750.624 9.529 9.529 -0.022 0.012
1 2 43 1719.050 1719.050 10.880 10.880 -0.024 0.013
1 2 44 1735.825 1735.825 10.062 10.062 -0.006 0.012
1 2 45 1736.946 1736.946 13.172 13.172 0.078 0.011
1 2 46 1750.842 1750.842 11.857 11.857 0.029 0.013
1 2 47 1803.512 1803.512 14.071 14.071 0.037 0.012
1 2 48 1774.913 1774.913 14.327 14.327 0.005 0.010
1 2 49 1764.403 1764.403 16.716 16.716 -0.027 0.014
1 2 50 1799.422 1799.422 14.706 14.706 0.033 0.010
1 2 51 1825.373 1825.373 15.925 15.925 0.042 0.009
1 2 52 1818.521 1818.521 17.086 17.086 0.046 0.012
1 2 53 1829.215 1829.215 15.419 15.419 0.019 0.012
1 2 54 1847.240 1847.240 23.552 23.552 0.083 0.018
1 2 55 1820.883 1820.883 24.611 24.611 0.045 0.015
1 2 56 1819.456 1819.456 18.324 18.324 0.040 0.012
1 2 57 1792.976 1792.976 20.156 20.156 0.050 0.016
1 2 58 1799.818 1799.818 29.508 29.508 0.068 0.015
1 2 59 1770.809 1770.809 26.690 26.690 0.039 0.015
1 2 60 1711.097 1711.097 22.030 22.030 0.045 0.015
1 2 61 1671.505 1671.505 23.821 23.821 0.021 0.016
1 2 62 1729.895 1729.895 31.267 31.267 0.028 0.017
1 3 1 327.359 327.359 18.065 18.065 0.031 0.014
1 3 2 236.781 236.781 17.723 17.723 0.021 0.013
1 3 3 136.043 136.043 32.291 32.291 -0.016 0.015
1 3 4 407.978 407.978 31.447 31.447 0.099 0.017
1 3 5 475.647 475.647 10.756 10.756 -0.447 0.019
2 1 1 833.599 833.599 6.694 6.694 0.053 0.004
2 1 2 818.338 818.338 7.478 7.478 0.076 0.005
2 1 3 813.367 813.367 7.704 7.704 0.167 0.011
2 1 4 804.358 804.358 6.134 6.134 0.046 0.008
2 1 5 836.357 836.357 11.548 11.548 0.147 0.011
2 1 6 12.500 12.500 0.000 0.000 0.000 0.000
2 1 7 762.031 762.031 5.743 5.743 0.140 0.010
2 1 8 714.429 714.429 5.028 5.028 0.117 0.011
2 1 9 746.518 746.518 4.698 4.698 0.117 0.012
2 1 10 12.500 12.500 0.000 0.000 0.000 0.000
2 1 11 763.478 763.478 4.009 4.009 0.184 0.012
2 1 12 759.113 759.113 5.277 5.277 0.096 0.019
2 1 13 739.105 739.105 3.378 3.378 0.133 0.014
2 1 14 733.283 733.283 3.366 3.366 0.014 0.014
2 1 15 769.642 769.642 3.748 3.748 -0.011 0.015
2 1 16 770.137 770.137 4.254 4.254 -0.025 0.015
2 1 17 754.219 754.219 4.490 4.490 -0.008 0.014
2 1 18 881.883 881.883 6.366 6.366 0.123 0.012
2 1 19 467.454 467.454 9.809 9.809 3.030 0.018
2 1 20 848.732 848.732 7.396 7.396 -0.121 0.014
2 1 21 967.591 967.591 10.041 10.041 0.027 0.015
2 1 22 914.181 914.181 10.121 10.121 0.069 0.015
2 1 23 740.812 740.812 8.496 8.496 0.098 0.018
2 2 1 1613.078 1613.078 16.905 16.905 0.000 0.005
2 2 2 868.212 868.212 987.733 987.733 0.002 0.006
2 2 3 2017.623 2017.623 70.006 70.006 0.007 0.004
2 2 4 1968.383 1968.383 33.647 33.647 0.043 0.007
2 2 5 2007.675 2007.675 44.085 44.085 0.021 0.005
2 2 6 1948.634 1948.634 27.952 27.952 0.032 0.004
2 2 7 1924.476 1924.476 23.179 23.179 0.050 0.005
2 2 8 1912.721 1912.721 18.018 18.018 0.101 0.007
2 2 9 1940.189 1940.189 22.744 22.744 0.102 0.006
2 2 10 1850.253 1850.253 21.805 21.805 0.051 0.005
2 2 11 1842.055 1842.055 19.234 19.234 0.057 0.005
2 2 12 1875.125 1875.125 22.208 22.208 0.022 0.005
2 2 13 1903.519 1903.519 17.347 17.347 0.086 0.007
2 2 14 1886.605 1886.605 22.098 22.098 0.109 0.009
2 2 15 1801.965 1801.965 23.663 23.663 0.119 0.009
2 2 16 1825.222 1825.222 97.763 97.763 0.094 0.008
2 2 17 1846.347 1846.347 17.041 17.041 0.062 0.008
2 2 18 1862.800 1862.800 18.248 18.248 0.111 0.012
2 2 19 1801.318 1801.318 161.643 161.643 0.112 0.013
2 2 20 1863.765 1863.765 26.021 26.021 0.089 0.011
2 2 21 1839.443 1839.443 13.909 13.909 0.118 0.014
2 2 22 1850.984 1850.984 16.938 16.938 0.110 0.010
2 2 23 1805.642 1805.642 15.433 15.433 0.118 0.012
2 2 24 1827.914 1827.914 12.640 12.640 0.111 0.014
2 2 25 1814.712 1814.712 15.436 15.436 0.080 0.012
2 2 26 1769.473 1769.473 12.566 12.566 0.085 0.012
2 2 27 1789.603 1789.603 12.085 12.085 0.085 0.010
2 2 28 1798.868 1798.868 12.821 12.821 0.059 0.012
2 2 29 1757.203 1757.203 11.043 11.043 0.107 0.014
2 2 30 1756.996 1756.996 11.059 11.059 0.111 0.015
2 2 31 1764.626 1764.626 12.543 12.543 0.120 0.019
2 2 32 1810.979 1810.979 9.321 9.321 0.037 0.009
2 2 33 1788.103 1788.103 10.002 10.002 0.040 0.010
2 2 34 1833.717 1833.717 10.378 10.378 0.035 0.009
2 2 35 1834.434 1834.434 9.572 9.572 0.041 0.009
2 2 36 1841.061 1841.061 10.503 10.503 0.023 0.011
2 2 37 1824.050 1824.050 9.536 9.536 0.011 0.011
2 2 38 1835.842 1835.842 9.166 9.166 0.012 0.009
2 2 39 1819.823 1819.823 11.678 11.678 -0.015 0.014
2 2 40 1899.364 1899.364 13.341 13.341 -0.033 0.013
2 2 41 1846.375 1846.375 13.236 13.236 0.037 0.011
2 2 42 1850.548 1850.548 14.027 14.027 0.014 0.013
2 2 43 1886.073 1886.073 15.374 15.374 -0.022 0.014
2 2 44 1903.536 1903.536 12.879 12.879 -0.054 0.011
2 2 45 1897.041 1897.041 16.685 16.685 -0.009 0.013
2 2 46 1954.417 1954.417 18.909 18.909 0.006 0.012
2 2 47 1946.308 1946.308 15.785 15.785 -0.019 0.012
2 2 48 1955.995 1955.995 22.602 22.602 -0.030 0.011
2 2 49 1991.899 1991.899 18.442 18.442 -0.022 0.012
2 2 50 1967.678 1967.678 21.334 21.334 -0.012 0.011
2 2 51 2008.124 2008.124 18.435 18.435 -0.005 0.010
2 2 52 1964.630 1964.630 20.309 20.309 0.030 0.011
2 2 53 1720.666 1720.666 968.285 968.285 0.002 0.011
2 2 54 2069.301 2069.301 23.385 23.385 0.046 0.012
2 2 55 1864.326 1864.326 19.703 19.703 0.065 0.015
2 2 56 1873.261 1873.261 25.653 25.653 0.064 0.012
2 2 57 1920.230 1920.230 32.563 32.563 0.087 0.014
2 2 58 1859.655 1859.655 22.282 22.282 0.049 0.018
2 2 59 1883.353 1883.353 22.563 22.563 0.049 0.018
2 2 60 1836.534 1836.534 24.424 24.424 0.114 0.017
2 2 61 1804.918 1804.918 20.069 20.069 0.023 0.015
2 2 62 1794.643 1794.643 24.135 24.135 0.003 0.014
2 3 1 90.444 90.444 445.010 445.010 0.028 0.014
2 3 2 392.293 392.293 186.147 186.147 -0.059 0.011
2 3 3 437.356 437.356 3.929 3.929 -0.134 0.013
2 3 4 438.637 438.637 4.156 4.156 -0.065 0.016
2 3 5 450.666 450.666 3.798 3.798 -0.178 0.018
3 1 1 865.115 865.115 5.411 5.411 0.004 0.002
3 1 2 827.416 827.416 4.599 4.599 -0.105 0.003
3 1 3 811.391 811.391 4.647 4.647 -0.194 0.005
3 1 4 807.581 807.581 4.646 4.646 -0.060 0.005
3 1 5 807.738 807.738 5.075 5.075 -0.320 0.009
3 1 6 814.119 814.119 5.401 5.401 -0.163 0.010
3 1 7 775.030 775.030 3.843 3.843 -0.171 0.008
3 1 8 766.493 766.493 4.026 4.026 -0.197 0.008
3 1 9 795.925 795.925 4.458 4.458 0.077 0.009
3 1 10 746.923 746.923 3.403 3.403 0.069 0.010
3 1 11 744.337 744.337 4.039 4.039 -0.080 0.015
3 1 12 730.451 730.451 3.217 3.217 0.020 0.012
3 1 13 727.308 727.308 3.065 3.065 -0.048 0.012
3 1 14 766.878 766.878 3.148 3.148 -0.090 0.012
3 1 15 743.891 743.891 3.429 3.429 0.006 0.011
3 1 16 736.431 736.431 3.398 3.398 0.042 0.011
3 1 17 776.561 776.561 3.974 3.974 -0.030 0.012
3 1 18 792.342 792.342 4.311 4.311 0.098 0.010
3 1 19 758.967 758.967 4.742 4.742 0.108 0.012
3 1 20 815.075 815.075 5.431 5.431 0.196 0.013
3 1 21 910.315 910.315 8.323 8.323 0.333 0.013
3 1 22 898.971 898.971 8.491 8.491 0.292 0.015
3 1 23 841.923 841.923 9.231 9.231 0.218 0.016
3 2 1 -237.082 -237.082 1.414 1.414 -0.059 0.004
3 2 2 -762.201 -762.201 1.414 1.414 -0.029 0.003
3 2 3 2021.991 2021.991 33.155 33.155 -0.040 0.002
3 2 4 2027.527 2027.527 29.132 29.132 -0.067 0.002
3 2 5 1885.451 1885.451 20.644 20.644 -0.090 0.002
3 2 6 1904.126 1904.126 13.599 13.599 -0.143 0.003
3 2 7 1901.161 1901.161 13.679 13.679 -0.111 0.002
3 2 8 1880.180 1880.180 13.359 13.359 -0.092 0.003
3 2 9 1841.641 1841.641 13.138 13.138 -0.135 0.004
3 2 10 1824.170 1824.170 13.265 13.265 -0.106 0.004
3 2 11 1812.439 1812.439 13.931 13.931 -0.106 0.004
3 2 12 1880.940 1880.940 12.043 12.043 -0.087 0.004
3 2 13 1818.343 1818.343 12.044 12.044 -0.118 0.005
3 2 14 1812.906 1812.906 14.406 14.406 -0.116 0.005
3 2 15 1822.537 1822.537 13.928 13.928 -0.113 0.005
3 2 16 1799.305 1799.305 12.227 12.227 -0.145 0.007
3 2 17 1793.734 1793.734 10.524 10.524 -0.124 0.006
3 2 18 1777.506 1777.506 10.894 10.894 -0.106 0.008
3 2 19 1828.132 1828.132 11.271 11.271 -0.089 0.006
3 2 20 1812.500 1812.500 4.496 4.496 -0.100 0.007
3 2 21 1821.372 1821.372 11.158 11.158 -0.175 0.011
3 2 22 1739.371 1739.371 11.020 11.020 -0.081 0.008
3 2 23 1737.500 1737.500 8.608 8.608 -0.084 0.010
3 2 24 1794.960 1794.960 11.316 11.316 -0.085 0.010
3 2 25 1762.827 1762.827 9.008 9.008 -0.077 0.011
3 2 26 1695.727 1695.727 8.250 8.250 -0.024 0.010
3 2 27 1770.954 1770.954 9.921 9.921 -0.052 0.011
3 2 28 1719.418 1719.418 9.649 9.649 -0.035 0.012
3 2 29 1783.298 1783.298 9.019 9.019 -0.030 0.014
3 2 30 1779.440 1779.440 9.271 9.271 -0.004 0.011
3 2 31 1749.428 1749.428 9.767 9.767 -0.020 0.012
3 2 32 1759.592 1759.592 8.152 8.152 -0.029 0.008
3 2 33 1778.165 1778.165 9.115 9.115 0.006 0.011
3 2 34 1784.815 1784.815 7.963 7.963 -0.019 0.009
3 2 35 1824.844 1824.844 8.970 8.970 -0.040 0.010
3 2 36 1818.017 1818.017 8.947 8.947 -0.020 0.010
3 2 37 1786.294 1786.294 7.921 7.921 -0.009 0.010
3 2 38 1843.271 1843.271 8.421 8.421 -0.017 0.008
3 2 39 1835.993 1835.993 9.505 9.505 -0.006 0.009
3 2 40 1813.770 1813.770 9.310 9.310 0.014 0.008
3 2 41 1829.835 1829.835 9.833 9.833 -0.020 0.011
3 2 42 1866.513 1866.513 10.654 10.654 0.018 0.011
3 2 43 1881.806 1881.806 11.933 11.933 -0.003 0.010
3 2 44 1852.464 1852.464 11.289 11.289 0.022 0.009
3 2 45 1885.874 1885.874 10.952 10.952 0.016 0.011
3 2 46 1929.805 1929.805 14.230 14.230 0.046 0.013
3 2 47 1941.905 1941.905 14.235 14.235 0.027 0.009
3 2 48 1925.997 1925.997 13.475 13.475 0.077 0.013
3 2 49 1943.659 1943.659 17.323 17.323 0.092 0.014
3 2 50 1957.045 1957.045 17.050 17.050 0.119 0.015
3 2 51 1913.826 1913.826 19.170 19.170 0.078 0.014
3 2 52 1965.210 1965.210 17.943 17.943 0.091 0.009
3 2 53 1988.239 1988.239 21.547 21.547 0.134 0.015
3 2 54 2017.745 2017.745 19.691 19.691 0.094 0.012
3 2 55 1915.764 1915.764 17.980 17.980 0.120 0.014
3 2 56 1908.392 1908.392 18.575 18.575 0.093 0.011
3 2 57 1967.232 1967.232 30.942 30.942 0.089 0.015
3 2 58 1946.059 1946.059 18.685 18.685 0.137 0.017
3 2 59 1878.854 1878.854 29.650 29.650 0.105 0.017
3 2 60 1830.636 1830.636 19.370 19.370 0.053 0.015
3 2 61 1927.239 1927.239 26.855 26.855 0.100 0.017
3 2 62 1940.883 1940.883 24.976 24.976 0.059 0.013
3 3 1 392.213 392.213 83.584 83.584 0.221 0.014
3 3 2 -135.853 -135.853 323.457 323.457 0.188 0.010
3 3 3 464.301 464.301 2.461 2.461 0.185 0.013
3 3 4 476.731 476.731 3.699 3.699 0.252 0.015
3 3 5 287.541 287.541 89.714 89.714 1.014 0.020
4 1 1 836.464 836.464 4.546 4.546 -0.047 0.002
4 1 2 756.423 756.423 4.434 4.434 -0.185 0.003
4 1 3 711.217 711.217 4.996 4.996 -0.092 0.005
4 1 4 725.805 725.805 27.617 27.617 -0.100 0.006
4 1 5 712.270 712.270 6.968 6.968 -0.017 0.011
4 1 6 697.274 697.274 4.963 4.963 -0.064 0.011
4 1 7 673.939 673.939 3.879 3.879 -0.172 0.008
4 1 8 683.311 683.311 4.147 4.147 -0.030 0.010
4 1 9 760.125 760.125 3.991 3.991 -0.114 0.009
4 1 10 706.675 706.675 3.688 3.688 -0.206 0.010
4 1 11 655.067 655.067 3.378 3.378 -0.180 0.016
4 1 12 687.500 687.500 2.851 2.851 -0.073 0.009
4 1 13 730.393 730.393 3.244 3.244 -0.198 0.010
4 1 14 722.424 722.424 2.939 2.939 -0.082 0.012
4 1 15 790.835 790.835 3.517 3.517 -0.182 0.013
4 1 16 930.301 930.301 6.831 6.831 -0.518 0.012
4 1 17 715.095 715.095 3.588 3.588 -0.057 0.011
4 1 18 12.500 12.500 0.000 0.000 0.000 0.000
4 1 19 762.056 762.056 5.432 5.432 -0.177 0.012
4 1 20 766.265 766.265 5.739 5.739 -0.076 0.016
4 1 21 808.712 808.712 6.835 6.835 -0.033 0.016
4 1 22 806.339 806.339 9.827 9.827 -0.107 0.014
4 1 23 731.819 731.819 6.282 6.282 -0.006 0.015
4 2 1 1973.046 1973.046 23.566 23.566 -0.033 0.003
4 2 2 1726.997 1726.997 12.158 12.158 -0.024 0.003
4 2 3 1726.601 1726.601 11.131 11.131 -0.067 0.002
4 2 4 1815.468 1815.468 9.807 9.807 -0.077 0.003
4 2 5 1708.220 1708.220 12.244 12.244 -0.105 0.002
4 2 6 1659.455 1659.455 10.668 10.668 -0.064 0.003
4 2 7 1562.500 1562.500 4.868 4.868 -0.072 0.003
4 2 8 1671.541 1671.541 14.868 14.868 -0.109 0.006
4 2 9 1606.780 1606.780 12.227 12.227 -0.039 0.006
4 2 10 1626.372 1626.372 15.613 15.613 -0.080 0.005
4 2 11 1647.374 1647.374 17.060 17.060 -0.034 0.006
4 2 12 1632.686 1632.686 17.306 17.306 -0.058 0.005
4 2 13 1605.316 1605.316 13.825 13.825 -0.052 0.006
4 2 14 1677.181 1677.181 16.032 16.032 -0.099 0.007
4 2 15 1562.500 1562.500 7.347 7.347 -0.026 0.007
4 2 16 1649.356 1649.356 13.512 13.512 -0.036 0.008
4 2 17 1621.570 1621.570 12.306 12.306 -0.059 0.008
4 2 18 1622.308 1622.308 10.601 10.601 -0.055 0.009
4 2 19 1642.659 1642.659 10.650 10.650 -0.044 0.007
4 2 20 1626.672 1626.672 14.247 14.247 -0.040 0.010
4 2 21 1653.887 1653.887 11.551 11.551 -0.023 0.012
4 2 22 1626.336 1626.336 10.590 10.590 -0.059 0.009
4 2 23 1644.253 1644.253 9.886 9.886 -0.054 0.009
4 2 24 1648.681 1648.681 10.328 10.328 -0.033 0.010
4 2 25 1627.302 1627.302 10.670 10.670 -0.043 0.011
4 2 26 1630.764 1630.764 10.110 10.110 -0.022 0.011
4 2 27 1626.756 1626.756 10.818 10.818 0.006 0.010
4 2 28 1630.751 1630.751 8.836 8.836 -0.024 0.010
4 2 29 1671.754 1671.754 10.236 10.236 -0.086 0.013
4 2 30 1648.246 1648.246 8.179 8.179 -0.055 0.013
4 2 31 1637.484 1637.484 8.445 8.445 -0.076 0.014
4 2 32 1681.044 1681.044 8.782 8.782 -0.046 0.007
4 2 33 1705.625 1705.625 8.033 8.033 -0.064 0.011
4 2 34 1681.372 1681.372 7.430 7.430 -0.072 0.008
4 2 35 1686.560 1686.560 7.311 7.311 -0.025 0.007
4 2 36 1729.496 1729.496 8.512 8.512 -0.060 0.009
4 2 37 1726.652 1726.652 8.219 8.219 -0.052 0.007
4 2 38 1686.816 1686.816 8.180 8.180 -0.056 0.008
4 2 39 1721.751 1721.751 9.165 9.165 -0.016 0.009
4 2 40 1751.006 1751.006 8.864 8.864 -0.030 0.009
4 2 41 1756.753 1756.753 9.587 9.587 -0.043 0.009
4 2 42 1774.199 1774.199 10.412 10.412 -0.040 0.009
4 2 43 1823.163 1823.163 11.222 11.222 -0.051 0.010
4 2 44 1764.716 1764.716 10.261 10.261 -0.003 0.009
4 2 45 1818.221 1818.221 13.683 13.683 0.003 0.010
4 2 46 1812.916 1812.916 12.829 12.829 -0.006 0.011
4 2 47 1840.227 1840.227 14.475 14.475 0.002 0.011
4 2 48 1819.847 1819.847 13.659 13.659 -0.027 0.010
4 2 49 1783.531 1783.531 16.336 16.336 -0.019 0.016
4 2 50 1850.319 1850.319 17.062 17.062 -0.023 0.011
4 2 51 1881.240 1881.240 19.047 19.047 -0.018 0.010
4 2 52 1872.386 1872.386 21.319 21.319 0.020 0.012
4 2 53 1871.793 1871.793 21.544 21.544 0.019 0.012
4 2 54 1850.368 1850.368 26.965 26.965 0.027 0.013
4 2 55 1775.743 1775.743 20.401 20.401 -0.049 0.015
4 2 56 1809.773 1809.773 21.909 21.909 -0.061 0.012
4 2 57 1748.447 1748.447 16.854 16.854 -0.095 0.017
4 2 58 1774.413 1774.413 19.599 19.599 -0.048 0.017
4 2 59 1720.009 1720.009 20.209 20.209 -0.025 0.018
4 2 60 1618.414 1618.414 18.817 18.817 -0.042 0.017
4 2 61 1600.043 1600.043 24.343 24.343 -0.031 0.017
4 2 62 1547.311 1547.311 18.752 18.752 -0.058 0.013
4 3 1 413.009 413.009 10.760 10.760 0.022 0.014
4 3 2 239.047 239.047 25.240 25.240 0.115 0.013
4 3 3 422.328 422.328 2.754 2.754 -0.017 0.016
4 3 4 423.807 423.807 11.385 11.385 0.207 0.017
4 3 5 612.500 612.500 2610.507 2610.507 0.180 0.000
5 1 1 840.766 840.766 12.226 12.226 -0.023 0.004
5 1 2 786.537 786.537 15.159 15.159 0.068 0.005
5 1 3 792.297 792.297 16.575 16.575 0.158 0.005
5 1 4 426.979 426.979 45.749 45.749 0.130 0.005
5 1 5 736.071 736.071 97.708 97.708 0.037 0.012
5 1 6 756.965 756.965 31.997 31.997 -0.079 0.013
5 1 7 503.266 503.266 31.948 31.948 -0.007 0.015
5 1 8 722.875 722.875 10.064 10.064 -0.036 0.015
5 1 9 740.572 740.572 8.548 8.548 0.112 0.012
5 1 10 547.283 547.283 32.830 32.830 -0.032 0.012
5 1 11 700.643 700.643 3.828 3.828 -0.106 0.014
5 1 12 695.379 695.379 5.276 5.276 -0.005 0.014
5 1 13 754.525 754.525 5.172 5.172 -0.035 0.013
5 1 14 743.136 743.136 4.560 4.560 -0.061 0.016
5 1 15 728.235 728.235 5.117 5.117 -0.010 0.013
5 1 16 794.340 794.340 5.297 5.297 -0.116 0.015
5 1 17 806.676 806.676 6.143 6.143 -0.049 0.015
5 1 18 761.396 761.396 5.687 5.687 -0.148 0.014
5 1 19 816.949 816.949 7.697 7.697 -0.063 0.014
5 1 20 857.557 857.557 8.491 8.491 -0.049 0.016
5 1 21 890.751 890.751 9.658 9.658 -0.103 0.016
5 1 22 920.348 920.348 12.369 12.369 -0.006 0.017
5 1 23 858.962 858.962 10.377 10.377 0.080 0.019
5 2 1 1003.102 1003.102 189.955 189.955 0.043 0.005
5 2 2 2377.079 2377.079 36.355 36.355 0.009 0.007
5 2 3 2081.385 2081.385 39.215 39.215 -0.019 0.006
5 2 4 1613.134 1613.134 205.398 205.398 0.036 0.006
5 2 5 2040.290 2040.290 34.634 34.634 0.046 0.007
5 2 6 1972.570 1972.570 33.591 33.591 0.040 0.007
5 2 7 1996.345 1996.345 24.437 24.437 0.066 0.006
5 2 8 1977.108 1977.108 29.494 29.494 0.033 0.006
5 2 9 1918.759 1918.759 100.147 100.147 0.037 0.008
5 2 10 1264.434 1264.434 62.488 62.488 0.026 0.006
5 2 11 1924.479 1924.479 28.148 28.148 0.006 0.006
5 2 12 1310.365 1310.365 58.072 58.072 0.011 0.005
5 2 13 1245.567 1245.567 149.245 149.245 0.011 0.007
5 2 14 1169.226 1169.226 109.539 109.539 0.013 0.008
5 2 15 1318.489 1318.489 49.548 49.548 0.025 0.009
5 2 16 1211.119 1211.119 95.386 95.386 0.030 0.010
5 2 17 1884.075 1884.075 26.256 26.256 0.024 0.010
5 2 18 1196.869 1196.869 239.430 239.430 -0.006 0.014
5 2 19 1907.999 1907.999 38.472 38.472 -0.024 0.011
5 2 20 1210.391 1210.391 139.059 139.059 0.008 0.010
5 2 21 1135.870 1135.870 102.285 102.285 0.036 0.017
5 2 22 1745.951 1745.951 238.642 238.642 0.032 0.014
5 2 23 1843.398 1843.398 22.479 22.479 0.019 0.011
5 2 24 1848.181 1848.181 18.355 18.355 -0.012 0.015
5 2 25 1807.761 1807.761 29.276 29.276 -0.015 0.013
5 2 26 1796.313 1796.313 15.640 15.640 -0.005 0.014
5 2 27 1805.779 1805.779 19.566 19.566 0.022 0.012
5 2 28 1786.749 1786.749 12.526 12.526 -0.030 0.016
5 2 29 1843.086 1843.086 16.194 16.194 0.026 0.018
5 2 30 1829.182 1829.182 16.195 16.195 -0.025 0.013
5 2 31 1813.082 1813.082 16.077 16.077 -0.018 0.020
5 2 32 1800.575 1800.575 12.903 12.903 -0.049 0.010
5 2 33 1859.581 1859.581 14.866 14.866 -0.022 0.013
5 2 34 1829.163 1829.163 13.063 13.063 -0.008 0.011
5 2 35 1852.027 1852.027 15.363 15.363 -0.049 0.011
5 2 36 1840.936 1840.936 14.296 14.296 0.001 0.011
5 2 37 2112.500 2112.500 22.250 22.250 -0.018 0.011
5 2 38 1865.868 1865.868 13.285 13.285 -0.039 0.009
5 2 39 1859.193 1859.193 18.232 18.232 -0.063 0.017
5 2 40 1913.298 1913.298 21.347 21.347 -0.076 0.013
5 2 41 1891.071 1891.071 18.182 18.182 -0.034 0.013
5 2 42 1937.500 1937.500 8.861 8.861 -0.063 0.015
5 2 43 1915.002 1915.002 20.889 20.889 -0.077 0.015
5 2 44 1914.941 1914.941 20.749 20.749 -0.061 0.012
5 2 45 1915.735 1915.735 18.557 18.557 -0.032 0.014
5 2 46 1911.619 1911.619 22.534 22.534 -0.057 0.015
5 2 47 1905.132 1905.132 21.855 21.855 -0.080 0.015
5 2 48 1945.487 1945.487 20.238 20.238 -0.079 0.012
5 2 49 1888.509 1888.509 21.088 21.088 -0.073 0.017
5 2 50 2000.240 2000.240 25.391 25.391 -0.036 0.013
5 2 51 1983.055 1983.055 23.317 23.317 -0.071 0.012
5 2 52 1989.687 1989.687 22.497 22.497 -0.060 0.012
5 2 53 1977.012 1977.012 23.725 23.725 -0.074 0.014
5 2 54 1999.004 1999.004 25.265 25.265 -0.055 0.016
5 2 55 2035.958 2035.958 43.750 43.750 -0.021 0.016
5 2 56 1952.641 1952.641 39.265 39.265 -0.021 0.019
5 2 57 1999.965 1999.965 33.847 33.847 -0.034 0.020
5 2 58 1898.149 1898.149 26.531 26.531 -0.009 0.019
5 2 59 1927.271 1927.271 21.826 21.826 -0.059 0.022
5 2 60 1910.103 1910.103 27.785 27.785 -0.007 0.018
5 2 61 1774.992 1774.992 39.379 39.379 -0.124 0.020
5 2 62 1862.214 1862.214 24.448 24.448 -0.021 0.017
5 3 1 269.481 269.481 33.213 33.213 -0.088 0.014
5 3 2 457.860 457.860 2.571 2.571 -0.161 0.013
5 3 3 456.242 456.242 3.628 3.628 -0.145 0.014
5 3 4 680.028 680.028 5.896 5.896 -0.891 0.018
5 3 5 431.516 431.516 6.629 6.629 -0.134 0.020
6 1 1 918.699 918.699 5.696 5.696 -0.026 0.002
6 1 2 833.651 833.651 4.686 4.686 -0.106 0.003
6 1 3 860.853 860.853 4.503 4.503 0.109 0.003
6 1 4 745.479 745.479 4.298 4.298 0.193 0.005
6 1 5 823.106 823.106 4.593 4.593 0.203 0.006
6 1 6 756.728 756.728 4.542 4.542 0.296 0.008
6 1 7 761.459 761.459 3.777 3.777 0.193 0.008
6 1 8 783.180 783.180 3.885 3.885 0.086 0.007
6 1 9 778.402 778.402 3.924 3.924 0.021 0.009
6 1 10 757.981 757.981 3.491 3.491 0.210 0.010
6 1 11 761.623 761.623 3.580 3.580 0.016 0.011
6 1 12 696.242 696.242 2.847 2.847 0.043 0.010
6 1 13 719.090 719.090 2.836 2.836 0.097 0.011
6 1 14 817.554 817.554 3.460 3.460 0.281 0.011
6 1 15 750.593 750.593 3.412 3.412 0.126 0.011
6 1 16 749.096 749.096 3.162 3.162 0.248 0.011
6 1 17 783.734 783.734 4.118 4.118 0.074 0.012
6 1 18 770.174 770.174 4.269 4.269 0.096 0.011
6 1 19 825.081 825.081 6.890 6.890 0.115 0.012
6 1 20 822.306 822.306 6.681 6.681 0.217 0.013
6 1 21 12.500 12.500 0.000 0.000 0.000 0.000
6 1 22 909.538 909.538 10.904 10.904 0.376 0.017
6 1 23 839.516 839.516 10.378 10.378 0.239 0.018
6 2 1 2114.002 2114.002 42.961 42.961 -0.014 0.003
6 2 2 2004.091 2004.091 23.321 23.321 -0.010 0.002
6 2 3 2005.634 2005.634 21.737 21.737 0.005 0.002
6 2 4 2016.248 2016.248 18.223 18.223 0.059 0.002
6 2 5 1946.543 1946.543 16.245 16.245 0.056 0.002
6 2 6 1851.556 1851.556 14.887 14.887 0.048 0.002
6 2 7 1899.238 1899.238 14.392 14.392 0.043 0.002
6 2 8 1861.582 1861.582 11.113 11.113 0.040 0.003
6 2 9 1897.632 1897.632 16.136 16.136 0.041 0.003
6 2 10 1871.175 1871.175 11.756 11.756 0.038 0.003
6 2 11 1877.271 1877.271 12.508 12.508 0.044 0.004
6 2 12 1886.320 1886.320 13.821 13.821 0.049 0.004
6 2 13 1871.213 1871.213 13.019 13.019 0.062 0.005
6 2 14 1832.526 1832.526 11.229 11.229 0.098 0.006
6 2 15 1841.026 1841.026 12.108 12.108 0.080 0.006
6 2 16 1783.096 1783.096 11.854 11.854 0.095 0.006
6 2 17 1821.682 1821.682 11.914 11.914 0.084 0.007
6 2 18 1811.224 1811.224 10.937 10.937 0.094 0.008
6 2 19 1737.500 1737.500 3.069 3.069 0.112 0.008
6 2 20 1796.449 1796.449 10.388 10.388 0.094 0.008
6 2 21 1782.260 1782.260 10.258 10.258 0.097 0.010
6 2 22 1792.335 1792.335 10.333 10.333 0.070 0.009
6 2 23 1803.310 1803.310 11.812 11.812 0.056 0.009
6 2 24 1687.500 1687.500 4.551 4.551 0.108 0.011
6 2 25 1778.821 1778.821 11.194 11.194 0.113 0.010
6 2 26 1780.975 1780.975 9.589 9.589 0.075 0.011
6 2 27 1753.687 1753.687 10.324 10.324 0.055 0.009
6 2 28 1755.383 1755.383 8.845 8.845 0.065 0.013
6 2 29 1779.285 1779.285 9.476 9.476 0.067 0.015
6 2 30 1775.250 1775.250 8.560 8.560 0.040 0.011
6 2 31 1795.998 1795.998 9.799 9.799 0.046 0.016
6 2 32 1801.329 1801.329 9.811 9.811 0.046 0.007
6 2 33 1806.190 1806.190 9.933 9.933 0.039 0.010
6 2 34 1826.527 1826.527 10.620 10.620 0.061 0.008
6 2 35 1825.655 1825.655 9.859 9.859 0.050 0.010
6 2 36 1813.665 1813.665 10.194 10.194 0.030 0.010
6 2 37 1852.381 1852.381 10.028 10.028 0.041 0.011
6 2 38 1859.710 1859.710 10.022 10.022 0.047 0.008
6 2 39 1832.783 1832.783 9.353 9.353 0.022 0.008
6 2 40 1833.830 1833.830 10.584 10.584 0.047 0.010
6 2 41 1864.676 1864.676 11.360 11.360 0.074 0.012
6 2 42 1867.372 1867.372 11.327 11.327 0.039 0.012
6 2 43 1923.838 1923.838 14.071 14.071 0.069 0.013
6 2 44 1821.096 1821.096 13.471 13.471 0.141 0.013
6 2 45 1868.355 1868.355 13.938 13.938 0.057 0.015
6 2 46 1904.210 1904.210 14.965 14.965 0.075 0.014
6 2 47 1944.368 1944.368 16.198 16.198 0.120 0.015
6 2 48 1960.430 1960.430 20.645 20.645 0.049 0.009
6 2 49 1921.129 1921.129 15.735 15.735 0.061 0.011
6 2 50 1958.466 1958.466 19.187 19.187 0.085 0.012
6 2 51 1987.497 1987.497 19.361 19.361 0.068 0.010
6 2 52 2000.243 2000.243 23.266 23.266 0.085 0.012
6 2 53 1962.859 1962.859 19.936 19.936 0.084 0.011
6 2 54 1982.499 1982.499 20.222 20.222 0.131 0.015
6 2 55 1897.196 1897.196 19.794 19.794 0.112 0.013
6 2 56 1914.509 1914.509 27.160 27.160 0.081 0.017
6 2 57 1922.771 1922.771 33.299 33.299 0.152 0.019
6 2 58 1890.028 1890.028 23.181 23.181 0.137 0.017
6 2 59 1940.954 1940.954 23.407 23.407 0.151 0.017
6 2 60 1857.410 1857.410 32.508 32.508 0.190 0.016
6 2 61 1967.818 1967.818 25.868 25.868 0.164 0.016
6 2 62 1949.223 1949.223 36.895 36.895 0.151 0.014
6 3 1 504.793 504.793 3.128 3.128 0.251 0.014
6 3 2 474.835 474.835 2.872 2.872 0.429 0.012
6 3 3 507.300 507.300 3.946 3.946 0.213 0.014
6 3 4 453.575 453.575 4.041 4.041 0.298 0.017
6 3 5 479.345 479.345 3.137 3.137 0.269 0.014
