1 1 1 92.120 92.120 65.653 65.653 -0.069
1 1 2 129.862 129.862 80.364 80.364 -0.002
1 1 3 97.368 97.368 35.716 35.716 -0.406
1 1 4 122.826 122.826 43.323 43.323 0.038
1 1 5 137.165 137.165 40.555 40.555 0.108
1 1 6 102.627 102.627 28.222 28.222 -0.628
1 1 7 124.363 124.363 28.271 28.271 -0.063
1 1 8 125.650 125.650 27.039 27.039 0.083
1 1 9 146.672 146.672 30.802 30.802 0.212
1 1 10 129.231 129.231 23.265 23.265 -0.111
1 1 11 138.173 138.173 30.188 30.188 -0.521
1 1 12 140.904 140.904 24.081 24.081 -0.218
1 1 13 130.638 130.638 22.168 22.168 0.398
1 1 14 160.363 160.363 26.205 26.205 -0.090
1 1 15 169.627 169.627 26.141 26.141 -0.015
1 1 16 172.589 172.589 31.372 31.372 -0.312
1 1 17 155.571 155.571 26.489 26.489 0.242
1 1 18 183.781 183.781 33.446 33.446 -0.221
1 1 19 151.747 151.747 30.326 30.326 -0.102
1 1 20 184.721 184.721 39.038 39.038 -0.226
1 1 21 203.368 203.368 58.560 58.560 -0.160
1 1 22 180.776 180.776 66.594 66.594 -0.121
1 1 23 171.084 171.084 129.853 129.853 -0.225
1 2 1 97.510 97.510 148.030 148.030 -0.015
1 2 2 129.641 129.641 155.617 155.617 -0.063
1 2 3 124.571 124.571 141.720 141.720 -0.191
1 2 4 133.890 133.890 119.211 119.211 -0.147
1 2 5 127.033 127.033 81.707 81.707 -0.178
1 2 6 136.181 136.181 79.658 79.658 0.096
1 2 7 179.337 179.337 111.812 111.812 0.079
1 2 8 153.800 153.800 74.199 74.199 0.113
1 2 9 167.162 167.162 79.359 79.359 0.141
1 2 10 148.422 148.422 59.431 59.431 -0.045
1 2 11 169.487 169.487 67.864 67.864 -0.067
1 2 12 214.759 214.759 92.031 92.031 -0.125
1 2 13 142.367 142.367 43.973 43.973 -0.101
1 2 14 154.090 154.090 47.640 47.640 0.038
1 2 15 177.495 177.495 56.297 56.297 -0.014
1 2 16 173.049 173.049 51.122 51.122 0.023
1 2 17 178.385 178.385 50.303 50.303 -0.024
1 2 18 134.956 134.956 31.436 31.436 -0.110
1 2 19 151.374 151.374 34.986 34.986 0.036
1 2 20 153.405 153.405 35.478 35.478 -0.035
1 2 21 128.710 128.710 28.819 28.819 0.038
1 2 22 162.932 162.932 44.275 44.275 0.051
1 2 23 149.393 149.393 33.291 33.291 0.156
1 2 24 169.587 169.587 51.759 51.759 -0.057
1 2 25 197.610 197.610 55.574 55.574 -0.053
1 2 26 174.747 174.747 52.167 52.167 -0.038
1 2 27 213.652 213.652 62.148 62.148 -0.048
1 2 28 161.483 161.483 45.384 45.384 -0.104
1 2 29 155.774 155.774 38.803 38.803 0.029
1 2 30 173.119 173.119 49.265 49.265 0.014
1 2 31 137.505 137.505 31.456 31.456 -0.002
1 2 32 305.292 305.292 91.218 91.218 -0.037
1 2 33 234.686 234.686 87.827 87.827 -0.123
1 2 34 283.988 283.988 90.280 90.280 -0.008
1 2 35 244.357 244.357 82.144 82.144 0.067
1 2 36 250.490 250.490 80.054 80.054 0.034
1 2 37 262.016 262.016 87.469 87.469 0.053
1 2 38 327.867 327.867 123.351 123.351 0.030
1 2 39 232.551 232.551 56.751 56.751 0.094
1 2 40 236.301 236.301 59.487 59.487 0.087
1 2 41 282.325 282.325 102.828 102.828 -0.079
1 2 42 210.517 210.517 44.711 44.711 0.007
1 2 43 212.104 212.104 58.544 58.544 -0.056
1 2 44 230.588 230.588 73.326 73.326 -0.044
1 2 45 260.834 260.834 78.773 78.773 0.084
1 2 46 214.934 214.934 67.456 67.456 -0.040
1 2 47 235.590 235.590 58.590 58.590 -0.023
1 2 48 297.793 297.793 110.068 110.068 -0.086
1 2 49 231.161 231.161 89.046 89.046 -0.071
1 2 50 317.643 317.643 109.788 109.788 0.001
1 2 51 362.450 362.450 195.294 195.294 -0.001
1 2 52 263.146 263.146 82.058 82.058 -0.021
1 2 53 291.087 291.087 94.905 94.905 -0.067
1 2 54 211.091 211.091 93.365 93.365 0.036
1 2 55 251.956 251.956 222.570 222.570 -0.089
1 2 56 308.822 308.822 202.390 202.390 -0.054
1 2 57 235.513 235.513 94.683 94.683 -0.041
1 2 58 254.486 254.486 197.377 197.377 -0.119
1 2 59 243.809 243.809 249.172 249.172 -0.071
1 2 60 278.635 278.635 178.930 178.930 -0.059
1 2 61 256.269 256.269 138.430 138.430 -0.191
1 2 62 253.941 253.941 229.146 229.146 -0.139
1 3 1 215.883 215.883 78.823 78.823 -0.874
1 3 2 233.842 233.842 92.037 92.037 0.411
1 3 3 216.841 216.841 105.533 105.533 0.600
1 3 4 200.000 200.000 2403.024 2403.024 0.000
1 3 5 200.000 200.000 2403.024 2403.024 0.000
2 1 1 32.913 32.913 65.757 65.757 1.148
2 1 2 98.047 98.047 49.767 49.767 -0.183
2 1 3 72.811 72.811 23.178 23.178 -0.188
2 1 4 110.921 110.921 36.369 36.369 0.185
2 1 5 93.085 93.085 22.916 22.916 0.009
2 1 6 105.912 105.912 602.568 602.568 0.000
2 1 7 121.753 121.753 27.259 27.259 0.058
2 1 8 129.750 129.750 26.998 26.998 0.191
2 1 9 131.402 131.402 24.496 24.496 0.025
2 1 10 128.039 128.039 914.729 914.729 0.000
2 1 11 143.113 143.113 23.919 23.919 0.020
2 1 12 98.118 98.118 18.036 18.036 -0.326
2 1 13 135.498 135.498 21.205 21.205 -0.024
2 1 14 138.872 138.872 22.960 22.960 -0.283
2 1 15 133.467 133.467 22.937 22.937 0.019
2 1 16 149.520 149.520 24.057 24.057 -0.002
2 1 17 147.187 147.187 28.840 28.840 -0.392
2 1 18 191.651 191.651 33.638 33.638 0.148
2 1 19 177.823 177.823 1866.184 1866.184 0.000
2 1 20 171.590 171.590 30.314 30.314 -0.215
2 1 21 183.528 183.528 48.114 48.114 0.292
2 1 22 186.544 186.544 48.429 48.429 -0.233
2 1 23 167.675 167.675 92.347 92.347 0.372
2 2 1 68.909 68.909 432.244 432.244 0.240
2 2 2 113.451 113.451 117.268 117.268 -0.002
2 2 3 155.704 155.704 159.419 159.419 -0.018
2 2 4 100.995 100.995 70.543 70.543 -0.267
2 2 5 132.535 132.535 86.322 86.322 0.076
2 2 6 160.163 160.163 111.599 111.599 0.158
2 2 7 147.976 147.976 76.405 76.405 -0.087
2 2 8 120.658 120.658 52.447 52.447 0.073
2 2 9 129.478 129.478 52.945 52.945 -0.233
2 2 10 182.989 182.989 85.524 85.524 -0.128
2 2 11 179.445 179.445 78.443 78.443 -0.106
2 2 12 190.616 190.616 75.649 75.649 -0.101
2 2 13 158.920 158.920 52.390 52.390 0.025
2 2 14 129.089 129.089 36.535 36.535 -0.005
2 2 15 140.819 140.819 39.692 39.692 -0.013
2 2 16 161.515 161.515 45.106 45.106 -0.053
2 2 17 171.980 171.980 47.081 47.081 -0.123
2 2 18 127.456 127.456 28.024 28.024 -0.057
2 2 19 125.612 125.612 27.851 27.851 -0.031
2 2 20 166.519 166.519 42.433 42.433 0.007
2 2 21 131.820 131.820 27.978 27.978 -0.008
2 2 22 170.101 170.101 45.799 45.799 -0.002
2 2 23 162.074 162.074 37.639 37.639 -0.033
2 2 24 137.278 137.278 26.316 26.316 0.006
2 2 25 162.144 162.144 46.992 46.992 -0.076
2 2 26 165.358 165.358 44.487 44.487 -0.078
2 2 27 203.227 203.227 67.418 67.418 -0.132
2 2 28 175.271 175.271 46.691 46.691 -0.140
2 2 29 160.590 160.590 40.181 40.181 -0.201
2 2 30 160.963 160.963 47.687 47.687 -0.184
2 2 31 130.626 130.626 29.012 29.012 -0.026
2 2 32 243.519 243.519 66.220 66.220 -0.128
2 2 33 223.003 223.003 50.047 50.047 -0.044
2 2 34 271.668 271.668 78.993 78.993 -0.002
2 2 35 247.040 247.040 70.011 70.011 -0.043
2 2 36 224.249 224.249 50.773 50.773 -0.027
2 2 37 238.770 238.770 65.159 65.159 0.038
2 2 38 298.221 298.221 86.257 86.257 -0.029
2 2 39 199.339 199.339 46.642 46.642 0.013
2 2 40 213.914 213.914 48.474 48.474 -0.056
2 2 41 244.973 244.973 62.380 62.380 -0.062
2 2 42 220.782 220.782 53.635 53.635 0.012
2 2 43 200.721 200.721 52.148 52.148 -0.022
2 2 44 261.494 261.494 74.525 74.525 -0.100
2 2 45 222.668 222.668 58.848 58.848 -0.031
2 2 46 254.246 254.246 99.127 99.127 -0.047
2 2 47 251.525 251.525 71.637 71.637 -0.025
2 2 48 264.759 264.759 99.375 99.375 -0.072
2 2 49 252.499 252.499 90.786 90.786 -0.106
2 2 50 293.394 293.394 112.774 112.774 -0.037
2 2 51 316.662 316.662 115.558 115.558 -0.028
2 2 52 288.041 288.041 122.175 122.175 -0.077
2 2 53 305.608 305.608 106.352 106.352 -0.067
2 2 54 278.044 278.044 113.307 113.307 0.057
2 2 55 227.182 227.182 91.255 91.255 0.036
2 2 56 321.296 321.296 159.249 159.249 0.011
2 2 57 269.135 269.135 125.419 125.419 -0.020
2 2 58 213.731 213.731 121.754 121.754 -0.006
2 2 59 223.102 223.102 202.057 202.057 0.010
2 2 60 238.084 238.084 163.225 163.225 0.094
2 2 61 246.194 246.194 189.499 189.499 -0.054
2 2 62 278.141 278.141 182.049 182.049 0.068
2 3 1 208.900 208.900 86.704 86.704 -0.812
2 3 2 241.497 241.497 52.995 52.995 0.006
2 3 3 219.078 219.078 101.185 101.185 -0.160
2 3 4 80.208 80.208 143.444 143.444 2.069
2 3 5 200.000 200.000 2403.024 2403.024 0.000
3 1 1 148.721 148.721 133.148 133.148 0.147
3 1 2 138.674 138.674 98.850 98.850 -0.130
3 1 3 91.553 91.553 32.882 32.882 -0.164
3 1 4 121.467 121.467 42.549 42.549 -0.054
3 1 5 85.108 85.108 19.497 19.497 -0.387
3 1 6 87.504 87.504 19.133 19.133 0.192
3 1 7 118.572 118.572 52.387 52.387 -0.951
3 1 8 147.227 147.227 33.972 33.972 -0.049
3 1 9 134.922 134.922 26.304 26.304 -0.212
3 1 10 132.733 132.733 23.259 23.259 -0.024
3 1 11 106.241 106.241 18.597 18.597 0.189
3 1 12 133.435 133.435 20.221 20.221 -0.043
3 1 13 135.957 135.957 20.813 20.813 -0.201
3 1 14 150.012 150.012 21.707 21.707 0.404
3 1 15 173.376 173.376 37.415 37.415 -0.536
3 1 16 163.853 163.853 25.568 25.568 0.015
3 1 17 157.757 157.757 32.100 32.100 0.888
3 1 18 206.436 206.436 36.003 36.003 0.173
3 1 19 177.166 177.166 40.688 40.688 0.096
3 1 20 169.819 169.819 36.044 36.044 -0.174
3 1 21 185.385 185.385 40.228 40.228 0.278
3 1 22 193.687 193.687 45.690 45.690 0.381
3 1 23 187.850 187.850 81.235 81.235 -0.237
3 2 1 209.348 209.348 4146.771 4146.771 0.139
3 2 2 103.263 103.263 569.689 569.689 0.000
3 2 3 483.393 483.393 22878.470 22878.470 -0.082
3 2 4 219.443 219.443 235.835 235.835 0.055
3 2 5 136.755 136.755 103.485 103.485 -0.196
3 2 6 132.276 132.276 78.635 78.635 -0.040
3 2 7 170.411 170.411 94.793 94.793 -0.096
3 2 8 168.884 168.884 86.146 86.146 -0.065
3 2 9 132.554 132.554 54.235 54.235 -0.166
3 2 10 167.313 167.313 71.122 71.122 -0.058
3 2 11 188.356 188.356 79.181 79.181 -0.079
3 2 12 189.749 189.749 75.467 75.467 -0.073
3 2 13 158.709 158.709 59.291 59.291 -0.174
3 2 14 172.641 172.641 56.479 56.479 -0.033
3 2 15 177.963 177.963 56.373 56.373 0.001
3 2 16 137.746 137.746 35.616 35.616 0.035
3 2 17 181.104 181.104 51.426 51.426 -0.037
3 2 18 149.054 149.054 37.206 37.206 0.181
3 2 19 193.907 193.907 50.645 50.645 0.050
3 2 20 185.683 185.683 48.401 48.401 -0.028
3 2 21 131.261 131.261 28.079 28.079 -0.118
3 2 22 176.880 176.880 44.375 44.375 -0.005
3 2 23 156.400 156.400 33.179 33.179 0.034
3 2 24 166.463 166.463 39.981 39.981 -0.043
3 2 25 167.023 167.023 44.530 44.530 -0.062
3 2 26 175.364 175.364 42.389 42.389 -0.121
3 2 27 171.228 171.228 41.167 41.167 0.060
3 2 28 159.710 159.710 38.729 38.729 0.014
3 2 29 136.941 136.941 28.429 28.429 -0.176
3 2 30 171.313 171.313 42.823 42.823 0.082
3 2 31 163.334 163.334 44.953 44.953 0.083
3 2 32 254.002 254.002 64.625 64.625 -0.057
3 2 33 201.518 201.518 44.266 44.266 0.044
3 2 34 242.840 242.840 64.104 64.104 0.038
3 2 35 213.805 213.805 50.350 50.350 -0.021
3 2 36 227.931 227.931 58.815 58.815 0.108
3 2 37 231.995 231.995 55.166 55.166 0.096
3 2 38 281.819 281.819 78.084 78.084 0.028
3 2 39 243.789 243.789 70.666 70.666 0.153
3 2 40 284.307 284.307 84.590 84.590 0.078
3 2 41 217.370 217.370 54.020 54.020 0.032
3 2 42 219.872 219.872 52.656 52.656 0.022
3 2 43 250.866 250.866 82.013 82.013 0.101
3 2 44 258.049 258.049 82.349 82.349 0.029
3 2 45 236.101 236.101 60.901 60.901 0.004
3 2 46 203.910 203.910 64.815 64.815 0.048
3 2 47 281.137 281.137 86.212 86.212 0.042
3 2 48 219.473 219.473 63.667 63.667 0.015
3 2 49 199.600 199.600 52.034 52.034 0.052
3 2 50 190.669 190.669 58.574 58.574 0.234
3 2 51 203.462 203.462 59.015 59.015 0.009
3 2 52 315.505 315.505 131.572 131.572 0.001
3 2 53 212.622 212.622 91.277 91.277 -0.100
3 2 54 269.265 269.265 127.442 127.442 0.022
3 2 55 251.720 251.720 105.129 105.129 -0.019
3 2 56 332.000 332.000 147.095 147.095 -0.014
3 2 57 227.535 227.535 129.766 129.766 -0.049
3 2 58 206.741 206.741 110.723 110.723 -0.075
3 2 59 219.511 219.511 136.182 136.182 -0.013
3 2 60 262.898 262.898 154.401 154.401 -0.073
3 2 61 243.350 243.350 187.932 187.932 -0.049
3 2 62 243.792 243.792 180.770 180.770 -0.041
3 3 1 200.000 200.000 2403.024 2403.024 0.000
3 3 2 244.544 244.544 61.945 61.945 -0.057
3 3 3 215.847 215.847 72.177 72.177 0.541
3 3 4 278.395 278.395 7364.095 7364.095 0.270
3 3 5 200.000 200.000 2403.024 2403.024 0.000
4 1 1 104.523 104.523 79.913 79.913 -0.052
4 1 2 102.669 102.669 98.708 98.708 -0.471
4 1 3 118.233 118.233 45.979 45.979 -0.237
4 1 4 120.880 120.880 41.438 41.438 0.157
4 1 5 81.774 81.774 18.622 18.622 0.193
4 1 6 93.879 93.879 24.403 24.403 -0.117
4 1 7 138.314 138.314 32.835 32.835 -0.122
4 1 8 124.868 124.868 25.623 25.623 0.070
4 1 9 151.506 151.506 29.893 29.893 0.095
4 1 10 148.465 148.465 28.580 28.580 -0.165
4 1 11 114.508 114.508 26.125 26.125 -0.231
4 1 12 181.462 181.462 34.379 34.379 0.127
4 1 13 163.951 163.951 27.055 27.055 0.011
4 1 14 144.462 144.462 25.527 25.527 0.155
4 1 15 141.735 141.735 22.719 22.719 -0.435
4 1 16 178.062 178.062 42.174 42.174 -0.359
4 1 17 185.278 185.278 37.148 37.148 0.136
4 1 18 201.437 201.437 33.788 33.788 -0.077
4 1 19 196.828 196.828 50.200 50.200 -0.084
4 1 20 154.992 154.992 51.229 51.229 -0.043
4 1 21 197.664 197.664 78.490 78.490 -0.001
4 1 22 214.769 214.769 74.962 74.962 -0.051
4 1 23 215.395 215.395 90.946 90.946 -0.002
4 2 1 142.683 142.683 401.194 401.194 0.081
4 2 2 117.772 117.772 167.887 167.887 0.107
4 2 3 192.254 192.254 430.200 430.200 0.128
4 2 4 117.358 117.358 82.179 82.179 0.017
4 2 5 140.368 140.368 94.668 94.668 -0.066
4 2 6 141.009 141.009 88.748 88.748 0.123
4 2 7 175.674 175.674 99.404 99.404 -0.043
4 2 8 116.846 116.846 49.957 49.957 -0.076
4 2 9 131.644 131.644 56.890 56.890 -0.227
4 2 10 176.260 176.260 78.034 78.034 -0.122
4 2 11 160.480 160.480 62.151 62.151 -0.096
4 2 12 181.910 181.910 71.649 71.649 -0.155
4 2 13 175.483 175.483 60.657 60.657 -0.046
4 2 14 149.362 149.362 45.510 45.510 0.010
4 2 15 174.846 174.846 54.904 54.904 -0.034
4 2 16 149.791 149.791 40.282 40.282 0.067
4 2 17 172.202 172.202 47.802 47.802 -0.056
4 2 18 152.599 152.599 36.782 36.782 0.186
4 2 19 198.732 198.732 53.582 53.582 0.005
4 2 20 158.790 158.790 40.568 40.568 -0.100
4 2 21 137.580 137.580 30.547 30.547 0.052
4 2 22 177.783 177.783 45.138 45.138 -0.038
4 2 23 206.787 206.787 52.024 52.024 -0.007
4 2 24 193.048 193.048 48.804 48.804 0.015
4 2 25 173.790 173.790 43.610 43.610 -0.047
4 2 26 189.590 189.590 48.743 48.743 -0.035
4 2 27 193.787 193.787 53.060 53.060 -0.072
4 2 28 197.132 197.132 53.315 53.315 -0.017
4 2 29 161.804 161.804 40.190 40.190 -0.092
4 2 30 162.076 162.076 42.460 42.460 -0.020
4 2 31 156.209 156.209 39.517 39.517 0.012
4 2 32 313.842 313.842 98.405 98.405 -0.007
4 2 33 196.000 196.000 48.873 48.873 0.012
4 2 34 266.153 266.153 71.662 71.662 -0.050
4 2 35 301.520 301.520 83.327 83.327 -0.003
4 2 36 252.862 252.862 67.849 67.849 -0.066
4 2 37 308.510 308.510 89.878 89.878 -0.030
4 2 38 317.660 317.660 92.336 92.336 -0.046
4 2 39 276.244 276.244 70.483 70.483 -0.003
4 2 40 267.944 267.944 83.594 83.594 0.100
4 2 41 271.785 271.785 85.252 85.252 -0.017
4 2 42 282.199 282.199 88.009 88.009 -0.047
4 2 43 251.637 251.637 78.511 78.511 -0.037
4 2 44 275.284 275.284 75.450 75.450 -0.067
4 2 45 284.773 284.773 97.098 97.098 -0.059
4 2 46 235.268 235.268 86.183 86.183 0.071
4 2 47 242.604 242.604 67.558 67.558 -0.010
4 2 48 311.909 311.909 144.678 144.678 0.002
4 2 49 190.468 190.468 56.839 56.839 -0.038
4 2 50 267.676 267.676 91.374 91.374 0.019
4 2 51 311.186 311.186 101.147 101.147 -0.040
4 2 52 272.705 272.705 121.260 121.260 0.017
4 2 53 298.881 298.881 134.410 134.410 -0.000
4 2 54 257.027 257.027 110.918 110.918 0.040
4 2 55 228.850 228.850 105.057 105.057 -0.073
4 2 56 311.835 311.835 150.014 150.014 -0.012
4 2 57 210.154 210.154 110.849 110.849 0.048
4 2 58 238.043 238.043 133.002 133.002 0.019
4 2 59 220.429 220.429 112.305 112.305 0.057
4 2 60 219.310 219.310 173.009 173.009 -0.128
4 2 61 242.379 242.379 175.462 175.462 -0.066
4 2 62 288.914 288.914 410.466 410.466 0.061
4 3 1 210.961 210.961 88.089 88.089 -0.143
4 3 2 227.087 227.087 62.968 62.968 -0.071
4 3 3 250.767 250.767 157.991 157.991 0.270
4 3 4 251.912 251.912 6136.553 6136.553 -0.471
4 3 5 200.000 200.000 2403.024 2403.024 0.000
5 1 1 128.100 128.100 107.705 107.705 0.049
5 1 2 118.701 118.701 76.380 76.380 -0.256
5 1 3 169.570 169.570 83.422 83.422 0.069
5 1 4 144.928 144.928 55.368 55.368 -0.065
5 1 5 93.691 93.691 23.161 23.161 -0.060
5 1 6 103.104 103.104 21.345 21.345 -0.682
5 1 7 106.891 106.891 22.350 22.350 0.174
5 1 8 111.710 111.710 21.766 21.766 -0.241
5 1 9 143.454 143.454 28.386 28.386 -0.103
5 1 10 145.334 145.334 26.807 26.807 -0.223
5 1 11 148.569 148.569 25.335 25.335 -0.017
5 1 12 165.203 165.203 30.041 30.041 -0.047
5 1 13 176.061 176.061 29.545 29.545 -0.259
5 1 14 140.672 140.672 20.725 20.725 -0.183
5 1 15 190.798 190.798 33.726 33.726 0.183
5 1 16 169.807 169.807 33.089 33.089 -0.968
5 1 17 172.714 172.714 29.081 29.081 -0.145
5 1 18 208.837 208.837 37.067 37.067 -0.100
5 1 19 203.575 203.575 36.500 36.500 0.091
5 1 20 189.355 189.355 37.964 37.964 0.034
5 1 21 197.801 197.801 45.798 45.798 -0.134
5 1 22 183.573 183.573 45.089 45.089 -0.050
5 1 23 173.746 173.746 58.612 58.612 0.194
5 2 1 243.278 243.278 5574.813 5574.813 -0.193
5 2 2 111.303 111.303 139.017 139.017 0.137
5 2 3 195.527 195.527 226.159 226.159 -0.008
5 2 4 131.276 131.276 102.379 102.379 -0.105
5 2 5 117.263 117.263 73.044 73.044 0.016
5 2 6 124.706 124.706 73.387 73.387 -0.144
5 2 7 144.151 144.151 73.642 73.642 -0.072
5 2 8 149.774 149.774 72.850 72.850 0.003
5 2 9 139.934 139.934 60.896 60.896 -0.081
5 2 10 177.676 177.676 77.688 77.688 -0.131
5 2 11 191.489 191.489 81.043 81.043 -0.070
5 2 12 208.379 208.379 87.360 87.360 -0.055
5 2 13 179.282 179.282 62.332 62.332 -0.073
5 2 14 172.018 172.018 55.421 55.421 -0.102
5 2 15 166.752 166.752 50.769 50.769 -0.080
5 2 16 158.366 158.366 47.363 47.363 -0.271
5 2 17 156.541 156.541 41.310 41.310 -0.060
5 2 18 141.494 141.494 32.707 32.707 -0.080
5 2 19 173.393 173.393 43.476 43.476 -0.208
5 2 20 179.851 179.851 44.975 44.975 -0.032
5 2 21 127.262 127.262 24.949 24.949 -0.031
5 2 22 152.207 152.207 32.491 32.491 0.012
5 2 23 191.538 191.538 44.995 44.995 -0.051
5 2 24 151.454 151.454 32.750 32.750 -0.077
5 2 25 169.327 169.327 39.236 39.236 -0.188
5 2 26 168.872 168.872 39.394 39.394 -0.112
5 2 27 199.025 199.025 50.315 50.315 -0.134
5 2 28 161.472 161.472 43.512 43.512 -0.194
5 2 29 141.861 141.861 28.693 28.693 -0.150
5 2 30 219.985 219.985 61.967 61.967 -0.146
5 2 31 141.452 141.452 36.025 36.025 -0.193
5 2 32 280.047 280.047 70.902 70.902 -0.086
5 2 33 215.503 215.503 53.037 53.037 -0.133
5 2 34 267.527 267.527 80.006 80.006 -0.056
5 2 35 253.149 253.149 65.551 65.551 -0.083
5 2 36 263.695 263.695 72.405 72.405 -0.007
5 2 37 265.750 265.750 64.214 64.214 -0.029
5 2 38 339.763 339.763 104.253 104.253 0.006
5 2 39 199.241 199.241 48.121 48.121 0.005
5 2 40 250.558 250.558 71.325 71.325 -0.024
5 2 41 247.950 247.950 68.760 68.760 -0.085
5 2 42 238.213 238.213 59.539 59.539 -0.111
5 2 43 235.421 235.421 68.510 68.510 -0.128
5 2 44 285.316 285.316 90.467 90.467 -0.082
5 2 45 252.629 252.629 86.033 86.033 -0.147
5 2 46 225.275 225.275 72.617 72.617 -0.036
5 2 47 241.808 241.808 66.390 66.390 -0.033
5 2 48 290.319 290.319 120.442 120.442 -0.023
5 2 49 218.477 218.477 76.197 76.197 0.001
5 2 50 301.688 301.688 112.306 112.306 -0.048
5 2 51 309.637 309.637 96.528 96.528 -0.058
5 2 52 326.088 326.088 126.970 126.970 -0.045
5 2 53 265.965 265.965 83.870 83.870 -0.074
5 2 54 245.502 245.502 159.249 159.249 -0.096
5 2 55 250.097 250.097 84.288 84.288 0.001
5 2 56 204.126 204.126 110.979 110.979 -0.132
5 2 57 188.009 188.009 104.038 104.038 0.049
5 2 58 223.672 223.672 106.104 106.104 0.060
5 2 59 201.790 201.790 129.974 129.974 0.127
5 2 60 253.400 253.400 133.728 133.728 0.099
5 2 61 223.315 223.315 102.390 102.390 0.020
5 2 62 254.120 254.120 211.134 211.134 0.124
5 3 1 205.959 205.959 43.704 43.704 0.075
5 3 2 234.547 234.547 47.360 47.360 -0.139
5 3 3 248.791 248.791 154.496 154.496 -0.270
5 3 4 200.000 200.000 2403.024 2403.024 0.000
5 3 5 200.000 200.000 2403.024 2403.024 0.000
6 1 1 220.583 220.583 4071.806 4071.806 -0.621
6 1 2 130.069 130.069 80.552 80.552 0.013
6 1 3 136.349 136.349 62.212 62.212 0.226
6 1 4 123.972 123.972 42.581 42.581 -0.204
6 1 5 123.273 123.273 34.421 34.421 -0.134
6 1 6 98.722 98.722 21.522 21.522 0.548
6 1 7 124.725 124.725 28.323 28.323 0.030
6 1 8 164.502 164.502 40.095 40.095 -0.232
6 1 9 131.142 131.142 26.070 26.070 -0.213
6 1 10 134.314 134.314 24.046 24.046 0.125
6 1 11 136.142 136.142 26.083 26.083 0.079
6 1 12 148.186 148.186 26.268 26.268 -0.009
6 1 13 148.805 148.805 25.485 25.485 -0.143
6 1 14 155.315 155.315 28.923 28.923 0.579
6 1 15 160.283 160.283 27.457 27.457 0.224
6 1 16 181.542 181.542 31.618 31.618 0.107
6 1 17 171.156 171.156 31.297 31.297 -0.064
6 1 18 211.832 211.832 33.605 33.605 0.103
6 1 19 191.357 191.357 33.753 33.753 0.126
6 1 20 198.788 198.788 46.614 46.614 -0.052
6 1 21 188.887 188.887 2125.197 2125.197 0.000
6 1 22 164.446 164.446 45.201 45.201 0.374
6 1 23 189.916 189.916 111.910 111.910 -0.115
6 2 1 99.986 99.986 530.342 530.342 0.000
6 2 2 112.301 112.301 116.187 116.187 -0.025
6 2 3 135.385 135.385 128.384 128.384 -0.030
6 2 4 152.627 152.627 183.887 183.887 -0.224
6 2 5 128.758 128.758 81.987 81.987 -0.133
6 2 6 141.069 141.069 82.575 82.575 -0.154
6 2 7 170.981 170.981 95.687 95.687 0.053
6 2 8 129.658 129.658 60.534 60.534 0.186
6 2 9 156.862 156.862 72.101 72.101 0.044
6 2 10 176.998 176.998 77.502 77.502 -0.034
6 2 11 163.768 163.768 64.668 64.668 -0.031
6 2 12 194.680 194.680 79.257 79.257 -0.015
6 2 13 172.093 172.093 59.009 59.009 0.038
6 2 14 139.476 139.476 41.010 41.010 0.044
6 2 15 165.203 165.203 50.419 50.419 0.022
6 2 16 156.027 156.027 42.456 42.456 0.119
6 2 17 149.454 149.454 38.039 38.039 0.151
6 2 18 135.855 135.855 31.094 31.094 0.056
6 2 19 154.334 154.334 37.745 37.745 -0.105
6 2 20 163.066 163.066 38.490 38.490 0.150
6 2 21 137.298 137.298 28.821 28.821 0.019
6 2 22 176.621 176.621 43.106 43.106 0.066
6 2 23 168.112 168.112 40.946 40.946 0.083
6 2 24 147.821 147.821 34.728 34.728 -0.044
6 2 25 163.127 163.127 43.107 43.107 -0.005
6 2 26 162.334 162.334 39.498 39.498 0.042
6 2 27 187.999 187.999 56.110 56.110 0.025
6 2 28 141.404 141.404 32.264 32.264 0.001
6 2 29 135.398 135.398 27.300 27.300 0.049
6 2 30 182.456 182.456 49.817 49.817 0.067
6 2 31 123.909 123.909 28.356 28.356 0.020
6 2 32 304.167 304.167 98.052 98.052 0.060
6 2 33 211.913 211.913 70.676 70.676 0.125
6 2 34 271.614 271.614 88.269 88.269 0.056
6 2 35 229.160 229.160 58.270 58.270 0.072
6 2 36 253.437 253.437 87.920 87.920 0.044
6 2 37 222.398 222.398 69.531 69.531 0.094
6 2 38 295.364 295.364 104.011 104.011 0.160
6 2 39 312.787 312.787 101.810 101.810 0.093
6 2 40 268.050 268.050 94.096 94.096 0.106
6 2 41 210.665 210.665 66.575 66.575 -0.055
6 2 42 222.413 222.413 64.182 64.182 -0.009
6 2 43 200.201 200.201 51.420 51.420 0.098
6 2 44 219.101 219.101 66.968 66.968 0.039
6 2 45 191.816 191.816 62.308 62.308 0.089
6 2 46 210.631 210.631 82.372 82.372 0.008
6 2 47 199.546 199.546 76.401 76.401 0.051
6 2 48 324.524 324.524 134.068 134.068 0.035
6 2 49 255.038 255.038 89.312 89.312 0.029
6 2 50 270.702 270.702 92.314 92.314 -0.031
6 2 51 310.821 310.821 126.749 126.749 -0.040
6 2 52 282.395 282.395 100.405 100.405 0.010
6 2 53 302.759 302.759 120.788 120.788 -0.074
6 2 54 229.083 229.083 105.435 105.435 -0.034
6 2 55 272.545 272.545 124.501 124.501 -0.118
6 2 56 213.541 213.541 134.530 134.530 -0.125
6 2 57 189.912 189.912 112.840 112.840 -0.119
6 2 58 219.938 219.938 82.268 82.268 -0.006
6 2 59 236.630 236.630 134.192 134.192 -0.025
6 2 60 245.375 245.375 139.405 139.405 -0.062
6 2 61 247.301 247.301 138.518 138.518 -0.070
6 2 62 269.308 269.308 241.089 241.089 -0.049
6 3 1 201.027 201.027 37.783 37.783 0.185
6 3 2 233.369 233.369 45.881 45.881 0.147
6 3 3 200.000 200.000 2403.024 2403.024 0.000
6 3 4 302.874 302.874 8449.150 8449.150 0.606
6 3 5 200.000 200.000 2403.024 2403.024 0.000
