1 1 1 0.0003813 0.0013527
1 1 2 0.0002081 -0.0020941
1 1 3 0.0000537 -0.0007195
1 1 4 -0.0000470 -0.0048335
1 1 5 0.0000169 -0.0007918
1 1 6 -0.0000779 -0.0050008
1 1 7 -0.0003235 0.0049479
1 1 8 0.0000084 0.0007235
1 1 9 -0.0000041 0.0020851
1 1 10 0.0000238 0.0004028
1 1 11 -0.0002735 -0.0028523
1 1 12 -0.0000018 0.0001233
1 1 13 -0.0000145 0.0005106
1 1 14 -0.0000135 -0.0007236
1 1 15 -0.0000018 0.0013055
1 1 16 -0.0000107 0.0015041
1 1 17 -0.0000198 0.0017810
1 1 18 -0.0000017 -0.0006085
1 1 19 -0.0000249 0.0013532
1 1 20 -0.0000061 -0.0002497
1 1 21 -0.0000332 0.0007932
1 1 22 -0.0000097 0.0010567
1 1 23 0.0004525 -0.0447407
1 2 1 -0.0007701 0.0218980
1 2 2 0.0007461 -0.0016572
1 2 3 0.0003871 -0.0011807
1 2 4 0.0003656 -0.0006288
1 2 5 0.0001491 -0.0049789
1 2 6 0.0001678 0.0001560
1 2 7 0.0000579 0.0007992
1 2 8 0.0000521 0.0000245
1 2 9 0.0000420 0.0046883
1 2 10 0.0000279 0.0013848
1 2 11 0.0000250 -0.0002311
1 2 12 0.0000454 -0.0003787
1 2 13 0.0000429 0.0004329
1 2 14 0.0000276 0.0004284
1 2 15 0.0000156 0.0001405
1 2 16 0.0000474 0.0023537
1 2 17 0.0000130 -0.0004323
1 2 18 0.0000368 -0.0001832
1 2 19 0.0000295 0.0010786
1 2 20 0.0000304 -0.0013369
1 2 21 0.0000280 -0.0000320
1 2 22 0.0000127 0.0007963
1 2 23 0.0000255 -0.0001252
1 2 24 0.0000102 -0.0005123
1 2 25 0.0000125 -0.0000683
1 2 26 0.0000164 -0.0001962
1 2 27 0.0000162 0.0000362
1 2 28 0.0000083 -0.0006676
1 2 29 0.0000090 -0.0001914
1 2 30 -0.0002724 -0.0210543
1 2 31 0.0000141 -0.0000623
1 2 32 0.0000186 -0.0004873
1 2 33 0.0000156 -0.0009131
1 2 34 0.0000135 -0.0000896
1 2 35 0.0000186 0.0005999
1 2 36 0.0000174 0.0005638
1 2 37 0.0000124 0.0005497
1 2 38 0.0000106 0.0001577
1 2 39 0.0000102 0.0002866
1 2 40 0.0000096 0.0007859
1 2 41 0.0000104 0.0002348
1 2 42 0.0000194 -0.0000315
1 2 43 -0.0000051 -0.0002405
1 2 44 0.0000096 0.0002680
1 2 45 0.0000127 0.0001394
1 2 46 0.0000144 0.0001558
1 2 47 0.0000147 0.0001357
1 2 48 0.0000073 -0.0005630
1 2 49 0.0000062 -0.0006721
1 2 50 0.0000038 -0.0002481
1 2 51 0.0000083 0.0000542
1 2 52 -0.0000117 -0.0013129
1 2 53 0.0000085 0.0006973
1 2 54 0.0000068 0.0000719
1 2 55 0.0000076 0.0002823
1 2 56 0.0000097 0.0002316
1 2 57 0.0000072 -0.0001743
1 2 58 0.0000006 0.0006120
1 2 59 -0.0000234 0.0011659
1 2 60 -0.0000022 0.0006181
1 2 61 0.0000069 -0.0007045
1 2 62 0.0000296 -0.0007157
1 3 1 -0.0000021 0.0006535
1 3 2 0.0001112 0.0060598
1 3 3 -0.0000363 0.0001310
1 3 4 0.0000000 0.0000000
1 3 5 0.0000000 0.0000000
2 1 1 0.0001811 0.0016071
2 1 2 0.0001899 -0.0035503
2 1 3 0.0000340 -0.0000245
2 1 4 0.0000157 -0.0003468
2 1 5 -0.0000319 0.0030724
2 1 6 0.0000000 0.0000000
2 1 7 0.0000441 0.0001765
2 1 8 0.0000016 0.0008701
2 1 9 0.0000338 0.0008724
2 1 10 0.0000000 0.0000000
2 1 11 0.0000178 0.0003956
2 1 12 -0.0000148 0.0001772
2 1 13 0.0000020 0.0008413
2 1 14 -0.0000032 -0.0006237
2 1 15 -0.0000113 0.0001047
2 1 16 0.0000024 0.0015428
2 1 17 -0.0000227 0.0010228
2 1 18 0.0000022 -0.0002080
2 1 19 0.0000000 0.0000000
2 1 20 -0.0000375 -0.0039734
2 1 21 -0.0000188 0.0003265
2 1 22 -0.0000300 0.0021367
2 1 23 -0.0000055 -0.0004814
2 2 1 0.0010100 0.0024886
2 2 2 -0.0412993 0.0235243
2 2 3 -0.0013429 -0.0041992
2 2 4 0.0002135 -0.0018523
2 2 5 0.0001486 -0.0009155
2 2 6 0.0001055 0.0040493
2 2 7 0.0001186 0.0000360
2 2 8 0.0001411 -0.0007303
2 2 9 0.0000672 -0.0020128
2 2 10 0.0000374 0.0005754
2 2 11 0.0000270 -0.0000682
2 2 12 0.0000409 0.0004827
2 2 13 0.0000337 0.0016533
2 2 14 0.0000496 0.0004762
2 2 15 0.0000472 0.0005491
2 2 16 0.0000252 0.0002833
2 2 17 0.0000289 0.0003651
2 2 18 0.0000372 -0.0001034
2 2 19 0.0000197 -0.0000295
2 2 20 0.0000138 0.0004619
2 2 21 0.0000295 0.0002207
2 2 22 0.0000124 -0.0003711
2 2 23 0.0000242 0.0014105
2 2 24 0.0000268 0.0005857
2 2 25 0.0000160 0.0006242
2 2 26 0.0000044 0.0005862
2 2 27 0.0000173 0.0004075
2 2 28 0.0000174 0.0003999
2 2 29 0.0000157 -0.0001883
2 2 30 0.0000131 -0.0002882
2 2 31 0.0000122 0.0005737
2 2 32 0.0000151 -0.0006146
2 2 33 0.0000221 0.0001789
2 2 34 0.0000173 0.0002816
2 2 35 0.0000181 -0.0000724
2 2 36 0.0000196 0.0002024
2 2 37 0.0000196 0.0000225
2 2 38 0.0000153 0.0002729
2 2 39 0.0000159 0.0000865
2 2 40 0.0000178 0.0002025
2 2 41 0.0000128 -0.0003678
2 2 42 0.0000154 0.0001813
2 2 43 0.0000165 0.0000873
2 2 44 0.0000108 0.0001355
2 2 45 0.0000121 -0.0001852
2 2 46 0.0000101 -0.0002428
2 2 47 0.0000143 0.0008082
2 2 48 0.0000128 -0.0006198
2 2 49 0.0000111 0.0000246
2 2 50 0.0000077 -0.0004702
2 2 51 0.0000083 0.0004568
2 2 52 0.0000113 -0.0000681
2 2 53 0.0000061 -0.0000710
2 2 54 0.0000075 -0.0003075
2 2 55 0.0000068 0.0006754
2 2 56 -0.0000002 0.0002343
2 2 57 0.0000052 0.0000750
2 2 58 0.0000145 -0.0010647
2 2 59 0.0000101 0.0006668
2 2 60 0.0000002 -0.0000897
2 2 61 0.0000179 0.0006087
2 2 62 -0.0000971 -0.0166205
2 3 1 -0.0000136 0.0010092
2 3 2 -0.0000044 -0.0001912
2 3 3 -0.0000520 0.0008719
2 3 4 0.0000000 0.0000000
2 3 5 0.0000000 0.0000000
3 1 1 0.0013003 -0.0019807
3 1 2 0.0002180 -0.0010445
3 1 3 0.0000406 -0.0003328
3 1 4 0.0000185 -0.0007676
3 1 5 0.0000405 -0.0007711
3 1 6 0.0000190 -0.0012315
3 1 7 0.0000051 0.0002538
3 1 8 0.0000021 -0.0008162
3 1 9 0.0000186 -0.0004486
3 1 10 0.0000110 -0.0009880
3 1 11 -0.0000151 0.0019728
3 1 12 -0.0000041 -0.0002441
3 1 13 -0.0000064 0.0006484
3 1 14 0.0000009 -0.0008588
3 1 15 -0.0000130 -0.0026307
3 1 16 0.0001534 0.0123407
3 1 17 -0.0000053 0.0013089
3 1 18 0.0000038 -0.0004559
3 1 19 -0.0000100 0.0009486
3 1 20 -0.0000141 -0.0017695
3 1 21 -0.0000272 -0.0004291
3 1 22 0.0000046 -0.0001153
3 1 23 -0.0014337 -0.0589197
3 2 1 0.0000874 0.0070112
3 2 2 0.0002490 -0.0059001
3 2 3 0.0011753 -0.0112395
3 2 4 -0.0003156 0.0038941
3 2 5 -0.0005660 -0.0035197
3 2 6 -0.0000769 -0.0000999
3 2 7 -0.0002083 -0.0004333
3 2 8 -0.0001311 0.0000987
3 2 9 -0.0037685 0.0051021
3 2 10 -0.0000614 0.0006432
3 2 11 0.0000039 -0.0002581
3 2 12 -0.0000024 -0.0006917
3 2 13 0.0000445 -0.0012122
3 2 14 0.0000001 0.0015014
3 2 15 0.0000307 -0.0000406
3 2 16 0.0000419 0.0009354
3 2 17 0.0000291 -0.0007147
3 2 18 0.0000308 0.0008642
3 2 19 0.0000246 0.0002094
3 2 20 0.0000228 -0.0000886
3 2 21 0.0000353 -0.0002742
3 2 22 0.0000188 -0.0000894
3 2 23 0.0000230 -0.0009033
3 2 24 0.0000188 -0.0000380
3 2 25 0.0000178 -0.0009007
3 2 26 0.0000115 -0.0002553
3 2 27 0.0000149 0.0009619
3 2 28 0.0000141 0.0003638
3 2 29 0.0000186 -0.0001488
3 2 30 0.0000131 0.0009888
3 2 31 0.0000084 -0.0002019
3 2 32 0.0000120 -0.0006409
3 2 33 0.0000226 -0.0002155
3 2 34 0.0000145 -0.0001738
3 2 35 0.0000181 -0.0009272
3 2 36 0.0000184 0.0004372
3 2 37 0.0000178 -0.0003469
3 2 38 0.0000195 -0.0002661
3 2 39 0.0000140 -0.0004655
3 2 40 0.0000127 -0.0004153
3 2 41 0.0000142 -0.0003409
3 2 42 0.0000146 -0.0005894
3 2 43 0.0000136 0.0004923
3 2 44 0.0000091 -0.0006395
3 2 45 0.0000133 -0.0002168
3 2 46 0.0000125 -0.0005504
3 2 47 0.0000118 -0.0006348
3 2 48 0.0000152 -0.0003843
3 2 49 0.0000082 -0.0007934
3 2 50 0.0000050 0.0000962
3 2 51 0.0000086 -0.0003253
3 2 52 0.0000063 -0.0002590
3 2 53 0.0000088 -0.0003167
3 2 54 0.0000064 0.0004671
3 2 55 0.0000064 -0.0004844
3 2 56 0.0000059 -0.0000094
3 2 57 0.0000045 -0.0004275
3 2 58 0.0000037 -0.0003876
3 2 59 0.0000098 -0.0001186
3 2 60 0.0000049 -0.0000958
3 2 61 -0.0000205 -0.0008257
3 2 62 0.0000133 -0.0000118
3 3 1 0.0000449 0.0072369
3 3 2 -0.0000034 -0.0003058
3 3 3 -0.0000041 0.0003919
3 3 4 -0.0000474 0.0026869
3 3 5 0.0000000 0.0000000
4 1 1 0.0002002 -0.0010960
4 1 2 0.0000811 -0.0028447
4 1 3 0.0000124 -0.0002647
4 1 4 0.0000463 0.0019389
4 1 5 0.0000163 -0.0007886
4 1 6 -0.0000354 -0.0020919
4 1 7 0.0000022 -0.0005562
4 1 8 -0.0000102 0.0007286
4 1 9 0.0000323 0.0000880
4 1 10 0.0000229 0.0017011
4 1 11 -0.0000363 -0.0035505
4 1 12 -0.0000017 -0.0008085
4 1 13 -0.0000194 -0.0018649
4 1 14 0.0000134 -0.0009721
4 1 15 0.0003212 0.0198567
4 1 16 0.0000031 0.0001599
4 1 17 -0.0000356 0.0006092
4 1 18 -0.0000062 -0.0017782
4 1 19 0.0000036 -0.0006286
4 1 20 -0.0001033 0.0027409
4 1 21 -0.0001787 -0.0020646
4 1 22 -0.0000056 -0.0010015
4 1 23 -0.0000271 -0.0063542
4 2 1 -0.0005003 0.0014534
4 2 2 0.0007671 0.0016879
4 2 3 0.0001609 0.0054820
4 2 4 0.0001688 0.0008497
4 2 5 0.0001419 -0.0001365
4 2 6 0.0000609 0.0028041
4 2 7 0.0000251 0.0003919
4 2 8 0.0000297 -0.0012108
4 2 9 0.0000841 -0.0021841
4 2 10 0.0000389 0.0003586
4 2 11 0.0000560 0.0022867
4 2 12 0.0000679 0.0003513
4 2 13 0.0000295 0.0002457
4 2 14 0.0000294 -0.0016441
4 2 15 0.0000174 0.0002297
4 2 16 0.0000320 0.0018226
4 2 17 0.0000010 0.0002790
4 2 18 0.0000423 0.0011529
4 2 19 0.0000078 0.0008023
4 2 20 -0.0007232 0.0472411
4 2 21 0.0000265 0.0006964
4 2 22 0.0000227 -0.0001460
4 2 23 0.0000131 0.0002970
4 2 24 0.0000210 0.0002670
4 2 25 0.0000144 -0.0002709
4 2 26 0.0000125 0.0000453
4 2 27 0.0000112 0.0001505
4 2 28 0.0000122 -0.0000066
4 2 29 0.0000219 -0.0004793
4 2 30 0.0000117 -0.0000038
4 2 31 0.0000065 -0.0001853
4 2 32 0.0000126 0.0002295
4 2 33 -0.0004982 -0.0162562
4 2 34 0.0000154 -0.0000991
4 2 35 0.0000167 0.0000244
4 2 36 0.0000210 -0.0003716
4 2 37 0.0000147 -0.0000405
4 2 38 0.0000173 -0.0003870
4 2 39 0.0000151 0.0001981
4 2 40 0.0000148 0.0000465
4 2 41 0.0000118 0.0003958
4 2 42 0.0000145 0.0000488
4 2 43 0.0000144 0.0004249
4 2 44 0.0000128 -0.0000426
4 2 45 0.0000097 -0.0006629
4 2 46 0.0000106 0.0003698
4 2 47 0.0000141 0.0002861
4 2 48 0.0000086 0.0000991
4 2 49 0.0000092 -0.0003454
4 2 50 0.0000457 -0.0040092
4 2 51 0.0000084 -0.0003519
4 2 52 0.0000085 -0.0000782
4 2 53 0.0000082 -0.0006713
4 2 54 0.0000095 -0.0004423
4 2 55 0.0000076 0.0002930
4 2 56 0.0000056 -0.0000745
4 2 57 0.0000075 -0.0005394
4 2 58 -0.0000055 0.0012081
4 2 59 -0.0000187 0.0019940
4 2 60 -0.0000898 0.0042321
4 2 61 0.0000031 0.0000764
4 2 62 -0.0000140 0.0020571
4 3 1 -0.0000456 0.0039227
4 3 2 0.0000035 -0.0004971
4 3 3 0.0000149 0.0014084
4 3 4 0.0000000 0.0000000
4 3 5 0.0000000 0.0000000
5 1 1 0.0013354 -0.0017426
5 1 2 0.0001787 -0.0040078
5 1 3 0.0002017 0.0007533
5 1 4 0.0000457 -0.0000640
5 1 5 0.0000008 -0.0002233
5 1 6 -0.0000006 -0.0013458
5 1 7 -0.0000313 0.0006696
5 1 8 -0.0000076 0.0004332
5 1 9 0.0000101 0.0005616
5 1 10 0.0000139 0.0001416
5 1 11 0.0000095 0.0006995
5 1 12 -0.0000016 -0.0006892
5 1 13 -0.0000446 0.0015290
5 1 14 0.0000004 0.0004113
5 1 15 -0.0000152 0.0017483
5 1 16 0.0000248 -0.0050663
5 1 17 -0.0000167 -0.0018791
5 1 18 0.0000025 0.0021164
5 1 19 -0.0000051 -0.0001346
5 1 20 -0.0000006 -0.0004387
5 1 21 0.0000039 0.0004974
5 1 22 0.0000011 0.0000309
5 1 23 0.0000083 -0.0032456
5 2 1 0.0000315 -0.0054893
5 2 2 0.0004655 0.0013116
5 2 3 0.0002604 0.0004053
5 2 4 0.0002579 -0.0018663
5 2 5 -0.0001521 -0.0003119
5 2 6 -0.0002388 -0.0025327
5 2 7 -0.0000624 -0.0035340
5 2 8 -0.0000092 -0.0022511
5 2 9 0.0000282 0.0007370
5 2 10 0.0004352 -0.0058200
5 2 11 -0.0000114 0.0007685
5 2 12 0.0000110 0.0001543
5 2 13 0.0000239 0.0000645
5 2 14 0.0000214 -0.0002024
5 2 15 0.0000434 0.0002519
5 2 16 0.0000319 -0.0015728
5 2 17 -0.0009533 -0.0263213
5 2 18 0.0000445 0.0002422
5 2 19 0.0000160 -0.0003234
5 2 20 0.0000134 -0.0001635
5 2 21 0.0000270 -0.0002817
5 2 22 0.0000192 0.0007028
5 2 23 0.0000149 0.0004644
5 2 24 0.0000144 -0.0003025
5 2 25 0.0000170 0.0002283
5 2 26 0.0000241 0.0001617
5 2 27 0.0000190 -0.0000191
5 2 28 0.0000170 -0.0005002
5 2 29 0.0000167 -0.0003868
5 2 30 0.0000195 -0.0001695
5 2 31 0.0000112 -0.0008543
5 2 32 0.0000187 0.0000571
5 2 33 0.0000218 -0.0006189
5 2 34 0.0000186 0.0000641
5 2 35 -0.0000535 -0.0000244
5 2 36 0.0000182 0.0004615
5 2 37 0.0000134 -0.0000003
5 2 38 -0.0000211 -0.0011869
5 2 39 0.0000177 0.0004236
5 2 40 0.0000167 0.0000234
5 2 41 0.0000170 0.0001716
5 2 42 0.0000185 0.0000466
5 2 43 0.0000153 0.0006274
5 2 44 0.0000128 0.0005859
5 2 45 0.0000122 0.0002441
5 2 46 0.0000120 -0.0000517
5 2 47 0.0000081 -0.0005274
5 2 48 0.0000105 -0.0000006
5 2 49 0.0000108 0.0008443
5 2 50 0.0000067 0.0005878
5 2 51 0.0000093 0.0001913
5 2 52 0.0000102 0.0001693
5 2 53 0.0000116 0.0008454
5 2 54 -0.0000001 0.0005489
5 2 55 0.0000064 0.0003292
5 2 56 0.0000013 -0.0004903
5 2 57 0.0000005 0.0006963
5 2 58 0.0000079 -0.0003681
5 2 59 -0.0626576 -0.1338630
5 2 60 0.0000042 0.0006054
5 2 61 0.0000192 -0.0007681
5 2 62 0.0000372 -0.0022008
5 3 1 -0.0000062 0.0000123
5 3 2 0.0000008 0.0007981
5 3 3 0.0002229 -0.0001033
5 3 4 0.0000000 0.0000000
5 3 5 0.0000000 0.0000000
6 1 1 0.0000122 -0.0014081
6 1 2 0.0000759 -0.0027811
6 1 3 0.0000315 0.0002269
6 1 4 0.0000117 -0.0000425
6 1 5 0.0001797 -0.0014975
6 1 6 0.0000016 -0.0015661
6 1 7 0.0000271 0.0001149
6 1 8 0.0000160 0.0017913
6 1 9 0.0000159 0.0006709
6 1 10 0.0000152 0.0004473
6 1 11 -0.0000027 -0.0004045
6 1 12 -0.0001100 -0.0045388
6 1 13 -0.0000052 0.0000758
6 1 14 0.0000034 0.0005689
6 1 15 -0.0000091 0.0005327
6 1 16 -0.0000074 -0.0010883
6 1 17 -0.0000034 -0.0016110
6 1 18 0.0000013 -0.0003682
6 1 19 -0.0000036 -0.0011627
6 1 20 -0.0000015 -0.0009675
6 1 21 0.0000000 0.0000000
6 1 22 -0.0000034 0.0001699
6 1 23 0.0000080 0.0000620
6 2 1 0.0007725 0.0071235
6 2 2 0.0005188 -0.0001232
6 2 3 0.0004398 -0.0004374
6 2 4 0.0002645 -0.0043512
6 2 5 0.0001657 -0.0042567
6 2 6 0.0001258 -0.0034347
6 2 7 0.0000352 0.0000966
6 2 8 0.0001126 0.0024417
6 2 9 0.0000503 0.0031966
6 2 10 0.0000215 0.0001871
6 2 11 0.0000177 0.0010479
6 2 12 -0.0001216 0.0036714
6 2 13 -0.0007801 -0.0159386
6 2 14 -0.0012090 -0.0218724
6 2 15 0.0000096 0.0000627
6 2 16 0.0000245 0.0005466
6 2 17 0.0000323 0.0014508
6 2 18 0.0000453 -0.0000703
6 2 19 0.0000305 -0.0015380
6 2 20 0.0000247 0.0007215
6 2 21 0.0000281 -0.0000218
6 2 22 -0.0010650 0.0000692
6 2 23 0.0000228 -0.0003533
6 2 24 -0.0004413 0.0280414
6 2 25 0.0000162 0.0006603
6 2 26 0.0000298 0.0002325
6 2 27 0.0000116 0.0004406
6 2 28 0.0000190 -0.0001850
6 2 29 -0.0004243 -0.0018492
6 2 30 0.0000143 -0.0002404
6 2 31 0.0000076 -0.0001308
6 2 32 0.0000190 0.0000286
6 2 33 0.0000170 0.0005526
6 2 34 0.0000230 -0.0000338
6 2 35 0.0000218 0.0007667
6 2 36 0.0000121 0.0004892
6 2 37 0.0000244 -0.0001855
6 2 38 0.0000116 0.0004269
6 2 39 0.0000164 0.0000270
6 2 40 0.0000121 -0.0001464
6 2 41 0.0000098 -0.0003468
6 2 42 0.0000196 0.0002431
6 2 43 0.0000149 -0.0003174
6 2 44 0.0000117 0.0003375
6 2 45 0.0000146 0.0000852
6 2 46 0.0000135 0.0000680
6 2 47 0.0000087 0.0000448
6 2 48 0.0000141 -0.0000974
6 2 49 0.0000127 -0.0000807
6 2 50 0.0000095 -0.0004465
6 2 51 0.0000137 0.0002018
6 2 52 0.0000076 0.0000887
6 2 53 0.0000100 -0.0000502
6 2 54 0.0000113 0.0001008
6 2 55 0.0000074 0.0002446
6 2 56 0.0000119 0.0000190
6 2 57 0.0000034 0.0003917
6 2 58 0.0000097 -0.0038392
6 2 59 0.0000112 -0.0003077
6 2 60 0.0000060 0.0002654
6 2 61 0.0000135 0.0001210
6 2 62 0.0000069 0.0004552
6 3 1 -0.0000097 0.0009561
6 3 2 0.0000322 0.0010817
6 3 3 0.0000000 0.0000000
6 3 4 0.0000000 0.0000000
6 3 5 0.0000000 0.0000000
