1 1 1 1.631
1 1 2 0.129
1 1 3 2.770
1 1 4 1.491
1 1 5 -0.073
1 1 6 4.344
1 1 7 0.238
1 1 8 0.108
1 1 9 -1.200
1 1 10 1.379
1 1 11 5.238
1 1 12 2.474
1 1 13 -2.926
1 1 14 0.718
1 1 15 1.326
1 1 16 2.461
1 1 17 -2.684
1 1 18 2.406
1 1 19 0.012
1 1 20 1.292
1 1 21 1.105
1 1 22 -0.726
1 1 23 0.175
1 2 1 0.010
1 2 2 0.535
1 2 3 1.239
1 2 4 0.961
1 2 5 1.452
1 2 6 -0.633
1 2 7 -0.980
1 2 8 -0.576
1 2 9 -1.475
1 2 10 0.748
1 2 11 0.814
1 2 12 1.558
1 2 13 0.281
1 2 14 -0.241
1 2 15 0.755
1 2 16 -0.649
1 2 17 0.495
1 2 18 1.171
1 2 19 -0.120
1 2 20 0.271
1 2 21 0.233
1 2 22 -0.259
1 2 23 -0.572
1 2 24 0.484
1 2 25 1.059
1 2 26 0.479
1 2 27 0.912
1 2 28 1.657
1 2 29 -0.229
1 2 30 0.326
1 2 31 0.562
1 2 32 0.850
1 2 33 1.689
1 2 34 0.389
1 2 35 -0.266
1 2 36 -0.079
1 2 37 -1.084
1 2 38 -0.150
1 2 39 -1.185
1 2 40 -1.104
1 2 41 1.050
1 2 42 0.301
1 2 43 1.029
1 2 44 0.050
1 2 45 -3.025
1 2 46 0.241
1 2 47 0.667
1 2 48 1.672
1 2 49 2.240
1 2 50 0.093
1 2 51 0.633
1 2 52 -0.038
1 2 53 0.506
1 2 54 -4.827
1 2 55 0.160
1 2 56 0.648
1 2 57 0.290
1 2 58 0.253
1 2 59 -3.889
1 2 60 -0.096
1 2 61 2.301
1 2 62 0.261
1 3 1 11.444
1 3 2 -6.490
1 3 3 -7.296
1 3 4 -7.744
1 3 5 -5.220
2 1 1 -3.736
2 1 2 1.651
2 1 3 1.084
2 1 4 -1.831
2 1 5 -0.379
2 1 6 0.000
2 1 7 -0.351
2 1 8 -1.285
2 1 9 0.041
2 1 10 0.000
2 1 11 0.028
2 1 12 1.886
2 1 13 0.457
2 1 14 2.022
2 1 15 0.393
2 1 16 0.499
2 1 17 3.951
2 1 18 -0.833
2 1 19 0.000
2 1 20 2.114
2 1 21 -4.671
2 1 22 0.570
2 1 23 -2.330
2 2 1 -1.611
2 2 2 0.148
2 2 3 0.316
2 2 4 1.281
2 2 5 -0.343
2 2 6 -1.586
2 2 7 0.793
2 2 8 -0.854
2 2 9 1.995
2 2 10 1.492
2 2 11 1.774
2 2 12 1.044
2 2 13 -0.471
2 2 14 0.298
2 2 15 -0.201
2 2 16 0.621
2 2 17 0.653
2 2 18 0.177
2 2 19 -0.052
2 2 20 -0.187
2 2 21 -0.518
2 2 22 -0.056
2 2 23 0.241
2 2 24 -0.122
2 2 25 0.137
2 2 26 0.584
2 2 27 1.347
2 2 28 0.331
2 2 29 1.239
2 2 30 1.705
2 2 31 0.413
2 2 32 2.447
2 2 33 0.137
2 2 34 0.327
2 2 35 0.510
2 2 36 0.517
2 2 37 -0.719
2 2 38 0.351
2 2 39 -0.006
2 2 40 1.102
2 2 41 2.142
2 2 42 0.558
2 2 43 0.000
2 2 44 1.336
2 2 45 1.168
2 2 46 0.585
2 2 47 -0.002
2 2 48 2.274
2 2 49 1.345
2 2 50 1.519
2 2 51 -0.226
2 2 52 1.263
2 2 53 1.288
2 2 54 -0.684
2 2 55 -2.380
2 2 56 0.082
2 2 57 0.305
2 2 58 -0.587
2 2 59 1.193
2 2 60 -0.474
2 2 61 1.283
2 2 62 -0.510
2 3 1 8.941
2 3 2 -0.487
2 3 3 -0.376
2 3 4 -10.895
2 3 5 7.009
3 1 1 -0.723
3 1 2 1.668
3 1 3 0.772
3 1 4 0.802
3 1 5 1.730
3 1 6 -0.323
3 1 7 6.930
3 1 8 -0.027
3 1 9 0.941
3 1 10 0.473
3 1 11 -1.514
3 1 12 0.870
3 1 13 1.187
3 1 14 -3.036
3 1 15 6.995
3 1 16 0.881
3 1 17 -8.364
3 1 18 -1.395
3 1 19 -0.744
3 1 20 1.644
3 1 21 -2.092
3 1 22 -4.329
3 1 23 0.921
3 2 1 -1.591
3 2 2 5.136
3 2 3 2.374
3 2 4 -1.367
3 2 5 1.428
3 2 6 0.120
3 2 7 0.359
3 2 8 0.297
3 2 9 1.113
3 2 10 0.268
3 2 11 0.623
3 2 12 0.960
3 2 13 1.566
3 2 14 0.121
3 2 15 0.561
3 2 16 -0.181
3 2 17 0.497
3 2 18 -1.657
3 2 19 -0.482
3 2 20 0.062
3 2 21 1.019
3 2 22 -0.193
3 2 23 0.023
3 2 24 1.104
3 2 25 1.134
3 2 26 1.142
3 2 27 -0.705
3 2 28 -0.011
3 2 29 2.431
3 2 30 -1.010
3 2 31 -0.570
3 2 32 0.821
3 2 33 0.245
3 2 34 1.067
3 2 35 1.094
3 2 36 -1.010
3 2 37 -1.002
3 2 38 0.436
3 2 39 -1.358
3 2 40 -0.440
3 2 41 1.360
3 2 42 1.352
3 2 43 -0.697
3 2 44 1.012
3 2 45 0.816
3 2 46 0.316
3 2 47 0.496
3 2 48 0.345
3 2 49 -0.218
3 2 50 -3.195
3 2 51 -0.327
3 2 52 -0.100
3 2 53 1.520
3 2 54 -0.722
3 2 55 1.064
3 2 56 0.387
3 2 57 -2.786
3 2 58 -0.571
3 2 59 -4.582
3 2 60 -0.181
3 2 61 -0.251
3 2 62 -0.641
3 3 1 -5.531
3 3 2 0.914
3 3 3 -5.753
3 3 4 -2.248
3 3 5 -2.735
4 1 1 1.623
4 1 2 3.149
4 1 3 1.303
4 1 4 -1.339
4 1 5 -0.822
4 1 6 2.115
4 1 7 0.876
4 1 8 -0.939
4 1 9 -0.822
4 1 10 0.380
4 1 11 2.482
4 1 12 -1.226
4 1 13 0.070
4 1 14 -0.680
4 1 15 3.400
4 1 16 1.950
4 1 17 -3.057
4 1 18 -0.131
4 1 19 -0.595
4 1 20 0.588
4 1 21 -0.203
4 1 22 1.102
4 1 23 0.298
4 2 1 -0.539
4 2 2 -1.141
4 2 3 -1.702
4 2 4 0.018
4 2 5 0.297
4 2 6 -1.394
4 2 7 -0.196
4 2 8 0.318
4 2 9 1.710
4 2 10 1.036
4 2 11 0.818
4 2 12 1.095
4 2 13 0.517
4 2 14 0.303
4 2 15 0.303
4 2 16 -0.766
4 2 17 0.610
4 2 18 -1.107
4 2 19 0.257
4 2 20 2.004
4 2 21 -0.235
4 2 22 0.173
4 2 23 0.166
4 2 24 -0.109
4 2 25 0.742
4 2 26 0.605
4 2 27 0.982
4 2 28 0.372
4 2 29 1.011
4 2 30 0.490
4 2 31 -0.071
4 2 32 -0.202
4 2 33 -0.568
4 2 34 0.725
4 2 35 0.754
4 2 36 1.427
4 2 37 0.490
4 2 38 0.855
4 2 39 -0.303
4 2 40 -1.830
4 2 41 0.246
4 2 42 0.924
4 2 43 0.160
4 2 44 0.542
4 2 45 0.798
4 2 46 -1.234
4 2 47 0.638
4 2 48 0.114
4 2 49 0.485
4 2 50 -0.305
4 2 51 0.301
4 2 52 -0.322
4 2 53 0.606
4 2 54 0.269
4 2 55 0.661
4 2 56 0.014
4 2 57 -1.053
4 2 58 -0.371
4 2 59 -3.396
4 2 60 0.835
4 2 61 0.896
4 2 62 -1.221
4 3 1 2.122
4 3 2 0.861
4 3 3 -5.878
4 3 4 10.273
4 3 5 0.504
5 1 1 -0.937
5 1 2 2.369
5 1 3 -0.518
5 1 4 0.081
5 1 5 0.102
5 1 6 3.599
5 1 7 -1.667
5 1 8 1.409
5 1 9 1.440
5 1 10 1.696
5 1 11 -0.441
5 1 12 -0.815
5 1 13 2.288
5 1 14 1.188
5 1 15 -3.208
5 1 16 8.577
5 1 17 2.599
5 1 18 -0.037
5 1 19 -1.658
5 1 20 -0.159
5 1 21 -0.068
5 1 22 -1.005
5 1 23 -0.359
5 2 1 1.533
5 2 2 -0.928
5 2 3 0.102
5 2 4 0.856
5 2 5 -0.083
5 2 6 1.287
5 2 7 0.716
5 2 8 0.189
5 2 9 0.614
5 2 10 1.274
5 2 11 0.071
5 2 12 0.619
5 2 13 0.414
5 2 14 0.605
5 2 15 0.488
5 2 16 2.234
5 2 17 0.034
5 2 18 0.314
5 2 19 1.209
5 2 20 0.311
5 2 21 0.318
5 2 22 -0.359
5 2 23 -0.242
5 2 24 0.491
5 2 25 1.409
5 2 26 0.321
5 2 27 1.260
5 2 28 1.721
5 2 29 0.938
5 2 30 0.763
5 2 31 1.164
5 2 32 0.375
5 2 33 1.181
5 2 34 0.227
5 2 35 0.214
5 2 36 0.171
5 2 37 0.094
5 2 38 -1.432
5 2 39 -0.877
5 2 40 0.194
5 2 41 0.718
5 2 42 1.242
5 2 43 0.698
5 2 44 0.848
5 2 45 1.519
5 2 46 0.135
5 2 47 0.482
5 2 48 -0.509
5 2 49 -0.836
5 2 50 0.921
5 2 51 0.776
5 2 52 0.173
5 2 53 -0.075
5 2 54 0.170
5 2 55 -1.094
5 2 56 1.524
5 2 57 -0.786
5 2 58 0.314
5 2 59 -0.988
5 2 60 -0.030
5 2 61 1.627
5 2 62 -0.949
5 3 1 0.196
5 3 2 1.187
5 3 3 3.136
5 3 4 -1.668
5 3 5 -9.163
6 1 1 3.581
6 1 2 0.010
6 1 3 -2.409
6 1 4 2.072
6 1 5 2.339
6 1 6 -2.132
6 1 7 0.078
6 1 8 2.757
6 1 9 1.713
6 1 10 0.435
6 1 11 -0.032
6 1 12 0.461
6 1 13 1.774
6 1 14 -5.344
6 1 15 -2.433
6 1 16 -0.386
6 1 17 3.794
6 1 18 0.798
6 1 19 0.479
6 1 20 2.461
6 1 21 0.000
6 1 22 -5.482
6 1 23 -0.482
6 2 1 -1.551
6 2 2 -0.093
6 2 3 -0.024
6 2 4 2.007
6 2 5 0.857
6 2 6 1.411
6 2 7 -0.622
6 2 8 -1.721
6 2 9 -0.493
6 2 10 0.415
6 2 11 0.692
6 2 12 1.084
6 2 13 0.123
6 2 14 0.398
6 2 15 0.252
6 2 16 -0.681
6 2 17 -1.006
6 2 18 0.025
6 2 19 1.367
6 2 20 -0.367
6 2 21 1.036
6 2 22 0.473
6 2 23 -0.057
6 2 24 1.160
6 2 25 0.939
6 2 26 0.358
6 2 27 0.996
6 2 28 0.426
6 2 29 0.838
6 2 30 0.331
6 2 31 0.401
6 2 32 0.560
6 2 33 -1.042
6 2 34 0.203
6 2 35 0.565
6 2 36 0.813
6 2 37 0.143
6 2 38 -1.267
6 2 39 -0.362
6 2 40 0.497
6 2 41 2.280
6 2 42 1.379
6 2 43 -0.001
6 2 44 -0.171
6 2 45 0.712
6 2 46 0.240
6 2 47 0.536
6 2 48 0.271
6 2 49 0.554
6 2 50 1.864
6 2 51 1.039
6 2 52 0.163
6 2 53 1.158
6 2 54 0.995
6 2 55 0.909
6 2 56 1.075
6 2 57 0.241
6 2 58 -0.073
6 2 59 0.148
6 2 60 -0.104
6 2 61 0.882
6 2 62 -0.097
6 3 1 -0.730
6 3 2 2.230
6 3 3 13.528
6 3 4 -7.616
6 3 5 3.915
