1 1 1 1 1.331 -0.030 10.370 0.000 0.000 0.000
1 1 2 1 2.153 -0.044 5.096 0.000 0.000 0.000
1 1 3 1 2.278 -0.024 8.003 0.000 0.000 0.000
1 1 4 1 1.485 -0.062 9.626 0.000 0.000 0.000
1 1 5 1 2.300 -0.063 4.742 0.000 0.000 0.000
1 1 6 1 1.938 -0.042 6.269 0.000 0.000 0.000
1 1 7 1 1.854 -0.044 5.812 0.000 0.000 0.000
1 1 8 1 2.300 -0.046 5.050 0.000 0.000 0.000
1 1 9 1 1.906 -0.056 7.214 0.000 0.000 0.000
1 1 10 1 1.954 -0.072 8.946 0.000 0.000 0.000
1 1 11 1 1.815 -0.037 4.567 0.000 0.000 0.000
1 1 12 1 1.934 -0.055 7.296 0.000 0.000 0.000
1 1 13 1 1.784 -0.020 2.713 0.000 0.000 0.000
1 1 14 1 1.950 -0.063 8.274 0.000 0.000 0.000
1 1 15 1 1.850 -0.041 5.145 0.000 0.000 0.000
1 1 16 1 2.002 -0.123 13.610 0.000 0.000 0.000
1 1 17 1 2.198 -0.167 18.471 0.000 0.000 0.000
1 1 18 1 1.645 -0.005 -0.767 0.000 0.000 0.000
1 1 19 1 1.690 -0.012 0.693 0.000 0.000 0.000
1 1 20 1 1.715 -0.006 0.556 0.000 0.000 0.000
1 1 21 1 1.344 0.091 -10.937 0.000 0.000 0.000
1 1 22 1 1.800 -0.030 3.800 0.000 0.000 0.000
1 1 23 1 1.800 -0.030 3.800 0.000 0.000 0.000
1 2 1 1 1.800 -0.030 3.800 0.000 0.000 0.000
1 2 2 1 2.141 -0.052 2.080 0.000 0.000 0.000
1 2 3 1 1.878 -0.034 2.748 0.000 0.000 0.000
1 2 4 1 1.900 -0.045 2.666 0.000 0.000 0.000
1 2 5 1 1.654 -0.096 1.951 0.000 0.000 0.000
1 2 6 1 1.495 -0.076 2.418 0.000 0.000 0.000
1 2 7 1 2.066 -0.038 2.120 0.000 0.000 0.000
1 2 8 1 2.299 -0.030 2.425 0.000 0.000 0.000
1 2 9 1 1.845 -0.026 3.367 0.000 0.000 0.000
1 2 10 1 1.918 -0.029 2.800 0.000 0.000 0.000
1 2 11 1 1.988 -0.035 2.671 0.000 0.000 0.000
1 2 12 1 1.743 -0.025 3.175 0.000 0.000 0.000
1 2 13 1 2.010 -0.042 2.766 0.000 0.000 0.000
1 2 14 1 1.762 -0.130 1.197 0.000 0.000 0.000
1 2 15 1 1.619 -0.127 1.526 0.000 0.000 0.000
1 2 16 1 1.997 -0.036 2.621 0.000 0.000 0.000
1 2 17 1 1.430 -0.102 1.877 0.000 0.000 0.000
1 2 18 1 2.099 -0.045 2.802 0.000 0.000 0.000
1 2 19 1 2.111 -0.045 2.042 0.000 0.000 0.000
1 2 20 1 2.043 -0.041 2.914 0.000 0.000 0.000
1 2 21 1 2.076 -0.049 2.342 0.000 0.000 0.000
1 2 22 1 2.094 -0.042 2.440 0.000 0.000 0.000
1 2 23 1 2.082 -0.042 2.109 0.000 0.000 0.000
1 2 24 1 1.806 -0.027 3.405 0.000 0.000 0.000
1 2 25 1 2.300 -0.086 0.409 0.000 0.000 0.000
1 2 26 1 2.135 -0.044 2.015 0.000 0.000 0.000
1 2 27 1 1.607 -0.013 3.831 0.000 0.000 0.000
1 2 28 1 1.526 -0.011 4.706 0.000 0.000 0.000
1 2 29 1 1.961 -0.033 2.892 0.000 0.000 0.000
1 2 30 1 1.800 -0.013 2.638 0.000 0.000 0.000
1 2 31 1 1.643 -0.000 8.831 0.000 0.000 0.000
1 2 32 1 2.298 -0.076 1.294 0.000 0.000 0.000
1 2 33 1 1.869 -0.053 5.671 0.000 0.000 0.000
1 2 34 1 1.369 -0.044 8.685 0.000 0.000 0.000
1 2 35 1 2.140 -0.055 -5.443 0.000 0.000 0.000
1 2 36 1 1.808 -0.041 4.490 0.000 0.000 0.000
1 2 37 1 1.853 -0.033 4.511 0.000 0.000 0.000
1 2 38 1 2.294 -0.058 0.872 0.000 0.000 0.000
1 2 39 1 1.791 -0.045 4.674 0.000 0.000 0.000
1 2 40 1 1.843 -0.036 4.537 0.000 0.000 0.000
1 2 41 1 1.797 -0.034 4.047 0.000 0.000 0.000
1 2 42 1 1.790 -0.052 5.347 0.000 0.000 0.000
1 2 43 1 1.799 -0.023 3.393 0.000 0.000 0.000
1 2 44 1 1.762 -0.023 3.099 0.000 0.000 0.000
1 2 45 1 1.803 -0.064 5.981 0.000 0.000 0.000
1 2 46 1 2.275 -0.062 -1.133 0.000 0.000 0.000
1 2 47 1 1.865 -0.052 5.617 0.000 0.000 0.000
1 2 48 1 1.820 -0.029 3.926 0.000 0.000 0.000
1 2 49 1 1.819 -0.050 5.431 0.000 0.000 0.000
1 2 50 1 2.286 -0.064 -1.119 0.000 0.000 0.000
1 2 51 1 1.815 -0.043 4.881 0.000 0.000 0.000
1 2 52 1 1.811 -0.034 4.272 0.000 0.000 0.000
1 2 53 1 1.853 -0.053 5.791 0.000 0.000 0.000
1 2 54 1 1.857 -0.039 4.925 0.000 0.000 0.000
1 2 55 1 1.786 -0.040 4.282 0.000 0.000 0.000
1 2 56 1 1.849 -0.049 5.659 0.000 0.000 0.000
1 2 57 1 1.870 -0.043 5.310 0.000 0.000 0.000
1 2 58 1 1.777 -0.026 3.439 0.000 0.000 0.000
1 2 59 1 1.909 -0.059 6.508 0.000 0.000 0.000
1 2 60 1 1.808 -0.029 3.783 0.000 0.000 0.000
1 2 61 1 1.784 -0.019 2.830 0.000 0.000 0.000
1 2 62 1 1.816 -0.059 5.972 0.000 0.000 0.000
1 3 1 1 2.234 -0.048 -0.983 0.000 0.000 0.000
1 3 2 1 1.971 0.007 4.154 0.000 0.000 0.000
1 3 3 1 1.800 -0.030 3.800 0.000 0.000 0.000
1 3 4 1 1.800 -0.030 3.800 0.000 0.000 0.000
1 3 5 1 1.800 -0.030 3.800 0.000 0.000 0.000
2 1 1 1 1.813 -0.086 6.283 0.000 0.000 0.000
2 1 2 1 1.425 -0.022 7.525 0.000 0.000 0.000
2 1 3 1 2.300 -0.039 0.942 0.000 0.000 0.000
2 1 4 1 1.750 -0.029 5.941 0.000 0.000 0.000
2 1 5 1 2.243 -0.072 2.416 0.000 0.000 0.000
2 1 6 1 1.800 -0.030 3.800 0.000 0.000 0.000
2 1 7 1 1.900 -0.039 5.712 0.000 0.000 0.000
2 1 8 1 2.299 -0.050 2.863 0.000 0.000 0.000
2 1 9 1 1.816 -0.028 3.842 0.000 0.000 0.000
2 1 10 1 1.800 -0.030 3.800 0.000 0.000 0.000
2 1 11 1 1.919 -0.053 6.605 0.000 0.000 0.000
2 1 12 1 1.819 -0.017 2.786 0.000 0.000 0.000
2 1 13 1 1.931 -0.107 11.185 0.000 0.000 0.000
2 1 14 1 1.880 -0.049 6.379 0.000 0.000 0.000
2 1 15 1 1.843 -0.033 4.377 0.000 0.000 0.000
2 1 16 1 1.909 -0.053 7.335 0.000 0.000 0.000
2 1 17 1 1.678 0.016 -1.235 0.000 0.000 0.000
2 1 18 1 1.801 -0.051 5.984 0.000 0.000 0.000
2 1 19 1 1.800 -0.030 3.800 0.000 0.000 0.000
2 1 20 1 2.001 -0.051 8.170 0.000 0.000 0.000
2 1 21 1 1.972 -0.115 12.010 0.000 0.000 0.000
2 1 22 1 1.422 -0.524 36.862 0.000 0.000 0.000
2 1 23 1 1.826 -0.029 4.008 0.000 0.000 0.000
2 2 1 1 2.296 -0.078 1.584 0.000 0.000 0.000
2 2 2 1 1.737 -0.119 1.501 0.000 0.000 0.000
2 2 3 1 1.537 -0.107 2.100 0.000 0.000 0.000
2 2 4 1 1.961 -0.035 2.690 0.000 0.000 0.000
2 2 5 1 1.897 -0.048 2.251 0.000 0.000 0.000
2 2 6 1 1.611 -0.100 1.665 0.000 0.000 0.000
2 2 7 1 1.674 -0.145 1.418 0.000 0.000 0.000
2 2 8 1 1.633 -0.098 1.711 0.000 0.000 0.000
2 2 9 1 2.300 -0.045 1.603 0.000 0.000 0.000
2 2 10 1 1.991 -0.037 2.257 0.000 0.000 0.000
2 2 11 1 1.843 -0.027 2.954 0.000 0.000 0.000
2 2 12 1 2.140 -0.156 0.304 0.000 0.000 0.000
2 2 13 1 1.949 -0.035 2.421 0.000 0.000 0.000
2 2 14 1 2.300 -0.034 2.389 0.000 0.000 0.000
2 2 15 1 2.028 -0.039 2.182 0.000 0.000 0.000
2 2 16 1 1.922 -0.033 2.575 0.000 0.000 0.000
2 2 17 1 1.991 -0.037 2.256 0.000 0.000 0.000
2 2 18 1 1.669 -0.082 1.946 0.000 0.000 0.000
2 2 19 1 2.042 -0.041 2.432 0.000 0.000 0.000
2 2 20 1 1.914 -0.033 2.636 0.000 0.000 0.000
2 2 21 1 1.998 -0.039 2.488 0.000 0.000 0.000
2 2 22 1 2.022 -0.040 2.079 0.000 0.000 0.000
2 2 23 1 2.300 -0.091 0.556 0.000 0.000 0.000
2 2 24 1 1.980 -0.036 3.065 0.000 0.000 0.000
2 2 25 1 1.854 -0.031 3.329 0.000 0.000 0.000
2 2 26 1 1.763 -0.027 3.179 0.000 0.000 0.000
2 2 27 1 1.400 0.020 8.764 0.000 0.000 0.000
2 2 28 1 1.772 -0.010 1.899 0.000 0.000 0.000
2 2 29 1 1.819 -0.018 3.089 0.000 0.000 0.000
2 2 30 1 1.801 -0.042 4.662 0.000 0.000 0.000
2 2 31 1 1.826 -0.032 4.252 0.000 0.000 0.000
2 2 32 1 1.753 -0.022 3.735 0.000 0.000 0.000
2 2 33 1 1.746 -0.024 2.917 0.000 0.000 0.000
2 2 34 1 1.789 -0.027 3.562 0.000 0.000 0.000
2 2 35 1 1.851 -0.036 4.568 0.000 0.000 0.000
2 2 36 1 1.760 -0.033 3.670 0.000 0.000 0.000
2 2 37 1 1.803 -0.035 4.095 0.000 0.000 0.000
2 2 38 1 1.858 -0.046 5.168 0.000 0.000 0.000
2 2 39 1 1.814 -0.043 4.646 0.000 0.000 0.000
2 2 40 1 1.782 -0.023 3.145 0.000 0.000 0.000
2 2 41 1 1.895 -0.055 6.260 0.000 0.000 0.000
2 2 42 1 1.823 -0.036 4.329 0.000 0.000 0.000
2 2 43 1 1.790 -0.042 4.333 0.000 0.000 0.000
2 2 44 1 1.307 0.004 7.741 0.000 0.000 0.000
2 2 45 1 1.862 -0.053 5.955 0.000 0.000 0.000
2 2 46 1 1.776 -0.032 3.659 0.000 0.000 0.000
2 2 47 1 1.781 -0.042 4.499 0.000 0.000 0.000
2 2 48 1 1.782 -0.039 4.196 0.000 0.000 0.000
2 2 49 1 1.823 -0.049 5.120 0.000 0.000 0.000
2 2 50 1 1.824 -0.043 4.845 0.000 0.000 0.000
2 2 51 1 1.855 -0.102 8.750 0.000 0.000 0.000
2 2 52 1 1.815 -0.031 3.969 0.000 0.000 0.000
2 2 53 1 1.851 -0.041 4.913 0.000 0.000 0.000
2 2 54 1 1.787 -0.014 2.812 0.000 0.000 0.000
2 2 55 1 1.893 -0.110 10.357 0.000 0.000 0.000
2 2 56 1 1.911 -0.060 6.609 0.000 0.000 0.000
2 2 57 1 1.717 -0.001 0.670 0.000 0.000 0.000
2 2 58 1 1.862 -0.057 6.345 0.000 0.000 0.000
2 2 59 1 1.870 -0.046 5.670 0.000 0.000 0.000
2 2 60 1 1.784 -0.021 2.988 0.000 0.000 0.000
2 2 61 1 2.296 -0.066 2.081 0.000 0.000 0.000
2 2 62 1 1.820 -0.047 4.799 0.000 0.000 0.000
2 3 1 1 1.873 -0.059 7.331 0.000 0.000 0.000
2 3 2 1 1.757 -0.037 4.011 0.000 0.000 0.000
2 3 3 1 1.784 -0.040 4.954 0.000 0.000 0.000
2 3 4 1 1.800 -0.030 3.800 0.000 0.000 0.000
2 3 5 1 1.740 -0.033 3.397 0.000 0.000 0.000
3 1 1 1 1.478 -0.034 8.166 0.000 0.000 0.000
3 1 2 1 1.302 -0.031 8.552 0.000 0.000 0.000
3 1 3 1 1.446 -0.026 7.215 0.000 0.000 0.000
3 1 4 1 1.339 -0.019 8.731 0.000 0.000 0.000
3 1 5 1 2.299 -0.045 2.230 0.000 0.000 0.000
3 1 6 1 1.428 -0.017 9.550 0.000 0.000 0.000
3 1 7 1 1.916 -0.045 6.440 0.000 0.000 0.000
3 1 8 1 2.300 -0.048 2.326 0.000 0.000 0.000
3 1 9 1 1.501 -0.007 10.428 0.000 0.000 0.000
3 1 10 1 1.847 -0.033 4.566 0.000 0.000 0.000
3 1 11 1 1.850 -0.035 4.947 0.000 0.000 0.000
3 1 12 1 1.865 -0.043 5.494 0.000 0.000 0.000
3 1 13 1 1.837 -0.025 3.714 0.000 0.000 0.000
3 1 14 1 1.921 -0.064 7.326 0.000 0.000 0.000
3 1 15 1 1.795 -0.023 3.236 0.000 0.000 0.000
3 1 16 1 1.744 -0.015 1.539 0.000 0.000 0.000
3 1 17 1 1.832 -0.040 5.180 0.000 0.000 0.000
3 1 18 1 1.815 -0.038 4.692 0.000 0.000 0.000
3 1 19 1 1.684 -0.000 -0.317 0.000 0.000 0.000
3 1 20 1 1.640 0.009 -1.675 0.000 0.000 0.000
3 1 21 1 1.633 0.013 -1.191 0.000 0.000 0.000
3 1 22 1 2.004 -0.103 11.599 0.000 0.000 0.000
3 1 23 1 1.800 -0.030 3.800 0.000 0.000 0.000
3 2 1 1 1.792 -0.031 3.747 0.000 0.000 0.000
3 2 2 1 1.998 -0.038 2.580 0.000 0.000 0.000
3 2 3 1 1.620 -0.019 3.325 0.000 0.000 0.000
3 2 4 1 1.693 -0.078 2.123 0.000 0.000 0.000
3 2 5 1 1.344 -0.085 2.311 0.000 0.000 0.000
3 2 6 1 1.445 -0.080 2.668 0.000 0.000 0.000
3 2 7 1 2.008 -0.038 2.362 0.000 0.000 0.000
3 2 8 1 1.856 -0.031 2.597 0.000 0.000 0.000
3 2 9 1 1.940 -0.048 2.123 0.000 0.000 0.000
3 2 10 1 1.895 -0.034 2.598 0.000 0.000 0.000
3 2 11 1 2.059 -0.040 1.800 0.000 0.000 0.000
3 2 12 1 1.674 -0.131 1.329 0.000 0.000 0.000
3 2 13 1 1.966 -0.034 2.626 0.000 0.000 0.000
3 2 14 1 1.736 -0.021 3.248 0.000 0.000 0.000
3 2 15 1 1.823 -0.030 2.692 0.000 0.000 0.000
3 2 16 1 1.730 -0.025 3.376 0.000 0.000 0.000
3 2 17 1 2.012 -0.041 2.162 0.000 0.000 0.000
3 2 18 1 1.818 -0.029 2.965 0.000 0.000 0.000
3 2 19 1 2.082 -0.038 2.270 0.000 0.000 0.000
3 2 20 1 2.044 -0.039 1.904 0.000 0.000 0.000
3 2 21 1 2.027 -0.042 2.393 0.000 0.000 0.000
3 2 22 1 2.016 -0.034 2.232 0.000 0.000 0.000
3 2 23 1 1.851 -0.034 3.103 0.000 0.000 0.000
3 2 24 1 2.175 -0.045 1.607 0.000 0.000 0.000
3 2 25 1 2.286 -0.055 0.609 0.000 0.000 0.000
3 2 26 1 1.886 -0.029 2.663 0.000 0.000 0.000
3 2 27 1 2.244 -0.060 -0.758 0.000 0.000 0.000
3 2 28 1 1.788 -0.028 3.558 0.000 0.000 0.000
3 2 29 1 1.819 -0.036 4.335 0.000 0.000 0.000
3 2 30 1 1.664 0.002 0.248 0.000 0.000 0.000
3 2 31 1 1.862 -0.038 4.779 0.000 0.000 0.000
3 2 32 1 1.843 -0.036 4.721 0.000 0.000 0.000
3 2 33 1 1.820 -0.022 3.509 0.000 0.000 0.000
3 2 34 1 1.861 -0.049 5.394 0.000 0.000 0.000
3 2 35 1 1.819 -0.029 3.917 0.000 0.000 0.000
3 2 36 1 1.782 -0.035 3.924 0.000 0.000 0.000
3 2 37 1 1.361 -0.010 6.055 0.000 0.000 0.000
3 2 38 1 1.771 -0.023 3.171 0.000 0.000 0.000
3 2 39 1 1.800 -0.045 4.880 0.000 0.000 0.000
3 2 40 1 1.776 -0.021 3.010 0.000 0.000 0.000
3 2 41 1 1.811 -0.041 4.582 0.000 0.000 0.000
3 2 42 1 1.837 -0.036 4.519 0.000 0.000 0.000
3 2 43 1 1.875 -0.056 6.156 0.000 0.000 0.000
3 2 44 1 1.820 -0.031 4.010 0.000 0.000 0.000
3 2 45 1 1.819 -0.054 5.280 0.000 0.000 0.000
3 2 46 1 2.296 -0.065 0.676 0.000 0.000 0.000
3 2 47 1 1.830 -0.051 5.412 0.000 0.000 0.000
3 2 48 1 1.794 -0.030 3.681 0.000 0.000 0.000
3 2 49 1 1.814 -0.046 4.938 0.000 0.000 0.000
3 2 50 1 1.802 -0.019 3.309 0.000 0.000 0.000
3 2 51 1 2.285 0.059 20.614 0.000 0.000 0.000
3 2 52 1 1.770 -0.025 2.917 0.000 0.000 0.000
3 2 53 1 1.791 -0.022 3.265 0.000 0.000 0.000
3 2 54 1 1.865 -0.074 7.230 0.000 0.000 0.000
3 2 55 1 1.976 -0.085 8.171 0.000 0.000 0.000
3 2 56 1 1.354 0.033 7.364 0.000 0.000 0.000
3 2 57 1 1.778 -0.027 3.468 0.000 0.000 0.000
3 2 58 1 1.854 -0.047 5.455 0.000 0.000 0.000
3 2 59 1 1.862 -0.047 5.611 0.000 0.000 0.000
3 2 60 1 1.620 0.033 8.863 0.000 0.000 0.000
3 2 61 1 1.905 -0.019 4.426 0.000 0.000 0.000
3 2 62 1 1.709 0.004 0.647 0.000 0.000 0.000
3 3 1 1 1.800 -0.030 3.800 0.000 0.000 0.000
3 3 2 1 2.298 0.052 23.815 0.000 0.000 0.000
3 3 3 1 1.962 0.015 14.030 0.000 0.000 0.000
3 3 4 1 1.800 -0.030 3.800 0.000 0.000 0.000
3 3 5 1 1.800 -0.030 3.800 0.000 0.000 0.000
4 1 1 1 2.300 -0.040 6.053 0.000 0.000 0.000
4 1 2 1 1.764 -0.005 16.001 0.000 0.000 0.000
4 1 3 1 2.279 -0.045 3.927 0.000 0.000 0.000
4 1 4 1 2.299 -0.041 2.493 0.000 0.000 0.000
4 1 5 1 2.300 -0.043 4.774 0.000 0.000 0.000
4 1 6 1 1.718 0.007 13.764 0.000 0.000 0.000
4 1 7 1 2.300 -0.061 8.498 0.000 0.000 0.000
4 1 8 1 2.300 -0.044 4.415 0.000 0.000 0.000
4 1 9 1 1.882 -0.044 6.368 0.000 0.000 0.000
4 1 10 1 2.300 -0.065 6.881 0.000 0.000 0.000
4 1 11 1 1.970 0.001 4.365 0.000 0.000 0.000
4 1 12 1 1.858 -0.053 6.124 0.000 0.000 0.000
4 1 13 1 2.103 -0.094 10.946 0.000 0.000 0.000
4 1 14 1 1.904 -0.038 5.380 0.000 0.000 0.000
4 1 15 1 1.984 -0.085 11.438 0.000 0.000 0.000
4 1 16 1 2.053 -0.121 11.785 0.000 0.000 0.000
4 1 17 1 2.039 -0.095 11.246 0.000 0.000 0.000
4 1 18 1 2.042 -0.126 15.189 0.000 0.000 0.000
4 1 19 1 1.772 0.017 1.436 0.000 0.000 0.000
4 1 20 1 1.868 -0.025 4.249 0.000 0.000 0.000
4 1 21 1 1.800 -0.030 3.800 0.000 0.000 0.000
4 1 22 1 1.755 -0.032 3.436 0.000 0.000 0.000
4 1 23 1 1.788 -0.039 4.671 0.000 0.000 0.000
4 2 1 1 1.800 -0.030 3.800 0.000 0.000 0.000
4 2 2 1 2.300 -0.029 2.902 0.000 0.000 0.000
4 2 3 1 1.403 -0.074 2.755 0.000 0.000 0.000
4 2 4 1 2.176 -0.028 3.011 0.000 0.000 0.000
4 2 5 1 1.560 -0.046 2.916 0.000 0.000 0.000
4 2 6 1 1.569 -0.077 2.326 0.000 0.000 0.000
4 2 7 1 1.644 -0.052 2.335 0.000 0.000 0.000
4 2 8 1 1.452 -0.076 2.688 0.000 0.000 0.000
4 2 9 1 2.300 -0.022 3.675 0.000 0.000 0.000
4 2 10 1 1.302 -0.048 3.161 0.000 0.000 0.000
4 2 11 1 1.908 -0.033 2.843 0.000 0.000 0.000
4 2 12 1 1.571 -0.093 2.032 0.000 0.000 0.000
4 2 13 1 1.402 -0.070 2.450 0.000 0.000 0.000
4 2 14 1 1.967 -0.036 2.840 0.000 0.000 0.000
4 2 15 1 1.702 -0.056 2.198 0.000 0.000 0.000
4 2 16 1 2.300 -0.018 3.982 0.000 0.000 0.000
4 2 17 1 1.764 -0.021 3.420 0.000 0.000 0.000
4 2 18 1 1.915 -0.034 3.527 0.000 0.000 0.000
4 2 19 1 1.694 -0.023 4.068 0.000 0.000 0.000
4 2 20 1 2.009 -0.158 1.281 0.000 0.000 0.000
4 2 21 1 1.857 -0.028 3.628 0.000 0.000 0.000
4 2 22 1 1.906 -0.031 3.132 0.000 0.000 0.000
4 2 23 1 1.862 -0.031 3.166 0.000 0.000 0.000
4 2 24 1 1.968 -0.042 2.785 0.000 0.000 0.000
4 2 25 1 2.298 -0.053 0.987 0.000 0.000 0.000
4 2 26 1 2.298 -0.048 1.270 0.000 0.000 0.000
4 2 27 1 1.583 -0.013 3.820 0.000 0.000 0.000
4 2 28 1 1.755 -0.027 3.113 0.000 0.000 0.000
4 2 29 1 1.803 -0.037 4.402 0.000 0.000 0.000
4 2 30 1 1.800 -0.035 4.024 0.000 0.000 0.000
4 2 31 1 1.824 -0.047 4.980 0.000 0.000 0.000
4 2 32 1 1.756 0.033 12.485 0.000 0.000 0.000
4 2 33 1 2.286 -0.064 -0.260 0.000 0.000 0.000
4 2 34 1 1.867 -0.048 5.654 0.000 0.000 0.000
4 2 35 1 1.780 -0.035 4.022 0.000 0.000 0.000
4 2 36 1 1.393 0.074 22.490 0.000 0.000 0.000
4 2 37 1 2.300 -0.079 0.292 0.000 0.000 0.000
4 2 38 1 2.295 -0.092 1.968 0.000 0.000 0.000
4 2 39 1 1.762 -0.021 2.848 0.000 0.000 0.000
4 2 40 1 1.846 -0.035 4.574 0.000 0.000 0.000
4 2 41 1 1.804 -0.020 3.284 0.000 0.000 0.000
4 2 42 1 1.818 -0.034 4.156 0.000 0.000 0.000
4 2 43 1 1.436 -0.081 -1.453 0.000 0.000 0.000
4 2 44 1 1.857 -0.038 4.945 0.000 0.000 0.000
4 2 45 1 1.885 -0.070 6.857 0.000 0.000 0.000
4 2 46 1 1.850 -0.045 5.203 0.000 0.000 0.000
4 2 47 1 1.828 -0.043 4.935 0.000 0.000 0.000
4 2 48 1 1.778 -0.036 3.950 0.000 0.000 0.000
4 2 49 1 1.834 -0.038 4.694 0.000 0.000 0.000
4 2 50 1 1.856 -0.043 5.473 0.000 0.000 0.000
4 2 51 1 1.726 0.010 11.162 0.000 0.000 0.000
4 2 52 1 1.665 0.004 0.045 0.000 0.000 0.000
4 2 53 1 1.781 -0.026 3.235 0.000 0.000 0.000
4 2 54 1 1.831 -0.036 4.589 0.000 0.000 0.000
4 2 55 1 1.807 -0.021 3.210 0.000 0.000 0.000
4 2 56 1 1.922 -0.082 7.867 0.000 0.000 0.000
4 2 57 1 1.830 -0.072 7.083 0.000 0.000 0.000
4 2 58 1 1.837 -0.029 4.062 0.000 0.000 0.000
4 2 59 1 1.758 -0.010 2.151 0.000 0.000 0.000
4 2 60 1 1.835 -0.038 4.584 0.000 0.000 0.000
4 2 61 1 1.824 -0.028 3.960 0.000 0.000 0.000
4 2 62 1 1.809 -0.029 3.861 0.000 0.000 0.000
4 3 1 1 1.483 -0.513 43.879 0.000 0.000 0.000
4 3 2 1 1.886 -0.066 7.380 0.000 0.000 0.000
4 3 3 1 1.800 -0.030 3.800 0.000 0.000 0.000
4 3 4 1 1.800 -0.030 3.800 0.000 0.000 0.000
4 3 5 1 1.800 -0.030 3.800 0.000 0.000 0.000
5 1 1 1 1.486 -0.042 8.590 0.000 0.000 0.000
5 1 2 1 2.300 -0.027 4.841 0.000 0.000 0.000
5 1 3 1 2.173 -0.050 5.953 0.000 0.000 0.000
5 1 4 1 2.300 -0.043 2.884 0.000 0.000 0.000
5 1 5 1 2.256 -0.027 5.747 0.000 0.000 0.000
5 1 6 1 2.256 -0.094 3.334 0.000 0.000 0.000
5 1 7 1 1.792 -0.022 2.840 0.000 0.000 0.000
5 1 8 1 2.299 -0.044 2.064 0.000 0.000 0.000
5 1 9 1 1.831 -0.040 5.023 0.000 0.000 0.000
5 1 10 1 1.887 -0.045 5.855 0.000 0.000 0.000
5 1 11 1 1.317 -0.045 9.835 0.000 0.000 0.000
5 1 12 1 1.974 -0.049 7.205 0.000 0.000 0.000
5 1 13 1 1.767 -0.035 3.783 0.000 0.000 0.000
5 1 14 1 1.833 -0.033 4.476 0.000 0.000 0.000
5 1 15 1 1.913 -0.058 6.999 0.000 0.000 0.000
5 1 16 1 2.300 -0.367 18.545 0.000 0.000 0.000
5 1 17 1 1.822 -0.014 3.007 0.000 0.000 0.000
5 1 18 1 2.274 -0.049 -4.592 0.000 0.000 0.000
5 1 19 1 2.280 -0.383 19.882 0.000 0.000 0.000
5 1 20 1 1.855 -0.037 4.887 0.000 0.000 0.000
5 1 21 1 2.116 -0.143 16.905 0.000 0.000 0.000
5 1 22 1 1.808 -0.030 3.859 0.000 0.000 0.000
5 1 23 1 1.800 -0.030 3.800 0.000 0.000 0.000
5 2 1 1 1.824 -0.028 3.964 0.000 0.000 0.000
5 2 2 1 1.797 -0.102 1.455 0.000 0.000 0.000
5 2 3 1 1.971 -0.036 2.774 0.000 0.000 0.000
5 2 4 1 1.718 -0.059 2.291 0.000 0.000 0.000
5 2 5 1 1.660 -0.070 2.041 0.000 0.000 0.000
5 2 6 1 1.594 -0.070 2.022 0.000 0.000 0.000
5 2 7 1 2.039 -0.048 2.204 0.000 0.000 0.000
5 2 8 1 1.991 -0.034 2.509 0.000 0.000 0.000
5 2 9 1 1.818 -0.031 3.071 0.000 0.000 0.000
5 2 10 1 1.755 -0.026 2.895 0.000 0.000 0.000
5 2 11 1 1.923 -0.028 2.689 0.000 0.000 0.000
5 2 12 1 1.896 -0.029 2.727 0.000 0.000 0.000
5 2 13 1 1.880 -0.033 2.530 0.000 0.000 0.000
5 2 14 1 2.010 -0.037 2.335 0.000 0.000 0.000
5 2 15 1 1.905 -0.034 2.498 0.000 0.000 0.000
5 2 16 1 1.836 -0.028 2.730 0.000 0.000 0.000
5 2 17 1 2.300 -0.042 1.647 0.000 0.000 0.000
5 2 18 1 1.927 -0.032 2.781 0.000 0.000 0.000
5 2 19 1 1.963 -0.034 2.211 0.000 0.000 0.000
5 2 20 1 1.880 -0.032 2.931 0.000 0.000 0.000
5 2 21 1 2.300 -0.051 1.953 0.000 0.000 0.000
5 2 22 1 2.300 -0.094 -0.603 0.000 0.000 0.000
5 2 23 1 1.899 -0.034 3.075 0.000 0.000 0.000
5 2 24 1 1.964 -0.032 2.725 0.000 0.000 0.000
5 2 25 1 1.997 -0.039 2.408 0.000 0.000 0.000
5 2 26 1 1.987 -0.042 2.378 0.000 0.000 0.000
5 2 27 1 1.760 -0.014 2.379 0.000 0.000 0.000
5 2 28 1 2.291 -0.065 0.319 0.000 0.000 0.000
5 2 29 1 2.278 -0.061 0.434 0.000 0.000 0.000
5 2 30 1 1.778 -0.031 3.640 0.000 0.000 0.000
5 2 31 1 2.288 -0.061 0.221 0.000 0.000 0.000
5 2 32 1 1.816 -0.035 4.421 0.000 0.000 0.000
5 2 33 1 1.837 -0.054 5.780 0.000 0.000 0.000
5 2 34 1 1.883 -0.056 6.089 0.000 0.000 0.000
5 2 35 1 1.754 -0.009 2.086 0.000 0.000 0.000
5 2 36 1 1.767 -0.026 3.199 0.000 0.000 0.000
5 2 37 1 1.810 -0.046 4.921 0.000 0.000 0.000
5 2 38 1 1.859 -0.043 5.102 0.000 0.000 0.000
5 2 39 1 1.798 -0.032 3.959 0.000 0.000 0.000
5 2 40 1 1.777 -0.018 2.804 0.000 0.000 0.000
5 2 41 1 1.784 -0.022 3.201 0.000 0.000 0.000
5 2 42 1 1.801 -0.030 3.857 0.000 0.000 0.000
5 2 43 1 1.820 -0.046 5.061 0.000 0.000 0.000
5 2 44 1 1.811 -0.044 4.754 0.000 0.000 0.000
5 2 45 1 1.834 -0.045 5.113 0.000 0.000 0.000
5 2 46 1 1.747 -0.037 3.748 0.000 0.000 0.000
5 2 47 1 1.903 -0.080 8.344 0.000 0.000 0.000
5 2 48 1 1.833 -0.034 4.393 0.000 0.000 0.000
5 2 49 1 1.867 -0.059 6.415 0.000 0.000 0.000
5 2 50 1 1.888 -0.073 7.295 0.000 0.000 0.000
5 2 51 1 1.854 -0.041 5.136 0.000 0.000 0.000
5 2 52 1 1.823 -0.028 3.938 0.000 0.000 0.000
5 2 53 1 1.755 -0.038 3.972 0.000 0.000 0.000
5 2 54 1 1.885 -0.046 5.529 0.000 0.000 0.000
5 2 55 1 1.864 -0.074 7.573 0.000 0.000 0.000
5 2 56 1 1.799 -0.051 5.280 0.000 0.000 0.000
5 2 57 1 1.710 0.001 0.529 0.000 0.000 0.000
5 2 58 1 2.232 -0.051 -3.634 0.000 0.000 0.000
5 2 59 1 1.872 -0.071 7.304 0.000 0.000 0.000
5 2 60 1 1.776 -0.033 4.052 0.000 0.000 0.000
5 2 61 1 1.808 -0.029 3.848 0.000 0.000 0.000
5 2 62 1 1.769 -0.014 2.268 0.000 0.000 0.000
5 3 1 1 1.300 -0.056 10.517 0.000 0.000 0.000
5 3 2 1 2.300 -0.069 7.575 0.000 0.000 0.000
5 3 3 1 2.149 -0.347 25.584 0.000 0.000 0.000
5 3 4 1 1.800 -0.030 3.800 0.000 0.000 0.000
5 3 5 1 1.800 -0.030 3.800 0.000 0.000 0.000
6 1 1 1 1.319 -0.027 8.610 0.000 0.000 0.000
6 1 2 1 2.295 -0.075 2.755 0.000 0.000 0.000
6 1 3 1 1.710 -0.040 6.299 0.000 0.000 0.000
6 1 4 1 1.531 -0.010 11.085 0.000 0.000 0.000
6 1 5 1 2.289 -0.075 4.712 0.000 0.000 0.000
6 1 6 1 1.854 -0.040 5.428 0.000 0.000 0.000
6 1 7 1 2.300 -0.058 2.962 0.000 0.000 0.000
6 1 8 1 1.513 -0.013 5.869 0.000 0.000 0.000
6 1 9 1 1.864 -0.042 5.679 0.000 0.000 0.000
6 1 10 1 1.892 -0.046 6.278 0.000 0.000 0.000
6 1 11 1 1.840 -0.049 5.915 0.000 0.000 0.000
6 1 12 1 1.958 -0.045 7.130 0.000 0.000 0.000
6 1 13 1 2.276 -0.058 -2.456 0.000 0.000 0.000
6 1 14 1 1.862 -0.060 6.540 0.000 0.000 0.000
6 1 15 1 1.794 -0.046 4.956 0.000 0.000 0.000
6 1 16 1 1.951 -0.068 8.405 0.000 0.000 0.000
6 1 17 1 1.774 -0.015 2.348 0.000 0.000 0.000
6 1 18 1 1.862 -0.056 6.425 0.000 0.000 0.000
6 1 19 1 1.676 0.007 -0.866 0.000 0.000 0.000
6 1 20 1 1.786 -0.027 3.240 0.000 0.000 0.000
6 1 21 1 1.800 -0.030 3.800 0.000 0.000 0.000
6 1 22 1 1.908 -0.043 5.922 0.000 0.000 0.000
6 1 23 1 1.640 0.013 -2.097 0.000 0.000 0.000
6 2 1 1 1.910 -0.030 2.649 0.000 0.000 0.000
6 2 2 1 2.048 -0.039 2.385 0.000 0.000 0.000
6 2 3 1 1.627 -0.113 1.661 0.000 0.000 0.000
6 2 4 1 1.951 -0.037 2.640 0.000 0.000 0.000
6 2 5 1 1.366 -0.068 2.294 0.000 0.000 0.000
6 2 6 1 1.713 -0.115 1.561 0.000 0.000 0.000
6 2 7 1 1.853 -0.027 2.793 0.000 0.000 0.000
6 2 8 1 1.500 -0.118 1.720 0.000 0.000 0.000
6 2 9 1 2.300 -0.037 2.060 0.000 0.000 0.000
6 2 10 1 1.910 -0.034 2.548 0.000 0.000 0.000
6 2 11 1 2.037 -0.034 2.332 0.000 0.000 0.000
6 2 12 1 1.945 -0.030 2.378 0.000 0.000 0.000
6 2 13 1 1.936 -0.034 2.221 0.000 0.000 0.000
6 2 14 1 1.871 -0.137 0.918 0.000 0.000 0.000
6 2 15 1 1.718 -0.156 1.210 0.000 0.000 0.000
6 2 16 1 1.890 -0.035 2.829 0.000 0.000 0.000
6 2 17 1 1.769 -0.026 3.035 0.000 0.000 0.000
6 2 18 1 1.860 -0.047 2.647 0.000 0.000 0.000
6 2 19 1 1.853 -0.028 3.129 0.000 0.000 0.000
6 2 20 1 2.146 -0.046 1.793 0.000 0.000 0.000
6 2 21 1 2.026 -0.041 2.433 0.000 0.000 0.000
6 2 22 1 2.076 -0.042 2.143 0.000 0.000 0.000
6 2 23 1 2.087 -0.041 2.357 0.000 0.000 0.000
6 2 24 1 1.774 -0.024 3.013 0.000 0.000 0.000
6 2 25 1 2.132 -0.042 2.006 0.000 0.000 0.000
6 2 26 1 2.011 -0.035 2.353 0.000 0.000 0.000
6 2 27 1 2.294 -0.061 0.044 0.000 0.000 0.000
6 2 28 1 1.838 -0.037 4.596 0.000 0.000 0.000
6 2 29 1 1.938 -0.031 2.850 0.000 0.000 0.000
6 2 30 1 1.763 -0.022 2.808 0.000 0.000 0.000
6 2 31 1 1.771 -0.008 2.246 0.000 0.000 0.000
6 2 32 1 2.223 -0.089 1.442 0.000 0.000 0.000
6 2 33 1 1.811 -0.021 3.393 0.000 0.000 0.000
6 2 34 1 1.798 -0.022 3.318 0.000 0.000 0.000
6 2 35 1 1.792 -0.029 3.628 0.000 0.000 0.000
6 2 36 1 1.808 -0.029 3.846 0.000 0.000 0.000
6 2 37 1 1.837 -0.045 4.966 0.000 0.000 0.000
6 2 38 1 1.818 -0.038 4.503 0.000 0.000 0.000
6 2 39 1 1.785 -0.017 2.902 0.000 0.000 0.000
6 2 40 1 1.722 0.024 9.959 0.000 0.000 0.000
6 2 41 1 1.764 -0.025 3.127 0.000 0.000 0.000
6 2 42 1 1.776 -0.032 3.658 0.000 0.000 0.000
6 2 43 1 1.844 -0.041 4.882 0.000 0.000 0.000
6 2 44 1 1.755 -0.040 4.182 0.000 0.000 0.000
6 2 45 1 1.814 -0.047 4.800 0.000 0.000 0.000
6 2 46 1 2.299 -0.066 2.126 0.000 0.000 0.000
6 2 47 1 1.785 -0.036 4.003 0.000 0.000 0.000
6 2 48 1 1.910 -0.059 6.404 0.000 0.000 0.000
6 2 49 1 1.794 -0.035 4.054 0.000 0.000 0.000
6 2 50 1 1.831 -0.033 4.275 0.000 0.000 0.000
6 2 51 1 1.784 -0.024 3.148 0.000 0.000 0.000
6 2 52 1 1.820 -0.060 5.807 0.000 0.000 0.000
6 2 53 1 1.813 -0.055 5.501 0.000 0.000 0.000
6 2 54 1 1.778 -0.013 2.388 0.000 0.000 0.000
6 2 55 1 1.886 -0.072 7.683 0.000 0.000 0.000
6 2 56 1 1.821 -0.036 4.209 0.000 0.000 0.000
6 2 57 1 1.808 -0.029 3.850 0.000 0.000 0.000
6 2 58 1 1.749 0.005 0.898 0.000 0.000 0.000
6 2 59 1 1.766 -0.014 2.281 0.000 0.000 0.000
6 2 60 1 1.837 -0.050 5.659 0.000 0.000 0.000
6 2 61 1 1.554 0.046 -3.694 0.000 0.000 0.000
6 2 62 1 2.133 -0.236 18.564 0.000 0.000 0.000
6 3 1 1 1.493 -0.002 8.818 0.000 0.000 0.000
6 3 2 1 1.375 0.045 18.821 0.000 0.000 0.000
6 3 3 1 1.800 -0.030 3.800 0.000 0.000 0.000
6 3 4 1 1.800 -0.030 3.800 0.000 0.000 0.000
6 3 5 1 1.800 -0.030 3.800 0.000 0.000 0.000
