1 1 1 91.090 91.090 64.547 64.547 -0.071
1 1 2 129.732 129.732 80.244 80.244 -0.001
1 1 3 100.758 100.758 36.926 36.926 -0.416
1 1 4 122.826 122.826 43.323 43.323 0.038
1 1 5 135.931 135.931 39.984 39.984 0.113
1 1 6 102.010 102.010 25.182 25.182 -0.608
1 1 7 127.521 127.521 29.294 29.294 -0.066
1 1 8 125.836 125.836 25.977 25.977 0.078
1 1 9 149.843 149.843 29.070 29.070 0.217
1 1 10 131.526 131.526 22.387 22.387 -0.095
1 1 11 132.512 132.512 22.015 22.015 -0.530
1 1 12 140.439 140.439 20.507 20.507 -0.219
1 1 13 128.405 128.405 16.908 16.908 0.405
1 1 14 161.306 161.306 22.001 22.001 -0.086
1 1 15 167.974 167.974 22.592 22.592 -0.027
1 1 16 169.248 169.248 23.413 23.413 -0.312
1 1 17 159.093 159.093 20.770 20.770 0.258
1 1 18 187.080 187.080 24.385 24.385 -0.217
1 1 19 152.947 152.947 21.723 21.723 -0.109
1 1 20 187.315 187.315 23.348 23.348 -0.238
1 1 21 202.890 202.890 33.034 33.034 -0.160
1 1 22 178.932 178.932 34.459 34.459 -0.101
1 1 23 184.441 184.441 36.113 36.113 -0.237
1 2 1 138.016 138.016 248.319 248.319 -0.020
1 2 2 122.532 122.532 128.094 128.094 -0.067
1 2 3 124.571 124.571 141.720 141.720 -0.191
1 2 4 128.333 128.333 88.172 88.172 -0.153
1 2 5 128.953 128.953 78.353 78.353 -0.175
1 2 6 137.634 137.634 81.360 81.360 0.104
1 2 7 178.945 178.945 102.013 102.013 0.086
1 2 8 151.852 151.852 72.732 72.732 0.115
1 2 9 176.903 176.903 82.626 82.626 0.146
1 2 10 148.775 148.775 59.635 59.635 -0.045
1 2 11 169.479 169.479 67.897 67.897 -0.066
1 2 12 198.123 198.123 78.540 78.540 -0.133
1 2 13 141.442 141.442 43.548 43.548 -0.101
1 2 14 156.923 156.923 48.945 48.945 0.039
1 2 15 178.487 178.487 56.662 56.662 -0.012
1 2 16 168.677 168.677 48.265 48.265 0.016
1 2 17 173.002 173.002 48.076 48.076 -0.017
1 2 18 135.513 135.513 30.621 30.621 -0.115
1 2 19 153.433 153.433 35.751 35.751 0.041
1 2 20 153.149 153.149 34.342 34.342 -0.036
1 2 21 129.629 129.629 24.965 24.965 0.042
1 2 22 165.150 165.150 35.135 35.135 0.041
1 2 23 148.710 148.710 28.917 28.917 0.159
1 2 24 170.358 170.358 34.020 34.020 -0.049
1 2 25 189.563 189.563 38.220 38.220 -0.063
1 2 26 178.224 178.224 33.873 33.873 -0.046
1 2 27 217.225 217.225 43.580 43.580 -0.047
1 2 28 160.723 160.723 29.125 29.125 -0.120
1 2 29 156.669 156.669 25.356 25.356 0.031
1 2 30 173.558 173.558 29.297 29.297 0.027
1 2 31 139.322 139.322 22.571 22.571 -0.004
1 2 32 304.871 304.871 63.649 63.649 -0.031
1 2 33 221.895 221.895 40.654 40.654 -0.132
1 2 34 282.726 282.726 55.049 55.049 -0.006
1 2 35 247.028 247.028 44.095 44.095 0.070
1 2 36 247.389 247.389 44.477 44.477 0.038
1 2 37 257.844 257.844 46.185 46.185 0.049
1 2 38 326.750 326.750 62.685 62.685 0.025
1 2 39 233.787 233.787 37.488 37.488 0.098
1 2 40 236.181 236.181 42.615 42.615 0.085
1 2 41 277.837 277.837 51.694 51.694 -0.075
1 2 42 209.525 209.525 31.554 31.554 -0.005
1 2 43 211.888 211.888 34.288 34.288 -0.051
1 2 44 228.999 228.999 41.852 41.852 -0.048
1 2 45 266.026 266.026 48.984 48.984 0.081
1 2 46 218.555 218.555 37.077 37.077 -0.039
1 2 47 234.896 234.896 38.132 38.132 -0.044
1 2 48 294.801 294.801 64.266 64.266 -0.079
1 2 49 230.904 230.904 42.961 42.961 -0.082
1 2 50 315.593 315.593 62.549 62.549 0.015
1 2 51 357.112 357.112 74.034 74.034 -0.010
1 2 52 268.525 268.525 47.582 47.582 -0.016
1 2 53 291.162 291.162 53.600 53.600 -0.068
1 2 54 209.212 209.212 41.600 41.600 0.024
1 2 55 243.386 243.386 47.498 47.498 -0.077
1 2 56 317.741 317.741 65.334 65.334 -0.077
1 2 57 233.813 233.813 49.603 49.603 -0.064
1 2 58 245.852 245.852 74.328 74.328 -0.113
1 2 59 268.622 268.622 77.572 77.572 -0.065
1 2 60 281.114 281.114 64.579 64.579 -0.083
1 2 61 251.382 251.382 63.345 63.345 -0.188
1 2 62 253.986 253.986 70.420 70.420 -0.123
1 3 1 216.071 216.071 51.925 51.925 -0.836
1 3 2 225.627 225.627 53.077 53.077 0.422
1 3 3 233.849 233.849 63.380 63.380 0.534
1 3 4 230.174 230.174 93.667 93.667 0.600
1 3 5 200.000 200.000 2403.024 2403.024 0.000
2 1 1 39.356 39.356 79.906 79.906 1.021
2 1 2 102.717 102.717 53.316 53.316 -0.175
2 1 3 74.237 74.237 23.965 23.965 -0.196
2 1 4 110.762 110.762 36.285 36.285 0.191
2 1 5 95.796 95.796 23.922 23.922 0.014
2 1 6 105.912 105.912 602.568 602.568 0.000
2 1 7 123.446 123.446 27.826 27.826 0.059
2 1 8 132.011 132.011 27.388 27.388 0.206
2 1 9 132.511 132.511 24.530 24.530 0.043
2 1 10 128.039 128.039 914.729 914.729 0.000
2 1 11 143.828 143.828 23.253 23.253 0.021
2 1 12 99.487 99.487 13.526 13.526 -0.323
2 1 13 133.635 133.635 17.953 17.953 -0.022
2 1 14 137.617 137.617 17.674 17.674 -0.294
2 1 15 132.164 132.164 16.521 16.521 0.000
2 1 16 150.802 150.802 17.879 17.879 -0.008
2 1 17 146.982 146.982 20.414 20.414 -0.382
2 1 18 188.616 188.616 23.892 23.892 0.129
2 1 19 177.823 177.823 1866.184 1866.184 0.000
2 1 20 171.207 171.207 19.947 19.947 -0.219
2 1 21 180.033 180.033 28.919 28.919 0.300
2 1 22 184.276 184.276 26.502 26.502 -0.232
2 1 23 181.225 181.225 38.752 38.752 0.360
2 2 1 68.909 68.909 432.244 432.244 0.240
2 2 2 113.451 113.451 117.268 117.268 -0.002
2 2 3 155.704 155.704 159.419 159.419 -0.018
2 2 4 99.430 99.430 68.147 68.147 -0.261
2 2 5 135.609 135.609 89.422 89.422 0.074
2 2 6 153.214 153.214 92.233 92.233 0.165
2 2 7 147.976 147.976 76.405 76.405 -0.087
2 2 8 120.658 120.658 52.447 52.447 0.073
2 2 9 128.311 128.311 52.199 52.199 -0.235
2 2 10 178.866 178.866 79.524 79.524 -0.142
2 2 11 183.862 183.862 78.646 78.646 -0.103
2 2 12 189.147 189.147 74.840 74.840 -0.101
2 2 13 159.761 159.761 52.805 52.805 0.025
2 2 14 131.898 131.898 37.765 37.765 -0.011
2 2 15 142.249 142.249 40.307 40.307 -0.021
2 2 16 163.515 163.515 45.931 45.931 -0.055
2 2 17 173.701 173.701 47.878 47.878 -0.119
2 2 18 127.854 127.854 28.151 28.151 -0.059
2 2 19 127.299 127.299 26.985 26.985 -0.031
2 2 20 165.429 165.429 38.602 38.602 0.008
2 2 21 131.723 131.723 25.587 25.587 -0.005
2 2 22 172.146 172.146 37.435 37.435 0.004
2 2 23 163.977 163.977 33.684 33.684 -0.026
2 2 24 137.966 137.966 24.475 24.475 0.002
2 2 25 160.511 160.511 29.783 29.783 -0.081
2 2 26 165.854 165.854 30.454 30.454 -0.071
2 2 27 195.769 195.769 36.598 36.598 -0.134
2 2 28 179.386 179.386 31.833 31.833 -0.133
2 2 29 159.706 159.706 25.472 25.472 -0.193
2 2 30 159.896 159.896 26.340 26.340 -0.186
2 2 31 130.779 130.779 18.880 18.880 -0.022
2 2 32 243.110 243.110 47.987 47.987 -0.130
2 2 33 223.772 223.772 39.132 39.132 -0.039
2 2 34 275.357 275.357 51.864 51.864 -0.013
2 2 35 252.209 252.209 43.241 43.241 -0.032
2 2 36 226.062 226.062 37.374 37.374 -0.027
2 2 37 240.070 240.070 40.122 40.122 0.035
2 2 38 296.035 296.035 52.668 52.668 -0.021
2 2 39 201.502 201.502 28.505 28.505 0.015
2 2 40 214.918 214.918 33.540 33.540 -0.060
2 2 41 246.786 246.786 41.063 41.063 -0.060
2 2 42 221.590 221.590 33.057 33.057 0.005
2 2 43 203.224 203.224 30.572 30.572 -0.025
2 2 44 261.991 261.991 42.760 42.760 -0.097
2 2 45 221.824 221.824 35.534 35.534 -0.041
2 2 46 242.697 242.697 43.035 43.035 -0.037
2 2 47 254.806 254.806 39.983 39.983 -0.025
2 2 48 272.161 272.161 51.691 51.691 -0.082
2 2 49 259.604 259.604 46.398 46.398 -0.101
2 2 50 280.070 280.070 50.683 50.683 -0.037
2 2 51 315.187 315.187 58.681 58.681 -0.031
2 2 52 303.902 303.902 54.651 54.651 -0.090
2 2 53 296.433 296.433 52.598 52.598 -0.073
2 2 54 280.516 280.516 49.724 49.724 0.037
2 2 55 229.554 229.554 43.151 43.151 0.022
2 2 56 314.383 314.383 64.202 64.202 0.001
2 2 57 270.150 270.150 49.431 49.431 0.003
2 2 58 213.792 213.792 48.418 48.418 0.007
2 2 59 225.662 225.662 51.683 51.683 0.025
2 2 60 248.538 248.538 57.970 57.970 0.088
2 2 61 285.626 285.626 78.908 78.908 -0.004
2 2 62 283.110 283.110 64.062 64.062 0.081
2 3 1 226.160 226.160 71.085 71.085 -0.739
2 3 2 242.239 242.239 33.192 33.192 0.002
2 3 3 223.323 223.323 46.735 46.735 -0.169
2 3 4 191.928 191.928 75.054 75.054 0.763
2 3 5 217.793 217.793 154.520 154.520 -0.664
3 1 1 133.644 133.644 111.862 111.862 0.161
3 1 2 117.987 117.987 66.390 66.390 -0.146
3 1 3 91.494 91.494 32.829 32.829 -0.165
3 1 4 123.717 123.717 43.740 43.740 -0.049
3 1 5 86.073 86.073 19.296 19.296 -0.394
3 1 6 88.230 88.230 19.366 19.366 0.209
3 1 7 117.856 117.856 45.469 45.469 -0.952
3 1 8 144.684 144.684 31.970 31.970 -0.054
3 1 9 137.787 137.787 25.651 25.651 -0.220
3 1 10 132.926 132.926 22.763 22.763 -0.022
3 1 11 104.444 104.444 14.738 14.738 0.180
3 1 12 135.411 135.411 19.602 19.602 -0.034
3 1 13 137.917 137.917 18.891 18.891 -0.214
3 1 14 151.804 151.804 20.110 20.110 0.407
3 1 15 167.561 167.561 27.018 27.018 -0.564
3 1 16 162.139 162.139 19.794 19.794 0.018
3 1 17 155.798 155.798 22.768 22.768 0.898
3 1 18 205.418 205.418 26.760 26.760 0.184
3 1 19 183.519 183.519 24.389 24.389 0.085
3 1 20 166.921 166.921 19.871 19.871 -0.160
3 1 21 186.766 186.766 25.126 25.126 0.281
3 1 22 190.423 190.423 25.193 25.193 0.374
3 1 23 191.451 191.451 37.304 37.304 -0.233
3 2 1 209.348 209.348 4146.771 4146.771 0.139
3 2 2 103.263 103.263 569.689 569.689 0.000
3 2 3 427.216 427.216 12312.619 12312.619 -0.100
3 2 4 203.031 203.031 196.142 196.142 0.068
3 2 5 133.169 133.169 92.245 92.245 -0.201
3 2 6 129.156 129.156 75.830 75.830 -0.042
3 2 7 156.364 156.364 82.898 82.898 -0.105
3 2 8 168.626 168.626 85.955 85.955 -0.065
3 2 9 127.680 127.680 51.183 51.183 -0.173
3 2 10 167.313 167.313 71.122 71.122 -0.058
3 2 11 186.855 186.855 78.613 78.613 -0.073
3 2 12 191.459 191.459 76.270 76.270 -0.078
3 2 13 153.717 153.717 48.271 48.271 -0.184
3 2 14 167.118 167.118 53.842 53.842 -0.031
3 2 15 183.028 183.028 58.815 58.815 0.002
3 2 16 134.896 134.896 34.503 34.503 0.042
3 2 17 183.728 183.728 52.542 52.542 -0.035
3 2 18 152.608 152.608 36.107 36.107 0.190
3 2 19 193.613 193.613 50.539 50.539 0.049
3 2 20 189.504 189.504 47.290 47.290 -0.025
3 2 21 132.650 132.650 25.758 25.758 -0.119
3 2 22 181.104 181.104 40.368 40.368 -0.002
3 2 23 157.909 157.909 31.828 31.828 0.043
3 2 24 168.147 168.147 32.857 32.857 -0.047
3 2 25 165.151 165.151 31.070 31.070 -0.067
3 2 26 177.543 177.543 33.579 33.579 -0.132
3 2 27 173.177 173.177 31.141 31.141 0.062
3 2 28 160.065 160.065 26.950 26.950 0.012
3 2 29 136.853 136.853 20.871 20.871 -0.177
3 2 30 173.558 173.558 28.278 28.278 0.085
3 2 31 165.650 165.650 25.931 25.931 0.078
3 2 32 257.251 257.251 47.686 47.686 -0.055
3 2 33 201.314 201.314 32.837 32.837 0.046
3 2 34 246.434 246.434 43.218 43.218 0.031
3 2 35 215.380 215.380 34.995 34.995 -0.025
3 2 36 232.170 232.170 37.520 37.520 0.105
3 2 37 231.153 231.153 36.338 36.338 0.103
3 2 38 287.889 287.889 48.966 48.966 0.019
3 2 39 249.214 249.214 40.221 40.221 0.161
3 2 40 289.976 289.976 52.425 52.425 0.073
3 2 41 215.747 215.747 31.241 31.241 0.028
3 2 42 219.498 219.498 33.463 33.463 0.034
3 2 43 248.684 248.684 40.116 40.116 0.104
3 2 44 261.587 261.587 39.236 39.236 0.040
3 2 45 234.187 234.187 36.071 36.071 0.000
3 2 46 204.677 204.677 30.689 30.689 0.049
3 2 47 280.352 280.352 45.059 45.059 0.043
3 2 48 216.399 216.399 36.153 36.153 -0.001
3 2 49 199.737 199.737 30.912 30.912 0.059
3 2 50 187.786 187.786 29.481 29.481 0.239
3 2 51 202.861 202.861 30.911 30.911 0.011
3 2 52 325.319 325.319 58.987 58.987 -0.007
3 2 53 211.139 211.139 35.353 35.353 -0.100
3 2 54 258.492 258.492 42.656 42.656 0.032
3 2 55 255.680 255.680 44.437 44.437 -0.019
3 2 56 336.386 336.386 63.593 63.593 -0.021
3 2 57 236.556 236.556 53.809 53.809 -0.038
3 2 58 217.269 217.269 40.553 40.553 -0.080
3 2 59 232.942 232.942 41.937 41.937 -0.017
3 2 60 266.702 266.702 59.968 59.968 -0.075
3 2 61 229.870 229.870 56.443 56.443 -0.062
3 2 62 268.964 268.964 56.398 56.398 -0.034
3 3 1 181.638 181.638 181.536 181.536 1.546
3 3 2 249.296 249.296 40.004 40.004 -0.035
3 3 3 237.153 237.153 43.122 43.122 0.487
3 3 4 189.193 189.193 86.795 86.795 0.428
3 3 5 214.617 214.617 112.777 112.777 0.187
4 1 1 107.854 107.854 83.888 83.888 -0.050
4 1 2 100.706 100.706 92.849 92.849 -0.465
4 1 3 117.689 117.689 45.608 45.608 -0.240
4 1 4 117.883 117.883 40.019 40.019 0.158
4 1 5 81.998 81.998 18.671 18.671 0.204
4 1 6 94.736 94.736 22.145 22.145 -0.124
4 1 7 145.278 145.278 35.453 35.453 -0.133
4 1 8 126.416 126.416 26.072 26.072 0.082
4 1 9 149.731 149.731 29.420 29.420 0.083
4 1 10 151.424 151.424 27.470 27.470 -0.157
4 1 11 113.149 113.149 18.779 18.779 -0.226
4 1 12 181.151 181.151 30.139 30.139 0.133
4 1 13 167.091 167.091 25.143 25.143 -0.006
4 1 14 145.524 145.524 19.316 19.316 0.167
4 1 15 140.364 140.364 17.446 17.446 -0.441
4 1 16 171.391 171.391 25.807 25.807 -0.370
4 1 17 182.374 182.374 26.874 26.874 0.143
4 1 18 199.613 199.613 25.500 25.500 -0.077
4 1 19 201.335 201.335 32.207 32.207 -0.101
4 1 20 153.954 153.954 32.749 32.749 -0.055
4 1 21 181.309 181.309 39.951 39.951 0.005
4 1 22 207.543 207.543 35.016 35.016 -0.110
4 1 23 212.897 212.897 31.945 31.945 -0.035
4 2 1 134.769 134.769 277.809 277.809 0.083
4 2 2 122.902 122.902 157.108 157.108 0.102
4 2 3 159.721 159.721 275.034 275.034 0.145
4 2 4 117.358 117.358 82.179 82.179 0.017
4 2 5 140.368 140.368 94.668 94.668 -0.066
4 2 6 138.097 138.097 85.861 85.861 0.126
4 2 7 168.540 168.540 93.560 93.560 -0.041
4 2 8 120.136 120.136 51.990 51.990 -0.078
4 2 9 133.046 133.046 53.091 53.091 -0.220
4 2 10 171.228 171.228 72.035 72.035 -0.135
4 2 11 156.124 156.124 59.770 59.770 -0.081
4 2 12 190.393 190.393 73.201 73.201 -0.154
4 2 13 181.624 181.624 63.895 63.895 -0.043
4 2 14 151.252 151.252 46.323 46.323 -0.009
4 2 15 174.792 174.792 54.763 54.763 -0.046
4 2 16 150.090 150.090 40.411 40.411 0.066
4 2 17 167.791 167.791 45.938 45.938 -0.062
4 2 18 153.683 153.683 36.462 36.462 0.190
4 2 19 196.055 196.055 51.608 51.608 -0.002
4 2 20 155.285 155.285 34.913 34.913 -0.104
4 2 21 136.570 136.570 27.003 27.003 0.055
4 2 22 175.906 175.906 38.646 38.646 -0.020
4 2 23 205.947 205.947 47.474 47.474 -0.004
4 2 24 193.092 193.092 40.478 40.478 0.022
4 2 25 173.705 173.705 33.513 33.513 -0.060
4 2 26 188.290 188.290 36.828 36.828 -0.042
4 2 27 193.346 193.346 36.712 36.712 -0.052
4 2 28 198.795 198.795 37.346 37.346 -0.017
4 2 29 157.296 157.296 25.450 25.450 -0.094
4 2 30 161.316 161.316 25.982 25.982 -0.022
4 2 31 156.293 156.293 24.899 24.899 0.007
4 2 32 315.257 315.257 65.323 65.323 -0.014
4 2 33 196.272 196.272 32.701 32.701 0.007
4 2 34 265.088 265.088 50.777 50.777 -0.061
4 2 35 298.409 298.409 56.458 56.458 -0.014
4 2 36 245.885 245.885 42.461 42.461 -0.072
4 2 37 314.361 314.361 60.476 60.476 -0.032
4 2 38 313.341 313.341 56.865 56.865 -0.047
4 2 39 269.842 269.842 47.032 47.032 -0.011
4 2 40 266.061 266.061 45.663 45.663 0.093
4 2 41 274.261 274.261 48.925 48.925 -0.024
4 2 42 289.442 289.442 51.651 51.651 -0.049
4 2 43 246.303 246.303 43.680 43.680 -0.045
4 2 44 274.536 274.536 45.633 45.633 -0.067
4 2 45 283.202 283.202 54.622 54.622 -0.051
4 2 46 242.710 242.710 45.081 45.081 0.089
4 2 47 246.817 246.817 41.845 41.845 -0.015
4 2 48 310.185 310.185 58.467 58.467 -0.003
4 2 49 189.586 189.586 31.015 31.015 -0.065
4 2 50 271.237 271.237 47.245 47.245 0.011
4 2 51 316.312 316.312 63.847 63.847 -0.044
4 2 52 272.002 272.002 52.043 52.043 0.013
4 2 53 279.664 279.664 49.407 49.407 -0.011
4 2 54 260.265 260.265 49.152 49.152 0.044
4 2 55 232.343 232.343 46.902 46.902 -0.054
4 2 56 314.240 314.240 67.961 67.961 -0.006
4 2 57 206.211 206.211 40.997 40.997 0.028
4 2 58 229.108 229.108 43.093 43.093 0.039
4 2 59 220.847 220.847 48.047 48.047 0.049
4 2 60 223.097 223.097 54.756 54.756 -0.117
4 2 61 241.562 241.562 78.530 78.530 -0.080
4 2 62 313.988 313.988 75.139 75.139 0.052
4 3 1 206.895 206.895 40.574 40.574 -0.151
4 3 2 229.153 229.153 34.267 34.267 -0.076
4 3 3 230.794 230.794 50.403 50.403 0.327
4 3 4 244.231 244.231 128.060 128.060 -0.611
4 3 5 246.508 246.508 114.212 114.212 -0.063
5 1 1 128.100 128.100 107.705 107.705 0.049
5 1 2 106.762 106.762 56.722 56.722 -0.281
5 1 3 172.502 172.502 86.073 86.073 0.079
5 1 4 146.223 146.223 56.215 56.215 -0.058
5 1 5 95.325 95.325 23.806 23.806 -0.045
5 1 6 106.332 106.332 22.125 22.125 -0.685
5 1 7 106.423 106.423 22.091 22.091 0.178
5 1 8 111.426 111.426 21.261 21.261 -0.246
5 1 9 143.648 143.648 27.532 27.532 -0.108
5 1 10 146.710 146.710 25.899 25.899 -0.229
5 1 11 150.467 150.467 24.892 24.892 0.004
5 1 12 163.888 163.888 26.395 26.395 -0.052
5 1 13 175.266 175.266 26.440 26.440 -0.278
5 1 14 140.336 140.336 17.592 17.592 -0.182
5 1 15 188.199 188.199 26.377 26.377 0.183
5 1 16 172.343 172.343 23.908 23.908 -0.960
5 1 17 171.723 171.723 21.227 21.227 -0.156
5 1 18 206.880 206.880 27.070 27.070 -0.080
5 1 19 204.440 204.440 27.213 27.213 0.088
5 1 20 190.992 190.992 24.739 24.739 0.041
5 1 21 199.017 199.017 27.869 27.869 -0.126
5 1 22 190.466 190.466 25.836 25.836 -0.051
5 1 23 176.974 176.974 29.592 29.592 0.183
5 2 1 68.954 68.954 416.906 416.906 -0.300
5 2 2 105.227 105.227 112.460 112.460 0.144
5 2 3 195.527 195.527 226.159 226.159 -0.008
5 2 4 124.375 124.375 86.388 86.388 -0.099
5 2 5 114.564 114.564 70.527 70.527 0.017
5 2 6 116.806 116.806 62.452 62.452 -0.154
5 2 7 139.798 139.798 70.732 70.732 -0.085
5 2 8 149.774 149.774 72.850 72.850 0.003
5 2 9 139.319 139.319 60.589 60.589 -0.079
5 2 10 172.931 172.931 72.783 72.783 -0.135
5 2 11 186.838 186.838 78.304 78.304 -0.080
5 2 12 213.094 213.094 90.178 90.178 -0.056
5 2 13 180.145 180.145 62.693 62.693 -0.077
5 2 14 175.644 175.644 57.152 57.152 -0.099
5 2 15 161.751 161.751 48.481 48.481 -0.086
5 2 16 152.337 152.337 40.423 40.423 -0.277
5 2 17 161.189 161.189 43.085 43.085 -0.068
5 2 18 140.058 140.058 32.220 32.220 -0.078
5 2 19 172.954 172.954 41.647 41.647 -0.213
5 2 20 180.549 180.549 43.967 43.967 -0.023
5 2 21 128.570 128.570 24.662 24.662 -0.032
5 2 22 153.449 153.449 31.488 31.488 0.011
5 2 23 192.563 192.563 42.861 42.861 -0.047
5 2 24 152.089 152.089 28.298 28.298 -0.077
5 2 25 165.762 165.762 30.854 30.854 -0.185
5 2 26 168.508 168.508 31.021 31.021 -0.115
5 2 27 198.550 198.550 37.466 37.466 -0.132
5 2 28 160.058 160.058 26.843 26.843 -0.205
5 2 29 142.093 142.093 21.236 21.236 -0.155
5 2 30 215.897 215.897 38.946 38.946 -0.165
5 2 31 140.262 140.262 21.016 21.016 -0.194
5 2 32 276.823 276.823 52.808 52.808 -0.084
5 2 33 215.660 215.660 36.237 36.237 -0.140
5 2 34 268.956 268.956 49.034 49.034 -0.058
5 2 35 252.476 252.476 42.715 42.715 -0.079
5 2 36 258.237 258.237 43.767 43.767 -0.000
5 2 37 264.318 264.318 45.644 45.644 -0.029
5 2 38 334.459 334.459 61.536 61.536 0.013
5 2 39 197.827 197.827 28.665 28.665 0.005
5 2 40 251.433 251.433 38.997 38.997 -0.014
5 2 41 249.897 249.897 38.389 38.389 -0.083
5 2 42 235.280 235.280 35.760 35.760 -0.121
5 2 43 230.896 230.896 35.511 35.511 -0.127
5 2 44 292.251 292.251 50.127 50.127 -0.074
5 2 45 254.379 254.379 42.375 42.375 -0.142
5 2 46 227.069 227.069 36.266 36.266 -0.034
5 2 47 236.864 236.864 37.711 37.711 -0.036
5 2 48 280.670 280.670 47.143 47.143 -0.038
5 2 49 218.219 218.219 33.416 33.416 -0.012
5 2 50 284.247 284.247 49.156 49.156 -0.044
5 2 51 316.937 316.937 57.410 57.410 -0.064
5 2 52 325.466 325.466 64.313 64.313 -0.046
5 2 53 269.112 269.112 43.643 43.643 -0.087
5 2 54 252.190 252.190 45.028 45.028 -0.092
5 2 55 255.302 255.302 43.384 43.384 0.008
5 2 56 206.660 206.660 34.808 34.808 -0.125
5 2 57 195.047 195.047 36.482 36.482 0.017
5 2 58 226.171 226.171 39.125 39.125 0.060
5 2 59 197.279 197.279 35.779 35.779 0.125
5 2 60 261.418 261.418 62.220 62.220 0.093
5 2 61 224.450 224.450 49.764 49.764 0.015
5 2 62 263.372 263.372 51.374 51.374 0.095
5 3 1 207.261 207.261 27.900 27.900 0.051
5 3 2 233.019 233.019 34.709 34.709 -0.143
5 3 3 237.520 237.520 66.728 66.728 -0.269
5 3 4 305.011 305.011 196.934 196.934 0.126
5 3 5 308.029 308.029 305.418 305.418 0.432
6 1 1 32.226 32.226 69.812 69.812 -1.298
6 1 2 134.726 134.726 84.907 84.907 0.014
6 1 3 129.650 129.650 54.566 54.566 0.251
6 1 4 127.650 127.650 44.688 44.688 -0.194
6 1 5 126.304 126.304 35.726 35.726 -0.141
6 1 6 101.161 101.161 22.157 22.157 0.559
6 1 7 122.046 122.046 27.396 27.396 0.042
6 1 8 167.252 167.252 38.991 38.991 -0.222
6 1 9 137.250 137.250 25.430 25.430 -0.205
6 1 10 137.945 137.945 24.012 24.012 0.124
6 1 11 138.386 138.386 21.928 21.928 0.069
6 1 12 146.183 146.183 22.007 22.007 -0.006
6 1 13 146.155 146.155 20.842 20.842 -0.127
6 1 14 154.440 154.440 23.035 23.035 0.577
6 1 15 161.095 161.095 21.307 21.307 0.228
6 1 16 174.378 174.378 23.058 23.058 0.083
6 1 17 173.192 173.192 22.764 22.764 -0.061
6 1 18 211.974 211.974 27.523 27.523 0.098
6 1 19 189.048 189.048 24.145 24.145 0.109
6 1 20 196.421 196.421 26.439 26.439 -0.054
6 1 21 188.887 188.887 2125.197 2125.197 0.000
6 1 22 172.891 172.891 27.631 27.631 0.344
6 1 23 185.703 185.703 31.321 31.321 -0.117
6 2 1 78.198 78.198 456.365 456.365 0.265
6 2 2 112.301 112.301 116.187 116.187 -0.025
6 2 3 135.385 135.385 128.384 128.384 -0.030
6 2 4 142.132 142.132 148.605 148.605 -0.235
6 2 5 126.038 126.038 79.296 79.296 -0.135
6 2 6 144.544 144.544 85.158 85.158 -0.153
6 2 7 174.120 174.120 98.447 98.447 0.051
6 2 8 124.862 124.862 55.064 55.064 0.185
6 2 9 159.373 159.373 73.815 73.815 0.045
6 2 10 183.424 183.424 81.692 81.692 -0.035
6 2 11 158.769 158.769 61.809 61.809 -0.025
6 2 12 193.406 193.406 78.436 78.436 -0.019
6 2 13 176.569 176.569 61.233 61.233 0.042
6 2 14 139.187 139.187 40.845 40.845 0.037
6 2 15 164.954 164.954 50.322 50.322 0.021
6 2 16 157.717 157.717 43.176 43.176 0.115
6 2 17 150.866 150.866 38.675 38.675 0.157
6 2 18 137.213 137.213 31.328 31.328 0.044
6 2 19 153.642 153.642 35.628 35.628 -0.104
6 2 20 162.986 162.986 37.231 37.231 0.169
6 2 21 135.945 135.945 26.835 26.835 0.024
6 2 22 173.971 173.971 37.947 37.947 0.064
6 2 23 165.470 165.470 34.071 34.071 0.086
6 2 24 149.243 149.243 27.548 27.548 -0.033
6 2 25 163.672 163.672 30.702 30.702 -0.015
6 2 26 165.782 165.782 30.405 30.405 0.045
6 2 27 192.765 192.765 36.619 36.619 0.027
6 2 28 141.896 141.896 22.231 22.231 0.007
6 2 29 138.114 138.114 20.683 20.683 0.049
6 2 30 184.485 184.485 31.863 31.863 0.061
6 2 31 125.570 125.570 18.334 18.334 0.022
6 2 32 299.199 299.199 59.807 59.807 0.060
6 2 33 209.130 209.130 35.104 35.104 0.119
6 2 34 272.905 272.905 53.033 53.033 0.069
6 2 35 227.267 227.267 38.457 38.457 0.065
6 2 36 252.392 252.392 44.467 44.467 0.041
6 2 37 226.479 226.479 36.709 36.709 0.090
6 2 38 291.500 291.500 53.545 53.545 0.162
6 2 39 308.615 308.615 54.221 54.221 0.088
6 2 40 272.038 272.038 48.754 48.754 0.103
6 2 41 216.402 216.402 37.904 37.904 -0.045
6 2 42 219.217 219.217 37.689 37.689 -0.016
6 2 43 200.014 200.014 32.215 32.215 0.102
6 2 44 225.287 225.287 40.663 40.663 0.026
6 2 45 189.701 189.701 34.480 34.480 0.085
6 2 46 211.692 211.692 39.175 39.175 0.002
6 2 47 200.295 200.295 33.246 33.246 0.058
6 2 48 320.691 320.691 62.005 62.005 0.048
6 2 49 270.924 270.924 51.391 51.391 0.028
6 2 50 268.450 268.450 47.505 47.505 -0.040
6 2 51 306.360 306.360 53.429 53.429 -0.042
6 2 52 283.796 283.796 48.284 48.284 -0.001
6 2 53 309.686 309.686 54.494 54.494 -0.067
6 2 54 232.021 232.021 45.518 45.518 -0.045
6 2 55 268.799 268.799 56.928 56.928 -0.124
6 2 56 228.722 228.722 48.234 48.234 -0.096
6 2 57 197.040 197.040 41.268 41.268 -0.128
6 2 58 228.727 228.727 46.327 46.327 -0.012
6 2 59 241.342 241.342 50.520 50.520 -0.005
6 2 60 249.049 249.049 56.926 56.926 -0.032
6 2 61 249.398 249.398 64.626 64.626 -0.067
6 2 62 297.172 297.172 64.289 64.289 -0.024
6 3 1 200.318 200.318 26.575 26.575 0.188
6 3 2 234.252 234.252 32.721 32.721 0.144
6 3 3 200.000 200.000 2403.024 2403.024 0.000
6 3 4 232.303 232.303 135.624 135.624 0.765
6 3 5 290.397 290.397 128.601 128.601 -0.076
