1 1 1 1 1.377 -0.025 10.359 0.000 0.000 0.000
1 1 2 1 2.265 -0.022 6.957 0.000 0.000 0.000
1 1 3 1 2.265 -0.029 7.511 0.000 0.000 0.000
1 1 4 1 2.300 -0.050 7.283 0.000 0.000 0.000
1 1 5 1 2.297 -0.036 5.599 0.000 0.000 0.000
1 1 6 1 1.512 -0.016 9.642 0.000 0.000 0.000
1 1 7 1 1.716 0.006 15.262 0.000 0.000 0.000
1 1 8 1 1.568 -0.047 7.997 0.000 0.000 0.000
1 1 9 1 1.773 -0.028 3.310 0.000 0.000 0.000
1 1 10 1 1.367 0.038 19.499 0.000 0.000 0.000
1 1 11 1 1.301 -0.048 10.127 0.000 0.000 0.000
1 1 12 1 1.919 -0.042 6.039 0.000 0.000 0.000
1 1 13 1 1.905 -0.051 6.867 0.000 0.000 0.000
1 1 14 1 1.999 -0.072 9.310 0.000 0.000 0.000
1 1 15 1 2.298 -0.053 2.630 0.000 0.000 0.000
1 1 16 1 1.975 -0.068 8.969 0.000 0.000 0.000
1 1 17 1 1.909 -0.056 7.270 0.000 0.000 0.000
1 1 18 1 1.890 -0.039 5.544 0.000 0.000 0.000
1 1 19 1 1.744 -0.013 1.280 0.000 0.000 0.000
1 1 20 1 1.562 0.015 -3.681 0.000 0.000 0.000
1 1 21 1 2.209 -0.158 18.610 0.000 0.000 0.000
1 1 22 1 1.755 -0.032 3.455 0.000 0.000 0.000
1 1 23 1 1.800 -0.030 3.800 0.000 0.000 0.000
1 2 1 1 1.774 -0.031 3.597 0.000 0.000 0.000
1 2 2 1 1.769 -0.029 3.482 0.000 0.000 0.000
1 2 3 1 1.543 -0.053 2.507 0.000 0.000 0.000
1 2 4 1 1.863 -0.033 3.334 0.000 0.000 0.000
1 2 5 1 1.346 -0.070 2.900 0.000 0.000 0.000
1 2 6 1 2.285 -0.021 3.697 0.000 0.000 0.000
1 2 7 1 2.300 -0.026 2.543 0.000 0.000 0.000
1 2 8 1 1.695 -0.028 3.461 0.000 0.000 0.000
1 2 9 1 1.734 -0.024 4.018 0.000 0.000 0.000
1 2 10 1 1.830 -0.030 3.085 0.000 0.000 0.000
1 2 11 1 1.830 -0.026 3.040 0.000 0.000 0.000
1 2 12 1 2.290 -0.017 3.317 0.000 0.000 0.000
1 2 13 1 1.666 -0.071 2.529 0.000 0.000 0.000
1 2 14 1 1.833 -0.028 2.957 0.000 0.000 0.000
1 2 15 1 1.489 -0.078 2.312 0.000 0.000 0.000
1 2 16 1 2.291 -0.015 3.914 0.000 0.000 0.000
1 2 17 1 1.847 -0.030 2.998 0.000 0.000 0.000
1 2 18 1 1.773 -0.031 3.553 0.000 0.000 0.000
1 2 19 1 2.300 -0.027 2.075 0.000 0.000 0.000
1 2 20 1 1.643 -0.026 4.456 0.000 0.000 0.000
1 2 21 1 1.657 -0.022 4.483 0.000 0.000 0.000
1 2 22 1 1.977 -0.034 1.813 0.000 0.000 0.000
1 2 23 1 2.037 -0.036 3.204 0.000 0.000 0.000
1 2 24 1 2.298 -0.042 -0.207 0.000 0.000 0.000
1 2 25 1 1.825 -0.028 3.936 0.000 0.000 0.000
1 2 26 1 1.843 -0.034 4.993 0.000 0.000 0.000
1 2 27 1 1.808 -0.030 3.851 0.000 0.000 0.000
1 2 28 1 1.807 -0.027 3.657 0.000 0.000 0.000
1 2 29 1 2.298 -0.049 -0.558 0.000 0.000 0.000
1 2 30 1 1.801 -0.033 4.098 0.000 0.000 0.000
1 2 31 1 1.811 -0.035 4.373 0.000 0.000 0.000
1 2 32 1 1.852 -0.033 4.667 0.000 0.000 0.000
1 2 33 1 1.803 -0.033 4.203 0.000 0.000 0.000
1 2 34 1 1.811 -0.029 3.888 0.000 0.000 0.000
1 2 35 1 1.749 -0.027 2.866 0.000 0.000 0.000
1 2 36 1 2.282 -0.273 11.627 0.000 0.000 0.000
1 2 37 1 1.771 -0.032 3.686 0.000 0.000 0.000
1 2 38 1 1.954 -0.057 8.515 0.000 0.000 0.000
1 2 39 1 1.876 -0.038 5.622 0.000 0.000 0.000
1 2 40 1 1.807 -0.037 4.506 0.000 0.000 0.000
1 2 41 1 1.724 -0.019 1.734 0.000 0.000 0.000
1 2 42 1 1.827 -0.027 3.789 0.000 0.000 0.000
1 2 43 1 1.834 -0.047 6.076 0.000 0.000 0.000
1 2 44 1 1.945 -0.071 9.761 0.000 0.000 0.000
1 2 45 1 1.797 -0.040 4.863 0.000 0.000 0.000
1 2 46 1 1.798 -0.025 3.372 0.000 0.000 0.000
1 2 47 1 1.995 -0.074 11.174 0.000 0.000 0.000
1 2 48 1 1.852 -0.034 4.820 0.000 0.000 0.000
1 2 49 1 1.805 -0.040 5.010 0.000 0.000 0.000
1 2 50 1 1.832 -0.036 4.916 0.000 0.000 0.000
1 2 51 1 1.844 -0.046 6.358 0.000 0.000 0.000
1 2 52 1 1.969 -0.074 11.212 0.000 0.000 0.000
1 2 53 1 1.795 -0.026 3.417 0.000 0.000 0.000
1 2 54 1 1.991 -0.070 10.079 0.000 0.000 0.000
1 2 55 1 1.734 -0.028 2.746 0.000 0.000 0.000
1 2 56 1 1.855 -0.039 5.627 0.000 0.000 0.000
1 2 57 1 2.005 -0.063 10.434 0.000 0.000 0.000
1 2 58 1 1.857 -0.049 6.920 0.000 0.000 0.000
1 2 59 1 1.844 -0.028 4.172 0.000 0.000 0.000
1 2 60 1 1.791 -0.030 3.722 0.000 0.000 0.000
1 2 61 1 1.612 0.003 -2.593 0.000 0.000 0.000
1 2 62 1 1.773 -0.031 3.586 0.000 0.000 0.000
1 3 1 1 2.016 -0.083 9.925 0.000 0.000 0.000
1 3 2 1 1.800 -0.030 3.800 0.000 0.000 0.000
1 3 3 1 1.739 -0.033 3.354 0.000 0.000 0.000
1 3 4 1 1.939 -0.014 4.663 0.000 0.000 0.000
1 3 5 1 1.800 -0.030 3.800 0.000 0.000 0.000
2 1 1 1 2.105 -0.019 8.825 0.000 0.000 0.000
2 1 2 1 1.684 -0.031 6.871 0.000 0.000 0.000
2 1 3 1 1.596 -0.024 5.972 0.000 0.000 0.000
2 1 4 1 1.590 -0.034 6.123 0.000 0.000 0.000
2 1 5 1 2.300 -0.046 2.837 0.000 0.000 0.000
2 1 6 1 1.800 -0.030 3.800 0.000 0.000 0.000
2 1 7 1 1.302 -0.028 9.394 0.000 0.000 0.000
2 1 8 1 1.407 -0.021 9.068 0.000 0.000 0.000
2 1 9 1 2.300 -0.050 2.779 0.000 0.000 0.000
2 1 10 1 1.800 -0.030 3.800 0.000 0.000 0.000
2 1 11 1 2.300 -0.054 5.007 0.000 0.000 0.000
2 1 12 1 2.300 -0.049 2.529 0.000 0.000 0.000
2 1 13 1 2.022 0.012 16.888 0.000 0.000 0.000
2 1 14 1 1.300 -0.049 9.903 0.000 0.000 0.000
2 1 15 1 1.847 -0.034 4.979 0.000 0.000 0.000
2 1 16 1 1.965 -0.080 10.087 0.000 0.000 0.000
2 1 17 1 1.833 -0.034 4.573 0.000 0.000 0.000
2 1 18 1 2.291 -0.050 -0.431 0.000 0.000 0.000
2 1 19 1 1.800 -0.030 3.800 0.000 0.000 0.000
2 1 20 1 2.142 -0.301 33.730 0.000 0.000 0.000
2 1 21 1 1.627 -0.002 -1.624 0.000 0.000 0.000
2 1 22 1 1.825 -0.029 3.986 0.000 0.000 0.000
2 1 23 1 1.800 -0.030 3.800 0.000 0.000 0.000
2 2 1 1 1.808 -0.119 1.401 0.000 0.000 0.000
2 2 2 1 2.099 -0.136 0.736 0.000 0.000 0.000
2 2 3 1 1.392 -0.065 2.936 0.000 0.000 0.000
2 2 4 1 1.474 -0.099 1.987 0.000 0.000 0.000
2 2 5 1 1.446 -0.069 2.555 0.000 0.000 0.000
2 2 6 1 1.672 -0.050 2.621 0.000 0.000 0.000
2 2 7 1 1.539 -0.072 2.003 0.000 0.000 0.000
2 2 8 1 1.533 -0.089 2.012 0.000 0.000 0.000
2 2 9 1 1.528 -0.077 2.169 0.000 0.000 0.000
2 2 10 1 1.517 -0.079 2.002 0.000 0.000 0.000
2 2 11 1 1.790 -0.037 2.409 0.000 0.000 0.000
2 2 12 1 1.717 -0.123 1.121 0.000 0.000 0.000
2 2 13 1 1.938 -0.031 2.643 0.000 0.000 0.000
2 2 14 1 1.734 -0.128 1.564 0.000 0.000 0.000
2 2 15 1 1.723 -0.055 2.074 0.000 0.000 0.000
2 2 16 1 1.736 -0.130 0.863 0.000 0.000 0.000
2 2 17 1 1.777 -0.024 3.035 0.000 0.000 0.000
2 2 18 1 2.030 -0.034 2.753 0.000 0.000 0.000
2 2 19 1 2.221 -0.043 1.793 0.000 0.000 0.000
2 2 20 1 1.652 -0.021 3.337 0.000 0.000 0.000
2 2 21 1 1.699 -0.023 4.391 0.000 0.000 0.000
2 2 22 1 1.773 -0.031 3.643 0.000 0.000 0.000
2 2 23 1 1.681 -0.023 3.617 0.000 0.000 0.000
2 2 24 1 2.300 -0.051 0.760 0.000 0.000 0.000
2 2 25 1 1.774 -0.026 3.270 0.000 0.000 0.000
2 2 26 1 1.818 -0.033 4.387 0.000 0.000 0.000
2 2 27 1 1.770 -0.030 3.244 0.000 0.000 0.000
2 2 28 1 1.835 -0.028 4.087 0.000 0.000 0.000
2 2 29 1 2.299 -0.047 0.985 0.000 0.000 0.000
2 2 30 1 2.293 -0.043 -2.733 0.000 0.000 0.000
2 2 31 1 1.907 -0.053 7.273 0.000 0.000 0.000
2 2 32 1 1.811 -0.027 3.590 0.000 0.000 0.000
2 2 33 1 1.783 -0.029 3.417 0.000 0.000 0.000
2 2 34 1 2.298 -0.046 0.652 0.000 0.000 0.000
2 2 35 1 1.734 -0.024 2.125 0.000 0.000 0.000
2 2 36 1 1.801 -0.028 3.647 0.000 0.000 0.000
2 2 37 1 1.796 -0.033 4.077 0.000 0.000 0.000
2 2 38 1 1.830 -0.026 3.716 0.000 0.000 0.000
2 2 39 1 1.812 -0.039 4.737 0.000 0.000 0.000
2 2 40 1 1.892 -0.042 6.238 0.000 0.000 0.000
2 2 41 1 1.804 -0.023 3.090 0.000 0.000 0.000
2 2 42 1 1.493 -0.003 7.802 0.000 0.000 0.000
2 2 43 1 1.777 -0.021 2.641 0.000 0.000 0.000
2 2 44 1 1.819 -0.037 4.976 0.000 0.000 0.000
2 2 45 1 1.850 -0.032 4.501 0.000 0.000 0.000
2 2 46 1 1.758 -0.023 2.394 0.000 0.000 0.000
2 2 47 1 1.928 -0.050 7.503 0.000 0.000 0.000
2 2 48 1 1.951 -0.057 8.936 0.000 0.000 0.000
2 2 49 1 2.289 -0.042 -3.185 0.000 0.000 0.000
2 2 50 1 1.898 -0.054 7.924 0.000 0.000 0.000
2 2 51 1 1.834 -0.040 5.496 0.000 0.000 0.000
2 2 52 1 2.071 -0.091 13.190 0.000 0.000 0.000
2 2 53 1 1.837 -0.046 6.375 0.000 0.000 0.000
2 2 54 1 1.784 -0.028 3.262 0.000 0.000 0.000
2 2 55 1 1.667 -0.004 -0.742 0.000 0.000 0.000
2 2 56 1 1.773 -0.031 3.576 0.000 0.000 0.000
2 2 57 1 1.691 -0.011 0.289 0.000 0.000 0.000
2 2 58 1 1.648 -0.012 -0.593 0.000 0.000 0.000
2 2 59 1 2.100 -0.084 12.617 0.000 0.000 0.000
2 2 60 1 1.826 -0.029 4.016 0.000 0.000 0.000
2 2 61 1 1.772 -0.031 3.551 0.000 0.000 0.000
2 2 62 1 1.800 -0.030 3.800 0.000 0.000 0.000
2 3 1 1 1.950 -0.058 7.732 0.000 0.000 0.000
2 3 2 1 1.906 -0.048 6.678 0.000 0.000 0.000
2 3 3 1 1.310 0.132 -27.733 0.000 0.000 0.000
2 3 4 1 1.800 -0.030 3.800 0.000 0.000 0.000
2 3 5 1 1.800 -0.030 3.800 0.000 0.000 0.000
3 1 1 1 1.361 -0.027 9.897 0.000 0.000 0.000
3 1 2 1 1.766 -0.037 6.754 0.000 0.000 0.000
3 1 3 1 1.684 -0.034 5.669 0.000 0.000 0.000
3 1 4 1 1.323 -0.019 7.343 0.000 0.000 0.000
3 1 5 1 1.426 -0.012 8.978 0.000 0.000 0.000
3 1 6 1 1.756 0.003 11.576 0.000 0.000 0.000
3 1 7 1 1.878 -0.038 5.713 0.000 0.000 0.000
3 1 8 1 1.827 -0.033 4.478 0.000 0.000 0.000
3 1 9 1 1.848 -0.045 5.819 0.000 0.000 0.000
3 1 10 1 1.462 -0.006 9.881 0.000 0.000 0.000
3 1 11 1 2.300 -0.052 2.151 0.000 0.000 0.000
3 1 12 1 1.792 -0.031 3.754 0.000 0.000 0.000
3 1 13 1 1.917 -0.052 6.857 0.000 0.000 0.000
3 1 14 1 2.299 -0.051 2.300 0.000 0.000 0.000
3 1 15 1 1.331 -0.029 8.378 0.000 0.000 0.000
3 1 16 1 2.116 -0.124 15.142 0.000 0.000 0.000
3 1 17 1 1.896 -0.049 6.428 0.000 0.000 0.000
3 1 18 1 1.902 -0.056 7.335 0.000 0.000 0.000
3 1 19 1 1.841 -0.034 4.593 0.000 0.000 0.000
3 1 20 1 1.837 -0.023 3.681 0.000 0.000 0.000
3 1 21 1 2.284 -0.226 21.167 0.000 0.000 0.000
3 1 22 1 1.719 -0.010 0.907 0.000 0.000 0.000
3 1 23 1 1.800 -0.030 3.800 0.000 0.000 0.000
3 2 1 1 1.800 -0.030 3.800 0.000 0.000 0.000
3 2 2 1 1.300 -0.044 3.418 0.000 0.000 0.000
3 2 3 1 1.675 0.052 1.136 0.000 0.000 0.000
3 2 4 1 1.320 -0.078 2.723 0.000 0.000 0.000
3 2 5 1 1.426 -0.076 2.164 0.000 0.000 0.000
3 2 6 1 1.672 -0.026 4.005 0.000 0.000 0.000
3 2 7 1 1.564 -0.051 2.362 0.000 0.000 0.000
3 2 8 1 1.403 -0.089 1.913 0.000 0.000 0.000
3 2 9 1 1.424 -0.072 2.473 0.000 0.000 0.000
3 2 10 1 1.504 -0.086 2.367 0.000 0.000 0.000
3 2 11 1 1.803 -0.026 3.101 0.000 0.000 0.000
3 2 12 1 1.661 -0.025 3.514 0.000 0.000 0.000
3 2 13 1 1.754 -0.023 3.454 0.000 0.000 0.000
3 2 14 1 1.390 -0.009 5.011 0.000 0.000 0.000
3 2 15 1 1.669 -0.021 3.328 0.000 0.000 0.000
3 2 16 1 1.566 -0.022 3.962 0.000 0.000 0.000
3 2 17 1 2.296 -0.021 2.912 0.000 0.000 0.000
3 2 18 1 1.691 -0.020 3.614 0.000 0.000 0.000
3 2 19 1 1.718 -0.029 3.358 0.000 0.000 0.000
3 2 20 1 1.850 -0.027 2.802 0.000 0.000 0.000
3 2 21 1 1.856 -0.031 2.980 0.000 0.000 0.000
3 2 22 1 1.769 -0.023 3.504 0.000 0.000 0.000
3 2 23 1 1.496 0.001 7.789 0.000 0.000 0.000
3 2 24 1 1.819 -0.030 3.310 0.000 0.000 0.000
3 2 25 1 2.298 -0.042 -0.380 0.000 0.000 0.000
3 2 26 1 2.030 -0.034 2.761 0.000 0.000 0.000
3 2 27 1 1.753 -0.027 2.906 0.000 0.000 0.000
3 2 28 1 2.297 -0.044 -0.357 0.000 0.000 0.000
3 2 29 1 1.841 -0.032 4.485 0.000 0.000 0.000
3 2 30 1 1.886 -0.051 7.145 0.000 0.000 0.000
3 2 31 1 1.749 -0.023 2.508 0.000 0.000 0.000
3 2 32 1 1.766 -0.030 3.401 0.000 0.000 0.000
3 2 33 1 1.840 -0.042 5.201 0.000 0.000 0.000
3 2 34 1 1.813 -0.025 3.514 0.000 0.000 0.000
3 2 35 1 1.857 -0.045 6.090 0.000 0.000 0.000
3 2 36 1 1.815 -0.036 4.569 0.000 0.000 0.000
3 2 37 1 1.851 -0.032 4.657 0.000 0.000 0.000
3 2 38 1 1.778 -0.024 2.866 0.000 0.000 0.000
3 2 39 1 2.297 -0.040 -0.667 0.000 0.000 0.000
3 2 40 1 2.300 -0.050 3.038 0.000 0.000 0.000
3 2 41 1 1.925 -0.057 7.995 0.000 0.000 0.000
3 2 42 1 1.859 -0.041 5.917 0.000 0.000 0.000
3 2 43 1 1.839 -0.036 4.814 0.000 0.000 0.000
3 2 44 1 1.824 -0.028 3.726 0.000 0.000 0.000
3 2 45 1 1.836 -0.038 5.093 0.000 0.000 0.000
3 2 46 1 1.659 -0.007 -0.621 0.000 0.000 0.000
3 2 47 1 1.901 -0.056 8.037 0.000 0.000 0.000
3 2 48 1 1.883 -0.050 7.049 0.000 0.000 0.000
3 2 49 1 1.736 -0.010 1.046 0.000 0.000 0.000
3 2 50 1 1.889 -0.041 6.048 0.000 0.000 0.000
3 2 51 1 1.753 -0.027 2.863 0.000 0.000 0.000
3 2 52 1 1.766 -0.029 3.228 0.000 0.000 0.000
3 2 53 1 1.756 -0.024 2.489 0.000 0.000 0.000
3 2 54 1 1.826 -0.045 5.836 0.000 0.000 0.000
3 2 55 1 1.766 -0.025 3.162 0.000 0.000 0.000
3 2 56 1 1.772 -0.036 4.374 0.000 0.000 0.000
3 2 57 1 1.704 -0.017 1.144 0.000 0.000 0.000
3 2 58 1 1.872 -0.043 6.179 0.000 0.000 0.000
3 2 59 1 1.601 0.005 -2.910 0.000 0.000 0.000
3 2 60 1 1.800 -0.030 3.800 0.000 0.000 0.000
3 2 61 1 1.878 -0.039 5.699 0.000 0.000 0.000
3 2 62 1 1.791 -0.030 3.729 0.000 0.000 0.000
3 3 1 1 1.750 -0.007 1.459 0.000 0.000 0.000
3 3 2 1 2.251 -0.342 13.490 0.000 0.000 0.000
3 3 3 1 1.687 0.003 -0.509 0.000 0.000 0.000
3 3 4 1 1.800 -0.030 3.800 0.000 0.000 0.000
3 3 5 1 1.800 -0.030 3.800 0.000 0.000 0.000
4 1 1 1 1.727 -0.034 9.170 0.000 0.000 0.000
4 1 2 1 1.323 -0.092 11.401 0.000 0.000 0.000
4 1 3 1 2.279 -0.020 7.782 0.000 0.000 0.000
4 1 4 1 1.485 -0.029 8.194 0.000 0.000 0.000
4 1 5 1 2.271 -0.035 5.856 0.000 0.000 0.000
4 1 6 1 1.554 -0.027 9.009 0.000 0.000 0.000
4 1 7 1 2.300 -0.046 4.258 0.000 0.000 0.000
4 1 8 1 1.899 -0.039 6.134 0.000 0.000 0.000
4 1 9 1 2.299 -0.084 5.945 0.000 0.000 0.000
4 1 10 1 1.734 0.004 14.455 0.000 0.000 0.000
4 1 11 1 2.298 -0.056 8.815 0.000 0.000 0.000
4 1 12 1 1.921 -0.052 7.081 0.000 0.000 0.000
4 1 13 1 1.934 -0.059 7.943 0.000 0.000 0.000
4 1 14 1 2.124 -0.111 13.079 0.000 0.000 0.000
4 1 15 1 1.791 -0.028 3.689 0.000 0.000 0.000
4 1 16 1 2.148 -0.039 -4.125 0.000 0.000 0.000
4 1 17 1 1.790 -0.038 4.724 0.000 0.000 0.000
4 1 18 1 1.864 -0.039 5.529 0.000 0.000 0.000
4 1 19 1 2.064 -0.082 10.781 0.000 0.000 0.000
4 1 20 1 1.800 -0.030 3.800 0.000 0.000 0.000
4 1 21 1 1.800 -0.030 3.800 0.000 0.000 0.000
4 1 22 1 1.825 -0.029 3.997 0.000 0.000 0.000
4 1 23 1 1.800 -0.030 3.800 0.000 0.000 0.000
4 2 1 1 1.759 -0.033 3.608 0.000 0.000 0.000
4 2 2 1 1.547 -0.078 2.530 0.000 0.000 0.000
4 2 3 1 1.492 -0.080 2.619 0.000 0.000 0.000
4 2 4 1 1.842 -0.034 3.053 0.000 0.000 0.000
4 2 5 1 1.610 -0.022 4.388 0.000 0.000 0.000
4 2 6 1 1.313 -0.069 2.992 0.000 0.000 0.000
4 2 7 1 1.737 -0.029 3.665 0.000 0.000 0.000
4 2 8 1 1.833 -0.029 3.069 0.000 0.000 0.000
4 2 9 1 1.610 -0.026 4.358 0.000 0.000 0.000
4 2 10 1 1.658 -0.025 3.828 0.000 0.000 0.000
4 2 11 1 1.668 -0.024 3.595 0.000 0.000 0.000
4 2 12 1 1.303 -0.062 2.927 0.000 0.000 0.000
4 2 13 1 1.300 -0.040 3.539 0.000 0.000 0.000
4 2 14 1 1.575 -0.020 4.732 0.000 0.000 0.000
4 2 15 1 1.814 -0.032 3.107 0.000 0.000 0.000
4 2 16 1 2.300 -0.023 3.576 0.000 0.000 0.000
4 2 17 1 1.831 -0.030 3.117 0.000 0.000 0.000
4 2 18 1 1.536 -0.025 4.823 0.000 0.000 0.000
4 2 19 1 2.295 -0.020 3.499 0.000 0.000 0.000
4 2 20 1 2.300 -0.051 1.108 0.000 0.000 0.000
4 2 21 1 1.620 -0.023 4.359 0.000 0.000 0.000
4 2 22 1 1.724 -0.028 3.656 0.000 0.000 0.000
4 2 23 1 1.385 -0.004 7.713 0.000 0.000 0.000
4 2 24 1 2.030 -0.033 2.546 0.000 0.000 0.000
4 2 25 1 1.550 -0.007 9.758 0.000 0.000 0.000
4 2 26 1 2.300 -0.130 1.005 0.000 0.000 0.000
4 2 27 1 1.547 -0.002 8.331 0.000 0.000 0.000
4 2 28 1 1.791 -0.031 3.744 0.000 0.000 0.000
4 2 29 1 1.921 -0.035 3.255 0.000 0.000 0.000
4 2 30 1 1.439 -0.003 9.569 0.000 0.000 0.000
4 2 31 1 1.790 -0.036 4.398 0.000 0.000 0.000
4 2 32 1 1.768 -0.030 3.379 0.000 0.000 0.000
4 2 33 1 1.841 -0.035 4.794 0.000 0.000 0.000
4 2 34 1 1.318 -0.039 7.597 0.000 0.000 0.000
4 2 35 1 1.809 -0.030 3.960 0.000 0.000 0.000
4 2 36 1 1.841 -0.035 4.840 0.000 0.000 0.000
4 2 37 1 1.378 -0.016 9.339 0.000 0.000 0.000
4 2 38 1 1.823 -0.029 3.986 0.000 0.000 0.000
4 2 39 1 1.817 -0.038 4.908 0.000 0.000 0.000
4 2 40 1 1.846 -0.045 5.882 0.000 0.000 0.000
4 2 41 1 1.800 -0.033 4.165 0.000 0.000 0.000
4 2 42 1 1.791 -0.027 3.503 0.000 0.000 0.000
4 2 43 1 1.795 -0.036 4.420 0.000 0.000 0.000
4 2 44 1 1.773 -0.032 3.667 0.000 0.000 0.000
4 2 45 1 1.885 -0.036 5.361 0.000 0.000 0.000
4 2 46 1 1.736 -0.032 3.155 0.000 0.000 0.000
4 2 47 1 1.821 -0.042 5.744 0.000 0.000 0.000
4 2 48 1 1.901 -0.053 7.870 0.000 0.000 0.000
4 2 49 1 1.838 -0.037 4.993 0.000 0.000 0.000
4 2 50 1 1.341 0.028 19.009 0.000 0.000 0.000
4 2 51 1 1.904 -0.063 9.351 0.000 0.000 0.000
4 2 52 1 1.735 -0.020 1.556 0.000 0.000 0.000
4 2 53 1 1.909 -0.041 6.602 0.000 0.000 0.000
4 2 54 1 1.802 -0.038 4.602 0.000 0.000 0.000
4 2 55 1 2.008 -0.060 9.485 0.000 0.000 0.000
4 2 56 1 1.845 -0.044 6.326 0.000 0.000 0.000
4 2 57 1 2.112 -0.124 21.155 0.000 0.000 0.000
4 2 58 1 1.751 -0.020 1.971 0.000 0.000 0.000
4 2 59 1 1.592 0.002 -2.752 0.000 0.000 0.000
4 2 60 1 1.772 -0.031 3.552 0.000 0.000 0.000
4 2 61 1 1.809 -0.030 3.884 0.000 0.000 0.000
4 2 62 1 1.791 -0.030 3.722 0.000 0.000 0.000
4 3 1 1 1.775 -0.031 3.624 0.000 0.000 0.000
4 3 2 1 1.318 -0.551 41.923 0.000 0.000 0.000
4 3 3 1 1.800 -0.030 3.800 0.000 0.000 0.000
4 3 4 1 1.800 -0.030 3.800 0.000 0.000 0.000
4 3 5 1 1.800 -0.030 3.800 0.000 0.000 0.000
5 1 1 1 1.684 -0.039 7.189 0.000 0.000 0.000
5 1 2 1 2.300 -0.025 4.884 0.000 0.000 0.000
5 1 3 1 1.317 -0.046 9.274 0.000 0.000 0.000
5 1 4 1 1.553 -0.035 6.497 0.000 0.000 0.000
5 1 5 1 2.299 -0.045 1.937 0.000 0.000 0.000
5 1 6 1 2.298 -0.043 3.332 0.000 0.000 0.000
5 1 7 1 1.858 -0.042 5.908 0.000 0.000 0.000
5 1 8 1 1.814 -0.043 5.400 0.000 0.000 0.000
5 1 9 1 1.814 -0.040 4.952 0.000 0.000 0.000
5 1 10 1 1.867 -0.046 6.129 0.000 0.000 0.000
5 1 11 1 1.917 -0.063 8.259 0.000 0.000 0.000
5 1 12 1 2.300 -0.046 1.593 0.000 0.000 0.000
5 1 13 1 2.300 -0.052 3.585 0.000 0.000 0.000
5 1 14 1 1.946 -0.061 8.386 0.000 0.000 0.000
5 1 15 1 1.906 -0.046 6.490 0.000 0.000 0.000
5 1 16 1 1.837 -0.052 6.319 0.000 0.000 0.000
5 1 17 1 2.297 -0.302 15.039 0.000 0.000 0.000
5 1 18 1 1.845 -0.025 4.000 0.000 0.000 0.000
5 1 19 1 1.947 -0.066 8.323 0.000 0.000 0.000
5 1 20 1 1.813 -0.025 3.344 0.000 0.000 0.000
5 1 21 1 1.302 0.082 -19.910 0.000 0.000 0.000
5 1 22 1 1.649 0.002 -1.421 0.000 0.000 0.000
5 1 23 1 1.800 -0.030 3.800 0.000 0.000 0.000
5 2 1 1 1.788 -0.031 3.510 0.000 0.000 0.000
5 2 2 1 2.300 -0.023 2.908 0.000 0.000 0.000
5 2 3 1 1.461 -0.053 3.045 0.000 0.000 0.000
5 2 4 1 1.401 -0.062 2.690 0.000 0.000 0.000
5 2 5 1 1.777 -0.030 3.223 0.000 0.000 0.000
5 2 6 1 1.300 -0.072 2.634 0.000 0.000 0.000
5 2 7 1 1.982 -0.032 2.761 0.000 0.000 0.000
5 2 8 1 1.831 -0.026 3.178 0.000 0.000 0.000
5 2 9 1 1.717 -0.027 3.577 0.000 0.000 0.000
5 2 10 1 1.716 -0.025 3.291 0.000 0.000 0.000
5 2 11 1 1.749 -0.022 3.264 0.000 0.000 0.000
5 2 12 1 1.721 -0.021 3.608 0.000 0.000 0.000
5 2 13 1 1.545 -0.020 3.974 0.000 0.000 0.000
5 2 14 1 2.291 -0.019 3.014 0.000 0.000 0.000
5 2 15 1 1.309 -0.073 2.074 0.000 0.000 0.000
5 2 16 1 1.765 -0.027 3.146 0.000 0.000 0.000
5 2 17 1 1.797 -0.025 3.321 0.000 0.000 0.000
5 2 18 1 1.843 -0.029 3.321 0.000 0.000 0.000
5 2 19 1 1.700 -0.022 3.804 0.000 0.000 0.000
5 2 20 1 1.738 -0.023 3.488 0.000 0.000 0.000
5 2 21 1 1.751 -0.026 3.957 0.000 0.000 0.000
5 2 22 1 2.300 -0.024 3.008 0.000 0.000 0.000
5 2 23 1 2.299 -0.043 0.821 0.000 0.000 0.000
5 2 24 1 1.396 -0.022 5.824 0.000 0.000 0.000
5 2 25 1 1.875 -0.029 2.577 0.000 0.000 0.000
5 2 26 1 2.032 -0.030 0.237 0.000 0.000 0.000
5 2 27 1 1.534 -0.020 4.358 0.000 0.000 0.000
5 2 28 1 1.770 -0.025 2.848 0.000 0.000 0.000
5 2 29 1 1.327 0.001 8.195 0.000 0.000 0.000
5 2 30 1 2.297 -0.042 -1.110 0.000 0.000 0.000
5 2 31 1 1.798 -0.023 2.922 0.000 0.000 0.000
5 2 32 1 1.762 -0.034 3.788 0.000 0.000 0.000
5 2 33 1 1.880 -0.040 5.643 0.000 0.000 0.000
5 2 34 1 1.844 -0.033 4.641 0.000 0.000 0.000
5 2 35 1 1.816 -0.039 5.085 0.000 0.000 0.000
5 2 36 1 1.314 -0.201 11.837 0.000 0.000 0.000
5 2 37 1 1.953 -0.073 10.462 0.000 0.000 0.000
5 2 38 1 1.805 -0.023 3.138 0.000 0.000 0.000
5 2 39 1 1.793 -0.036 4.452 0.000 0.000 0.000
5 2 40 1 1.806 -0.024 3.374 0.000 0.000 0.000
5 2 41 1 1.821 -0.038 4.923 0.000 0.000 0.000
5 2 42 1 1.950 -0.052 7.432 0.000 0.000 0.000
5 2 43 1 2.014 -0.081 11.446 0.000 0.000 0.000
5 2 44 1 1.819 -0.043 5.790 0.000 0.000 0.000
5 2 45 1 1.826 -0.040 5.277 0.000 0.000 0.000
5 2 46 1 1.752 -0.026 2.728 0.000 0.000 0.000
5 2 47 1 1.863 -0.051 6.884 0.000 0.000 0.000
5 2 48 1 1.990 -0.065 9.485 0.000 0.000 0.000
5 2 49 1 1.883 -0.042 5.891 0.000 0.000 0.000
5 2 50 1 1.811 -0.032 4.039 0.000 0.000 0.000
5 2 51 1 1.968 -0.084 12.428 0.000 0.000 0.000
5 2 52 1 1.864 -0.036 5.176 0.000 0.000 0.000
5 2 53 1 1.881 -0.060 7.893 0.000 0.000 0.000
5 2 54 1 1.754 -0.026 2.629 0.000 0.000 0.000
5 2 55 1 1.660 -0.003 -0.942 0.000 0.000 0.000
5 2 56 1 1.824 -0.047 6.222 0.000 0.000 0.000
5 2 57 1 1.826 -0.029 4.016 0.000 0.000 0.000
5 2 58 1 1.861 -0.027 4.332 0.000 0.000 0.000
5 2 59 1 1.809 -0.030 3.873 0.000 0.000 0.000
5 2 60 1 1.714 -0.012 0.513 0.000 0.000 0.000
5 2 61 1 1.791 -0.030 3.726 0.000 0.000 0.000
5 2 62 1 1.809 -0.030 3.875 0.000 0.000 0.000
5 3 1 1 2.213 -0.064 -2.300 0.000 0.000 0.000
5 3 2 1 1.952 -0.096 11.573 0.000 0.000 0.000
5 3 3 1 1.856 -0.026 4.194 0.000 0.000 0.000
5 3 4 1 1.800 -0.030 3.800 0.000 0.000 0.000
5 3 5 1 1.800 -0.030 3.800 0.000 0.000 0.000
6 1 1 1 1.442 -0.018 8.881 0.000 0.000 0.000
6 1 2 1 2.300 -0.024 5.650 0.000 0.000 0.000
6 1 3 1 1.639 -0.038 7.040 0.000 0.000 0.000
6 1 4 1 1.599 -0.030 6.866 0.000 0.000 0.000
6 1 5 1 1.300 -0.054 9.820 0.000 0.000 0.000
6 1 6 1 2.300 -0.047 2.669 0.000 0.000 0.000
6 1 7 1 1.402 -0.011 8.941 0.000 0.000 0.000
6 1 8 1 2.216 -0.038 3.053 0.000 0.000 0.000
6 1 9 1 1.300 -0.024 7.808 0.000 0.000 0.000
6 1 10 1 1.772 -0.028 3.237 0.000 0.000 0.000
6 1 11 1 2.298 -0.049 1.054 0.000 0.000 0.000
6 1 12 1 1.827 -0.036 4.530 0.000 0.000 0.000
6 1 13 1 1.897 -0.047 6.255 0.000 0.000 0.000
6 1 14 1 1.988 -0.069 9.421 0.000 0.000 0.000
6 1 15 1 1.816 -0.041 5.027 0.000 0.000 0.000
6 1 16 1 1.950 -0.084 10.734 0.000 0.000 0.000
6 1 17 1 1.920 -0.069 8.780 0.000 0.000 0.000
6 1 18 1 2.032 -0.091 11.462 0.000 0.000 0.000
6 1 19 1 1.794 -0.030 3.757 0.000 0.000 0.000
6 1 20 1 2.072 -0.108 13.800 0.000 0.000 0.000
6 1 21 1 1.800 -0.030 3.800 0.000 0.000 0.000
6 1 22 1 1.825 -0.029 3.996 0.000 0.000 0.000
6 1 23 1 1.774 -0.031 3.601 0.000 0.000 0.000
6 2 1 1 1.732 0.012 7.362 0.000 0.000 0.000
6 2 2 1 1.930 -0.034 2.555 0.000 0.000 0.000
6 2 3 1 1.480 -0.066 2.551 0.000 0.000 0.000
6 2 4 1 1.896 -0.032 2.756 0.000 0.000 0.000
6 2 5 1 1.368 -0.060 2.355 0.000 0.000 0.000
6 2 6 1 1.984 -0.034 2.594 0.000 0.000 0.000
6 2 7 1 1.367 -0.051 2.651 0.000 0.000 0.000
6 2 8 1 1.832 -0.031 2.835 0.000 0.000 0.000
6 2 9 1 1.563 -0.077 1.949 0.000 0.000 0.000
6 2 10 1 1.402 -0.100 2.119 0.000 0.000 0.000
6 2 11 1 1.742 -0.028 3.068 0.000 0.000 0.000
6 2 12 1 2.300 -0.022 2.489 0.000 0.000 0.000
6 2 13 1 1.300 -0.050 2.786 0.000 0.000 0.000
6 2 14 1 1.747 -0.025 3.099 0.000 0.000 0.000
6 2 15 1 1.874 -0.027 2.980 0.000 0.000 0.000
6 2 16 1 1.579 -0.062 2.548 0.000 0.000 0.000
6 2 17 1 1.692 -0.026 3.255 0.000 0.000 0.000
6 2 18 1 1.900 -0.035 3.213 0.000 0.000 0.000
6 2 19 1 1.777 -0.027 3.430 0.000 0.000 0.000
6 2 20 1 1.600 -0.018 4.160 0.000 0.000 0.000
6 2 21 1 1.615 -0.017 4.512 0.000 0.000 0.000
6 2 22 1 1.722 -0.022 3.353 0.000 0.000 0.000
6 2 23 1 1.440 -0.016 4.375 0.000 0.000 0.000
6 2 24 1 2.137 -0.040 1.813 0.000 0.000 0.000
6 2 25 1 1.317 -0.011 5.162 0.000 0.000 0.000
6 2 26 1 1.836 0.017 12.821 0.000 0.000 0.000
6 2 27 1 1.495 -0.018 4.748 0.000 0.000 0.000
6 2 28 1 1.781 -0.033 3.861 0.000 0.000 0.000
6 2 29 1 1.761 -0.020 2.451 0.000 0.000 0.000
6 2 30 1 1.813 -0.035 4.358 0.000 0.000 0.000
6 2 31 1 1.578 -0.001 9.071 0.000 0.000 0.000
6 2 32 1 1.860 -0.035 5.151 0.000 0.000 0.000
6 2 33 1 1.780 -0.034 4.076 0.000 0.000 0.000
6 2 34 1 1.910 -0.054 7.588 0.000 0.000 0.000
6 2 35 1 1.818 -0.031 4.161 0.000 0.000 0.000
6 2 36 1 1.886 -0.048 7.067 0.000 0.000 0.000
6 2 37 1 1.358 -0.028 9.101 0.000 0.000 0.000
6 2 38 1 1.999 -0.062 8.983 0.000 0.000 0.000
6 2 39 1 1.739 -0.023 2.237 0.000 0.000 0.000
6 2 40 1 1.748 -0.023 2.265 0.000 0.000 0.000
6 2 41 1 1.840 -0.041 5.423 0.000 0.000 0.000
6 2 42 1 1.840 -0.046 6.073 0.000 0.000 0.000
6 2 43 1 1.856 -0.042 5.534 0.000 0.000 0.000
6 2 44 1 1.714 -0.019 1.508 0.000 0.000 0.000
6 2 45 1 1.835 -0.048 6.362 0.000 0.000 0.000
6 2 46 1 1.806 -0.028 3.631 0.000 0.000 0.000
6 2 47 1 1.927 -0.059 8.094 0.000 0.000 0.000
6 2 48 1 1.968 -0.064 9.761 0.000 0.000 0.000
6 2 49 1 1.858 -0.045 6.482 0.000 0.000 0.000
6 2 50 1 1.797 -0.032 3.852 0.000 0.000 0.000
6 2 51 1 1.957 -0.057 8.943 0.000 0.000 0.000
6 2 52 1 1.878 -0.046 6.621 0.000 0.000 0.000
6 2 53 1 1.775 -0.022 2.630 0.000 0.000 0.000
6 2 54 1 1.928 -0.056 8.116 0.000 0.000 0.000
6 2 55 1 1.798 -0.024 3.253 0.000 0.000 0.000
6 2 56 1 1.618 -0.005 -1.653 0.000 0.000 0.000
6 2 57 1 1.828 -0.032 4.416 0.000 0.000 0.000
6 2 58 1 2.090 -0.083 13.915 0.000 0.000 0.000
6 2 59 1 1.313 0.046 -14.737 0.000 0.000 0.000
6 2 60 1 2.061 -0.090 14.689 0.000 0.000 0.000
6 2 61 1 1.809 -0.030 3.866 0.000 0.000 0.000
6 2 62 1 1.791 -0.030 3.725 0.000 0.000 0.000
6 3 1 1 1.960 -0.085 10.004 0.000 0.000 0.000
6 3 2 1 1.912 -0.048 6.479 0.000 0.000 0.000
6 3 3 1 1.800 -0.030 3.800 0.000 0.000 0.000
6 3 4 1 1.800 -0.030 3.800 0.000 0.000 0.000
6 3 5 1 1.800 -0.030 3.800 0.000 0.000 0.000
