1 1 1 -9.39 -8.90 10.00
1 1 2 -9.49 -9.88 10.00
1 1 3 -6.31 4.89 10.00
1 1 4 8.22 -5.82 10.00
1 1 5 -7.43 -6.76 10.00
1 1 6 -9.28 -4.17 10.00
1 1 7 -9.14 -9.95 10.00
1 1 8 -8.79 5.52 10.00
1 1 9 -7.74 -9.49 10.00
1 1 10 -7.78 -7.95 10.00
1 1 11 -9.63 -2.91 10.00
1 1 12 -5.64 -4.59 10.00
1 1 13 -9.77 6.43 10.00
1 1 14 -8.93 -6.59 10.00
1 1 15 -5.12 -3.96 10.00
1 1 16 -9.49 3.49 10.00
1 1 17 -9.32 -1.76 10.00
1 1 18 -9.46 -8.20 10.00
1 1 19 8.92 -9.42 10.00
1 1 20 -7.46 -6.03 10.00
1 1 21 -9.56 -6.06 10.00
1 1 22 55.75 -9.98 10.00
1 1 23 -9.35 -7.22 10.00
1 2 1 -9.98 -9.98 10.00
1 2 2 -9.98 -9.98 10.00
1 2 3 -9.98 -9.98 10.00
1 2 4 -6.03 -7.50 10.00
1 2 5 -3.16 -8.23 10.00
1 2 6 -9.11 -6.80 10.00
1 2 7 -8.30 -7.53 10.00
1 2 8 17.14 39.79 10.00
1 2 9 -7.95 -9.81 10.00
1 2 10 -8.83 -7.71 10.00
1 2 11 50.29 18.12 10.00
1 2 12 -9.56 8.95 10.00
1 2 13 12.94 -9.77 10.00
1 2 14 -0.78 25.09 10.00
1 2 15 -5.57 -5.61 10.00
1 2 16 37.58 -9.67 10.00
1 2 17 33.66 -9.00 10.00
1 2 18 7.27 23.13 10.00
1 2 19 38.88 55.08 10.00
1 2 20 39.26 -3.16 10.00
1 2 21 24.84 -6.76 10.00
1 2 22 36.18 7.97 10.00
1 2 23 29.74 37.30 10.00
1 2 24 5.24 7.59 10.00
1 2 25 55.01 16.37 10.00
1 2 26 18.16 10.07 10.00
1 2 27 30.79 3.04 10.00
1 2 28 28.90 25.23 10.00
1 2 29 -7.71 6.19 10.00
1 2 30 12.10 -7.25 10.00
1 2 31 29.04 44.20 10.00
1 2 32 -3.05 35.24 10.00
1 2 33 51.20 2.62 10.00
1 2 34 -8.83 14.38 10.00
1 2 35 -9.60 43.46 10.00
1 2 36 25.72 -9.39 10.00
1 2 37 -7.46 18.86 10.00
1 2 38 -8.97 -2.81 10.00
1 2 39 7.97 48.57 10.00
1 2 40 27.61 31.84 10.00
1 2 41 39.33 -3.89 10.00
1 2 42 43.32 -7.78 10.00
1 2 43 -9.35 -7.18 10.00
1 2 44 10.35 50.01 10.00
1 2 45 23.51 -1.62 10.00
1 2 46 28.34 -9.32 10.00
1 2 47 29.39 -8.83 10.00
1 2 48 -9.39 6.22 10.00
1 2 49 40.10 46.16 10.00
1 2 50 15.64 43.74 10.00
1 2 51 -6.31 20.47 10.00
1 2 52 14.41 30.93 10.00
1 2 53 8.08 -9.77 10.00
1 2 54 -7.64 -9.88 10.00
1 2 55 56.66 19.17 10.00
1 2 56 46.68 57.08 10.00
1 2 57 -4.31 -5.96 10.00
1 2 58 -8.97 -9.98 10.00
1 2 59 -4.63 -8.30 10.00
1 2 60 59.11 -6.66 10.00
1 2 61 -9.28 -8.65 10.00
1 2 62 27.50 37.20 10.00
1 3 1 -9.77 7.34 10.00
1 3 2 11.37 -9.95 10.00
1 3 3 -9.98 -9.04 10.00
1 3 4 -7.88 -8.90 10.00
1 3 5 -8.69 17.07 10.00
2 1 1 -8.06 -8.51 10.00
2 1 2 -9.53 -9.63 10.00
2 1 3 -2.04 10.91 10.00
2 1 4 -8.72 3.60 10.00
2 1 5 -9.95 -9.88 10.00
2 1 6 0.00 0.00 10.00
2 1 7 -9.77 -9.49 10.00
2 1 8 -9.98 53.58 10.00
2 1 9 -9.84 53.61 10.00
2 1 10 0.00 0.00 10.00
2 1 11 -9.88 -9.98 10.00
2 1 12 -5.43 -9.95 10.00
2 1 13 -9.81 -8.23 10.00
2 1 14 -9.07 -9.81 10.00
2 1 15 -9.53 59.46 10.00
2 1 16 -9.21 -8.41 10.00
2 1 17 -1.69 -9.98 10.00
2 1 18 -7.95 -6.10 10.00
2 1 19 -9.98 -9.98 10.00
2 1 20 -6.38 4.54 10.00
2 1 21 -9.32 7.27 10.00
2 1 22 -9.00 -8.55 10.00
2 1 23 -8.65 -9.74 10.00
2 2 1 -9.98 59.32 10.00
2 2 2 -9.98 -9.98 10.00
2 2 3 -9.98 -9.98 10.00
2 2 4 -5.01 -4.59 10.00
2 2 5 -8.69 -8.90 10.00
2 2 6 -7.50 -6.41 10.00
2 2 7 -9.63 55.15 10.00
2 2 8 -9.81 48.68 10.00
2 2 9 -8.51 -9.70 10.00
2 2 10 42.24 -8.97 10.00
2 2 11 48.71 -9.77 10.00
2 2 12 -9.18 15.71 10.00
2 2 13 -5.99 -7.50 10.00
2 2 14 32.23 3.07 10.00
2 2 15 5.59 -9.70 10.00
2 2 16 -9.56 -9.63 10.00
2 2 17 -5.01 45.46 10.00
2 2 18 19.77 -8.41 10.00
2 2 19 -2.77 5.91 10.00
2 2 20 7.80 6.22 10.00
2 2 21 -0.78 -0.29 10.00
2 2 22 -1.97 -0.36 10.00
2 2 23 55.50 32.23 10.00
2 2 24 0.52 24.95 10.00
2 2 25 -1.20 -7.18 10.00
2 2 26 7.41 19.24 10.00
2 2 27 27.12 24.88 10.00
2 2 28 33.24 -4.52 10.00
2 2 29 -1.55 7.13 10.00
2 2 30 -9.18 27.36 10.00
2 2 31 0.66 31.70 10.00
2 2 32 8.46 3.67 10.00
2 2 33 -3.19 -8.93 10.00
2 2 34 -0.32 17.46 10.00
2 2 35 1.08 15.57 10.00
2 2 36 15.78 58.83 10.00
2 2 37 -8.48 -7.85 10.00
2 2 38 2.06 11.79 10.00
2 2 39 0.52 26.35 10.00
2 2 40 -2.25 55.99 10.00
2 2 41 14.38 -3.82 10.00
2 2 42 0.80 8.64 10.00
2 2 43 44.13 15.15 10.00
2 2 44 34.96 -7.15 10.00
2 2 45 29.50 54.66 10.00
2 2 46 -8.02 31.21 10.00
2 2 47 16.27 -8.34 10.00
2 2 48 54.66 25.89 10.00
2 2 49 39.09 26.56 10.00
2 2 50 -5.19 16.30 10.00
2 2 51 8.04 -5.36 10.00
2 2 52 29.29 42.94 10.00
2 2 53 49.52 -5.05 10.00
2 2 54 -4.35 35.03 10.00
2 2 55 57.74 -3.23 10.00
2 2 56 55.36 2.86 10.00
2 2 57 17.46 -9.81 10.00
2 2 58 -7.99 7.27 10.00
2 2 59 0.06 22.81 10.00
2 2 60 51.83 23.72 10.00
2 2 61 -8.55 -1.93 10.00
2 2 62 39.54 -9.67 10.00
2 3 1 -9.14 -9.60 10.00
2 3 2 -9.91 -6.66 10.00
2 3 3 -4.14 58.86 10.00
2 3 4 -9.39 -4.80 10.00
2 3 5 -7.18 9.48 10.00
3 1 1 -4.66 -6.13 10.00
3 1 2 59.98 -9.74 10.00
3 1 3 -8.23 -5.89 10.00
3 1 4 -5.64 59.98 10.00
3 1 5 -7.64 -9.67 10.00
3 1 6 7.55 -1.90 10.00
3 1 7 -6.83 -2.84 10.00
3 1 8 58.30 -0.11 10.00
3 1 9 -6.97 -3.02 10.00
3 1 10 -7.46 -6.20 10.00
3 1 11 -9.07 0.03 10.00
3 1 12 -8.09 -7.88 10.00
3 1 13 -9.25 -9.53 10.00
3 1 14 -9.84 -9.11 10.00
3 1 15 -9.88 -9.32 10.00
3 1 16 24.00 1.78 10.00
3 1 17 -4.59 -6.97 10.00
3 1 18 1.39 -9.95 10.00
3 1 19 -9.25 -9.42 10.00
3 1 20 -7.04 2.65 10.00
3 1 21 -9.53 -5.82 10.00
3 1 22 2.86 -9.88 10.00
3 1 23 -7.43 -8.72 10.00
3 2 1 -9.98 -9.98 10.00
3 2 2 44.34 39.47 10.00
3 2 3 54.10 54.00 10.00
3 2 4 -9.70 24.39 10.00
3 2 5 -9.67 -8.69 10.00
3 2 6 -9.84 -9.04 10.00
3 2 7 49.87 21.10 10.00
3 2 8 37.79 -7.08 10.00
3 2 9 9.86 31.35 10.00
3 2 10 5.56 24.46 10.00
3 2 11 -9.04 34.15 10.00
3 2 12 -7.43 29.01 10.00
3 2 13 -8.79 41.47 10.00
3 2 14 14.69 39.89 10.00
3 2 15 -2.77 26.59 10.00
3 2 16 26.28 29.99 10.00
3 2 17 5.28 32.12 10.00
3 2 18 4.96 8.60 10.00
3 2 19 10.42 -8.90 10.00
3 2 20 2.13 -3.19 10.00
3 2 21 26.38 18.68 10.00
3 2 22 27.75 -0.18 10.00
3 2 23 7.80 47.42 10.00
3 2 24 1.67 13.50 10.00
3 2 25 -2.56 15.71 10.00
3 2 26 21.34 25.89 10.00
3 2 27 -8.51 2.37 10.00
3 2 28 1.50 -1.69 10.00
3 2 29 34.92 4.65 10.00
3 2 30 15.95 4.05 10.00
3 2 31 -3.12 54.31 10.00
3 2 32 25.65 13.05 10.00
3 2 33 13.08 20.08 10.00
3 2 34 -2.39 28.24 10.00
3 2 35 46.19 21.87 10.00
3 2 36 52.98 57.95 10.00
3 2 37 29.04 -7.39 10.00
3 2 38 52.42 34.82 10.00
3 2 39 -3.02 16.72 10.00
3 2 40 -9.11 21.76 10.00
3 2 41 -9.63 -9.70 10.00
3 2 42 41.33 22.50 10.00
3 2 43 17.77 40.59 10.00
3 2 44 36.99 7.13 10.00
3 2 45 30.51 5.98 10.00
3 2 46 59.56 49.45 10.00
3 2 47 8.67 28.73 10.00
3 2 48 -8.79 27.78 10.00
3 2 49 -3.37 1.29 10.00
3 2 50 18.05 46.12 10.00
3 2 51 52.60 -8.37 10.00
3 2 52 10.60 54.14 10.00
3 2 53 14.13 -5.85 10.00
3 2 54 -6.97 -9.63 10.00
3 2 55 -9.84 22.50 10.00
3 2 56 -9.77 39.44 10.00
3 2 57 -9.53 -8.23 10.00
3 2 58 7.66 -9.63 10.00
3 2 59 -1.83 33.03 10.00
3 2 60 55.22 29.71 10.00
3 2 61 -9.11 15.99 10.00
3 2 62 0.00 0.00 10.00
3 3 1 -9.98 -8.09 10.00
3 3 2 6.75 2.65 10.00
3 3 3 -9.67 -5.43 10.00
3 3 4 8.92 -9.88 10.00
3 3 5 0.00 0.00 10.00
4 1 1 58.55 -9.77 10.00
4 1 2 52.95 5.21 10.00
4 1 3 -9.25 53.93 10.00
4 1 4 -6.17 -8.97 10.00
4 1 5 -9.84 -9.21 10.00
4 1 6 2.44 -4.21 10.00
4 1 7 -9.74 57.50 10.00
4 1 8 -4.70 -7.99 10.00
4 1 9 -9.67 -9.81 10.00
4 1 10 -3.19 48.85 10.00
4 1 11 10.42 -9.98 10.00
4 1 12 -8.09 55.01 10.00
4 1 13 52.18 -1.55 10.00
4 1 14 48.47 47.45 10.00
4 1 15 -8.55 -9.53 10.00
4 1 16 -5.71 -9.88 10.00
4 1 17 -9.39 -9.11 10.00
4 1 18 -9.35 -4.42 10.00
4 1 19 -3.79 -9.63 10.00
4 1 20 -4.70 -9.77 10.00
4 1 21 -8.97 -8.65 10.00
4 1 22 -8.37 -9.60 10.00
4 1 23 -8.79 -9.49 10.00
4 2 1 -9.98 -9.98 10.00
4 2 2 51.55 48.22 10.00
4 2 3 -3.26 -3.30 10.00
4 2 4 -8.30 -2.46 10.00
4 2 5 -3.02 23.83 10.00
4 2 6 -7.99 -9.39 10.00
4 2 7 -8.44 -8.79 10.00
4 2 8 -9.39 30.69 10.00
4 2 9 25.54 20.08 10.00
4 2 10 -2.53 -3.19 10.00
4 2 11 -2.98 38.00 10.00
4 2 12 14.62 14.59 10.00
4 2 13 16.83 28.20 10.00
4 2 14 11.37 -9.42 10.00
4 2 15 34.96 1.01 10.00
4 2 16 22.60 1.36 10.00
4 2 17 15.18 19.73 10.00
4 2 18 -1.79 1.71 10.00
4 2 19 31.32 18.51 10.00
4 2 20 -7.81 45.56 10.00
4 2 21 -7.46 1.04 10.00
4 2 22 34.54 15.04 10.00
4 2 23 1.85 11.26 10.00
4 2 24 24.70 9.55 10.00
4 2 25 -4.56 29.88 10.00
4 2 26 -1.90 35.62 10.00
4 2 27 -2.81 22.39 10.00
4 2 28 1.53 -2.25 10.00
4 2 29 7.31 -7.60 10.00
4 2 30 9.27 40.42 10.00
4 2 31 23.37 21.10 10.00
4 2 32 -9.84 22.81 10.00
4 2 33 -1.69 21.90 10.00
4 2 34 12.87 5.70 10.00
4 2 35 55.36 4.05 10.00
4 2 36 54.49 -5.43 10.00
4 2 37 7.06 5.38 10.00
4 2 38 -9.91 43.04 10.00
4 2 39 38.84 -2.11 10.00
4 2 40 -7.18 30.37 10.00
4 2 41 -2.18 56.34 10.00
4 2 42 25.37 36.04 10.00
4 2 43 11.33 27.15 10.00
4 2 44 -2.32 4.51 10.00
4 2 45 -4.63 26.80 10.00
4 2 46 10.11 -7.67 10.00
4 2 47 -9.84 -9.35 10.00
4 2 48 18.61 19.45 10.00
4 2 49 42.80 -9.04 10.00
4 2 50 6.85 -3.93 10.00
4 2 51 -7.74 39.26 10.00
4 2 52 -9.32 -7.15 10.00
4 2 53 -9.32 5.21 10.00
4 2 54 -1.06 5.70 10.00
4 2 55 50.29 -9.74 10.00
4 2 56 38.60 53.58 10.00
4 2 57 34.61 -9.00 10.00
4 2 58 21.59 -9.56 10.00
4 2 59 -8.83 32.23 10.00
4 2 60 -7.29 46.79 10.00
4 2 61 59.53 -4.21 10.00
4 2 62 24.49 -9.39 10.00
4 3 1 -9.88 -9.11 10.00
4 3 2 -9.95 52.70 10.00
4 3 3 -9.98 0.20 10.00
4 3 4 -7.43 -5.85 10.00
4 3 5 -8.55 32.93 10.00
5 1 1 -9.21 -9.84 10.00
5 1 2 -9.18 -8.02 10.00
5 1 3 -7.92 -7.29 10.00
5 1 4 -2.77 -4.07 10.00
5 1 5 -3.33 -9.88 10.00
5 1 6 -8.48 -2.63 10.00
5 1 7 -8.48 -9.98 10.00
5 1 8 0.06 7.10 10.00
5 1 9 -9.88 -9.21 10.00
5 1 10 -8.23 -9.98 10.00
5 1 11 -8.69 -4.98 10.00
5 1 12 -7.29 -6.10 10.00
5 1 13 0.97 6.57 10.00
5 1 14 -3.58 -8.72 10.00
5 1 15 18.47 -9.35 10.00
5 1 16 -8.30 -3.47 10.00
5 1 17 -8.06 -9.63 10.00
5 1 18 -5.08 -8.51 10.00
5 1 19 -1.79 -4.28 10.00
5 1 20 10.39 -7.64 10.00
5 1 21 3.00 23.90 10.00
5 1 22 -9.81 -9.56 10.00
5 1 23 -9.70 -9.70 10.00
5 2 1 -9.98 7.38 10.00
5 2 2 42.10 43.67 10.00
5 2 3 18.75 16.41 10.00
5 2 4 -5.82 -3.44 10.00
5 2 5 -5.78 -8.58 10.00
5 2 6 -6.10 -9.39 10.00
5 2 7 52.74 39.61 10.00
5 2 8 25.19 -1.34 10.00
5 2 9 -6.73 46.79 10.00
5 2 10 43.95 36.99 10.00
5 2 11 23.65 15.46 10.00
5 2 12 29.08 25.05 10.00
5 2 13 18.12 11.96 10.00
5 2 14 -8.23 -9.81 10.00
5 2 15 1.08 -0.46 10.00
5 2 16 48.85 -6.59 10.00
5 2 17 25.93 7.90 10.00
5 2 18 30.30 22.81 10.00
5 2 19 40.52 14.83 10.00
5 2 20 43.67 -9.60 10.00
5 2 21 27.82 1.08 10.00
5 2 22 32.47 3.07 10.00
5 2 23 32.23 13.26 10.00
5 2 24 35.45 21.55 10.00
5 2 25 27.99 -8.79 10.00
5 2 26 -8.79 -2.28 10.00
5 2 27 51.76 29.18 10.00
5 2 28 -8.97 -6.90 10.00
5 2 29 -6.38 53.93 10.00
5 2 30 3.77 5.17 10.00
5 2 31 2.44 -0.39 10.00
5 2 32 -7.57 41.71 10.00
5 2 33 39.37 52.00 10.00
5 2 34 -7.99 -6.80 10.00
5 2 35 -9.63 3.60 10.00
5 2 36 -0.43 -2.60 10.00
5 2 37 22.78 -3.19 10.00
5 2 38 9.23 -6.38 10.00
5 2 39 22.39 -4.66 10.00
5 2 40 17.95 0.48 10.00
5 2 41 -0.71 19.73 10.00
5 2 42 -5.05 17.81 10.00
5 2 43 10.32 2.90 10.00
5 2 44 22.08 45.35 10.00
5 2 45 19.35 8.04 10.00
5 2 46 -6.38 20.85 10.00
5 2 47 31.74 23.30 10.00
5 2 48 30.93 19.49 10.00
5 2 49 10.07 -7.04 10.00
5 2 50 0.69 -9.91 10.00
5 2 51 27.40 6.43 10.00
5 2 52 57.18 -9.04 10.00
5 2 53 36.71 -1.34 10.00
5 2 54 15.71 -8.65 10.00
5 2 55 0.31 16.51 10.00
5 2 56 16.93 19.03 10.00
5 2 57 39.82 57.60 10.00
5 2 58 34.64 14.17 10.00
5 2 59 36.81 -8.30 10.00
5 2 60 22.15 -7.08 10.00
5 2 61 -8.93 -9.70 10.00
5 2 62 54.35 29.71 10.00
5 3 1 -7.50 -9.63 10.00
5 3 2 -9.91 -9.77 10.00
5 3 3 -9.11 -1.16 10.00
5 3 4 -9.46 -9.32 10.00
5 3 5 1.43 -7.85 10.00
6 1 1 -5.85 -5.43 10.00
6 1 2 -1.34 -5.89 10.00
6 1 3 -9.95 -2.63 10.00
6 1 4 -9.11 1.36 10.00
6 1 5 0.24 -5.19 10.00
6 1 6 -3.40 -8.62 10.00
6 1 7 -3.65 -6.06 10.00
6 1 8 5.17 -9.77 10.00
6 1 9 -9.21 -9.56 10.00
6 1 10 -4.03 -7.95 10.00
6 1 11 1.25 -7.95 10.00
6 1 12 -0.53 -7.57 10.00
6 1 13 10.25 -8.93 10.00
6 1 14 1.29 18.72 10.00
6 1 15 16.13 -9.95 10.00
6 1 16 -9.98 0.41 10.00
6 1 17 -9.81 17.56 10.00
6 1 18 -9.56 -4.31 10.00
6 1 19 0.03 27.01 10.00
6 1 20 0.48 -5.50 10.00
6 1 21 0.00 0.00 10.00
6 1 22 -9.88 -6.73 10.00
6 1 23 -9.88 -8.69 10.00
6 2 1 -9.98 -9.98 10.00
6 2 2 -5.54 -2.81 10.00
6 2 3 52.28 51.09 10.00
6 2 4 -1.83 -0.67 10.00
6 2 5 -7.53 -7.39 10.00
6 2 6 -9.53 -8.41 10.00
6 2 7 39.51 4.58 10.00
6 2 8 5.94 47.03 10.00
6 2 9 40.28 -9.46 10.00
6 2 10 -1.41 -8.55 10.00
6 2 11 10.14 43.67 10.00
6 2 12 2.62 -8.30 10.00
6 2 13 7.73 13.08 10.00
6 2 14 28.59 20.47 10.00
6 2 15 34.82 0.62 10.00
6 2 16 22.18 0.83 10.00
6 2 17 2.55 -4.66 10.00
6 2 18 20.89 8.95 10.00
6 2 19 3.39 -3.93 10.00
6 2 20 9.30 27.64 10.00
6 2 21 31.74 -9.60 10.00
6 2 22 -2.70 5.84 10.00
6 2 23 -7.95 -6.62 10.00
6 2 24 -7.15 7.13 10.00
6 2 25 -0.04 23.09 10.00
6 2 26 -1.58 -8.93 10.00
6 2 27 5.28 37.51 10.00
6 2 28 -5.71 32.51 10.00
6 2 29 -7.39 3.18 10.00
6 2 30 6.29 -4.94 10.00
6 2 31 -3.79 27.75 10.00
6 2 32 24.81 -1.58 10.00
6 2 33 -9.07 -4.59 10.00
6 2 34 23.90 -2.91 10.00
6 2 35 34.68 49.24 10.00
6 2 36 -3.19 -6.45 10.00
6 2 37 5.31 -3.89 10.00
6 2 38 10.70 29.04 10.00
6 2 39 4.58 20.78 10.00
6 2 40 20.33 0.03 10.00
6 2 41 18.65 33.14 10.00
6 2 42 29.43 10.84 10.00
6 2 43 22.71 12.87 10.00
6 2 44 15.43 -4.49 10.00
6 2 45 -9.46 24.07 10.00
6 2 46 2.97 16.69 10.00
6 2 47 -7.32 40.52 10.00
6 2 48 5.66 22.92 10.00
6 2 49 53.86 -8.86 10.00
6 2 50 -9.53 29.39 10.00
6 2 51 1.81 30.62 10.00
6 2 52 55.99 38.04 10.00
6 2 53 -3.65 -6.13 10.00
6 2 54 59.11 -5.75 10.00
6 2 55 -9.35 12.87 10.00
6 2 56 36.18 7.45 10.00
6 2 57 51.20 -6.76 10.00
6 2 58 -8.83 -8.55 10.00
6 2 59 44.13 26.42 10.00
6 2 60 7.41 55.05 10.00
6 2 61 -7.29 0.10 10.00
6 2 62 54.31 -7.60 10.00
6 3 1 -3.44 -9.98 10.00
6 3 2 13.19 -6.76 10.00
6 3 3 -6.83 28.59 10.00
6 3 4 -7.39 55.01 10.00
6 3 5 -7.95 -8.76 10.00
