1 1 1 11.468 11.468 0.129 0.129 
1 1 2 11.474 11.474 0.100 0.100 
1 1 3 11.751 11.751 0.098 0.098 
1 1 4 12.087 12.087 0.106 0.106 
1 1 5 12.150 12.150 0.124 0.124 
1 1 6 11.668 11.668 0.102 0.102 
1 1 7 12.656 12.656 0.086 0.086 
1 1 8 13.113 13.113 0.073 0.073 
1 1 9 13.607 13.607 0.086 0.086 
1 1 10 12.870 12.870 0.077 0.077 
1 1 11 13.032 13.032 0.076 0.076 
1 1 12 13.244 13.244 0.121 0.121 
1 1 13 13.043 13.043 0.100 0.100 
1 1 14 13.615 13.615 0.096 0.096 
1 1 15 14.144 14.144 0.091 0.091 
1 1 16 13.379 13.379 0.113 0.113 
1 1 17 13.574 13.574 0.084 0.084 
1 1 18 14.398 14.398 0.121 0.121 
1 1 19 13.471 13.471 0.280 0.280 
1 1 20 14.889 14.889 0.115 0.115 
1 1 21 12.997 12.997 0.517 0.517 
1 1 22 13.339 13.339 3.478 3.478 
1 1 23 16.000 16.000 362.039 362.039 
1 2 1 12.728 12.728 2.237 2.237 
1 2 2 10.587 10.587 0.354 0.354 
1 2 3 11.468 11.468 0.159 0.159 
1 2 4 11.426 11.426 0.103 0.103 
1 2 5 11.987 11.987 0.086 0.086 
1 2 6 11.315 11.315 0.067 0.067 
1 2 7 13.061 13.061 0.069 0.069 
1 2 8 12.822 12.822 0.083 0.083 
1 2 9 13.003 13.003 0.080 0.080 
1 2 10 12.618 12.618 0.064 0.064 
1 2 11 13.514 13.514 0.072 0.072 
1 2 12 13.814 13.814 0.063 0.063 
1 2 13 12.633 12.633 0.066 0.066 
1 2 14 13.616 13.616 0.055 0.055 
1 2 15 13.734 13.734 0.060 0.060 
1 2 16 13.343 13.343 0.042 0.042 
1 2 17 13.969 13.969 0.044 0.044 
1 2 18 13.193 13.193 0.053 0.053 
1 2 19 13.697 13.697 0.039 0.039 
1 2 20 13.601 13.601 0.037 0.037 
1 2 21 13.503 13.503 0.050 0.050 
1 2 22 13.947 13.947 0.051 0.051 
1 2 23 13.719 13.719 0.053 0.053 
1 2 24 14.087 14.087 0.058 0.058 
1 2 25 14.386 14.386 0.072 0.072 
1 2 26 14.281 14.281 0.061 0.061 
1 2 27 14.613 14.613 0.064 0.064 
1 2 28 14.537 14.537 0.100 0.100 
1 2 29 14.348 14.348 0.108 0.108 
1 2 30 14.628 14.628 0.089 0.089 
1 2 31 14.349 14.349 0.098 0.098 
1 2 32 15.335 15.335 0.158 0.158 
1 2 33 15.025 15.025 0.294 0.294 
1 2 34 15.090 15.090 0.097 0.097 
1 2 35 15.175 15.175 0.186 0.186 
1 2 36 14.742 14.742 0.112 0.112 
1 2 37 14.807 14.807 0.176 0.176 
1 2 38 14.742 14.742 0.215 0.215 
1 2 39 15.302 15.302 0.261 0.261 
1 2 40 14.883 14.883 0.141 0.141 
1 2 41 15.046 15.046 0.105 0.105 
1 2 42 15.096 15.096 0.124 0.124 
1 2 43 14.612 14.612 0.103 0.103 
1 2 44 14.779 14.779 0.314 0.314 
1 2 45 15.025 15.025 0.176 0.176 
1 2 46 15.276 15.276 10.310 10.310 
1 2 47 15.484 15.484 3.440 3.440 
1 2 48 16.739 16.739 2.674 2.674 
1 2 49 15.051 15.051 0.714 0.714 
1 2 50 15.325 15.325 4.813 4.813 
1 2 51 15.582 15.582 0.138 0.138 
1 2 52 3.905 3.905 16.072 16.072 
1 2 53 16.000 16.000 362.039 362.039 
1 2 54 14.875 14.875 0.413 0.413 
1 2 55 16.000 16.000 362.039 362.039 
1 2 56 14.565 14.565 142.674 142.674 
1 2 57 16.484 16.484 8.128 8.128 
1 2 58 16.000 16.000 362.039 362.039 
1 2 59 16.619 16.619 3.603 3.603 
1 2 60 16.000 16.000 362.039 362.039 
1 2 61 15.604 15.604 1.465 1.465 
1 2 62 16.000 16.000 362.039 362.039 
1 3 1 14.300 14.300 0.084 0.084 
1 3 2 13.021 13.021 0.210 0.210 
1 3 3 14.532 14.532 0.239 0.239 
1 3 4 16.000 16.000 362.039 362.039 
1 3 5 16.000 16.000 362.039 362.039 
2 1 1 11.908 11.908 0.132 0.132 
2 1 2 12.480 12.480 0.138 0.138 
2 1 3 11.687 11.687 0.129 0.129 
2 1 4 12.512 12.512 0.114 0.114 
2 1 5 12.036 12.036 0.102 0.102 
2 1 6 16.000 16.000 362.039 362.039 
2 1 7 12.863 12.863 0.070 0.070 
2 1 8 13.013 13.013 0.144 0.144 
2 1 9 13.126 13.126 0.074 0.074 
2 1 10 16.000 16.000 362.039 362.039 
2 1 11 13.371 13.371 0.062 0.062 
2 1 12 13.025 13.025 0.123 0.123 
2 1 13 13.392 13.392 0.074 0.074 
2 1 14 13.457 13.457 0.095 0.095 
2 1 15 13.214 13.214 0.134 0.134 
2 1 16 13.668 13.668 0.175 0.175 
2 1 17 13.612 13.612 0.126 0.126 
2 1 18 14.214 14.214 0.118 0.118 
2 1 19 16.000 16.000 362.039 362.039 
2 1 20 14.613 14.613 0.140 0.140 
2 1 21 84.316 84.316 593.449 593.449 
2 1 22 13.920 13.920 0.218 0.218 
2 1 23 16.000 16.000 362.039 362.039 
2 2 1 19.032 19.032 1.358 1.358 
2 2 2 12.637 12.637 0.355 0.355 
2 2 3 11.717 11.717 0.162 0.162 
2 2 4 10.864 10.864 0.093 0.093 
2 2 5 12.176 12.176 0.081 0.081 
2 2 6 12.137 12.137 0.075 0.075 
2 2 7 12.873 12.873 0.077 0.077 
2 2 8 12.115 12.115 0.075 0.075 
2 2 9 12.790 12.790 0.081 0.081 
2 2 10 13.453 13.453 0.056 0.056 
2 2 11 13.961 13.961 0.050 0.050 
2 2 12 13.434 13.434 0.085 0.085 
2 2 13 13.390 13.390 0.062 0.062 
2 2 14 13.196 13.196 0.048 0.048 
2 2 15 13.140 13.140 0.046 0.046 
2 2 16 13.903 13.903 0.052 0.052 
2 2 17 14.015 14.015 0.053 0.053 
2 2 18 13.490 13.490 0.058 0.058 
2 2 19 13.747 13.747 0.052 0.052 
2 2 20 14.313 14.313 0.064 0.064 
2 2 21 13.837 13.837 0.043 0.043 
2 2 22 14.490 14.490 0.053 0.053 
2 2 23 14.135 14.135 0.048 0.048 
2 2 24 13.950 13.950 0.054 0.054 
2 2 25 14.292 14.292 0.057 0.057 
2 2 26 14.466 14.466 0.081 0.081 
2 2 27 14.609 14.609 0.059 0.059 
2 2 28 14.648 14.648 0.064 0.064 
2 2 29 14.292 14.292 0.104 0.104 
2 2 30 14.382 14.382 0.076 0.076 
2 2 31 13.911 13.911 0.085 0.085 
2 2 32 14.977 14.977 0.107 0.107 
2 2 33 14.764 14.764 0.183 0.183 
2 2 34 13.890 13.890 0.358 0.358 
2 2 35 14.798 14.798 0.368 0.368 
2 2 36 15.305 15.305 0.126 0.126 
2 2 37 14.870 14.870 0.242 0.242 
2 2 38 15.525 15.525 0.266 0.266 
2 2 39 14.745 14.745 0.130 0.130 
2 2 40 15.005 15.005 0.375 0.375 
2 2 41 15.160 15.160 0.148 0.148 
2 2 42 15.547 15.547 0.227 0.227 
2 2 43 14.908 14.908 0.203 0.203 
2 2 44 15.056 15.056 0.280 0.280 
2 2 45 15.284 15.284 0.121 0.121 
2 2 46 8339999309945.363 8339999309945.363 3216025005435822500000000.000 3216025005435822500000000.000 
2 2 47 15.923 15.923 0.386 0.386 
2 2 48 16.722 16.722 0.697 0.697 
2 2 49 15.556 15.556 0.133 0.133 
2 2 50 14.255 14.255 1.603 1.603 
2 2 51 16.324 16.324 0.366 0.366 
2 2 52 16.000 16.000 362.039 362.039 
2 2 53 26.670 26.670 6.667 6.667 
2 2 54 15.821 15.821 0.328 0.328 
2 2 55 15.885 15.885 0.739 0.739 
2 2 56 16.000 16.000 362.039 362.039 
2 2 57 15.360 15.360 0.231 0.231 
2 2 58 16.000 16.000 362.039 362.039 
2 2 59 -6.402 -6.402 13.890 13.890 
2 2 60 16.000 16.000 362.039 362.039 
2 2 61 16.000 16.000 362.039 362.039 
2 2 62 16.000 16.000 362.039 362.039 
2 3 1 14.510 14.510 0.087 0.087 
2 3 2 14.634 14.634 0.067 0.067 
2 3 3 15.097 15.097 0.138 0.138 
2 3 4 16.000 16.000 362.039 362.039 
2 3 5 16.000 16.000 362.039 362.039 
3 1 1 12.451 12.451 0.159 0.159 
3 1 2 12.097 12.097 0.141 0.141 
3 1 3 12.109 12.109 0.129 0.129 
3 1 4 12.864 12.864 0.134 0.134 
3 1 5 12.141 12.141 0.108 0.108 
3 1 6 12.260 12.260 0.154 0.154 
3 1 7 13.217 13.217 0.109 0.109 
3 1 8 13.472 13.472 0.105 0.105 
3 1 9 12.967 12.967 0.080 0.080 
3 1 10 13.264 13.264 0.065 0.065 
3 1 11 12.533 12.533 0.114 0.114 
3 1 12 13.670 13.670 0.078 0.078 
3 1 13 13.492 13.492 0.063 0.063 
3 1 14 12.612 12.612 0.116 0.116 
3 1 15 13.994 13.994 0.136 0.136 
3 1 16 14.018 14.018 0.099 0.099 
3 1 17 14.055 14.055 0.126 0.126 
3 1 18 14.508 14.508 0.116 0.116 
3 1 19 13.472 13.472 0.227 0.227 
3 1 20 14.484 14.484 0.150 0.150 
3 1 21 14.485 14.485 2.648 2.648 
3 1 22 14.448 14.448 0.205 0.205 
3 1 23 16.000 16.000 362.039 362.039 
3 2 1 14.037 14.037 0.765 0.765 
3 2 2 13.617 13.617 0.551 0.551 
3 2 3 13.104 13.104 0.783 0.783 
3 2 4 13.024 13.024 0.241 0.241 
3 2 5 13.518 13.518 0.251 0.251 
3 2 6 12.136 12.136 0.188 0.188 
3 2 7 13.552 13.552 0.161 0.161 
3 2 8 13.000 13.000 0.129 0.129 
3 2 9 12.522 12.522 0.124 0.124 
3 2 10 13.270 13.270 0.093 0.093 
3 2 11 13.868 13.868 0.125 0.125 
3 2 12 13.438 13.438 0.093 0.093 
3 2 13 13.335 13.335 0.079 0.079 
3 2 14 13.524 13.524 0.086 0.086 
3 2 15 14.005 14.005 0.093 0.093 
3 2 16 13.219 13.219 0.066 0.066 
3 2 17 13.854 13.854 0.066 0.066 
3 2 18 13.712 13.712 0.066 0.066 
3 2 19 14.082 14.082 0.059 0.059 
3 2 20 14.125 14.125 0.044 0.044 
3 2 21 13.720 13.720 0.048 0.048 
3 2 22 14.264 14.264 0.062 0.062 
3 2 23 13.948 13.948 0.049 0.049 
3 2 24 14.090 14.090 0.047 0.047 
3 2 25 14.302 14.302 0.056 0.056 
3 2 26 14.313 14.313 0.069 0.069 
3 2 27 14.311 14.311 0.062 0.062 
3 2 28 14.127 14.127 0.076 0.076 
3 2 29 14.391 14.391 0.092 0.092 
3 2 30 14.239 14.239 0.520 0.520 
3 2 31 14.352 14.352 0.080 0.080 
3 2 32 14.861 14.861 0.169 0.169 
3 2 33 14.284 14.284 0.285 0.285 
3 2 34 15.298 15.298 0.085 0.085 
3 2 35 15.260 15.260 0.092 0.092 
3 2 36 14.882 14.882 0.089 0.089 
3 2 37 14.708 14.708 0.104 0.104 
3 2 38 14.900 14.900 0.183 0.183 
3 2 39 15.025 15.025 0.172 0.172 
3 2 40 15.417 15.417 0.171 0.171 
3 2 41 14.527 14.527 0.107 0.107 
3 2 42 14.801 14.801 0.110 0.110 
3 2 43 15.219 15.219 0.286 0.286 
3 2 44 15.065 15.065 0.233 0.233 
3 2 45 15.061 15.061 0.408 0.408 
3 2 46 14.274 14.274 0.324 0.324 
3 2 47 15.256 15.256 0.104 0.104 
3 2 48 -5.187 -5.187 18.164 18.164 
3 2 49 16.000 16.000 362.039 362.039 
3 2 50 16.000 16.000 362.039 362.039 
3 2 51 15.947 15.947 0.345 0.345 
3 2 52 15.569 15.569 0.164 0.164 
3 2 53 6.016 6.016 3.816 3.816 
3 2 54 16.000 16.000 362.039 362.039 
3 2 55 16.000 16.000 362.039 362.039 
3 2 56 16.270 16.270 8.180 8.180 
3 2 57 16.000 16.000 362.039 362.039 
3 2 58 14.553 14.553 88.756 88.756 
3 2 59 13.889 13.889 78.331 78.331 
3 2 60 15.805 15.805 16.068 16.068 
3 2 61 16.000 16.000 362.039 362.039 
3 2 62 16.000 16.000 362.039 362.039 
3 3 1 15.609 15.609 0.887 0.887 
3 3 2 15.039 15.039 0.075 0.075 
3 3 3 14.837 14.837 0.097 0.097 
3 3 4 16.000 16.000 362.039 362.039 
3 3 5 16.000 16.000 362.039 362.039 
4 1 1 11.646 11.646 0.105 0.105 
4 1 2 12.159 12.159 0.125 0.125 
4 1 3 12.431 12.431 0.121 0.121 
4 1 4 12.453 12.453 0.121 0.121 
4 1 5 12.301 12.301 0.133 0.133 
4 1 6 12.019 12.019 0.162 0.162 
4 1 7 12.700 12.700 0.082 0.082 
4 1 8 12.951 12.951 0.069 0.069 
4 1 9 12.886 12.886 0.076 0.076 
4 1 10 12.548 12.548 0.095 0.095 
4 1 11 11.282 11.282 0.139 0.139 
4 1 12 12.835 12.835 0.079 0.079 
4 1 13 13.108 13.108 0.096 0.096 
4 1 14 12.956 12.956 0.165 0.165 
4 1 15 13.664 13.664 0.141 0.141 
4 1 16 12.786 12.786 0.210 0.210 
4 1 17 14.328 14.328 0.498 0.498 
4 1 18 14.115 14.115 0.133 0.133 
4 1 19 12.642 12.642 0.184 0.184 
4 1 20 12.449 12.449 0.605 0.605 
4 1 21 12.342 12.342 0.760 0.760 
4 1 22 13.949 13.949 0.770 0.770 
4 1 23 13.843 13.843 0.152 0.152 
4 2 1 13.834 13.834 1.351 1.351 
4 2 2 10.843 10.843 0.306 0.306 
4 2 3 12.774 12.774 0.248 0.248 
4 2 4 11.314 11.314 0.110 0.110 
4 2 5 12.257 12.257 0.110 0.110 
4 2 6 12.586 12.586 0.101 0.101 
4 2 7 13.170 13.170 0.075 0.075 
4 2 8 12.187 12.187 0.075 0.075 
4 2 9 12.858 12.858 0.093 0.093 
4 2 10 13.444 13.444 0.082 0.082 
4 2 11 13.042 13.042 0.079 0.079 
4 2 12 13.641 13.641 0.075 0.075 
4 2 13 13.798 13.798 0.066 0.066 
4 2 14 13.266 13.266 0.079 0.079 
4 2 15 13.796 13.796 0.068 0.068 
4 2 16 13.521 13.521 0.065 0.065 
4 2 17 14.030 14.030 0.073 0.073 
4 2 18 13.610 13.610 0.087 0.087 
4 2 19 14.239 14.239 0.059 0.059 
4 2 20 13.629 13.629 0.057 0.057 
4 2 21 13.711 13.711 0.065 0.065 
4 2 22 14.175 14.175 0.058 0.058 
4 2 23 14.169 14.169 0.054 0.054 
4 2 24 14.313 14.313 0.049 0.049 
4 2 25 14.280 14.280 0.054 0.054 
4 2 26 14.123 14.123 0.079 0.079 
4 2 27 14.440 14.440 0.082 0.082 
4 2 28 14.567 14.567 0.078 0.078 
4 2 29 14.523 14.523 0.074 0.074 
4 2 30 14.388 14.388 0.068 0.068 
4 2 31 14.072 14.072 0.160 0.160 
4 2 32 15.185 15.185 0.101 0.101 
4 2 33 14.740 14.740 0.181 0.181 
4 2 34 15.252 15.252 0.128 0.128 
4 2 35 15.228 15.228 0.084 0.084 
4 2 36 14.885 14.885 0.175 0.175 
4 2 37 14.799 14.799 0.177 0.177 
4 2 38 14.773 14.773 0.142 0.142 
4 2 39 15.181 15.181 0.160 0.160 
4 2 40 15.464 15.464 0.373 0.373 
4 2 41 15.259 15.259 0.083 0.083 
4 2 42 15.176 15.176 0.157 0.157 
4 2 43 14.956 14.956 0.111 0.111 
4 2 44 15.278 15.278 0.126 0.126 
4 2 45 15.012 15.012 1.106 1.106 
4 2 46 15.126 15.126 0.090 0.090 
4 2 47 14.840 14.840 0.214 0.214 
4 2 48 15.304 15.304 0.476 0.476 
4 2 49 14.854 14.854 0.168 0.168 
4 2 50 17.798 17.798 21.629 21.629 
4 2 51 16.000 16.000 362.039 362.039 
4 2 52 16.000 16.000 362.039 362.039 
4 2 53 -72.754 -72.754 717.645 717.645 
4 2 54 18.176 18.176 17.795 17.795 
4 2 55 15.137 15.137 0.240 0.240 
4 2 56 16.020 16.020 14.463 14.463 
4 2 57 16.000 16.000 362.039 362.039 
4 2 58 22.864 22.864 28.025 28.025 
4 2 59 16.000 16.000 362.039 362.039 
4 2 60 16.000 16.000 362.039 362.039 
4 2 61 16.000 16.000 362.039 362.039 
4 2 62 48.635 48.635 326.562 326.562 
4 3 1 14.064 14.064 0.320 0.320 
4 3 2 14.623 14.623 0.076 0.076 
4 3 3 15.032 15.032 0.385 0.385 
4 3 4 16.000 16.000 362.039 362.039 
4 3 5 16.000 16.000 362.039 362.039 
5 1 1 12.936 12.936 0.159 0.159 
5 1 2 12.452 12.452 0.142 0.142 
5 1 3 12.514 12.514 0.124 0.124 
5 1 4 12.967 12.967 0.139 0.139 
5 1 5 12.677 12.677 0.141 0.141 
5 1 6 12.227 12.227 0.116 0.116 
5 1 7 12.786 12.786 0.094 0.094 
5 1 8 13.119 13.119 0.084 0.084 
5 1 9 13.007 13.007 0.086 0.086 
5 1 10 13.658 13.658 0.088 0.088 
5 1 11 13.229 13.229 0.060 0.060 
5 1 12 13.665 13.665 0.114 0.114 
5 1 13 13.653 13.653 0.090 0.090 
5 1 14 13.937 13.937 0.101 0.101 
5 1 15 13.724 13.724 0.101 0.101 
5 1 16 14.395 14.395 0.118 0.118 
5 1 17 14.134 14.134 0.246 0.246 
5 1 18 14.188 14.188 0.121 0.121 
5 1 19 13.817 13.817 0.181 0.181 
5 1 20 14.238 14.238 0.417 0.417 
5 1 21 13.947 13.947 0.226 0.226 
5 1 22 14.929 14.929 0.221 0.221 
5 1 23 -87554792269657.270 -87554792269657.270 931845937541978400000000000.000 931845937541978400000000000.000 
5 2 1 17.616 17.616 1.070 1.070 
5 2 2 13.266 13.266 0.375 0.375 
5 2 3 12.738 12.738 0.270 0.270 
5 2 4 12.594 12.594 0.209 0.209 
5 2 5 12.624 12.624 0.217 0.217 
5 2 6 12.569 12.569 0.177 0.177 
5 2 7 13.023 13.023 0.156 0.156 
5 2 8 13.259 13.259 0.135 0.135 
5 2 9 12.179 12.179 0.116 0.116 
5 2 10 13.934 13.934 0.116 0.116 
5 2 11 13.891 13.891 0.101 0.101 
5 2 12 13.833 13.833 0.091 0.091 
5 2 13 13.880 13.880 0.079 0.079 
5 2 14 13.740 13.740 0.068 0.068 
5 2 15 13.773 13.773 0.057 0.057 
5 2 16 13.610 13.610 0.045 0.045 
5 2 17 13.995 13.995 0.066 0.066 
5 2 18 13.385 13.385 0.057 0.057 
5 2 19 14.109 14.109 0.046 0.046 
5 2 20 14.219 14.219 0.048 0.048 
5 2 21 13.629 13.629 0.050 0.050 
5 2 22 14.151 14.151 0.045 0.045 
5 2 23 14.284 14.284 0.057 0.057 
5 2 24 13.992 13.992 0.045 0.045 
5 2 25 14.153 14.153 0.050 0.050 
5 2 26 14.282 14.282 0.059 0.059 
5 2 27 14.729 14.729 0.081 0.081 
5 2 28 14.555 14.555 0.115 0.115 
5 2 29 14.621 14.621 0.095 0.095 
5 2 30 14.711 14.711 0.097 0.097 
5 2 31 14.238 14.238 0.067 0.067 
5 2 32 14.880 14.880 0.092 0.092 
5 2 33 15.622 15.622 0.395 0.395 
5 2 34 14.716 14.716 0.165 0.165 
5 2 35 15.119 15.119 0.085 0.085 
5 2 36 14.962 14.962 0.103 0.103 
5 2 37 14.572 14.572 0.474 0.474 
5 2 38 15.537 15.537 0.265 0.265 
5 2 39 14.829 14.829 0.523 0.523 
5 2 40 15.286 15.286 0.151 0.151 
5 2 41 16.049 16.049 1.064 1.064 
5 2 42 15.098 15.098 0.281 0.281 
5 2 43 14.370 14.370 0.721 0.721 
5 2 44 15.346 15.346 0.174 0.174 
5 2 45 15.156 15.156 0.150 0.150 
5 2 46 15.286 15.286 0.161 0.161 
5 2 47 15.314 15.314 0.070 0.070 
5 2 48 15.368 15.368 0.137 0.137 
5 2 49 15.452 15.452 0.203 0.203 
5 2 50 15.126 15.126 0.161 0.161 
5 2 51 15.698 15.698 0.126 0.126 
5 2 52 16.000 16.000 362.039 362.039 
5 2 53 15.802 15.802 0.100 0.100 
5 2 54 14.916 14.916 3.904 3.904 
5 2 55 16.000 16.000 362.039 362.039 
5 2 56 16.000 16.000 362.039 362.039 
5 2 57 16.000 16.000 362.039 362.039 
5 2 58 16.000 16.000 362.039 362.039 
5 2 59 16.000 16.000 362.039 362.039 
5 2 60 16.000 16.000 362.039 362.039 
5 2 61 16.000 16.000 362.039 362.039 
5 2 62 16.000 16.000 362.039 362.039 
5 3 1 14.527 14.527 0.070 0.070 
5 3 2 14.562 14.562 0.046 0.046 
5 3 3 14.904 14.904 0.129 0.129 
5 3 4 16.000 16.000 362.039 362.039 
5 3 5 16.000 16.000 362.039 362.039 
6 1 1 11.674 11.674 0.120 0.120 
6 1 2 11.881 11.881 0.112 0.112 
6 1 3 12.159 12.159 0.117 0.117 
6 1 4 12.372 12.372 0.124 0.124 
6 1 5 12.544 12.544 0.088 0.088 
6 1 6 12.454 12.454 0.102 0.102 
6 1 7 12.718 12.718 0.114 0.114 
6 1 8 13.982 13.982 0.108 0.108 
6 1 9 13.227 13.227 0.071 0.071 
6 1 10 13.245 13.245 0.066 0.066 
6 1 11 13.190 13.190 0.106 0.106 
6 1 12 13.638 13.638 0.106 0.106 
6 1 13 13.348 13.348 0.122 0.122 
6 1 14 13.300 13.300 0.074 0.074 
6 1 15 14.042 14.042 0.102 0.102 
6 1 16 13.825 13.825 0.167 0.167 
6 1 17 14.142 14.142 0.157 0.157 
6 1 18 13.993 13.993 0.102 0.102 
6 1 19 14.529 14.529 0.117 0.117 
6 1 20 14.169 14.169 0.144 0.144 
6 1 21 16.000 16.000 362.039 362.039 
6 1 22 13.709 13.709 0.792 0.792 
6 1 23 13.991 13.991 0.180 0.180 
6 2 1 20.578 20.578 2.408 2.408 
6 2 2 11.006 11.006 0.240 0.240 
6 2 3 11.348 11.348 0.132 0.132 
6 2 4 12.567 12.567 0.095 0.095 
6 2 5 12.142 12.142 0.070 0.070 
6 2 6 12.134 12.134 0.070 0.070 
6 2 7 13.388 13.388 0.086 0.086 
6 2 8 12.631 12.631 0.049 0.049 
6 2 9 12.855 12.855 0.081 0.081 
6 2 10 13.400 13.400 0.069 0.069 
6 2 11 13.429 13.429 0.055 0.055 
6 2 12 13.911 13.911 0.074 0.074 
6 2 13 13.658 13.658 0.058 0.058 
6 2 14 13.422 13.422 0.044 0.044 
6 2 15 13.780 13.780 0.064 0.064 
6 2 16 13.522 13.522 0.056 0.056 
6 2 17 13.752 13.752 0.054 0.054 
6 2 18 13.393 13.393 0.047 0.047 
6 2 19 13.720 13.720 0.040 0.040 
6 2 20 14.061 14.061 0.050 0.050 
6 2 21 13.793 13.793 0.050 0.050 
6 2 22 14.105 14.105 0.049 0.049 
6 2 23 14.039 14.039 0.056 0.056 
6 2 24 13.977 13.977 0.058 0.058 
6 2 25 14.313 14.313 0.054 0.054 
6 2 26 14.569 14.569 0.057 0.057 
6 2 27 14.587 14.587 0.130 0.130 
6 2 28 14.094 14.094 0.064 0.064 
6 2 29 13.996 13.996 0.095 0.095 
6 2 30 14.391 14.391 0.102 0.102 
6 2 31 13.937 13.937 0.208 0.208 
6 2 32 14.999 14.999 0.123 0.123 
6 2 33 17.808 17.808 1.285 1.285 
6 2 34 15.007 15.007 2.940 2.940 
6 2 35 14.454 14.454 0.143 0.143 
6 2 36 15.029 15.029 0.148 0.148 
6 2 37 14.546 14.546 0.137 0.137 
6 2 38 15.347 15.347 0.175 0.175 
6 2 39 15.678 15.678 0.144 0.144 
6 2 40 14.796 14.796 0.549 0.549 
6 2 41 14.613 14.613 0.317 0.317 
6 2 42 15.080 15.080 0.149 0.149 
6 2 43 14.797 14.797 0.288 0.288 
6 2 44 15.119 15.119 0.118 0.118 
6 2 45 14.744 14.744 0.230 0.230 
6 2 46 14.960 14.960 3.316 3.316 
6 2 47 14.608 14.608 0.254 0.254 
6 2 48 15.966 15.966 3.282 3.282 
6 2 49 16.000 16.000 362.039 362.039 
6 2 50 15.798 15.798 1.813 1.813 
6 2 51 15.747 15.747 0.496 0.496 
6 2 52 16.682 16.682 9.905 9.905 
6 2 53 17.040 17.040 4.801 4.801 
6 2 54 16.000 16.000 362.039 362.039 
6 2 55 18.630 18.630 6.319 6.319 
6 2 56 16.000 16.000 362.039 362.039 
6 2 57 16.000 16.000 362.039 362.039 
6 2 58 14.553 14.553 5.965 5.965 
6 2 59 14.548 14.548 4.781 4.781 
6 2 60 16.000 16.000 362.039 362.039 
6 2 61 16.000 16.000 362.039 362.039 
6 2 62 16.000 16.000 362.039 362.039 
6 3 1 14.812 14.812 0.054 0.054 
6 3 2 15.014 15.014 0.043 0.043 
6 3 3 16.000 16.000 362.039 362.039 
6 3 4 16.000 16.000 362.039 362.039 
6 3 5 16.000 16.000 362.039 362.039 
