1 1 1 0.575 0.113
1 1 2 0.105 0.137
1 1 3 -0.912 0.126
1 1 4 0.272 0.123
1 1 5 -0.509 0.206
1 1 6 -0.655 0.264
1 1 7 -0.351 0.163
1 1 8 0.310 0.162
1 1 9 0.623 0.242
1 1 10 -0.730 0.256
1 1 11 -0.306 0.189
1 1 12 -0.204 0.182
1 1 13 -0.551 0.198
1 1 14 -0.656 0.228
1 1 15 0.594 0.221
1 1 16 0.753 0.502
1 1 17 0.406 0.317
1 1 18 0.474 0.263
1 1 19 0.569 0.399
1 1 20 0.180 0.404
1 1 21 -0.674 0.709
1 1 22 -0.764 0.529
1 1 23 -0.028 0.080
1 2 1 0.447 0.093
1 2 2 -0.446 0.079
1 2 3 0.876 0.078
1 2 4 0.018 0.094
1 2 5 -0.115 0.108
1 2 6 0.402 0.090
1 2 7 0.830 0.093
1 2 8 0.289 0.081
1 2 9 -0.963 0.097
1 2 10 0.274 0.089
1 2 11 0.325 0.080
1 2 12 0.669 0.081
1 2 13 -0.121 0.103
1 2 14 -0.921 0.065
1 2 15 -0.161 0.083
1 2 16 -0.699 0.085
1 2 17 -0.299 0.075
1 2 18 0.166 0.109
1 2 19 -0.732 0.076
1 2 20 0.672 0.087
1 2 21 -0.705 0.101
1 2 22 -0.601 0.094
1 2 23 -0.555 0.108
1 2 24 -0.137 0.086
1 2 25 -0.202 0.094
1 2 26 0.232 0.098
1 2 27 0.334 0.080
1 2 28 0.540 0.100
1 2 29 0.687 0.093
1 2 30 -0.803 0.089
1 2 31 0.540 0.123
1 2 32 0.312 0.097
1 2 33 0.889 0.119
1 2 34 0.579 0.098
1 2 35 0.678 0.121
1 2 36 -0.049 0.105
1 2 37 0.718 0.116
1 2 38 0.976 0.116
1 2 39 0.408 0.133
1 2 40 -0.840 0.130
1 2 41 0.609 0.127
1 2 42 0.046 0.159
1 2 43 -0.584 0.142
1 2 44 0.995 0.141
1 2 45 -0.432 0.164
1 2 46 0.756 0.097
1 2 47 0.674 0.104
1 2 48 -0.108 0.112
1 2 49 0.542 0.124
1 2 50 0.770 0.126
1 2 51 -0.537 0.100
1 2 52 -1.020 0.073
1 2 53 0.212 0.048
1 2 54 -0.236 0.040
1 2 55 0.516 0.074
1 2 56 -1.027 0.089
1 2 57 0.570 0.112
1 2 58 0.225 0.049
1 2 59 -0.060 0.040
1 2 60 -0.671 0.040
1 2 61 0.612 0.040
1 2 62 -0.642 0.040
1 3 1 -0.149 0.080
1 3 2 -0.073 0.113
1 3 3 -0.663 1.000
1 3 4 -0.998 0.994
1 3 5 -1.047 0.344
2 1 1 0.091 0.104
2 1 2 0.083 0.117
2 1 3 0.069 0.128
2 1 4 -0.829 0.121
2 1 5 -0.173 0.124
2 1 6 0.000 0.100
2 1 7 0.524 0.196
2 1 8 -0.739 0.153
2 1 9 -0.574 0.201
2 1 10 0.000 0.100
2 1 11 0.779 0.181
2 1 12 1.046 0.306
2 1 13 -0.711 0.156
2 1 14 0.792 0.201
2 1 15 -0.856 0.456
2 1 16 -0.170 0.359
2 1 17 0.449 0.340
2 1 18 0.370 0.316
2 1 19 -0.527 0.080
2 1 20 0.726 0.410
2 1 21 -0.080 0.401
2 1 22 -1.488 0.148
2 1 23 -0.177 0.080
2 2 1 -1.461 0.978
2 2 2 0.533 0.132
2 2 3 0.594 0.040
2 2 4 0.447 0.058
2 2 5 0.357 0.090
2 2 6 -0.032 0.127
2 2 7 0.342 0.094
2 2 8 -0.930 0.072
2 2 9 -0.618 0.066
2 2 10 0.078 0.076
2 2 11 0.375 0.085
2 2 12 -0.832 0.083
2 2 13 0.795 0.091
2 2 14 0.235 0.099
2 2 15 1.000 0.093
2 2 16 -0.237 0.083
2 2 17 0.520 0.077
2 2 18 0.608 0.125
2 2 19 0.532 0.088
2 2 20 0.249 0.080
2 2 21 0.722 0.099
2 2 22 -0.835 0.082
2 2 23 -0.769 0.127
2 2 24 -0.090 0.096
2 2 25 -0.025 0.114
2 2 26 -0.527 0.089
2 2 27 -0.859 0.103
2 2 28 0.081 0.088
2 2 29 -0.258 0.110
2 2 30 -0.372 0.111
2 2 31 -0.465 0.112
2 2 32 -0.718 0.105
2 2 33 -0.098 0.136
2 2 34 -0.121 0.117
2 2 35 0.337 0.118
2 2 36 0.868 0.114
2 2 37 -0.256 0.134
2 2 38 -0.125 0.129
2 2 39 0.234 0.157
2 2 40 -0.069 0.172
2 2 41 0.986 0.131
2 2 42 -0.666 0.173
2 2 43 -0.763 0.110
2 2 44 -0.938 0.100
2 2 45 -0.363 0.116
2 2 46 -0.032 0.118
2 2 47 -0.950 0.141
2 2 48 0.402 0.147
2 2 49 0.810 0.136
2 2 50 0.740 0.146
2 2 51 0.284 0.075
2 2 52 -0.119 0.040
2 2 53 -0.384 0.072
2 2 54 -0.413 0.333
2 2 55 -0.412 0.040
2 2 56 0.489 0.040
2 2 57 0.059 0.040
2 2 58 -0.173 0.040
2 2 59 0.501 0.040
2 2 60 0.022 0.040
2 2 61 0.706 0.092
2 2 62 0.406 0.040
2 3 1 -0.860 0.080
2 3 2 -2.261 0.500
2 3 3 0.512 0.636
2 3 4 -0.812 0.100
2 3 5 0.000 0.100
3 1 1 -0.217 0.162
3 1 2 -0.965 0.101
3 1 3 0.748 0.123
3 1 4 -0.501 0.128
3 1 5 -0.150 0.182
3 1 6 -0.056 0.147
3 1 7 -0.613 0.143
3 1 8 -0.651 0.163
3 1 9 0.669 0.163
3 1 10 -0.177 0.115
3 1 11 -0.462 0.352
3 1 12 0.394 0.163
3 1 13 0.858 0.219
3 1 14 -0.564 0.262
3 1 15 0.128 0.314
3 1 16 -0.597 0.322
3 1 17 -0.975 0.288
3 1 18 -0.864 0.318
3 1 19 0.090 0.413
3 1 20 0.188 0.600
3 1 21 0.134 0.480
3 1 22 -0.493 0.728
3 1 23 0.020 0.080
3 2 1 0.017 0.040
3 2 2 -0.467 0.054
3 2 3 0.536 0.071
3 2 4 0.363 0.069
3 2 5 -0.495 0.111
3 2 6 0.250 0.123
3 2 7 -0.069 0.139
3 2 8 -0.296 0.094
3 2 9 0.314 0.105
3 2 10 -0.514 0.096
3 2 11 0.031 0.098
3 2 12 0.796 0.114
3 2 13 0.202 0.104
3 2 14 0.277 0.118
3 2 15 -0.704 0.092
3 2 16 0.364 0.103
3 2 17 -0.086 0.102
3 2 18 -0.857 0.108
3 2 19 -0.140 0.105
3 2 20 -0.260 0.076
3 2 21 0.077 0.110
3 2 22 -0.219 0.093
3 2 23 0.100 0.109
3 2 24 0.082 0.090
3 2 25 -0.740 0.110
3 2 26 0.098 0.084
3 2 27 0.116 0.095
3 2 28 0.714 0.094
3 2 29 0.790 0.104
3 2 30 0.917 0.110
3 2 31 -0.308 0.097
3 2 32 0.757 0.111
3 2 33 -0.683 0.116
3 2 34 0.030 0.118
3 2 35 0.252 0.134
3 2 36 0.996 0.122
3 2 37 -0.783 0.132
3 2 38 -0.120 0.126
3 2 39 -0.646 0.127
3 2 40 0.269 0.130
3 2 41 0.581 0.143
3 2 42 -0.390 0.165
3 2 43 -0.468 0.176
3 2 44 0.864 0.145
3 2 45 0.688 0.140
3 2 46 -1.111 0.198
3 2 47 0.925 0.120
3 2 48 0.435 0.154
3 2 49 0.643 0.240
3 2 50 1.000 0.273
3 2 51 -0.847 0.040
3 2 52 0.445 0.084
3 2 53 -0.369 0.089
3 2 54 -0.542 0.040
3 2 55 0.903 0.040
3 2 56 -0.487 0.040
3 2 57 -0.126 0.040
3 2 58 -1.209 0.052
3 2 59 -0.042 0.040
3 2 60 -0.231 0.046
3 2 61 0.324 0.040
3 2 62 0.359 0.040
3 3 1 -0.155 1.000
3 3 2 -0.386 0.086
3 3 3 0.914 0.080
3 3 4 0.454 0.080
3 3 5 -0.437 0.100
4 1 1 -0.851 0.120
4 1 2 0.021 0.160
4 1 3 0.983 0.134
4 1 4 0.223 0.150
4 1 5 -0.079 0.200
4 1 6 -0.025 0.144
4 1 7 -0.766 0.133
4 1 8 -0.486 0.190
4 1 9 0.790 0.242
4 1 10 0.492 0.171
4 1 11 0.699 0.283
4 1 12 -0.658 0.231
4 1 13 0.644 0.175
4 1 14 0.605 0.255
4 1 15 0.151 0.256
4 1 16 -0.018 0.327
4 1 17 0.721 0.285
4 1 18 0.000 0.100
4 1 19 -0.531 0.367
4 1 20 0.671 0.511
4 1 21 -0.255 0.383
4 1 22 -0.673 0.080
4 1 23 0.729 0.080
4 2 1 -0.731 0.090
4 2 2 0.183 0.131
4 2 3 -0.228 0.114
4 2 4 -0.936 0.111
4 2 5 -0.055 0.116
4 2 6 0.176 0.095
4 2 7 -0.802 0.093
4 2 8 0.117 0.094
4 2 9 -0.427 0.110
4 2 10 -0.978 0.086
4 2 11 0.701 0.114
4 2 12 -0.469 0.068
4 2 13 -0.501 0.086
4 2 14 0.773 0.103
4 2 15 -0.032 0.093
4 2 16 -0.312 0.115
4 2 17 -0.648 0.078
4 2 18 -0.542 0.110
4 2 19 -0.887 0.092
4 2 20 0.590 0.110
4 2 21 -0.432 0.083
4 2 22 -0.408 0.092
4 2 23 0.264 0.086
4 2 24 -0.665 0.098
4 2 25 -0.803 0.065
4 2 26 0.298 0.087
4 2 27 0.041 0.107
4 2 28 0.335 0.079
4 2 29 -0.201 0.103
4 2 30 -0.820 0.109
4 2 31 0.775 0.114
4 2 32 0.450 0.104
4 2 33 -0.709 0.108
4 2 34 -0.825 0.120
4 2 35 -0.414 0.103
4 2 36 0.457 0.144
4 2 37 -0.248 0.120
4 2 38 -0.621 0.124
4 2 39 0.136 0.122
4 2 40 0.155 0.116
4 2 41 0.159 0.114
4 2 42 -0.734 0.128
4 2 43 0.616 0.154
4 2 44 0.327 0.139
4 2 45 -0.141 0.124
4 2 46 0.663 0.153
4 2 47 -0.709 0.110
4 2 48 0.509 0.149
4 2 49 -0.611 0.101
4 2 50 -0.569 0.040
4 2 51 0.058 0.092
4 2 52 -0.362 0.110
4 2 53 0.725 0.043
4 2 54 0.236 0.084
4 2 55 -0.193 0.092
4 2 56 0.565 0.040
4 2 57 0.561 0.042
4 2 58 0.771 0.040
4 2 59 -0.323 0.040
4 2 60 0.049 0.638
4 2 61 -0.786 0.040
4 2 62 0.827 0.040
4 3 1 0.369 0.080
4 3 2 -0.806 0.298
4 3 3 0.000 0.100
4 3 4 0.000 0.100
4 3 5 0.000 0.100
5 1 1 -0.507 0.080
5 1 2 0.379 0.080
5 1 3 -0.771 0.080
5 1 4 0.083 0.080
5 1 5 0.682 0.088
5 1 6 -0.834 0.361
5 1 7 0.556 0.104
5 1 8 0.503 0.082
5 1 9 0.596 0.136
5 1 10 0.587 0.151
5 1 11 -0.852 0.108
5 1 12 -0.455 0.192
5 1 13 0.788 0.195
5 1 14 -0.115 0.250
5 1 15 0.545 0.317
5 1 16 1.073 0.294
5 1 17 0.327 0.394
5 1 18 0.518 0.080
5 1 19 0.382 0.418
5 1 20 -0.061 0.385
5 1 21 -0.282 0.393
5 1 22 -0.802 0.080
5 1 23 0.719 0.080
5 2 1 0.982 0.064
5 2 2 0.136 0.049
5 2 3 0.314 0.040
5 2 4 -0.037 0.040
5 2 5 -0.702 0.040
5 2 6 -0.105 0.388
5 2 7 -0.070 0.040
5 2 8 0.192 0.053
5 2 9 0.606 0.923
5 2 10 0.472 0.084
5 2 11 0.292 0.042
5 2 12 0.831 0.054
5 2 13 0.194 0.047
5 2 14 0.769 0.040
5 2 15 -0.694 0.100
5 2 16 -0.574 0.075
5 2 17 0.376 0.346
5 2 18 -0.586 0.041
5 2 19 0.397 0.040
5 2 20 -0.153 0.040
5 2 21 0.540 0.040
5 2 22 0.045 0.057
5 2 23 -0.888 0.083
5 2 24 0.046 0.060
5 2 25 0.233 0.063
5 2 26 -0.885 0.104
5 2 27 -0.791 0.089
5 2 28 -0.848 0.091
5 2 29 -0.351 0.080
5 2 30 -0.151 0.082
5 2 31 -0.210 0.109
5 2 32 0.811 0.123
5 2 33 0.532 0.120
5 2 34 -0.808 0.096
5 2 35 0.422 0.110
5 2 36 -0.162 0.106
5 2 37 0.300 0.103
5 2 38 0.384 0.109
5 2 39 0.034 0.098
5 2 40 0.935 0.096
5 2 41 0.971 0.113
5 2 42 -0.017 0.179
5 2 43 -0.795 0.090
5 2 44 -0.354 0.275
5 2 45 -0.897 0.086
5 2 46 -0.266 0.083
5 2 47 -0.622 0.107
5 2 48 -1.019 0.053
5 2 49 -0.568 0.042
5 2 50 -0.721 0.054
5 2 51 0.745 0.123
5 2 52 -0.225 0.040
5 2 53 -0.795 0.040
5 2 54 0.317 0.040
5 2 55 -0.293 0.040
5 2 56 -0.348 0.040
5 2 57 0.061 0.040
5 2 58 0.447 0.040
5 2 59 -0.188 0.040
5 2 60 -1.824 0.144
5 2 61 -1.003 0.046
5 2 62 0.136 0.040
5 3 1 -1.080 0.420
5 3 2 0.169 0.812
5 3 3 -1.062 0.080
5 3 4 -0.888 0.100
5 3 5 0.000 0.100
6 1 1 0.431 0.100
6 1 2 0.173 0.119
6 1 3 -0.945 0.131
6 1 4 0.667 0.154
6 1 5 -0.949 0.124
6 1 6 -0.178 0.213
6 1 7 0.517 0.176
6 1 8 0.600 0.157
6 1 9 -0.062 0.174
6 1 10 -0.251 0.171
6 1 11 -0.422 0.159
6 1 12 0.796 0.192
6 1 13 -0.045 0.155
6 1 14 0.743 0.199
6 1 15 0.913 0.267
6 1 16 0.787 0.229
6 1 17 -0.052 0.308
6 1 18 0.409 0.222
6 1 19 0.594 0.272
6 1 20 -0.597 0.346
6 1 21 0.000 0.100
6 1 22 0.074 0.080
6 1 23 0.398 0.080
6 2 1 -0.020 0.040
6 2 2 -0.020 0.126
6 2 3 -0.145 0.098
6 2 4 0.665 0.125
6 2 5 0.902 0.117
6 2 6 -0.951 0.105
6 2 7 -0.478 0.104
6 2 8 -0.929 0.100
6 2 9 0.959 0.124
6 2 10 -0.297 0.091
6 2 11 -0.605 0.098
6 2 12 0.536 0.083
6 2 13 0.338 0.096
6 2 14 0.284 0.102
6 2 15 0.697 0.094
6 2 16 0.333 0.122
6 2 17 -0.096 0.102
6 2 18 -0.395 0.117
6 2 19 -0.978 0.100
6 2 20 -0.888 0.100
6 2 21 -0.788 0.110
6 2 22 0.147 0.094
6 2 23 0.881 0.103
6 2 24 0.387 0.102
6 2 25 -0.116 0.121
6 2 26 0.847 0.091
6 2 27 -0.868 0.100
6 2 28 0.803 0.122
6 2 29 0.248 0.106
6 2 30 -0.431 0.115
6 2 31 0.774 0.109
6 2 32 -0.919 0.109
6 2 33 -0.139 0.106
6 2 34 -0.825 0.124
6 2 35 -0.771 0.129
6 2 36 0.735 0.121
6 2 37 -0.218 0.140
6 2 38 -0.690 0.138
6 2 39 0.890 0.126
6 2 40 0.133 0.133
6 2 41 0.650 0.147
6 2 42 -0.558 0.143
6 2 43 0.526 0.165
6 2 44 0.327 0.173
6 2 45 -0.997 0.169
6 2 46 -0.512 0.114
6 2 47 0.162 0.172
6 2 48 -0.649 0.190
6 2 49 0.468 0.051
6 2 50 0.076 0.087
6 2 51 0.490 0.174
6 2 52 0.699 0.073
6 2 53 0.116 0.113
6 2 54 0.827 0.040
6 2 55 -0.652 0.040
6 2 56 0.320 0.040
6 2 57 -0.536 0.040
6 2 58 -0.850 0.329
6 2 59 -0.851 0.040
6 2 60 -0.520 0.862
6 2 61 -0.711 0.040
6 2 62 -0.435 0.725
6 3 1 -0.167 0.080
6 3 2 0.296 0.740
6 3 3 0.450 0.080
6 3 4 -0.634 1.000
6 3 5 0.000 0.100
