1 1 1 -0.00114 0.01117 -0.00442 0.07335
1 1 2 -0.00036 0.01258 -0.00005 -0.01450
1 1 3 -0.00026 0.01106 0.00020 -0.01064
1 1 4 -0.00089 -0.00869 0.00078 0.00419
1 1 5 -0.00049 -0.02101 0.00023 0.02269
1 1 6 0.00057 -0.01662 -0.00050 0.01850
1 1 7 -0.00029 -0.00187 -0.00032 0.00074
1 1 8 -0.00004 0.00836 -0.00004 -0.00905
1 1 9 -0.00021 -0.01203 -0.00019 -0.00544
1 1 10 -0.00009 0.00656 -0.00003 -0.00330
1 1 11 0.00011 -0.01071 0.00001 -0.00614
1 1 12 0.00001 0.00264 0.00008 0.00884
1 1 13 0.00010 -0.00496 -0.00004 -0.00511
1 1 14 0.00011 -0.00663 -0.00012 0.00396
1 1 15 -0.00004 0.00221 0.00009 0.00686
1 1 16 0.00007 0.00003 0.00011 0.00408
1 1 17 -0.00004 0.00156 0.00004 -0.00257
1 1 18 -0.00004 -0.00543 -0.00006 0.00302
1 1 19 -0.00000 0.00210 -0.00003 -0.00333
1 1 20 -0.00003 -0.00360 -0.00000 -0.00118
1 1 21 0.00002 -0.00511 -0.00004 0.00074
1 1 22 -0.00001 -0.00002 -0.00003 -0.00012
1 1 23 0.00000 0.00246 -0.00005 -0.00453
1 2 1 -0.00258 0.02750 -0.00188 -0.02965
1 2 2 -0.00087 0.01617 -0.00113 -0.02380
1 2 3 -0.00055 0.02074 0.00027 -0.02027
1 2 4 -0.00037 0.01963 0.00000 -0.02081
1 2 5 -0.00518 -0.06022 -0.00002 -0.01271
1 2 6 -0.00030 0.02173 -0.00029 -0.01787
1 2 7 0.00005 0.00694 -0.00013 -0.01226
1 2 8 -0.00012 0.01068 -0.00022 -0.01026
1 2 9 0.00003 0.00583 -0.00020 -0.01418
1 2 10 -0.00009 0.00803 -0.00003 -0.00915
1 2 11 -0.00011 0.00746 0.00035 0.00213
1 2 12 -0.00011 0.00666 0.00007 -0.00671
1 2 13 -0.00012 0.00987 -0.00008 -0.01004
1 2 14 -0.00000 0.00641 -0.00009 -0.00685
1 2 15 -0.00006 0.00570 -0.00006 -0.00560
1 2 16 -0.00006 0.00434 0.00054 0.02092
1 2 17 -0.00004 0.00483 -0.00002 -0.00488
1 2 18 -0.00009 0.00580 0.00021 0.02014
1 2 19 -0.00005 0.00270 -0.00053 0.01950
1 2 20 -0.00009 0.00575 0.00005 -0.00143
1 2 21 -0.00036 -0.01362 -0.00009 -0.00573
1 2 22 -0.00005 0.00263 -0.00005 -0.00517
1 2 23 -0.00005 0.00446 -0.00002 -0.00385
1 2 24 -0.00005 0.00486 -0.00001 -0.00341
1 2 25 -0.00004 0.00326 -0.00003 -0.00367
1 2 26 -0.00005 0.00377 -0.00003 -0.00239
1 2 27 -0.00002 0.00266 0.00006 0.00042
1 2 28 -0.00003 0.00415 -0.00002 -0.00315
1 2 29 0.00019 -0.00424 -0.00003 -0.00272
1 2 30 -0.00003 0.00142 -0.00002 -0.00258
1 2 31 -0.00002 0.00243 0.00019 0.00243
1 2 32 -0.00002 0.00340 -0.00000 -0.00067
1 2 33 -0.00005 0.00345 -0.00004 -0.00052
1 2 34 -0.00003 0.00237 0.00021 0.01235
1 2 35 0.00003 -0.00940 -0.00003 -0.00268
1 2 36 -0.00001 0.00180 -0.00002 -0.00246
1 2 37 -0.00001 0.00211 -0.00002 -0.00200
1 2 38 -0.00002 0.00084 -0.00000 -0.00173
1 2 39 -0.00002 0.00152 -0.00002 -0.00184
1 2 40 -0.00001 0.00085 -0.00001 -0.00329
1 2 41 -0.00001 0.00065 -0.00007 0.00832
1 2 42 -0.00003 0.00166 -0.00003 -0.00110
1 2 43 -0.00001 0.00134 -0.00004 -0.00152
1 2 44 0.00002 0.00055 0.00008 0.00551
1 2 45 -0.00001 0.00177 -0.00002 -0.00001
1 2 46 -0.00009 0.00008 0.00012 0.01079
1 2 47 -0.00001 0.00139 0.00006 0.00865
1 2 48 0.00000 -0.00107 0.00000 -0.00044
1 2 49 0.00000 0.00029 -0.00002 0.00070
1 2 50 0.00004 -0.00085 -0.00000 -0.00123
1 2 51 0.00017 -0.00113 -0.00002 0.00076
1 2 52 0.00002 -0.00106 -0.00002 -0.00064
1 2 53 -0.00000 -0.00015 -0.00000 -0.00223
1 2 54 -0.00002 0.00151 -0.00001 0.00106
1 2 55 -0.00001 0.00239 -0.00002 -0.00011
1 2 56 0.00003 -0.00409 0.00009 -0.00656
1 2 57 -0.00000 0.00032 -0.00003 -0.00034
1 2 58 -0.00005 -0.00217 -0.00004 -0.00037
1 2 59 0.00001 -0.00108 0.00002 -0.00025
1 2 60 0.00002 0.00059 -0.00004 0.00525
1 2 61 0.00002 0.00190 0.00004 0.00286
1 2 62 0.00005 0.00361 -0.00003 0.00109
1 3 1 0.00000 0.00000 0.00000 0.00000
1 3 2 0.00000 0.00000 0.00000 0.00000
1 3 3 0.00000 0.00000 0.00000 0.00000
1 3 4 0.00000 0.00000 0.00000 0.00000
1 3 5 0.00000 0.00000 0.00000 0.00000
2 1 1 -0.00482 -0.00067 -0.00375 -0.01921
2 1 2 0.00205 -0.04496 0.00128 0.00743
2 1 3 -0.00069 -0.00167 -0.00003 -0.01326
2 1 4 -0.00011 0.01118 -0.00011 -0.00745
2 1 5 -0.00006 0.00686 -0.00047 0.00354
2 1 6 0.00000 0.00000 0.00000 0.00000
2 1 7 -0.00007 0.00470 -0.00005 -0.00698
2 1 8 -0.00003 0.00611 0.00002 -0.00276
2 1 9 -0.00016 -0.01548 -0.00033 0.00577
2 1 10 0.00000 0.00000 0.00000 0.00000
2 1 11 -0.00002 0.00492 -0.00000 0.00045
2 1 12 -0.00006 0.00197 -0.00013 0.00085
2 1 13 0.00019 -0.00697 -0.00013 0.00502
2 1 14 -0.00006 0.00174 -0.00009 -0.00026
2 1 15 0.00006 -0.00795 -0.00007 0.00674
2 1 16 -0.00004 0.00027 -0.00003 -0.00116
2 1 17 -0.00001 0.00407 0.00004 -0.00182
2 1 18 -0.00000 0.00214 -0.00001 0.00148
2 1 19 0.00000 0.00000 0.00000 0.00000
2 1 20 -0.00001 0.00046 -0.00001 0.00296
2 1 21 0.00001 0.00124 -0.00001 0.00696
2 1 22 0.00003 -0.00353 0.00006 -0.00156
2 1 23 -0.00007 -0.00248 -0.00000 0.00100
2 2 1 0.00271 -0.01278 -0.01008 0.00286
2 2 2 -0.00047 -0.00581 0.00683 0.01334
2 2 3 -0.00148 -0.00820 0.00823 0.02509
2 2 4 -0.00431 0.01449 -0.00427 0.00144
2 2 5 0.00205 -0.00307 -0.00172 -0.01164
2 2 6 0.00305 -0.00831 -0.00329 -0.00559
2 2 7 -0.00157 0.00609 0.00387 0.02041
2 2 8 -0.00094 0.01142 0.00263 0.01604
2 2 9 -0.00042 0.00983 0.00007 -0.00606
2 2 10 -0.00082 0.00403 0.00107 0.01978
2 2 11 -0.00046 0.00895 -0.00032 -0.00296
2 2 12 -0.00012 0.00615 -0.00012 -0.00576
2 2 13 -0.00066 -0.02885 0.00009 -0.01062
2 2 14 -0.00006 0.00733 -0.00003 -0.00757
2 2 15 -0.00035 -0.00177 -0.00006 0.03191
2 2 16 -0.00008 0.00504 -0.00006 -0.00540
2 2 17 -0.00008 0.00498 0.00025 0.03107
2 2 18 -0.00008 0.00736 0.00017 0.02608
2 2 19 -0.00006 0.00537 0.00028 0.00508
2 2 20 0.00000 0.00432 0.00000 -0.00425
2 2 21 0.00012 -0.02066 0.00034 0.01287
2 2 22 -0.00014 -0.02031 -0.00023 0.01572
2 2 23 -0.00002 0.00253 0.00003 0.01756
2 2 24 -0.00000 0.00453 0.00006 -0.00768
2 2 25 -0.00001 0.00239 -0.00003 -0.00362
2 2 26 -0.00002 0.00224 -0.00002 -0.00254
2 2 27 -0.00003 0.00364 -0.00001 -0.00248
2 2 28 -0.00002 0.00237 0.00001 -0.00404
2 2 29 0.00033 -0.01107 0.00028 0.00951
2 2 30 0.00001 0.00209 0.00016 0.00374
2 2 31 -0.00002 0.00281 -0.00005 -0.00264
2 2 32 -0.00000 0.00444 -0.00004 -0.00252
2 2 33 -0.00004 0.00216 -0.00002 -0.00294
2 2 34 -0.00002 0.00184 -0.00004 -0.00170
2 2 35 -0.00001 0.00263 -0.00004 -0.00223
2 2 36 -0.00003 0.00128 -0.00016 0.01625
2 2 37 -0.00003 0.00205 -0.00001 -0.00180
2 2 38 -0.00003 0.00285 -0.00002 -0.00171
2 2 39 -0.00002 0.00111 -0.00002 -0.00252
2 2 40 -0.00005 0.00025 -0.00002 -0.00216
2 2 41 -0.00005 0.00153 -0.00001 -0.00143
2 2 42 -0.00005 0.00054 -0.00003 -0.00220
2 2 43 0.00000 0.00000 0.00000 0.00000
2 2 44 -0.00002 -0.00000 0.00001 -0.00051
2 2 45 -0.00011 -0.01932 -0.00002 -0.00047
2 2 46 -0.00000 -0.00005 -0.00001 -0.00093
2 2 47 -0.00002 -0.00024 0.00006 0.00761
2 2 48 -0.00001 0.00158 0.00001 -0.00064
2 2 49 -0.00000 -0.00017 0.00003 -0.00075
2 2 50 -0.00001 0.00099 0.00001 -0.00023
2 2 51 -0.00001 0.00001 -0.00001 -0.00165
2 2 52 -0.00001 -0.00082 -0.00002 -0.00071
2 2 53 0.00001 0.00005 -0.00000 -0.00110
2 2 54 -0.00001 0.00045 -0.00000 0.00089
2 2 55 0.00000 -0.00045 0.00001 0.00318
2 2 56 -0.00000 0.00021 0.00000 -0.00053
2 2 57 -0.00003 0.00080 -0.00002 0.00008
2 2 58 -0.00003 0.00012 -0.00003 -0.00097
2 2 59 -0.00002 -0.00019 -0.00013 -0.00014
2 2 60 -0.00003 -0.00194 -0.00001 -0.00341
2 2 61 -0.00000 0.00286 -0.00001 0.00380
2 2 62 -0.00004 -0.00413 -0.00005 -0.00901
2 3 1 0.00000 0.00000 0.00000 0.00000
2 3 2 0.00000 0.00000 0.00000 0.00000
2 3 3 0.00000 0.00000 0.00000 0.00000
2 3 4 0.00000 0.00000 0.00000 0.00000
2 3 5 0.00000 0.00000 0.00000 0.00000
3 1 1 -0.00384 0.02611 0.00180 0.00199
3 1 2 -0.00119 0.00653 -0.00126 -0.00314
3 1 3 -0.00017 0.01217 0.00166 0.03785
3 1 4 0.00075 -0.02988 0.00011 -0.00992
3 1 5 0.00016 0.00195 -0.00007 -0.00565
3 1 6 -0.00005 0.00675 -0.00013 -0.00885
3 1 7 -0.00002 0.00592 0.00019 0.00175
3 1 8 -0.00008 -0.01388 -0.00008 0.01075
3 1 9 -0.00011 0.00421 0.00009 -0.00118
3 1 10 -0.00024 -0.00536 -0.00012 -0.00203
3 1 11 -0.00008 0.00313 0.00009 0.00004
3 1 12 -0.00007 0.00499 0.00011 0.00492
3 1 13 -0.00007 0.00352 -0.00011 -0.00136
3 1 14 0.00014 -0.00175 -0.00008 -0.00114
3 1 15 -0.00003 0.00431 -0.00010 0.00209
3 1 16 -0.00001 0.00275 -0.00005 -0.00038
3 1 17 -0.00008 -0.00512 0.00007 0.00199
3 1 18 -0.00004 0.00002 -0.00000 -0.00324
3 1 19 0.00000 0.00173 -0.00004 -0.00103
3 1 20 0.00007 -0.00531 -0.00001 0.00536
3 1 21 0.00002 -0.00018 -0.00002 0.00548
3 1 22 0.00012 -0.00528 -0.00007 0.00661
3 1 23 0.00006 -0.00410 -0.00001 -0.00307
3 2 1 -0.01656 0.02818 -0.00063 -0.01510
3 2 2 0.00540 0.00721 -0.00482 -0.01370
3 2 3 -0.00621 0.01675 -0.00286 -0.00295
3 2 4 0.00611 0.00081 -0.00450 -0.01634
3 2 5 0.00506 -0.00783 -0.00196 0.00399
3 2 6 -0.00054 0.00118 -0.00037 -0.00190
3 2 7 -0.00159 0.00187 -0.00073 -0.00609
3 2 8 -0.00129 0.00332 -0.00078 -0.00558
3 2 9 -0.00114 0.00735 -0.00034 0.02500
3 2 10 -0.00071 0.00824 -0.00051 -0.00643
3 2 11 -0.00044 0.00646 -0.00007 -0.00650
3 2 12 -0.00026 0.00753 -0.00003 -0.00582
3 2 13 -0.00037 0.00584 -0.00085 0.01547
3 2 14 -0.00005 0.00619 -0.00002 -0.00818
3 2 15 -0.00045 -0.02552 -0.00002 -0.00529
3 2 16 -0.00007 0.00716 -0.00011 -0.00690
3 2 17 -0.00009 0.00583 -0.00004 -0.00462
3 2 18 -0.00001 0.00529 -0.00005 -0.00655
3 2 19 -0.00004 0.00541 -0.00004 -0.00595
3 2 20 -0.00006 0.00367 -0.00004 -0.00386
3 2 21 -0.00005 0.00655 -0.00002 -0.00457
3 2 22 -0.00004 0.00299 -0.00005 -0.00396
3 2 23 -0.00005 0.00652 -0.00002 -0.00328
3 2 24 -0.00001 0.00391 -0.00001 -0.00302
3 2 25 0.00027 -0.01026 -0.00006 -0.00243
3 2 26 -0.00006 0.00378 0.00003 -0.00193
3 2 27 -0.00002 0.00176 -0.00009 -0.00455
3 2 28 -0.00006 -0.01548 0.00016 0.01302
3 2 29 -0.00006 0.00430 -0.00004 -0.00235
3 2 30 -0.00001 0.00191 -0.00005 -0.00476
3 2 31 -0.00004 0.00211 -0.00004 -0.00137
3 2 32 -0.00003 0.00309 -0.00001 -0.00130
3 2 33 -0.00001 0.00276 -0.00004 -0.00255
3 2 34 -0.00003 0.00291 -0.00004 -0.00144
3 2 35 -0.00009 0.00200 0.00030 -0.00021
3 2 36 -0.00003 0.00297 -0.00003 -0.00283
3 2 37 -0.00001 0.00317 0.00019 0.00616
3 2 38 -0.00000 0.00196 -0.00001 -0.00107
3 2 39 -0.00003 0.00178 -0.00003 -0.00112
3 2 40 -0.00001 0.00175 -0.00002 -0.00056
3 2 41 -0.00003 0.00296 -0.00005 -0.00057
3 2 42 0.00008 -0.00265 0.00001 -0.00082
3 2 43 -0.00002 0.00093 0.00006 0.00630
3 2 44 -0.00003 0.00162 -0.00002 -0.00078
3 2 45 -0.00003 0.00231 0.00001 0.01151
3 2 46 -0.00002 0.00129 -0.00007 0.00349
3 2 47 -0.00002 0.00140 -0.00002 0.00070
3 2 48 0.00000 0.00206 -0.00001 -0.00107
3 2 49 0.00006 -0.00540 -0.00001 0.00038
3 2 50 -0.00001 0.00067 -0.00003 -0.00046
3 2 51 0.00005 -0.00576 -0.00001 -0.00064
3 2 52 -0.00001 0.00084 -0.00002 0.00027
3 2 53 0.00000 0.00342 0.00000 -0.00122
3 2 54 -0.00004 0.00005 0.00007 0.00927
3 2 55 -0.00003 0.00035 -0.00001 0.00058
3 2 56 -0.00002 0.00071 -0.00003 0.00015
3 2 57 0.00000 0.00147 0.00000 0.00077
3 2 58 0.00005 -0.00388 -0.00001 -0.00002
3 2 59 -0.00001 0.00050 0.00001 0.00078
3 2 60 -0.00003 -0.00030 -0.00004 -0.00043
3 2 61 -0.00003 0.00023 -0.00003 -0.00069
3 2 62 -0.00001 0.00083 0.00005 0.00302
3 3 1 0.00000 0.00000 0.00000 0.00000
3 3 2 0.00000 0.00000 0.00000 0.00000
3 3 3 0.00000 0.00000 0.00000 0.00000
3 3 4 0.00000 0.00000 0.00000 0.00000
3 3 5 0.00000 0.00000 0.00000 0.00000
4 1 1 -0.00095 0.01567 0.00089 -0.01372
4 1 2 -0.00018 0.00397 0.00013 -0.01336
4 1 3 -0.00020 0.00857 -0.00015 -0.00680
4 1 4 0.00062 -0.01281 0.00006 -0.00621
4 1 5 0.00001 0.00951 -0.00041 0.00115
4 1 6 0.00022 -0.00999 -0.00064 -0.00080
4 1 7 0.00038 -0.00872 -0.00024 0.00677
4 1 8 -0.00007 0.00592 0.00005 0.00052
4 1 9 -0.00025 -0.01525 -0.00010 -0.00520
4 1 10 -0.00003 0.00589 0.00004 -0.00686
4 1 11 -0.00011 -0.00753 -0.00013 -0.00073
4 1 12 0.00001 0.00504 0.00009 0.00066
4 1 13 0.00002 0.00271 -0.00002 -0.00335
4 1 14 0.00009 -0.00914 -0.00004 -0.00384
4 1 15 -0.00005 0.00398 -0.00005 0.00102
4 1 16 -0.00007 -0.00484 -0.00000 -0.00349
4 1 17 -0.00002 0.00306 0.00001 0.00561
4 1 18 -0.00000 0.00144 -0.00005 0.00085
4 1 19 -0.00005 0.00078 0.00007 0.00688
4 1 20 -0.00002 0.00020 -0.00001 -0.00289
4 1 21 -0.00002 -0.00051 0.00000 0.00617
4 1 22 0.00005 -0.00681 -0.00003 0.00026
4 1 23 0.00013 -0.00483 -0.00001 -0.00394
4 2 1 -0.00299 0.01362 0.00564 0.01427
4 2 2 -0.00020 0.00894 0.00077 -0.02032
4 2 3 0.00031 0.01032 -0.00063 -0.02142
4 2 4 0.00134 0.00013 0.00298 0.00968
4 2 5 -0.00067 0.01357 -0.00039 -0.01384
4 2 6 -0.00003 -0.04666 -0.00002 -0.01486
4 2 7 -0.00038 0.00459 -0.00203 0.02632
4 2 8 -0.00013 0.01337 -0.00021 -0.01098
4 2 9 0.00116 -0.02411 0.00022 -0.00326
4 2 10 -0.00012 0.00500 0.00001 -0.00754
4 2 11 -0.00009 0.00527 -0.00045 0.00184
4 2 12 -0.00012 -0.03113 0.00005 -0.00581
4 2 13 -0.00033 0.00149 -0.00017 -0.00573
4 2 14 0.00036 -0.00654 -0.00030 0.02226
4 2 15 -0.00006 0.00500 -0.00017 -0.00540
4 2 16 -0.00001 0.00374 -0.00028 -0.00755
4 2 17 0.00001 0.00406 -0.00004 -0.00544
4 2 18 -0.00004 0.00614 0.00017 0.01929
4 2 19 -0.00020 -0.00664 -0.00033 0.00553
4 2 20 -0.00011 0.00597 -0.00007 -0.00370
4 2 21 -0.00006 0.00452 -0.00006 -0.00640
4 2 22 -0.00006 0.00348 -0.00007 -0.00388
4 2 23 0.00000 0.00380 -0.00006 -0.00329
4 2 24 -0.00000 0.00338 -0.00000 -0.00324
4 2 25 0.00012 -0.01975 -0.00004 -0.00288
4 2 26 -0.00004 0.00282 -0.00004 -0.00229
4 2 27 -0.00002 0.00317 0.00002 -0.00194
4 2 28 -0.00003 0.00333 -0.00001 -0.00269
4 2 29 -0.00006 0.00138 -0.00003 -0.00449
4 2 30 0.00016 -0.01261 -0.00001 -0.00236
4 2 31 0.00018 -0.00923 0.00018 0.01068
4 2 32 -0.00001 0.00227 -0.00005 -0.00180
4 2 33 -0.00017 -0.02374 -0.00007 -0.00323
4 2 34 -0.00002 0.00196 -0.00005 -0.00029
4 2 35 -0.00000 0.00095 -0.00001 -0.00118
4 2 36 -0.00005 0.00487 -0.00003 0.01129
4 2 37 0.00004 -0.01075 -0.00001 -0.00152
4 2 38 0.00002 0.00108 -0.00002 -0.00182
4 2 39 -0.00003 0.00203 -0.00002 -0.00207
4 2 40 -0.00009 0.00421 0.00010 0.00751
4 2 41 0.00000 0.00068 -0.00002 -0.00180
4 2 42 -0.00002 0.00165 -0.00000 -0.00171
4 2 43 -0.00002 0.00023 0.00012 0.00663
4 2 44 -0.00001 0.00099 -0.00002 -0.00172
4 2 45 0.00007 -0.00380 -0.00003 -0.00122
4 2 46 0.00010 -0.00561 -0.00003 -0.00108
4 2 47 0.00008 -0.00495 -0.00005 0.00267
4 2 48 -0.00002 -0.00025 -0.00004 -0.00049
4 2 49 -0.00002 -0.00295 0.00000 -0.00100
4 2 50 -0.00003 0.00063 0.00002 0.00954
4 2 51 -0.00001 0.00140 -0.00002 -0.00046
4 2 52 -0.00001 0.00060 -0.00002 -0.00075
4 2 53 -0.00003 0.00185 -0.00003 0.00014
4 2 54 -0.00001 -0.00028 -0.00001 -0.00072
4 2 55 -0.00001 0.00101 -0.00003 -0.00080
4 2 56 -0.00001 0.00107 -0.00001 -0.00070
4 2 57 -0.00001 0.00023 -0.00002 0.00186
4 2 58 -0.00000 -0.00275 -0.00000 -0.00038
4 2 59 0.00000 0.00149 -0.00003 -0.00208
4 2 60 -0.00006 0.00102 -0.00001 -0.00074
4 2 61 -0.00001 0.00076 -0.00005 0.00064
4 2 62 -0.00003 -0.00258 -0.00001 0.00204
4 3 1 0.00000 0.00000 0.00000 0.00000
4 3 2 0.00000 0.00000 0.00000 0.00000
4 3 3 0.00000 0.00000 0.00000 0.00000
4 3 4 0.00000 0.00000 0.00000 0.00000
4 3 5 0.00000 0.00000 0.00000 0.00000
5 1 1 -0.00512 0.01057 0.00699 0.01502
5 1 2 0.00280 -0.03785 -0.00130 -0.00027
5 1 3 -0.00133 -0.03636 0.00003 -0.00628
5 1 4 0.00008 -0.03287 -0.00031 0.03331
5 1 5 -0.00006 0.00701 0.00003 -0.00842
5 1 6 -0.00039 -0.00094 0.00033 0.01063
5 1 7 -0.00033 -0.00519 -0.00018 -0.00205
5 1 8 -0.00002 0.00530 0.00030 0.01814
5 1 9 -0.00001 0.00632 0.00005 0.01430
5 1 10 -0.00004 0.00389 -0.00022 0.01234
5 1 11 -0.00004 0.00371 0.00019 0.00818
5 1 12 -0.00005 0.00549 0.00022 0.00900
5 1 13 -0.00008 0.00200 -0.00004 -0.00294
5 1 14 -0.00009 -0.00601 -0.00001 -0.00326
5 1 15 0.00006 0.00232 -0.00001 -0.00532
5 1 16 -0.00003 0.00309 0.00003 0.00776
5 1 17 0.00011 -0.00324 -0.00008 0.00098
5 1 18 -0.00001 0.00195 -0.00005 -0.00275
5 1 19 0.00007 -0.00244 -0.00003 0.00370
5 1 20 -0.00002 -0.00101 -0.00002 -0.00152
5 1 21 -0.00002 0.00067 -0.00005 0.00463
5 1 22 -0.00005 -0.00215 -0.00003 -0.00148
5 1 23 -0.00001 0.00272 -0.00005 -0.00048
5 2 1 0.00224 0.01117 0.00772 0.00467
5 2 2 -0.00040 0.00055 -0.00397 -0.01710
5 2 3 -0.00477 0.01560 -0.00257 0.00666
5 2 4 -0.00383 0.02652 -0.00215 -0.00037
5 2 5 -0.00526 0.00299 -0.00421 -0.00723
5 2 6 -0.00105 -0.01415 -0.00032 -0.00515
5 2 7 -0.00198 0.00995 -0.00110 -0.00325
5 2 8 -0.00084 0.00982 -0.00078 -0.00490
5 2 9 0.00019 0.00789 -0.00086 0.01678
5 2 10 -0.00037 0.00662 -0.00091 0.00791
5 2 11 -0.00016 0.00746 -0.00023 -0.00813
5 2 12 -0.00010 0.00736 -0.00075 0.01147
5 2 13 -0.00010 0.00807 -0.00001 -0.00725
5 2 14 -0.00007 0.00591 -0.00017 -0.00439
5 2 15 -0.00049 -0.02436 -0.00006 -0.00795
5 2 16 -0.00009 0.00832 -0.00000 -0.00469
5 2 17 -0.00003 0.00419 -0.00008 -0.00701
5 2 18 -0.00008 0.00715 -0.00009 -0.00702
5 2 19 -0.00006 0.00541 -0.00038 0.02041
5 2 20 -0.00004 0.00484 -0.00002 -0.00399
5 2 21 -0.00007 0.00522 0.00030 0.01476
5 2 22 -0.00003 0.00346 -0.00006 -0.00455
5 2 23 -0.00005 0.00359 0.00027 0.01411
5 2 24 -0.00003 0.00371 -0.00003 -0.00495
5 2 25 -0.00004 0.00372 -0.00000 0.02111
5 2 26 -0.00007 -0.00150 -0.00015 0.00469
5 2 27 -0.00002 0.00309 -0.00001 -0.00295
5 2 28 -0.00002 0.00357 -0.00004 -0.00207
5 2 29 -0.00016 -0.00425 -0.00002 -0.00228
5 2 30 -0.00004 0.00287 -0.00002 -0.00266
5 2 31 -0.00004 0.00165 -0.00005 -0.00190
5 2 32 0.00003 0.00182 0.00004 0.01464
5 2 33 0.00000 0.00267 -0.00003 -0.00195
5 2 34 -0.00002 0.00140 -0.00000 -0.00093
5 2 35 -0.00004 0.00221 -0.00002 -0.00222
5 2 36 -0.00001 0.00263 -0.00005 -0.00074
5 2 37 -0.00003 0.00244 -0.00003 -0.00305
5 2 38 -0.00008 -0.00428 -0.00001 -0.00151
5 2 39 -0.00003 0.00283 -0.00005 -0.00213
5 2 40 0.00010 -0.00703 0.00003 0.00332
5 2 41 -0.00000 -0.00040 -0.00003 0.00070
5 2 42 -0.00002 0.00119 -0.00001 -0.00199
5 2 43 -0.00004 -0.00036 -0.00006 0.01030
5 2 44 -0.00003 0.00212 -0.00003 -0.00173
5 2 45 -0.00001 0.00219 -0.00000 -0.00221
5 2 46 -0.00002 -0.00017 -0.00001 -0.00186
5 2 47 0.00011 -0.01073 -0.00001 -0.00033
5 2 48 -0.00004 -0.00261 -0.00001 -0.00113
5 2 49 -0.00003 0.00045 0.00000 -0.00203
5 2 50 0.00017 0.00128 -0.00001 -0.00053
5 2 51 0.00000 -0.00109 -0.00008 0.00683
5 2 52 -0.00013 0.00202 0.00000 -0.00006
5 2 53 -0.00001 0.00123 0.00005 0.00448
5 2 54 -0.00001 0.00063 -0.00001 -0.00031
5 2 55 0.00000 -0.00228 0.00001 0.00100
5 2 56 -0.00006 0.00136 -0.00001 -0.00050
5 2 57 -0.00004 -0.00092 -0.00003 0.00168
5 2 58 -0.00000 -0.00094 -0.00001 0.00034
5 2 59 -0.00003 -0.00009 -0.00001 0.00186
5 2 60 -0.00005 -0.00294 -0.00005 0.00022
5 2 61 -0.00007 -0.01090 -0.00000 -0.00026
5 2 62 0.00003 0.00421 -0.00003 -0.00366
5 3 1 0.00000 0.00000 0.00000 0.00000
5 3 2 0.00000 0.00000 0.00000 0.00000
5 3 3 0.00000 0.00000 0.00000 0.00000
5 3 4 0.00000 0.00000 0.00000 0.00000
5 3 5 0.00000 0.00000 0.00000 0.00000
6 1 1 0.00177 -0.00158 -0.00362 -0.00682
6 1 2 -0.00109 0.01498 -0.00052 -0.01177
6 1 3 -0.00020 0.01015 -0.00068 -0.00646
6 1 4 -0.00039 0.00573 -0.00076 0.00783
6 1 5 -0.00020 0.00964 -0.00007 -0.00845
6 1 6 0.00065 -0.01761 -0.00002 -0.00532
6 1 7 -0.00002 0.00655 -0.00010 -0.00672
6 1 8 0.00004 -0.01486 -0.00004 -0.00598
6 1 9 0.00032 -0.01286 -0.00001 -0.00778
6 1 10 -0.00007 0.00476 -0.00016 -0.00246
6 1 11 -0.00015 0.00147 -0.00006 0.01184
6 1 12 0.00001 0.00369 0.00026 0.00614
6 1 13 0.00001 -0.00685 0.00017 0.00731
6 1 14 -0.00011 -0.00211 -0.00010 -0.00114
6 1 15 -0.00005 0.00219 0.00002 0.00573
6 1 16 0.00009 -0.00054 0.00009 0.00208
6 1 17 -0.00007 0.00173 -0.00002 0.00023
6 1 18 -0.00006 0.00200 -0.00001 -0.00164
6 1 19 -0.00002 0.00163 -0.00003 -0.00096
6 1 20 -0.00006 -0.00116 0.00007 0.00254
6 1 21 0.00000 0.00000 0.00000 0.00000
6 1 22 -0.00003 -0.00215 -0.00019 -0.01484
6 1 23 -0.00001 0.00096 -0.00001 -0.00553
6 2 1 -0.00884 -0.00684 -0.01026 -0.00177
6 2 2 -0.00375 0.03213 -0.00913 -0.02433
6 2 3 -0.00676 0.02365 -0.00440 -0.01619
6 2 4 -0.00394 0.01052 -0.00348 0.00693
6 2 5 0.00116 0.00208 -0.00348 -0.00073
6 2 6 -0.00008 -0.00549 -0.00176 -0.00610
6 2 7 -0.00162 0.00624 -0.00209 -0.00421
6 2 8 -0.00106 0.00155 -0.00033 -0.00396
6 2 9 -0.00091 0.00734 0.00076 -0.00781
6 2 10 -0.00051 0.00811 -0.00042 -0.00515
6 2 11 -0.00063 -0.00844 -0.00023 -0.00676
6 2 12 -0.00015 0.00819 -0.00032 0.03448
6 2 13 -0.00011 0.00564 -0.00019 -0.00712
6 2 14 -0.00008 0.00712 -0.00008 -0.00778
6 2 15 -0.00003 0.00664 0.00052 0.00583
6 2 16 0.00044 -0.01606 -0.00010 -0.00702
6 2 17 0.00000 0.00431 -0.00032 0.00738
6 2 18 -0.00008 0.00721 -0.00014 -0.00610
6 2 19 -0.00007 0.00695 -0.00004 -0.00480
6 2 20 -0.00002 0.00370 0.00036 0.01510
6 2 21 0.00037 -0.01100 -0.00003 -0.00394
6 2 22 -0.00004 0.00450 -0.00005 -0.00347
6 2 23 0.00026 -0.01351 -0.00005 -0.00432
6 2 24 -0.00007 0.00463 -0.00016 0.01916
6 2 25 -0.00004 0.00381 -0.00005 -0.00341
6 2 26 0.00019 -0.01077 0.00035 0.00464
6 2 27 0.00020 -0.00590 -0.00004 -0.00217
6 2 28 0.00031 -0.01209 0.00023 0.00847
6 2 29 -0.00005 0.00306 -0.00003 -0.00428
6 2 30 -0.00002 0.00240 -0.00006 -0.00235
6 2 31 0.00018 -0.00019 0.00006 0.01476
6 2 32 -0.00005 -0.00194 -0.00002 -0.00345
6 2 33 -0.00001 0.00157 -0.00002 -0.00013
6 2 34 0.00001 0.00097 -0.00004 0.01449
6 2 35 -0.00002 0.00079 -0.00005 0.00129
6 2 36 -0.00005 0.00235 0.00017 0.00866
6 2 37 -0.00005 0.00239 -0.00003 -0.00225
6 2 38 -0.00002 0.00132 -0.00002 -0.00201
6 2 39 -0.00002 0.00060 -0.00005 -0.00159
6 2 40 -0.00003 -0.00041 -0.00002 -0.00191
6 2 41 0.00000 0.00177 -0.00002 -0.00162
6 2 42 -0.00005 -0.01006 -0.00003 -0.00175
6 2 43 -0.00002 0.00114 -0.00003 -0.00143
6 2 44 0.00020 -0.00093 -0.00004 -0.00362
6 2 45 0.00008 -0.00968 0.00015 0.00095
6 2 46 -0.00004 -0.00108 -0.00002 -0.00105
6 2 47 -0.00002 0.00103 -0.00002 -0.00011
6 2 48 -0.00002 0.00034 -0.00003 -0.00091
6 2 49 -0.00002 -0.00061 -0.00005 -0.00180
6 2 50 0.00007 -0.00465 -0.00003 0.00154
6 2 51 -0.00001 0.00051 -0.00002 -0.00249
6 2 52 0.00011 -0.00264 0.00000 -0.00255
6 2 53 0.00003 -0.00102 -0.00001 0.00033
6 2 54 -0.00001 0.00020 -0.00002 -0.00508
6 2 55 -0.00001 0.00004 -0.00000 -0.00149
6 2 56 0.00001 -0.00012 -0.00002 0.00032
6 2 57 0.00000 -0.00054 -0.00002 -0.00166
6 2 58 -0.00007 -0.00079 0.00001 -0.00179
6 2 59 -0.00000 0.00101 -0.00002 0.00047
6 2 60 -0.00004 -0.00071 0.00011 0.00049
6 2 61 0.00003 0.00199 -0.00003 -0.00101
6 2 62 -0.00008 0.01311 -0.00007 0.00576
6 3 1 0.00000 0.00000 0.00000 0.00000
6 3 2 0.00000 0.00000 0.00000 0.00000
6 3 3 0.00000 0.00000 0.00000 0.00000
6 3 4 0.00000 0.00000 0.00000 0.00000
6 3 5 0.00000 0.00000 0.00000 0.00000
