1 1 1 13.414 13.414 2.026 2.026 
1 1 2 13.407 13.407 1.891 1.891 
1 1 3 13.307 13.307 0.808 0.808 
1 1 4 13.708 13.708 1.008 1.008 
1 1 5 13.057 13.057 0.575 0.575 
1 1 6 13.333 13.333 0.505 0.505 
1 1 7 14.000 14.000 0.269 0.269 
1 1 8 14.056 14.056 0.375 0.375 
1 1 9 13.995 13.995 0.278 0.278 
1 1 10 13.491 13.491 1.158 1.158 
1 1 11 14.071 14.071 0.431 0.431 
1 1 12 16.543 16.543 5.058 5.058 
1 1 13 14.805 14.805 3.518 3.518 
1 1 14 11.595 11.595 216.403 216.403 
1 1 15 16.000 16.000 362.039 362.039 
1 1 16 16.000 16.000 362.039 362.039 
1 1 17 16.000 16.000 362.039 362.039 
1 1 18 16.000 16.000 362.039 362.039 
1 1 19 16.000 16.000 362.039 362.039 
1 1 20 16.000 16.000 362.039 362.039 
1 1 21 16.000 16.000 362.039 362.039 
1 1 22 16.000 16.000 362.039 362.039 
1 1 23 16.000 16.000 362.039 362.039 
1 2 1 16.000 16.000 362.039 362.039 
1 2 2 3.947 3.947 31.605 31.605 
1 2 3 13.985 13.985 2.068 2.068 
1 2 4 12.149 12.149 0.977 0.977 
1 2 5 12.518 12.518 0.848 0.848 
1 2 6 12.067 12.067 0.597 0.597 
1 2 7 13.100 13.100 0.868 0.868 
1 2 8 13.953 13.953 0.873 0.873 
1 2 9 13.874 13.874 0.443 0.443 
1 2 10 13.500 13.500 0.528 0.528 
1 2 11 13.919 13.919 0.445 0.445 
1 2 12 14.792 14.792 0.436 0.436 
1 2 13 13.904 13.904 0.388 0.388 
1 2 14 14.092 14.092 0.359 0.359 
1 2 15 14.206 14.206 0.365 0.365 
1 2 16 14.481 14.481 0.386 0.386 
1 2 17 14.400 14.400 0.297 0.297 
1 2 18 14.207 14.207 0.476 0.476 
1 2 19 14.481 14.481 0.465 0.465 
1 2 20 14.606 14.606 0.796 0.796 
1 2 21 14.595 14.595 0.666 0.666 
1 2 22 15.683 15.683 0.786 0.786 
1 2 23 14.465 14.465 0.339 0.339 
1 2 24 15.421 15.421 0.526 0.526 
1 2 25 15.255 15.255 1.829 1.829 
1 2 26 -66.272 -66.272 613.701 613.701 
1 2 27 17.791 17.791 86.646 86.646 
1 2 28 10.615 10.615 25.597 25.597 
1 2 29 16.000 16.000 362.039 362.039 
1 2 30 16.000 16.000 362.039 362.039 
1 2 31 16.000 16.000 362.039 362.039 
1 2 32 16.000 16.000 362.039 362.039 
1 2 33 16.000 16.000 362.039 362.039 
1 2 34 16.000 16.000 362.039 362.039 
1 2 35 16.000 16.000 362.039 362.039 
1 2 36 16.000 16.000 362.039 362.039 
1 2 37 16.000 16.000 362.039 362.039 
1 2 38 16.000 16.000 362.039 362.039 
1 2 39 16.000 16.000 362.039 362.039 
1 2 40 16.000 16.000 362.039 362.039 
1 2 41 16.000 16.000 362.039 362.039 
1 2 42 16.000 16.000 362.039 362.039 
1 2 43 16.000 16.000 362.039 362.039 
1 2 44 16.000 16.000 362.039 362.039 
1 2 45 16.000 16.000 362.039 362.039 
1 2 46 16.000 16.000 362.039 362.039 
1 2 47 16.000 16.000 362.039 362.039 
1 2 48 16.000 16.000 362.039 362.039 
1 2 49 16.000 16.000 362.039 362.039 
1 2 50 16.000 16.000 362.039 362.039 
1 2 51 16.000 16.000 362.039 362.039 
1 2 52 16.000 16.000 362.039 362.039 
1 2 53 16.000 16.000 362.039 362.039 
1 2 54 16.000 16.000 362.039 362.039 
1 2 55 16.000 16.000 362.039 362.039 
1 2 56 16.000 16.000 362.039 362.039 
1 2 57 16.000 16.000 362.039 362.039 
1 2 58 16.000 16.000 362.039 362.039 
1 2 59 16.000 16.000 362.039 362.039 
1 2 60 16.000 16.000 362.039 362.039 
1 2 61 16.000 16.000 362.039 362.039 
1 2 62 16.000 16.000 362.039 362.039 
1 3 1 16.000 16.000 362.039 362.039 
1 3 2 16.000 16.000 362.039 362.039 
1 3 3 16.000 16.000 362.039 362.039 
1 3 4 16.000 16.000 362.039 362.039 
1 3 5 16.000 16.000 362.039 362.039 
2 1 1 11.705 11.705 1.831 1.831 
2 1 2 13.158 13.158 1.293 1.293 
2 1 3 13.042 13.042 1.174 1.174 
2 1 4 13.612 13.612 0.727 0.727 
2 1 5 13.812 13.812 1.316 1.316 
2 1 6 16.000 16.000 362.039 362.039 
2 1 7 14.063 14.063 0.430 0.430 
2 1 8 13.803 13.803 0.376 0.376 
2 1 9 14.591 14.591 0.410 0.410 
2 1 10 16.000 16.000 362.039 362.039 
2 1 11 13.967 13.967 0.444 0.444 
2 1 12 14.409 14.409 7.434 7.434 
2 1 13 14.684 14.684 0.606 0.606 
2 1 14 15.001 15.001 2.129 2.129 
2 1 15 16.460 16.460 173.493 173.493 
2 1 16 16.000 16.000 362.039 362.039 
2 1 17 16.000 16.000 362.039 362.039 
2 1 18 17.132 17.132 133.236 133.236 
2 1 19 16.000 16.000 362.039 362.039 
2 1 20 16.000 16.000 362.039 362.039 
2 1 21 16.000 16.000 362.039 362.039 
2 1 22 16.000 16.000 362.039 362.039 
2 1 23 16.000 16.000 362.039 362.039 
2 2 1 14.705 14.705 4.436 4.436 
2 2 2 13.714 13.714 4.326 4.326 
2 2 3 12.705 12.705 2.489 2.489 
2 2 4 12.474 12.474 1.863 1.863 
2 2 5 14.988 14.988 2.919 2.919 
2 2 6 13.738 13.738 1.932 1.932 
2 2 7 13.504 13.504 1.368 1.368 
2 2 8 14.396 14.396 1.285 1.285 
2 2 9 14.937 14.937 0.878 0.878 
2 2 10 13.977 13.977 0.759 0.759 
2 2 11 14.831 14.831 0.693 0.693 
2 2 12 15.258 15.258 0.665 0.665 
2 2 13 14.799 14.799 0.465 0.465 
2 2 14 14.208 14.208 0.462 0.462 
2 2 15 14.214 14.214 0.403 0.403 
2 2 16 14.475 14.475 0.390 0.390 
2 2 17 15.134 15.134 0.475 0.475 
2 2 18 14.840 14.840 0.337 0.337 
2 2 19 15.777 15.777 0.870 0.870 
2 2 20 14.843 14.843 0.561 0.561 
2 2 21 15.444 15.444 1.935 1.935 
2 2 22 14.702 14.702 3.247 3.247 
2 2 23 12.905 12.905 2.637 2.637 
2 2 24 13.183 13.183 2.102 2.102 
2 2 25 12.180 12.180 2.065 2.065 
2 2 26 18.784 18.784 433.236 433.236 
2 2 27 14.691 14.691 9.711 9.711 
2 2 28 17.779 17.779 182.558 182.558 
2 2 29 5.031 5.031 22.769 22.769 
2 2 30 15.116 15.116 8.176 8.176 
2 2 31 16.000 16.000 362.039 362.039 
2 2 32 13.093 13.093 46.152 46.152 
2 2 33 16.000 16.000 362.039 362.039 
2 2 34 16.000 16.000 362.039 362.039 
2 2 35 16.000 16.000 362.039 362.039 
2 2 36 16.000 16.000 362.039 362.039 
2 2 37 16.000 16.000 362.039 362.039 
2 2 38 16.000 16.000 362.039 362.039 
2 2 39 16.000 16.000 362.039 362.039 
2 2 40 16.000 16.000 362.039 362.039 
2 2 41 16.000 16.000 362.039 362.039 
2 2 42 16.000 16.000 362.039 362.039 
2 2 43 16.000 16.000 362.039 362.039 
2 2 44 16.000 16.000 362.039 362.039 
2 2 45 16.000 16.000 362.039 362.039 
2 2 46 16.000 16.000 362.039 362.039 
2 2 47 16.000 16.000 362.039 362.039 
2 2 48 16.000 16.000 362.039 362.039 
2 2 49 16.000 16.000 362.039 362.039 
2 2 50 16.000 16.000 362.039 362.039 
2 2 51 16.000 16.000 362.039 362.039 
2 2 52 16.000 16.000 362.039 362.039 
2 2 53 16.000 16.000 362.039 362.039 
2 2 54 16.000 16.000 362.039 362.039 
2 2 55 16.000 16.000 362.039 362.039 
2 2 56 16.000 16.000 362.039 362.039 
2 2 57 16.000 16.000 362.039 362.039 
2 2 58 16.000 16.000 362.039 362.039 
2 2 59 16.000 16.000 362.039 362.039 
2 2 60 16.000 16.000 362.039 362.039 
2 2 61 16.000 16.000 362.039 362.039 
2 2 62 16.000 16.000 362.039 362.039 
2 3 1 16.000 16.000 362.039 362.039 
2 3 2 16.000 16.000 362.039 362.039 
2 3 3 16.000 16.000 362.039 362.039 
2 3 4 16.000 16.000 362.039 362.039 
2 3 5 16.000 16.000 362.039 362.039 
3 1 1 12.961 12.961 1.958 1.958 
3 1 2 12.359 12.359 1.385 1.385 
3 1 3 13.515 13.515 1.147 1.147 
3 1 4 13.505 13.505 0.782 0.782 
3 1 5 13.383 13.383 0.591 0.591 
3 1 6 13.560 13.560 0.493 0.493 
3 1 7 14.188 14.188 0.281 0.281 
3 1 8 13.955 13.955 0.364 0.364 
3 1 9 13.914 13.914 0.295 0.295 
3 1 10 14.186 14.186 0.708 0.708 
3 1 11 13.930 13.930 0.809 0.809 
3 1 12 12.262 12.262 3.745 3.745 
3 1 13 14.872 14.872 8.980 8.980 
3 1 14 14.029 14.029 0.885 0.885 
3 1 15 15.052 15.052 7.870 7.870 
3 1 16 17.574 17.574 89.058 89.058 
3 1 17 11.322 11.322 53.543 53.543 
3 1 18 16.000 16.000 362.039 362.039 
3 1 19 16.000 16.000 362.039 362.039 
3 1 20 16.000 16.000 362.039 362.039 
3 1 21 16.000 16.000 362.039 362.039 
3 1 22 16.000 16.000 362.039 362.039 
3 1 23 16.000 16.000 362.039 362.039 
3 2 1 16.070 16.070 6.313 6.313 
3 2 2 13.704 13.704 2.994 2.994 
3 2 3 16.183 16.183 3.235 3.235 
3 2 4 13.715 13.715 2.356 2.356 
3 2 5 14.066 14.066 1.891 1.891 
3 2 6 14.953 14.953 1.881 1.881 
3 2 7 14.758 14.758 1.772 1.772 
3 2 8 13.837 13.837 0.944 0.944 
3 2 9 13.554 13.554 0.952 0.952 
3 2 10 14.657 14.657 1.003 1.003 
3 2 11 14.150 14.150 0.529 0.529 
3 2 12 14.799 14.799 0.661 0.661 
3 2 13 13.989 13.989 0.591 0.591 
3 2 14 14.748 14.748 0.333 0.333 
3 2 15 14.924 14.924 0.581 0.581 
3 2 16 14.858 14.858 0.403 0.403 
3 2 17 14.404 14.404 0.301 0.301 
3 2 18 14.726 14.726 0.439 0.439 
3 2 19 14.630 14.630 0.385 0.385 
3 2 20 14.978 14.978 0.472 0.472 
3 2 21 14.607 14.607 0.420 0.420 
3 2 22 15.232 15.232 0.496 0.496 
3 2 23 14.568 14.568 1.082 1.082 
3 2 24 14.816 14.816 4.144 4.144 
3 2 25 17.817 17.817 283.104 283.104 
3 2 26 14.593 14.593 14.426 14.426 
3 2 27 16.000 16.000 362.039 362.039 
3 2 28 15.776 15.776 1097.670 1097.670 
3 2 29 18.570 18.570 13.675 13.675 
3 2 30 16.000 16.000 362.039 362.039 
3 2 31 15.149 15.149 14.279 14.279 
3 2 32 16.000 16.000 362.039 362.039 
3 2 33 16.000 16.000 362.039 362.039 
3 2 34 16.000 16.000 362.039 362.039 
3 2 35 16.000 16.000 362.039 362.039 
3 2 36 16.000 16.000 362.039 362.039 
3 2 37 16.000 16.000 362.039 362.039 
3 2 38 16.000 16.000 362.039 362.039 
3 2 39 16.000 16.000 362.039 362.039 
3 2 40 16.000 16.000 362.039 362.039 
3 2 41 16.000 16.000 362.039 362.039 
3 2 42 16.000 16.000 362.039 362.039 
3 2 43 16.000 16.000 362.039 362.039 
3 2 44 16.000 16.000 362.039 362.039 
3 2 45 16.000 16.000 362.039 362.039 
3 2 46 16.000 16.000 362.039 362.039 
3 2 47 16.000 16.000 362.039 362.039 
3 2 48 16.000 16.000 362.039 362.039 
3 2 49 16.000 16.000 362.039 362.039 
3 2 50 16.000 16.000 362.039 362.039 
3 2 51 16.000 16.000 362.039 362.039 
3 2 52 16.000 16.000 362.039 362.039 
3 2 53 16.000 16.000 362.039 362.039 
3 2 54 16.000 16.000 362.039 362.039 
3 2 55 16.000 16.000 362.039 362.039 
3 2 56 16.000 16.000 362.039 362.039 
3 2 57 16.000 16.000 362.039 362.039 
3 2 58 16.000 16.000 362.039 362.039 
3 2 59 16.000 16.000 362.039 362.039 
3 2 60 16.000 16.000 362.039 362.039 
3 2 61 16.000 16.000 362.039 362.039 
3 2 62 16.000 16.000 362.039 362.039 
3 3 1 16.000 16.000 362.039 362.039 
3 3 2 16.000 16.000 362.039 362.039 
3 3 3 16.000 16.000 362.039 362.039 
3 3 4 16.000 16.000 362.039 362.039 
3 3 5 16.000 16.000 362.039 362.039 
4 1 1 14.000 14.000 3.031 3.031 
4 1 2 13.346 13.346 2.280 2.280 
4 1 3 12.976 12.976 1.762 1.762 
4 1 4 13.407 13.407 1.188 1.188 
4 1 5 13.485 13.485 0.459 0.459 
4 1 6 12.707 12.707 0.685 0.685 
4 1 7 14.220 14.220 0.417 0.417 
4 1 8 14.599 14.599 0.547 0.547 
4 1 9 14.146 14.146 0.314 0.314 
4 1 10 14.066 14.066 0.359 0.359 
4 1 11 12.896 12.896 0.574 0.574 
4 1 12 14.811 14.811 1.375 1.375 
4 1 13 16.891 16.891 6.977 6.977 
4 1 14 16.668 16.668 7.772 7.772 
4 1 15 13.380 13.380 6.219 6.219 
4 1 16 24.616 24.616 577.667 577.667 
4 1 17 7.182 7.182 12.781 12.781 
4 1 18 16.000 16.000 362.039 362.039 
4 1 19 16.000 16.000 362.039 362.039 
4 1 20 16.000 16.000 362.039 362.039 
4 1 21 16.000 16.000 362.039 362.039 
4 1 22 16.000 16.000 362.039 362.039 
4 1 23 16.000 16.000 362.039 362.039 
4 2 1 13.792 13.792 4.572 4.572 
4 2 2 11.271 11.271 2.238 2.238 
4 2 3 12.350 12.350 1.620 1.620 
4 2 4 12.712 12.712 1.026 1.026 
4 2 5 13.366 13.366 0.972 0.972 
4 2 6 13.446 13.446 1.176 1.176 
4 2 7 13.965 13.965 0.825 0.825 
4 2 8 14.053 14.053 0.690 0.690 
4 2 9 13.813 13.813 1.045 1.045 
4 2 10 14.802 14.802 0.718 0.718 
4 2 11 14.830 14.830 0.577 0.577 
4 2 12 13.794 13.794 0.559 0.559 
4 2 13 14.891 14.891 0.465 0.465 
4 2 14 14.322 14.322 0.446 0.446 
4 2 15 14.817 14.817 0.358 0.358 
4 2 16 14.470 14.470 0.341 0.341 
4 2 17 14.451 14.451 0.453 0.453 
4 2 18 14.756 14.756 0.440 0.440 
4 2 19 14.604 14.604 0.414 0.414 
4 2 20 14.796 14.796 0.411 0.411 
4 2 21 14.303 14.303 0.743 0.743 
4 2 22 15.144 15.144 0.875 0.875 
4 2 23 14.216 14.216 3.181 3.181 
4 2 24 14.636 14.636 0.382 0.382 
4 2 25 15.695 15.695 11.660 11.660 
4 2 26 14.319 14.319 5.709 5.709 
4 2 27 15.410 15.410 8.070 8.070 
4 2 28 16.000 16.000 362.039 362.039 
4 2 29 16.987 16.987 10.336 10.336 
4 2 30 16.000 16.000 362.039 362.039 
4 2 31 15.913 15.913 467.174 467.174 
4 2 32 16.000 16.000 362.039 362.039 
4 2 33 16.000 16.000 362.039 362.039 
4 2 34 19.204 19.204 34.008 34.008 
4 2 35 16.000 16.000 362.039 362.039 
4 2 36 11.324 11.324 53.090 53.090 
4 2 37 16.000 16.000 362.039 362.039 
4 2 38 16.000 16.000 362.039 362.039 
4 2 39 16.000 16.000 362.039 362.039 
4 2 40 16.000 16.000 362.039 362.039 
4 2 41 16.000 16.000 362.039 362.039 
4 2 42 16.000 16.000 362.039 362.039 
4 2 43 16.000 16.000 362.039 362.039 
4 2 44 16.000 16.000 362.039 362.039 
4 2 45 16.000 16.000 362.039 362.039 
4 2 46 16.000 16.000 362.039 362.039 
4 2 47 16.000 16.000 362.039 362.039 
4 2 48 16.000 16.000 362.039 362.039 
4 2 49 16.000 16.000 362.039 362.039 
4 2 50 16.000 16.000 362.039 362.039 
4 2 51 16.000 16.000 362.039 362.039 
4 2 52 16.000 16.000 362.039 362.039 
4 2 53 16.000 16.000 362.039 362.039 
4 2 54 16.000 16.000 362.039 362.039 
4 2 55 16.000 16.000 362.039 362.039 
4 2 56 16.000 16.000 362.039 362.039 
4 2 57 16.000 16.000 362.039 362.039 
4 2 58 16.000 16.000 362.039 362.039 
4 2 59 16.000 16.000 362.039 362.039 
4 2 60 16.000 16.000 362.039 362.039 
4 2 61 16.000 16.000 362.039 362.039 
4 2 62 16.000 16.000 362.039 362.039 
4 3 1 16.000 16.000 362.039 362.039 
4 3 2 16.000 16.000 362.039 362.039 
4 3 3 16.000 16.000 362.039 362.039 
4 3 4 16.000 16.000 362.039 362.039 
4 3 5 16.000 16.000 362.039 362.039 
5 1 1 13.159 13.159 1.884 1.884 
5 1 2 13.432 13.432 1.467 1.467 
5 1 3 13.829 13.829 1.195 1.195 
5 1 4 13.365 13.365 0.825 0.825 
5 1 5 13.820 13.820 0.690 0.690 
5 1 6 13.950 13.950 0.589 0.589 
5 1 7 13.874 13.874 0.377 0.377 
5 1 8 14.652 14.652 0.423 0.423 
5 1 9 14.283 14.283 0.284 0.284 
5 1 10 14.802 14.802 0.559 0.559 
5 1 11 13.988 13.988 0.308 0.308 
5 1 12 14.506 14.506 0.398 0.398 
5 1 13 12.871 12.871 38.647 38.647 
5 1 14 14.296 14.296 0.753 0.753 
5 1 15 16.000 16.000 362.039 362.039 
5 1 16 16.000 16.000 362.039 362.039 
5 1 17 16.000 16.000 362.039 362.039 
5 1 18 16.000 16.000 362.039 362.039 
5 1 19 16.000 16.000 362.039 362.039 
5 1 20 16.000 16.000 362.039 362.039 
5 1 21 16.000 16.000 362.039 362.039 
5 1 22 16.000 16.000 362.039 362.039 
5 1 23 16.000 16.000 362.039 362.039 
5 2 1 14.399 14.399 4.881 4.881 
5 2 2 13.277 13.277 3.636 3.636 
5 2 3 12.024 12.024 2.390 2.390 
5 2 4 12.389 12.389 1.716 1.716 
5 2 5 12.819 12.819 2.296 2.296 
5 2 6 12.490 12.490 1.387 1.387 
5 2 7 13.938 13.938 1.239 1.239 
5 2 8 13.653 13.653 1.185 1.185 
5 2 9 13.492 13.492 1.095 1.095 
5 2 10 14.922 14.922 1.208 1.208 
5 2 11 13.875 13.875 0.625 0.625 
5 2 12 14.306 14.306 0.579 0.579 
5 2 13 14.712 14.712 0.779 0.779 
5 2 14 14.728 14.728 0.436 0.436 
5 2 15 14.572 14.572 0.359 0.359 
5 2 16 14.752 14.752 0.563 0.563 
5 2 17 14.482 14.482 0.431 0.431 
5 2 18 14.028 14.028 0.398 0.398 
5 2 19 14.752 14.752 0.451 0.451 
5 2 20 14.875 14.875 0.488 0.488 
5 2 21 14.748 14.748 0.306 0.306 
5 2 22 13.747 13.747 0.887 0.887 
5 2 23 14.762 14.762 1.280 1.280 
5 2 24 15.816 15.816 0.735 0.735 
5 2 25 14.614 14.614 2.191 2.191 
5 2 26 13.377 13.377 24.649 24.649 
5 2 27 15.025 15.025 2.504 2.504 
5 2 28 13.009 13.009 17.761 17.761 
5 2 29 15.226 15.226 1.959 1.959 
5 2 30 16.000 16.000 362.039 362.039 
5 2 31 13.790 13.790 8.812 8.812 
5 2 32 16.000 16.000 362.039 362.039 
5 2 33 16.000 16.000 362.039 362.039 
5 2 34 16.000 16.000 362.039 362.039 
5 2 35 16.000 16.000 362.039 362.039 
5 2 36 16.000 16.000 362.039 362.039 
5 2 37 16.000 16.000 362.039 362.039 
5 2 38 16.000 16.000 362.039 362.039 
5 2 39 16.000 16.000 362.039 362.039 
5 2 40 16.000 16.000 362.039 362.039 
5 2 41 16.000 16.000 362.039 362.039 
5 2 42 16.000 16.000 362.039 362.039 
5 2 43 16.000 16.000 362.039 362.039 
5 2 44 16.000 16.000 362.039 362.039 
5 2 45 16.000 16.000 362.039 362.039 
5 2 46 16.000 16.000 362.039 362.039 
5 2 47 16.000 16.000 362.039 362.039 
5 2 48 16.000 16.000 362.039 362.039 
5 2 49 16.000 16.000 362.039 362.039 
5 2 50 16.000 16.000 362.039 362.039 
5 2 51 16.000 16.000 362.039 362.039 
5 2 52 16.000 16.000 362.039 362.039 
5 2 53 16.000 16.000 362.039 362.039 
5 2 54 16.000 16.000 362.039 362.039 
5 2 55 16.000 16.000 362.039 362.039 
5 2 56 16.000 16.000 362.039 362.039 
5 2 57 16.000 16.000 362.039 362.039 
5 2 58 16.000 16.000 362.039 362.039 
5 2 59 16.000 16.000 362.039 362.039 
5 2 60 16.000 16.000 362.039 362.039 
5 2 61 16.000 16.000 362.039 362.039 
5 2 62 16.000 16.000 362.039 362.039 
5 3 1 16.000 16.000 362.039 362.039 
5 3 2 16.000 16.000 362.039 362.039 
5 3 3 16.000 16.000 362.039 362.039 
5 3 4 16.000 16.000 362.039 362.039 
5 3 5 16.000 16.000 362.039 362.039 
6 1 1 14.775 14.775 2.448 2.448 
6 1 2 12.656 12.656 1.671 1.671 
6 1 3 13.177 13.177 1.003 1.003 
6 1 4 13.795 13.795 0.922 0.922 
6 1 5 13.077 13.077 0.689 0.689 
6 1 6 13.893 13.893 0.433 0.433 
6 1 7 14.122 14.122 0.285 0.285 
6 1 8 14.169 14.169 0.351 0.351 
6 1 9 14.565 14.565 0.404 0.404 
6 1 10 14.341 14.341 0.346 0.346 
6 1 11 14.368 14.368 0.688 0.688 
6 1 12 14.302 14.302 0.614 0.614 
6 1 13 14.026 14.026 0.806 0.806 
6 1 14 22.718 22.718 86.979 86.979 
6 1 15 25.473 25.473 63.274 63.274 
6 1 16 16.000 16.000 362.039 362.039 
6 1 17 16.000 16.000 362.039 362.039 
6 1 18 16.000 16.000 362.039 362.039 
6 1 19 16.000 16.000 362.039 362.039 
6 1 20 16.000 16.000 362.039 362.039 
6 1 21 16.000 16.000 362.039 362.039 
6 1 22 16.000 16.000 362.039 362.039 
6 1 23 16.000 16.000 362.039 362.039 
6 2 1 13.865 13.865 3.555 3.555 
6 2 2 11.201 11.201 2.470 2.470 
6 2 3 10.317 10.317 1.944 1.944 
6 2 4 14.116 14.116 2.514 2.514 
6 2 5 13.191 13.191 2.109 2.109 
6 2 6 13.035 13.035 1.248 1.248 
6 2 7 14.779 14.779 1.663 1.663 
6 2 8 14.472 14.472 1.279 1.279 
6 2 9 13.288 13.288 0.890 0.890 
6 2 10 13.903 13.903 0.673 0.673 
6 2 11 14.307 14.307 0.580 0.580 
6 2 12 14.174 14.174 0.578 0.578 
6 2 13 14.316 14.316 0.542 0.542 
6 2 14 14.629 14.629 0.713 0.713 
6 2 15 14.595 14.595 0.384 0.384 
6 2 16 14.516 14.516 0.387 0.387 
6 2 17 14.354 14.354 0.432 0.432 
6 2 18 14.024 14.024 0.375 0.375 
6 2 19 14.242 14.242 0.371 0.371 
6 2 20 14.885 14.885 0.308 0.308 
6 2 21 15.035 15.035 1.056 1.056 
6 2 22 15.345 15.345 6.245 6.245 
6 2 23 13.911 13.911 0.500 0.500 
6 2 24 14.316 14.316 4.347 4.347 
6 2 25 15.113 15.113 28.416 28.416 
6 2 26 16.721 16.721 5.459 5.459 
6 2 27 16.932 16.932 125.585 125.585 
6 2 28 14.077 14.077 5.880 5.880 
6 2 29 16.000 16.000 362.039 362.039 
6 2 30 16.193 16.193 233.386 233.386 
6 2 31 16.000 16.000 362.039 362.039 
6 2 32 16.000 16.000 362.039 362.039 
6 2 33 16.000 16.000 362.039 362.039 
6 2 34 14.549 14.549 23.667 23.667 
6 2 35 16.000 16.000 362.039 362.039 
6 2 36 16.000 16.000 362.039 362.039 
6 2 37 16.000 16.000 362.039 362.039 
6 2 38 16.000 16.000 362.039 362.039 
6 2 39 16.000 16.000 362.039 362.039 
6 2 40 16.000 16.000 362.039 362.039 
6 2 41 16.000 16.000 362.039 362.039 
6 2 42 16.000 16.000 362.039 362.039 
6 2 43 16.000 16.000 362.039 362.039 
6 2 44 16.000 16.000 362.039 362.039 
6 2 45 16.000 16.000 362.039 362.039 
6 2 46 16.000 16.000 362.039 362.039 
6 2 47 16.000 16.000 362.039 362.039 
6 2 48 16.000 16.000 362.039 362.039 
6 2 49 16.000 16.000 362.039 362.039 
6 2 50 16.000 16.000 362.039 362.039 
6 2 51 16.000 16.000 362.039 362.039 
6 2 52 16.000 16.000 362.039 362.039 
6 2 53 16.000 16.000 362.039 362.039 
6 2 54 16.000 16.000 362.039 362.039 
6 2 55 16.000 16.000 362.039 362.039 
6 2 56 16.000 16.000 362.039 362.039 
6 2 57 16.000 16.000 362.039 362.039 
6 2 58 16.000 16.000 362.039 362.039 
6 2 59 16.000 16.000 362.039 362.039 
6 2 60 16.000 16.000 362.039 362.039 
6 2 61 16.000 16.000 362.039 362.039 
6 2 62 16.000 16.000 362.039 362.039 
6 3 1 16.000 16.000 362.039 362.039 
6 3 2 16.000 16.000 362.039 362.039 
6 3 3 16.000 16.000 362.039 362.039 
6 3 4 16.000 16.000 362.039 362.039 
6 3 5 16.000 16.000 362.039 362.039 
