1 1 1 13.040 13.040 1.816 1.816 1.349
1 1 2 12.543 12.543 1.497 1.497 -0.052
1 1 3 13.253 13.253 1.449 1.449 2.905
1 1 4 13.383 13.383 1.143 1.143 1.437
1 1 5 13.044 13.044 0.896 0.896 -0.018
1 1 6 13.785 13.785 1.509 1.509 4.035
1 1 7 13.491 13.491 0.720 0.720 0.196
1 1 8 13.573 13.573 1.036 1.036 -0.146
1 1 9 14.988 14.988 2.975 2.975 -1.752
1 1 10 13.686 13.686 1.008 1.008 1.375
1 1 11 14.132 14.132 0.305 0.305 5.058
1 1 12 14.472 14.472 0.276 0.276 2.350
1 1 13 14.407 14.407 0.266 0.266 -2.772
1 1 14 14.261 14.261 0.245 0.245 0.561
1 1 15 14.783 14.783 0.243 0.243 0.906
1 1 16 13.711 13.711 0.339 0.339 0.019
1 1 17 14.621 14.621 0.335 0.335 -3.699
1 1 18 15.017 15.017 18.044 18.044 2.482
1 1 19 16.000 16.000 362.039 362.039 -0.300
1 1 20 16.000 16.000 362.039 362.039 0.000
1 1 21 16.000 16.000 362.039 362.039 0.000
1 1 22 16.000 16.000 362.039 362.039 0.000
1 1 23 16.000 16.000 362.039 362.039 0.000
1 2 1 6.896 6.896 2.231 2.231 -0.000
1 2 2 19.031 19.031 11.687 11.687 0.168
1 2 3 12.089 12.089 1.384 1.384 1.214
1 2 4 14.116 14.116 2.275 2.275 0.845
1 2 5 12.305 12.305 0.970 0.970 1.425
1 2 6 13.139 13.139 1.291 1.291 -0.715
1 2 7 13.668 13.668 1.535 1.535 -1.078
1 2 8 13.907 13.907 1.131 1.131 -0.736
1 2 9 14.254 14.254 0.981 0.981 -1.778
1 2 10 13.433 13.433 0.591 0.591 0.548
1 2 11 14.420 14.420 0.781 0.781 0.591
1 2 12 13.447 13.447 0.791 0.791 1.752
1 2 13 13.808 13.808 1.331 1.331 0.089
1 2 14 14.502 14.502 0.531 0.531 0.168
1 2 15 13.958 13.958 0.812 0.812 0.597
1 2 16 14.023 14.023 0.929 0.929 -1.061
1 2 17 13.871 13.871 0.826 0.826 0.654
1 2 18 15.815 15.815 2.493 2.493 0.923
1 2 19 15.088 15.088 12.469 12.469 -0.500
1 2 20 85852554142.682 85852554142.682 2502206207456693000000.000 2502206207456693000000.000 -2.700
1 2 21 13.442 13.442 18.233 18.233 0.284
1 2 22 13.801 13.801 5.283 5.283 -0.235
1 2 23 16.000 16.000 362.039 362.039 0.000
1 2 24 13.424 13.424 48.614 48.614 0.450
1 2 25 16.000 16.000 362.039 362.039 0.000
1 2 26 15.196 15.196 1.999 1.999 0.431
1 2 27 21.633 21.633 42.496 42.496 0.489
1 2 28 16.000 16.000 362.039 362.039 0.000
1 2 29 15.745 15.745 212.385 212.385 -0.061
1 2 30 14.752 14.752 24.282 24.282 0.518
1 2 31 17.534 17.534 347.615 347.615 0.221
1 2 32 14.710 14.710 22.872 22.872 1.118
1 2 33 14.747 14.747 0.620 0.620 2.074
1 2 34 15.563 15.563 26.500 26.500 0.471
1 2 35 14.983 14.983 3.016 3.016 -0.931
1 2 36 15.115 15.115 7.593 7.593 -0.700
1 2 37 15.131 15.131 8.110 8.110 -1.274
1 2 38 17.306 17.306 12.025 12.025 -0.833
1 2 39 14.849 14.849 3.499 3.499 -1.510
1 2 40 19.471 19.471 88.430 88.430 -0.914
1 2 41 15.031 15.031 0.720 0.720 1.082
1 2 42 15.740 15.740 0.488 0.488 0.338
1 2 43 14.869 14.869 16.035 16.035 0.660
1 2 44 15.564 15.564 39.260 39.260 -0.119
1 2 45 16.000 16.000 362.039 362.039 0.000
1 2 46 16.000 16.000 362.039 362.039 0.000
1 2 47 16.000 16.000 362.039 362.039 0.000
1 2 48 16.000 16.000 362.039 362.039 0.000
1 2 49 16.000 16.000 362.039 362.039 0.000
1 2 50 16.000 16.000 362.039 362.039 0.000
1 2 51 16.000 16.000 362.039 362.039 0.000
1 2 52 16.000 16.000 362.039 362.039 0.000
1 2 53 16.000 16.000 362.039 362.039 0.000
1 2 54 16.000 16.000 362.039 362.039 0.000
1 2 55 16.000 16.000 362.039 362.039 0.000
1 2 56 16.000 16.000 362.039 362.039 0.000
1 2 57 16.000 16.000 362.039 362.039 0.000
1 2 58 16.000 16.000 362.039 362.039 0.000
1 2 59 16.000 16.000 362.039 362.039 0.000
1 2 60 16.000 16.000 362.039 362.039 0.000
1 2 61 16.000 16.000 362.039 362.039 0.000
1 2 62 16.000 16.000 362.039 362.039 0.000
1 3 1 16.000 16.000 362.039 362.039 0.000
1 3 2 16.000 16.000 362.039 362.039 0.000
1 3 3 16.000 16.000 362.039 362.039 0.000
1 3 4 16.000 16.000 362.039 362.039 0.000
1 3 5 16.000 16.000 362.039 362.039 0.000
2 1 1 15.821 15.821 3.487 3.487 -3.670
2 1 2 13.168 13.168 1.527 1.527 1.456
2 1 3 11.755 11.755 1.240 1.240 1.107
2 1 4 9.843 9.843 1.996 1.996 -2.235
2 1 5 13.526 13.526 1.508 1.508 -0.208
2 1 6 16.000 16.000 362.039 362.039 0.000
2 1 7 14.102 14.102 1.839 1.839 0.271
2 1 8 18.686 18.686 6.491 6.491 -1.061
2 1 9 13.987 13.987 1.691 1.691 0.213
2 1 10 16.000 16.000 362.039 362.039 0.000
2 1 11 14.862 14.862 0.903 0.903 0.715
2 1 12 15.003 15.003 0.535 0.535 2.231
2 1 13 14.491 14.491 0.310 0.310 0.722
2 1 14 14.499 14.499 0.223 0.223 2.069
2 1 15 14.503 14.503 0.234 0.234 0.418
2 1 16 14.708 14.708 0.294 0.294 -0.151
2 1 17 14.605 14.605 0.273 0.273 4.504
2 1 18 15.138 15.138 0.370 0.370 -0.820
2 1 19 16.000 16.000 362.039 362.039 0.000
2 1 20 16.000 16.000 362.039 362.039 0.000
2 1 21 16.000 16.000 362.039 362.039 0.000
2 1 22 16.000 16.000 362.039 362.039 0.000
2 1 23 16.000 16.000 362.039 362.039 0.000
2 2 1 16.000 16.000 362.039 362.039 0.000
2 2 2 -126147109208036.220 -126147109208036.220 1970702272012715200000000000.000 1970702272012715200000000000.000 -0.300
2 2 3 159.152 159.152 34007.106 34007.106 0.338
2 2 4 10.400 10.400 3.949 3.949 1.468
2 2 5 15.935 15.935 7.763 7.763 -0.530
2 2 6 11.302 11.302 2.810 2.810 -1.857
2 2 7 6.744 6.744 8.548 8.548 0.300
2 2 8 10.928 10.928 6.697 6.697 -0.706
2 2 9 13.354 13.354 13.078 13.078 2.100
2 2 10 10.977 10.977 7.218 7.218 1.207
2 2 11 22.197 22.197 16.556 16.556 1.718
2 2 12 8.949 8.949 5.874 5.874 0.335
2 2 13 14.489 14.489 19.149 19.149 -0.448
2 2 14 9.441 9.441 198.531 198.531 0.087
2 2 15 6.677 6.677 23.331 23.331 -1.200
2 2 16 13.464 13.464 36.328 36.328 0.897
2 2 17 20.221 20.221 47.296 47.296 0.900
2 2 18 16.000 16.000 362.039 362.039 0.000
2 2 19 13.412 13.412 14.933 14.933 0.300
2 2 20 16.871 16.871 86.518 86.518 -0.052
2 2 21 6.679 6.679 13.827 13.827 -0.300
2 2 22 16.000 16.000 362.039 362.039 0.000
2 2 23 16.000 16.000 362.039 362.039 0.000
2 2 24 15.829 15.829 217.816 217.816 0.010
2 2 25 16.000 16.000 362.039 362.039 0.000
2 2 26 16.000 16.000 362.039 362.039 0.000
2 2 27 16.000 16.000 362.039 362.039 0.000
2 2 28 15.069 15.069 4.738 4.738 0.502
2 2 29 16.000 16.000 362.039 362.039 0.000
2 2 30 16.000 16.000 362.039 362.039 0.000
2 2 31 16.000 16.000 362.039 362.039 0.000
2 2 32 16.000 16.000 362.039 362.039 0.000
2 2 33 15.086 15.086 25.342 25.342 0.310
2 2 34 15.397 15.397 1.113 1.113 0.235
2 2 35 15.217 15.217 7.585 7.585 0.547
2 2 36 15.697 15.697 4.561 4.561 0.438
2 2 37 15.926 15.926 8.245 8.245 -0.522
2 2 38 17.827 17.827 21.225 21.225 0.788
2 2 39 15.154 15.154 6.410 6.410 0.158
2 2 40 14.757 14.757 10.214 10.214 0.411
2 2 41 7.475 7.475 44.638 44.638 1.147
2 2 42 14.886 14.886 0.652 0.652 0.361
2 2 43 13.382 13.382 13.338 13.338 -0.300
2 2 44 16.000 16.000 362.039 362.039 0.000
2 2 45 13.840 13.840 11.945 11.945 0.821
2 2 46 16.000 16.000 362.039 362.039 0.000
2 2 47 16.000 16.000 362.039 362.039 0.000
2 2 48 16.000 16.000 362.039 362.039 0.000
2 2 49 16.000 16.000 362.039 362.039 0.000
2 2 50 16.000 16.000 362.039 362.039 0.000
2 2 51 16.000 16.000 362.039 362.039 0.000
2 2 52 16.000 16.000 362.039 362.039 0.000
2 2 53 16.000 16.000 362.039 362.039 0.000
2 2 54 16.000 16.000 362.039 362.039 0.000
2 2 55 16.000 16.000 362.039 362.039 0.000
2 2 56 16.000 16.000 362.039 362.039 0.000
2 2 57 16.000 16.000 362.039 362.039 0.000
2 2 58 16.000 16.000 362.039 362.039 0.000
2 2 59 16.000 16.000 362.039 362.039 0.000
2 2 60 16.000 16.000 362.039 362.039 0.000
2 2 61 16.000 16.000 362.039 362.039 0.000
2 2 62 16.000 16.000 362.039 362.039 0.000
2 3 1 16.000 16.000 362.039 362.039 0.000
2 3 2 16.000 16.000 362.039 362.039 0.000
2 3 3 16.000 16.000 362.039 362.039 0.000
2 3 4 16.000 16.000 362.039 362.039 0.000
2 3 5 16.000 16.000 362.039 362.039 0.000
3 1 1 11.693 11.693 1.629 1.629 -0.401
3 1 2 14.371 14.371 2.433 2.433 1.436
3 1 3 12.494 12.494 1.706 1.706 0.801
3 1 4 12.990 12.990 1.292 1.292 0.781
3 1 5 13.574 13.574 0.882 0.882 1.489
3 1 6 14.376 14.376 1.394 1.394 -0.492
3 1 7 14.099 14.099 0.996 0.996 6.910
3 1 8 14.430 14.430 0.742 0.742 -0.301
3 1 9 14.278 14.278 0.797 0.797 1.200
3 1 10 14.329 14.329 0.963 0.963 0.171
3 1 11 14.022 14.022 0.641 0.641 -1.716
3 1 12 14.205 14.205 0.981 0.981 1.223
3 1 13 14.082 14.082 0.269 0.269 1.345
3 1 14 14.106 14.106 0.227 0.227 -3.327
3 1 15 14.612 14.612 0.232 0.232 7.505
3 1 16 14.893 14.893 0.171 0.171 1.412
3 1 17 15.317 15.317 0.318 0.318 -8.639
3 1 18 14.945 14.945 0.432 0.432 -1.248
3 1 19 14.904 14.904 0.474 0.474 -0.259
3 1 20 16.000 16.000 362.039 362.039 0.000
3 1 21 16.000 16.000 362.039 362.039 0.000
3 1 22 16.000 16.000 362.039 362.039 0.000
3 1 23 16.000 16.000 362.039 362.039 0.000
3 2 1 -3061330361030.161 -3061330361030.161 867567656518930600000000.000 867567656518930600000000.000 -2.100
3 2 2 12.220 12.220 3.362 3.362 5.154
3 2 3 16.008 16.008 3.985 3.985 2.325
3 2 4 12.949 12.949 2.423 2.423 -1.321
3 2 5 14.151 14.151 3.004 3.004 1.422
3 2 6 12.237 12.237 2.554 2.554 0.126
3 2 7 15.270 15.270 3.320 3.320 0.314
3 2 8 14.865 14.865 2.373 2.373 0.330
3 2 9 12.924 12.924 1.634 1.634 1.174
3 2 10 14.035 14.035 2.387 2.387 0.261
3 2 11 14.679 14.679 2.801 2.801 0.504
3 2 12 14.056 14.056 1.446 1.446 1.135
3 2 13 14.554 14.554 1.631 1.631 1.519
3 2 14 16.091 16.091 1.561 1.561 -0.363
3 2 15 15.193 15.193 1.080 1.080 0.482
3 2 16 14.502 14.502 0.761 0.761 -0.223
3 2 17 13.854 13.854 1.251 1.251 0.394
3 2 18 15.191 15.191 1.075 1.075 -1.949
3 2 19 15.719 15.719 1.925 1.925 -0.848
3 2 20 14.180 14.180 1.226 1.226 0.192
3 2 21 14.203 14.203 0.873 0.873 1.125
3 2 22 15.049 15.049 1.002 1.002 -0.220
3 2 23 16.391 16.391 1.176 1.176 -0.296
3 2 24 13.424 13.424 10.805 10.805 1.050
3 2 25 15.825 15.825 4.732 4.732 0.992
3 2 26 -5.181 -5.181 56.546 56.546 0.513
3 2 27 13.727 13.727 31.659 31.659 -0.560
3 2 28 16.000 16.000 362.039 362.039 0.000
3 2 29 16.000 16.000 362.039 362.039 0.000
3 2 30 16.000 16.000 362.039 362.039 0.000
3 2 31 16.000 16.000 362.039 362.039 0.000
3 2 32 16.000 16.000 362.039 362.039 0.000
3 2 33 13.356 13.356 22.844 22.844 0.600
3 2 34 15.579 15.579 117.220 117.220 0.223
3 2 35 14.578 14.578 1.501 1.501 1.716
3 2 36 15.168 15.168 109.791 109.791 -0.490
3 2 37 14.342 14.342 1.588 1.588 -1.280
3 2 38 17.044 17.044 1.327 1.327 1.242
3 2 39 14.469 14.469 2.320 2.320 -0.808
3 2 40 15.862 15.862 1.133 1.133 -0.276
3 2 41 15.392 15.392 0.427 0.427 1.321
3 2 42 18.258 18.258 86.732 86.732 0.840
3 2 43 16.250 16.250 12.005 12.005 -1.429
3 2 44 21.903 21.903 243.107 243.107 0.877
3 2 45 12.813 12.813 83.852 83.852 0.249
3 2 46 24.620 24.620 531.400 531.400 0.350
3 2 47 16.000 16.000 362.039 362.039 0.000
3 2 48 16.000 16.000 362.039 362.039 0.000
3 2 49 16.000 16.000 362.039 362.039 0.000
3 2 50 16.000 16.000 362.039 362.039 0.000
3 2 51 16.000 16.000 362.039 362.039 0.000
3 2 52 16.000 16.000 362.039 362.039 0.000
3 2 53 16.000 16.000 362.039 362.039 0.000
3 2 54 16.000 16.000 362.039 362.039 0.000
3 2 55 16.000 16.000 362.039 362.039 0.000
3 2 56 16.000 16.000 362.039 362.039 0.000
3 2 57 16.000 16.000 362.039 362.039 0.000
3 2 58 16.000 16.000 362.039 362.039 0.000
3 2 59 16.000 16.000 362.039 362.039 0.000
3 2 60 16.000 16.000 362.039 362.039 0.000
3 2 61 16.000 16.000 362.039 362.039 0.000
3 2 62 16.000 16.000 362.039 362.039 0.000
3 3 1 16.000 16.000 362.039 362.039 0.000
3 3 2 16.000 16.000 362.039 362.039 0.000
3 3 3 16.000 16.000 362.039 362.039 0.000
3 3 4 16.000 16.000 362.039 362.039 0.000
3 3 5 16.000 16.000 362.039 362.039 0.000
4 1 1 12.422 12.422 1.370 1.370 1.622
4 1 2 14.190 14.190 2.204 2.204 2.710
4 1 3 12.852 12.852 2.780 2.780 0.977
4 1 4 14.727 14.727 3.274 3.274 -1.679
4 1 5 13.735 13.735 3.218 3.218 -0.687
4 1 6 13.608 13.608 1.427 1.427 1.981
4 1 7 14.592 14.592 1.391 1.391 0.148
4 1 8 16.391 16.391 15.103 15.103 -1.316
4 1 9 454622044403330.800 454622044403330.800 48120349592060980000000000000.000 48120349592060980000000000000.000 -0.900
4 1 10 15.346 15.346 27.332 27.332 0.247
4 1 11 13.884 13.884 6.429 6.429 2.241
4 1 12 14.377 14.377 0.487 0.487 -1.127
4 1 13 14.701 14.701 0.377 0.377 -0.067
4 1 14 14.468 14.468 0.240 0.240 -0.795
4 1 15 14.951 14.951 0.204 0.204 3.316
4 1 16 14.697 14.697 0.260 0.260 0.368
4 1 17 14.937 14.937 0.263 0.263 -2.993
4 1 18 16.000 16.000 362.039 362.039 0.000
4 1 19 14.270 14.270 0.482 0.482 -0.876
4 1 20 16.000 16.000 362.039 362.039 0.000
4 1 21 16.000 16.000 362.039 362.039 0.000
4 1 22 16.000 16.000 362.039 362.039 0.000
4 1 23 16.000 16.000 362.039 362.039 0.000
4 2 1 14.467 14.467 4.732 4.732 -0.688
4 2 2 11.957 11.957 1.514 1.514 -1.116
4 2 3 12.947 12.947 0.984 0.984 -1.855
4 2 4 12.172 12.172 0.839 0.839 0.088
4 2 5 13.362 13.362 1.117 1.117 0.244
4 2 6 14.294 14.294 1.390 1.390 -1.508
4 2 7 14.720 14.720 1.735 1.735 -0.456
4 2 8 13.895 13.895 1.235 1.235 0.157
4 2 9 -5527796711896.585 -5527796711896.585 8961901769913717000000000.000 8961901769913717000000000.000 -0.900
4 2 10 16.000 16.000 362.039 362.039 0.000
4 2 11 16.000 16.000 362.039 362.039 0.000
4 2 12 16.000 16.000 362.039 362.039 0.000
4 2 13 16.000 16.000 362.039 362.039 0.000
4 2 14 17.812 17.812 249.120 249.120 0.038
4 2 15 158.968 158.968 19873.331 19873.331 0.338
4 2 16 -12.549 -12.549 142.125 142.125 -0.577
4 2 17 13.481 13.481 18.943 18.943 0.600
4 2 18 16.000 16.000 362.039 362.039 -1.500
4 2 19 10.059 10.059 16.754 16.754 -0.300
4 2 20 16.000 16.000 362.039 362.039 0.000
4 2 21 16.000 16.000 362.039 362.039 0.000
4 2 22 16.000 16.000 362.039 362.039 0.000
4 2 23 16.000 16.000 362.039 362.039 0.000
4 2 24 16.000 16.000 362.039 362.039 0.000
4 2 25 16.000 16.000 362.039 362.039 0.000
4 2 26 16.000 16.000 362.039 362.039 0.000
4 2 27 16.000 16.000 362.039 362.039 0.000
4 2 28 16.000 16.000 362.039 362.039 0.000
4 2 29 16.000 16.000 362.039 362.039 0.000
4 2 30 16.000 16.000 362.039 362.039 0.000
4 2 31 16.000 16.000 362.039 362.039 0.000
4 2 32 16.000 16.000 362.039 362.039 0.000
4 2 33 12.986 12.986 467.625 467.625 -0.523
4 2 34 14.513 14.513 8.292 8.292 0.429
4 2 35 16.103 16.103 9.910 9.910 0.275
4 2 36 14.523 14.523 1.584 1.584 1.180
4 2 37 14.480 14.480 1.098 1.098 0.223
4 2 38 15.363 15.363 1.016 1.016 0.785
4 2 39 21.633 21.633 395.002 395.002 -0.163
4 2 40 16.531 16.531 1.017 1.017 -2.234
4 2 41 15.199 15.199 0.636 0.636 0.188
4 2 42 15.576 15.576 0.589 0.589 0.972
4 2 43 15.325 15.325 0.348 0.348 0.909
4 2 44 14.992 14.992 1.311 1.311 0.910
4 2 45 15.184 15.184 10.041 10.041 1.947
4 2 46 16.000 16.000 362.039 362.039 0.000
4 2 47 15.498 15.498 0.712 0.712 0.219
4 2 48 16.000 16.000 362.039 362.039 0.000
4 2 49 16.000 16.000 362.039 362.039 0.000
4 2 50 16.000 16.000 362.039 362.039 0.000
4 2 51 16.000 16.000 362.039 362.039 0.000
4 2 52 16.000 16.000 362.039 362.039 0.000
4 2 53 16.000 16.000 362.039 362.039 0.000
4 2 54 16.000 16.000 362.039 362.039 0.000
4 2 55 16.000 16.000 362.039 362.039 0.000
4 2 56 16.000 16.000 362.039 362.039 0.000
4 2 57 16.000 16.000 362.039 362.039 0.000
4 2 58 16.000 16.000 362.039 362.039 0.000
4 2 59 16.000 16.000 362.039 362.039 0.000
4 2 60 16.000 16.000 362.039 362.039 0.000
4 2 61 16.000 16.000 362.039 362.039 0.000
4 2 62 16.000 16.000 362.039 362.039 0.000
4 3 1 16.000 16.000 362.039 362.039 0.000
4 3 2 16.000 16.000 362.039 362.039 0.000
4 3 3 16.000 16.000 362.039 362.039 0.000
4 3 4 16.000 16.000 362.039 362.039 0.000
4 3 5 16.000 16.000 362.039 362.039 0.000
5 1 1 52.666 52.666 1410.908 1410.908 -0.532
5 1 2 16.000 16.000 362.039 362.039 0.000
5 1 3 16.000 16.000 362.039 362.039 0.000
5 1 4 16.000 16.000 362.039 362.039 0.000
5 1 5 16.000 16.000 362.039 362.039 0.000
5 1 6 16.000 16.000 362.039 362.039 0.000
5 1 7 16.000 16.000 362.039 362.039 0.000
5 1 8 16.000 16.000 362.039 362.039 0.000
5 1 9 11.631 11.631 100.762 100.762 0.708
5 1 10 16.000 16.000 362.039 362.039 0.000
5 1 11 79.487 79.487 8085.625 8085.625 -0.401
5 1 12 14.280 14.280 0.529 0.529 -1.196
5 1 13 14.672 14.672 2.126 2.126 1.985
5 1 14 14.872 14.872 0.557 0.557 1.010
5 1 15 14.164 14.164 2.026 2.026 -3.914
5 1 16 14.669 14.669 1.455 1.455 8.700
5 1 17 16.000 16.000 362.039 362.039 0.000
5 1 18 16.000 16.000 362.039 362.039 0.000
5 1 19 16.000 16.000 362.039 362.039 0.000
5 1 20 16.000 16.000 362.039 362.039 0.000
5 1 21 16.000 16.000 362.039 362.039 0.000
5 1 22 16.000 16.000 362.039 362.039 0.000
5 1 23 16.000 16.000 362.039 362.039 0.000
5 2 1 16.000 16.000 362.039 362.039 0.000
5 2 2 16.000 16.000 362.039 362.039 0.000
5 2 3 16.000 16.000 362.039 362.039 0.000
5 2 4 16.000 16.000 362.039 362.039 0.000
5 2 5 16.000 16.000 362.039 362.039 0.000
5 2 6 16.000 16.000 362.039 362.039 0.000
5 2 7 16.644 16.644 219.504 219.504 0.088
5 2 8 16.000 16.000 362.039 362.039 0.000
5 2 9 16.000 16.000 362.039 362.039 0.000
5 2 10 16.000 16.000 362.039 362.039 0.000
5 2 11 16.000 16.000 362.039 362.039 0.000
5 2 12 16.000 16.000 362.039 362.039 0.000
5 2 13 16.000 16.000 362.039 362.039 0.000
5 2 14 16.000 16.000 362.039 362.039 0.000
5 2 15 16.000 16.000 362.039 362.039 0.000
5 2 16 16.000 16.000 362.039 362.039 0.000
5 2 17 16.000 16.000 362.039 362.039 0.000
5 2 18 16.000 16.000 362.039 362.039 0.000
5 2 19 16.000 16.000 362.039 362.039 0.000
5 2 20 16.000 16.000 362.039 362.039 0.000
5 2 21 16.000 16.000 362.039 362.039 0.000
5 2 22 16.000 16.000 362.039 362.039 0.000
5 2 23 16.000 16.000 362.039 362.039 0.000
5 2 24 16.000 16.000 362.039 362.039 0.000
5 2 25 16.000 16.000 362.039 362.039 0.000
5 2 26 16.000 16.000 362.039 362.039 0.000
5 2 27 16.000 16.000 362.039 362.039 0.000
5 2 28 16.000 16.000 362.039 362.039 0.000
5 2 29 16.000 16.000 362.039 362.039 0.000
5 2 30 16.000 16.000 362.039 362.039 0.000
5 2 31 16.000 16.000 362.039 362.039 0.000
5 2 32 16.000 16.000 362.039 362.039 0.000
5 2 33 16.000 16.000 362.039 362.039 0.000
5 2 34 16.000 16.000 362.039 362.039 0.000
5 2 35 16.000 16.000 362.039 362.039 0.000
5 2 36 16.000 16.000 362.039 362.039 0.000
5 2 37 16.000 16.000 362.039 362.039 0.000
5 2 38 16.000 16.000 362.039 362.039 0.000
5 2 39 16.000 16.000 362.039 362.039 0.000
5 2 40 16.000 16.000 362.039 362.039 0.000
5 2 41 16.000 16.000 362.039 362.039 0.000
5 2 42 16.000 16.000 362.039 362.039 0.000
5 2 43 16.000 16.000 362.039 362.039 0.000
5 2 44 16.000 16.000 362.039 362.039 0.000
5 2 45 16.000 16.000 362.039 362.039 0.000
5 2 46 16.000 16.000 362.039 362.039 0.000
5 2 47 16.000 16.000 362.039 362.039 0.000
5 2 48 16.000 16.000 362.039 362.039 0.000
5 2 49 16.000 16.000 362.039 362.039 0.000
5 2 50 16.000 16.000 362.039 362.039 0.000
5 2 51 16.000 16.000 362.039 362.039 0.000
5 2 52 16.000 16.000 362.039 362.039 0.000
5 2 53 16.000 16.000 362.039 362.039 0.000
5 2 54 16.000 16.000 362.039 362.039 0.000
5 2 55 16.000 16.000 362.039 362.039 0.000
5 2 56 16.000 16.000 362.039 362.039 0.000
5 2 57 16.000 16.000 362.039 362.039 0.000
5 2 58 16.000 16.000 362.039 362.039 0.000
5 2 59 16.000 16.000 362.039 362.039 0.000
5 2 60 16.000 16.000 362.039 362.039 0.000
5 2 61 16.000 16.000 362.039 362.039 0.000
5 2 62 16.000 16.000 362.039 362.039 0.000
5 3 1 16.000 16.000 362.039 362.039 0.000
5 3 2 16.000 16.000 362.039 362.039 0.000
5 3 3 16.000 16.000 362.039 362.039 0.000
5 3 4 16.000 16.000 362.039 362.039 0.000
5 3 5 16.000 16.000 362.039 362.039 0.000
6 1 1 14.334 14.334 2.836 2.836 3.200
6 1 2 12.127 12.127 1.900 1.900 -0.587
6 1 3 13.460 13.460 1.532 1.532 -2.724
6 1 4 13.688 13.688 1.554 1.554 1.871
6 1 5 13.908 13.908 1.631 1.631 2.312
6 1 6 13.808 13.808 1.729 1.729 -2.451
6 1 7 13.415 13.415 0.704 0.704 -0.195
6 1 8 15.525 15.525 0.992 0.992 2.440
6 1 9 14.297 14.297 0.558 0.558 1.347
6 1 10 14.095 14.095 0.654 0.654 0.317
6 1 11 14.418 14.418 0.421 0.421 -0.635
6 1 12 14.365 14.365 0.499 0.499 0.009
6 1 13 14.766 14.766 0.450 0.450 1.939
6 1 14 14.373 14.373 0.229 0.229 -5.284
6 1 15 14.461 14.461 0.193 0.193 -2.998
6 1 16 14.296 14.296 0.267 0.267 0.328
6 1 17 14.664 14.664 0.295 0.295 3.613
6 1 18 14.821 14.821 0.232 0.232 0.814
6 1 19 16.152 16.152 2.799 2.799 0.659
6 1 20 16.000 16.000 362.039 362.039 0.000
6 1 21 16.000 16.000 362.039 362.039 0.000
6 1 22 16.000 16.000 362.039 362.039 0.000
6 1 23 16.000 16.000 362.039 362.039 0.000
6 2 1 16.994 16.994 9.391 9.391 -1.595
6 2 2 14.117 14.117 4.723 4.723 0.024
6 2 3 12.209 12.209 3.064 3.064 -0.026
6 2 4 14.566 14.566 2.825 2.825 1.967
6 2 5 13.701 13.701 2.717 2.717 0.756
6 2 6 14.024 14.024 2.565 2.565 1.399
6 2 7 13.304 13.304 2.285 2.285 -0.769
6 2 8 13.146 13.146 1.494 1.494 -1.910
6 2 9 12.894 12.894 1.312 1.312 -0.831
6 2 10 14.651 14.651 1.499 1.499 0.294
6 2 11 14.937 14.937 1.332 1.332 0.593
6 2 12 15.049 15.049 1.600 1.600 0.816
6 2 13 15.553 15.553 2.045 2.045 0.059
6 2 14 14.177 14.177 0.950 0.950 0.066
6 2 15 14.667 14.667 2.205 2.205 0.114
6 2 16 13.666 13.666 0.894 0.894 -1.192
6 2 17 14.860 14.860 0.699 0.699 -1.550
6 2 18 13.919 13.919 0.774 0.774 -0.516
6 2 19 14.503 14.503 0.914 0.914 1.318
6 2 20 14.990 14.990 0.728 0.728 -0.883
6 2 21 14.186 14.186 0.850 0.850 0.671
6 2 22 14.823 14.823 0.825 0.825 -0.289
6 2 23 15.734 15.734 1.014 1.014 -0.376
6 2 24 15.300 15.300 6.345 6.345 1.118
6 2 25 15.483 15.483 1.083 1.083 0.926
6 2 26 16.820 16.820 2.590 2.590 0.341
6 2 27 15.171 15.171 3.232 3.232 0.808
6 2 28 15.961 15.961 2.452 2.452 -0.266
6 2 29 18.014 18.014 4.454 4.454 1.415
6 2 30 6.705 6.705 19.907 19.907 -1.500
6 2 31 15.623 15.623 7.981 7.981 0.557
6 2 32 13.547 13.547 5.984 5.984 -0.257
6 2 33 15.970 15.970 9.325 9.325 -1.231
6 2 34 15.925 15.925 0.911 0.911 0.144
6 2 35 14.400 14.400 3.108 3.108 -0.378
6 2 36 13.568 13.568 6.934 6.934 -0.091
6 2 37 14.504 14.504 8.141 8.141 -0.796
6 2 38 15.433 15.433 9.695 9.695 -1.987
6 2 39 15.610 15.610 5.148 5.148 -0.857
6 2 40 14.788 14.788 0.609 0.609 0.189
6 2 41 15.910 15.910 2.625 2.625 2.259
6 2 42 14.808 14.808 1.139 1.139 0.591
6 2 43 15.703 15.703 4.887 4.887 0.043
6 2 44 17.046 17.046 13.321 13.321 -0.423
6 2 45 16.629 16.629 21.106 21.106 0.637
6 2 46 16.248 16.248 16.573 16.573 -0.072
6 2 47 16.000 16.000 362.039 362.039 0.000
6 2 48 16.000 16.000 362.039 362.039 0.000
6 2 49 16.000 16.000 362.039 362.039 0.000
6 2 50 16.000 16.000 362.039 362.039 0.000
6 2 51 16.000 16.000 362.039 362.039 0.000
6 2 52 16.000 16.000 362.039 362.039 0.000
6 2 53 16.000 16.000 362.039 362.039 0.000
6 2 54 16.000 16.000 362.039 362.039 0.000
6 2 55 16.000 16.000 362.039 362.039 0.000
6 2 56 16.000 16.000 362.039 362.039 0.000
6 2 57 16.000 16.000 362.039 362.039 0.000
6 2 58 16.000 16.000 362.039 362.039 0.000
6 2 59 16.000 16.000 362.039 362.039 0.000
6 2 60 16.000 16.000 362.039 362.039 0.000
6 2 61 16.000 16.000 362.039 362.039 0.000
6 2 62 16.000 16.000 362.039 362.039 0.000
6 3 1 16.000 16.000 362.039 362.039 0.000
6 3 2 16.000 16.000 362.039 362.039 0.000
6 3 3 16.000 16.000 362.039 362.039 0.000
6 3 4 16.000 16.000 362.039 362.039 0.000
6 3 5 16.000 16.000 362.039 362.039 0.000
