1 1 1 765.586 765.586 1.803 1.803 0.332 0.002
1 1 2 845.692 845.692 2.231 2.231 0.043 0.002
1 1 3 695.542 695.542 1.985 1.985 0.150 0.003
1 1 4 835.772 835.772 2.934 2.934 0.171 0.003
1 1 5 874.675 874.675 3.612 3.612 0.031 0.003
1 1 6 660.500 660.500 78.670 78.670 -0.197 0.005
1 1 7 697.025 697.025 2.925 2.925 -0.052 0.005
1 1 8 770.620 770.620 17.510 17.510 0.053 0.006
1 1 9 671.321 671.321 4.539 4.539 0.060 0.006
1 1 10 680.045 680.045 3.059 3.059 0.058 0.007
1 1 11 799.474 799.474 3.384 3.384 -0.305 0.007
1 1 12 783.631 783.631 3.451 3.451 -0.012 0.007
1 1 13 672.163 672.163 2.538 2.538 0.144 0.009
1 1 14 799.792 799.792 2.980 2.980 -0.026 0.007
1 1 15 732.678 732.678 3.600 3.600 -0.073 0.008
1 1 16 554.680 554.680 2.271 2.271 -0.252 0.009
1 1 17 709.997 709.997 4.064 4.064 -0.081 0.009
1 1 18 756.022 756.022 4.739 4.739 -0.015 0.008
1 1 19 813.225 813.225 9.576 9.576 -0.007 0.011
1 1 20 740.280 740.280 5.917 5.917 0.003 0.009
1 1 21 821.974 821.974 6.755 6.755 -0.004 0.009
1 1 22 799.964 799.964 7.222 7.222 -0.267 0.011
1 1 23 718.628 718.628 5.712 5.712 -0.035 0.012
1 2 1 1512.094 1512.094 21.256 21.256 -0.041 0.005
1 2 2 1393.438 1393.438 6.338 6.338 -0.023 0.002
1 2 3 1407.400 1407.400 5.023 5.023 0.019 0.002
1 2 4 1351.390 1351.390 3.873 3.873 0.073 0.002
1 2 5 1277.337 1277.337 3.984 3.984 0.138 0.002
1 2 6 1191.225 1191.225 3.797 3.797 0.077 0.002
1 2 7 1421.549 1421.549 4.634 4.634 0.024 0.002
1 2 8 1354.783 1354.783 3.820 3.820 0.045 0.002
1 2 9 1268.537 1268.537 3.867 3.867 -0.033 0.002
1 2 10 1223.615 1223.615 4.372 4.372 0.000 0.003
1 2 11 1324.031 1324.031 4.538 4.538 -0.003 0.003
1 2 12 1348.880 1348.880 5.029 5.029 -0.024 0.003
1 2 13 1225.362 1225.362 4.599 4.599 -0.145 0.005
1 2 14 1369.078 1369.078 5.707 5.707 0.003 0.004
1 2 15 1305.316 1305.316 5.738 5.738 -0.012 0.004
1 2 16 1154.091 1154.091 6.953 6.953 -0.054 0.005
1 2 17 1258.703 1258.703 5.998 5.998 0.018 0.005
1 2 18 1295.456 1295.456 6.033 6.033 0.017 0.007
1 2 19 1319.883 1319.883 5.356 5.356 -0.013 0.006
1 2 20 1268.640 1268.640 6.185 6.185 0.021 0.006
1 2 21 1265.890 1265.890 6.904 6.904 0.063 0.008
1 2 22 1133.584 1133.584 6.637 6.637 -0.037 0.007
1 2 23 1210.470 1210.470 6.232 6.232 0.092 0.008
1 2 24 1203.757 1203.757 6.301 6.301 -0.033 0.007
1 2 25 1304.418 1304.418 7.202 7.202 0.050 0.007
1 2 26 1344.915 1344.915 6.719 6.719 -0.012 0.007
1 2 27 1256.591 1256.591 5.895 5.895 0.055 0.006
1 2 28 1265.927 1265.927 8.603 8.603 0.247 0.009
1 2 29 1297.186 1297.186 7.213 7.213 0.060 0.009
1 2 30 1323.471 1323.471 6.558 6.558 0.047 0.008
1 2 31 1261.859 1261.859 8.071 8.071 -0.031 0.012
1 2 32 1265.591 1265.591 4.438 4.438 -0.082 0.005
1 2 33 1313.264 1313.264 6.656 6.656 0.017 0.007
1 2 34 1247.538 1247.538 5.122 5.122 0.037 0.006
1 2 35 1261.589 1261.589 6.293 6.293 0.014 0.007
1 2 36 1320.620 1320.620 7.001 7.001 -0.078 0.007
1 2 37 1321.784 1321.784 6.248 6.248 0.007 0.007
1 2 38 1401.913 1401.913 6.356 6.356 0.046 0.005
1 2 39 1302.413 1302.413 6.267 6.267 0.014 0.008
1 2 40 1366.538 1366.538 6.622 6.622 0.048 0.008
1 2 41 1369.562 1369.562 6.218 6.218 0.003 0.007
1 2 42 1363.332 1363.332 6.663 6.663 0.073 0.010
1 2 43 1353.168 1353.168 7.226 7.226 0.014 0.010
1 2 44 1325.442 1325.442 9.497 9.497 0.003 0.010
1 2 45 1391.980 1391.980 9.011 9.011 0.128 0.008
1 2 46 1441.362 1441.362 8.917 8.917 -0.039 0.010
1 2 47 1228.822 1228.822 7.628 7.628 -0.009 0.010
1 2 48 1341.291 1341.291 10.384 10.384 0.106 0.007
1 2 49 1639.990 1639.990 12.229 12.229 0.122 0.009
1 2 50 1285.732 1285.732 11.354 11.354 0.113 0.008
1 2 51 1371.154 1371.154 13.832 13.832 0.088 0.007
1 2 52 1383.538 1383.538 9.448 9.448 0.151 0.009
1 2 53 1332.507 1332.507 11.571 11.571 -0.013 0.009
1 2 54 1352.903 1352.903 12.831 12.831 0.028 0.011
1 2 55 1310.854 1310.854 11.344 11.344 0.063 0.011
1 2 56 1387.034 1387.034 16.030 16.030 0.090 0.009
1 2 57 1307.043 1307.043 13.818 13.818 0.099 0.012
1 2 58 1381.739 1381.739 10.241 10.241 0.021 0.011
1 2 59 1274.355 1274.355 10.292 10.292 0.049 0.011
1 2 60 1414.749 1414.749 10.566 10.566 0.026 0.010
1 2 61 1307.285 1307.285 13.545 13.545 -0.052 0.012
1 2 62 1285.578 1285.578 15.495 15.495 0.117 0.012
1 3 1 611.391 611.391 3.673 3.673 0.193 0.009
1 3 2 677.151 677.151 2.449 2.449 -0.125 0.008
1 3 3 586.993 586.993 2.993 2.993 0.075 0.009
1 3 4 640.781 640.781 3.944 3.944 0.055 0.011
1 3 5 497.973 497.973 3.907 3.907 0.395 0.012
2 1 1 912.999 912.999 3.723 3.723 0.146 0.002
2 1 2 812.497 812.497 2.800 2.800 -0.021 0.002
2 1 3 739.422 739.422 2.532 2.532 0.113 0.004
2 1 4 714.433 714.433 2.403 2.403 -0.049 0.003
2 1 5 812.644 812.644 3.662 3.662 0.295 0.005
2 1 6 12.500 12.500 0.000 0.000 0.000 0.000
2 1 7 771.057 771.057 2.822 2.822 0.153 0.005
2 1 8 605.746 605.746 4.111 4.111 0.151 0.006
2 1 9 768.715 768.715 3.501 3.501 0.208 0.006
2 1 10 12.500 12.500 0.000 0.000 0.000 0.000
2 1 11 683.471 683.471 2.988 2.988 0.087 0.007
2 1 12 711.007 711.007 5.686 5.686 -0.015 0.012
2 1 13 753.687 753.687 2.754 2.754 0.112 0.008
2 1 14 789.048 789.048 2.754 2.754 0.016 0.009
2 1 15 815.442 815.442 4.255 4.255 0.049 0.010
2 1 16 704.481 704.481 3.428 3.428 -0.073 0.010
2 1 17 745.638 745.638 4.300 4.300 -0.114 0.011
2 1 18 829.015 829.015 5.680 5.680 0.011 0.008
2 1 19 414.011 414.011 133.224 133.224 1.935 0.016
2 1 20 717.676 717.676 6.997 6.997 -0.167 0.010
2 1 21 824.192 824.192 11.105 11.105 0.044 0.010
2 1 22 834.104 834.104 7.335 7.335 -0.176 0.010
2 1 23 588.703 588.703 4.779 4.779 0.218 0.012
2 2 1 1670.038 1670.038 53.331 53.331 -0.062 0.001
2 2 2 2077.118 2077.118 18.545 18.545 -0.048 0.001
2 2 3 1768.351 1768.351 14.366 14.366 0.037 0.001
2 2 4 1783.652 1783.652 12.372 12.372 0.064 0.002
2 2 5 1630.904 1630.904 9.842 9.842 0.039 0.002
2 2 6 1565.021 1565.021 6.724 6.724 -0.045 0.002
2 2 7 1426.261 1426.261 6.867 6.867 -0.026 0.002
2 2 8 1505.011 1505.011 6.235 6.235 -0.016 0.003
2 2 9 1358.155 1358.155 5.785 5.785 0.301 0.002
2 2 10 1476.040 1476.040 6.047 6.047 -0.053 0.002
2 2 11 1432.549 1432.549 6.415 6.415 0.062 0.002
2 2 12 1417.128 1417.128 5.401 5.401 -0.068 0.002
2 2 13 1383.621 1383.621 4.898 4.898 -0.015 0.003
2 2 14 1368.046 1368.046 5.828 5.828 0.133 0.004
2 2 15 1418.704 1418.704 6.610 6.610 -0.134 0.004
2 2 16 1331.539 1331.539 6.053 6.053 0.051 0.004
2 2 17 1414.069 1414.069 7.601 7.601 0.050 0.004
2 2 18 1385.920 1385.920 5.869 5.869 0.148 0.006
2 2 19 1444.529 1444.529 7.337 7.337 0.084 0.007
2 2 20 1380.405 1380.405 7.197 7.197 0.128 0.005
2 2 21 1378.102 1378.102 8.771 8.771 0.063 0.008
2 2 22 1440.441 1440.441 8.897 8.897 0.099 0.006
2 2 23 1186.726 1186.726 6.542 6.542 0.003 0.007
2 2 24 1388.349 1388.349 7.054 7.054 0.085 0.008
2 2 25 1387.971 1387.971 5.867 5.867 0.023 0.007
2 2 26 1309.317 1309.317 6.249 6.249 0.063 0.007
2 2 27 1355.349 1355.349 6.599 6.599 0.163 0.006
2 2 28 1422.697 1422.697 10.132 10.132 -0.065 0.008
2 2 29 1281.239 1281.239 6.935 6.935 0.081 0.009
2 2 30 1330.316 1330.316 8.111 8.111 0.087 0.009
2 2 31 1264.631 1264.631 6.514 6.514 0.174 0.012
2 2 32 1365.088 1365.088 5.920 5.920 0.089 0.006
2 2 33 1382.779 1382.779 5.357 5.357 0.014 0.007
2 2 34 1458.008 1458.008 6.044 6.044 0.065 0.006
2 2 35 1387.196 1387.196 6.967 6.967 0.048 0.006
2 2 36 1417.934 1417.934 6.782 6.782 -0.049 0.007
2 2 37 1426.516 1426.516 5.791 5.791 0.136 0.007
2 2 38 1452.130 1452.130 5.912 5.912 0.122 0.006
2 2 39 1367.886 1367.886 6.495 6.495 -0.037 0.009
2 2 40 1460.349 1460.349 7.434 7.434 -0.096 0.009
2 2 41 1500.608 1500.608 8.443 8.443 -0.078 0.008
2 2 42 1500.389 1500.389 7.794 7.794 0.102 0.009
2 2 43 1489.043 1489.043 9.666 9.666 0.012 0.010
2 2 44 1424.387 1424.387 8.087 8.087 -0.045 0.008
2 2 45 1552.442 1552.442 9.209 9.209 0.016 0.009
2 2 46 1460.788 1460.788 10.178 10.178 -0.008 0.009
2 2 47 1434.784 1434.784 9.052 9.052 -0.185 0.009
2 2 48 1521.283 1521.283 10.878 10.878 -0.026 0.009
2 2 49 1640.369 1640.369 17.790 17.790 0.051 0.009
2 2 50 1487.143 1487.143 11.663 11.663 0.031 0.008
2 2 51 1595.946 1595.946 11.904 11.904 0.070 0.007
2 2 52 1642.915 1642.915 16.111 16.111 -0.037 0.008
2 2 53 1497.209 1497.209 51.400 51.400 0.016 0.008
2 2 54 1565.313 1565.313 10.647 10.647 0.083 0.009
2 2 55 1642.354 1642.354 15.973 15.973 0.042 0.010
2 2 56 1442.474 1442.474 13.373 13.373 0.135 0.008
2 2 57 1479.826 1479.826 14.653 14.653 0.104 0.010
2 2 58 1439.600 1439.600 14.902 14.902 0.087 0.012
2 2 59 1483.603 1483.603 13.657 13.657 0.056 0.013
2 2 60 1516.381 1516.381 14.402 14.402 0.175 0.012
2 2 61 1576.622 1576.622 18.943 18.943 0.029 0.010
2 2 62 1537.602 1537.602 17.341 17.341 0.134 0.010
2 3 1 595.534 595.534 3.343 3.343 0.008 0.010
2 3 2 682.105 682.105 2.952 2.952 -0.172 0.007
2 3 3 598.859 598.859 3.030 3.030 -0.132 0.009
2 3 4 564.005 564.005 3.762 3.762 0.005 0.011
2 3 5 594.362 594.362 4.501 4.501 0.083 0.011
3 1 1 960.296 960.296 3.154 3.154 0.140 0.001
3 1 2 795.956 795.956 2.202 2.202 0.060 0.001
3 1 3 801.618 801.618 2.530 2.530 0.036 0.003
3 1 4 781.992 781.992 2.876 2.876 -0.013 0.003
3 1 5 924.696 924.696 3.644 3.644 -0.327 0.005
3 1 6 753.988 753.988 4.494 4.494 0.040 0.006
3 1 7 -449.187 -449.187 335.012 335.012 -0.149 0.005
3 1 8 -852.262 -852.262 154.472 154.472 -0.151 0.005
3 1 9 814.444 814.444 3.274 3.274 0.015 0.006
3 1 10 686.252 686.252 2.469 2.469 -0.091 0.007
3 1 11 761.992 761.992 5.751 5.751 -0.182 0.010
3 1 12 753.090 753.090 2.921 2.921 0.070 0.008
3 1 13 729.678 729.678 2.516 2.516 -0.085 0.009
3 1 14 810.422 810.422 3.274 3.274 0.080 0.008
3 1 15 775.664 775.664 3.503 3.503 -0.218 0.008
3 1 16 664.912 664.912 3.127 3.127 0.124 0.009
3 1 17 734.076 734.076 5.002 5.002 -0.141 0.010
3 1 18 799.358 799.358 4.184 4.184 0.097 0.008
3 1 19 698.465 698.465 5.130 5.130 0.136 0.009
3 1 20 879.509 879.509 7.228 7.228 -0.047 0.010
3 1 21 884.684 884.684 5.820 5.820 0.371 0.009
3 1 22 943.377 943.377 6.351 6.351 0.303 0.009
3 1 23 753.491 753.491 8.064 8.064 -0.027 0.011
3 2 1 1614.049 1614.049 60.533 60.533 -0.114 0.001
3 2 2 2050.623 2050.623 14.870 14.870 0.061 0.001
3 2 3 1922.718 1922.718 13.880 13.880 0.055 0.001
3 2 4 1760.669 1760.669 11.867 11.867 -0.034 0.001
3 2 5 1532.334 1532.334 6.947 6.947 -0.097 0.001
3 2 6 1392.742 1392.742 4.760 4.760 0.147 0.002
3 2 7 1488.704 1488.704 5.206 5.206 -0.022 0.002
3 2 8 1538.566 1538.566 5.587 5.587 0.008 0.002
3 2 9 1451.785 1451.785 4.843 4.843 0.003 0.002
3 2 10 1426.353 1426.353 4.156 4.156 0.013 0.002
3 2 11 1439.387 1439.387 5.079 5.079 0.002 0.002
3 2 12 1432.076 1432.076 5.876 5.876 -0.003 0.002
3 2 13 1401.510 1401.510 5.127 5.127 -0.106 0.003
3 2 14 1319.662 1319.662 7.605 7.605 -0.072 0.003
3 2 15 1404.353 1404.353 6.080 6.080 0.092 0.003
3 2 16 1309.769 1309.769 78.230 78.230 0.033 0.005
3 2 17 1413.077 1413.077 7.853 7.853 -0.041 0.004
3 2 18 1324.900 1324.900 6.854 6.854 -0.169 0.005
3 2 19 1446.832 1446.832 7.575 7.575 -0.014 0.004
3 2 20 1232.702 1232.702 4.994 4.994 -0.104 0.005
3 2 21 1448.591 1448.591 6.987 6.987 -0.119 0.007
3 2 22 1413.801 1413.801 6.659 6.659 -0.256 0.005
3 2 23 1281.836 1281.836 6.104 6.104 -0.088 0.007
3 2 24 1505.759 1505.759 6.809 6.809 -0.315 0.006
3 2 25 1371.030 1371.030 7.441 7.441 0.033 0.007
3 2 26 1385.454 1385.454 7.747 7.747 -0.223 0.007
3 2 27 1377.862 1377.862 6.563 6.563 -0.056 0.007
3 2 28 1182.695 1182.695 7.968 7.968 -0.093 0.009
3 2 29 1293.450 1293.450 6.320 6.320 -0.053 0.010
3 2 30 1328.493 1328.493 6.199 6.199 -0.076 0.009
3 2 31 1351.529 1351.529 4.509 4.509 0.037 0.009
3 2 32 1400.974 1400.974 6.115 6.115 -0.058 0.006
3 2 33 1303.761 1303.761 5.259 5.259 0.070 0.008
3 2 34 1413.180 1413.180 6.425 6.425 -0.028 0.007
3 2 35 1455.936 1455.936 7.494 7.494 0.021 0.007
3 2 36 1442.109 1442.109 5.591 5.591 -0.004 0.007
3 2 37 1425.684 1425.684 5.775 5.775 -0.047 0.007
3 2 38 1390.214 1390.214 7.003 7.003 0.009 0.006
3 2 39 1406.672 1406.672 6.651 6.651 0.040 0.007
3 2 40 1525.362 1525.362 8.417 8.417 -0.010 0.006
3 2 41 1444.616 1444.616 6.898 6.898 0.077 0.009
3 2 42 1499.452 1499.452 8.652 8.652 0.058 0.009
3 2 43 1537.500 1537.500 6.318 6.318 0.041 0.008
3 2 44 1378.422 1378.422 8.168 8.168 0.077 0.008
3 2 45 1569.461 1569.461 9.646 9.646 -0.041 0.009
3 2 46 1493.817 1493.817 10.426 10.426 0.122 0.010
3 2 47 1496.409 1496.409 10.747 10.747 0.071 0.008
3 2 48 1456.835 1456.835 9.285 9.285 0.124 0.010
3 2 49 1559.975 1559.975 12.057 12.057 -0.007 0.011
3 2 50 1501.770 1501.770 11.075 11.075 0.061 0.012
3 2 51 1538.392 1538.392 9.708 9.708 0.147 0.011
3 2 52 1430.360 1430.360 14.291 14.291 0.078 0.007
3 2 53 1498.171 1498.171 11.009 11.009 -0.013 0.011
3 2 54 1613.367 1613.367 16.927 16.927 0.212 0.009
3 2 55 1737.500 1737.500 11.008 11.008 0.179 0.010
3 2 56 1590.375 1590.375 12.176 12.176 0.006 0.007
3 2 57 1521.670 1521.670 12.916 12.916 0.112 0.011
3 2 58 1599.552 1599.552 17.707 17.707 0.104 0.012
3 2 59 1531.096 1531.096 13.036 13.036 0.103 0.011
3 2 60 1389.508 1389.508 10.980 10.980 0.059 0.011
3 2 61 1744.919 1744.919 20.270 20.270 0.353 0.011
3 2 62 1798.824 1798.824 11.027 11.027 0.271 0.010
3 3 1 415.498 415.498 16.479 16.479 0.431 0.011
3 3 2 748.262 748.262 3.015 3.015 -0.001 0.007
3 3 3 578.074 578.074 2.975 2.975 0.185 0.009
3 3 4 716.251 716.251 5.736 5.736 0.044 0.010
3 3 5 12.500 12.500 0.000 0.000 0.000 0.000
4 1 1 1100.706 1100.706 4.485 4.485 0.544 0.001
4 1 2 804.085 804.085 4.022 4.022 -0.018 0.002
4 1 3 870.465 870.465 3.626 3.626 -0.053 0.002
4 1 4 723.457 723.457 3.244 3.244 0.032 0.003
4 1 5 745.523 745.523 6.141 6.141 0.145 0.006
4 1 6 369.894 369.894 15.532 15.532 0.436 0.005
4 1 7 652.521 652.521 5.022 5.022 -0.114 0.005
4 1 8 659.225 659.225 13.616 13.616 -0.029 0.006
4 1 9 678.889 678.889 2.724 2.724 -0.095 0.006
4 1 10 687.342 687.342 2.937 2.937 -0.326 0.006
4 1 11 612.315 612.315 3.480 3.480 -0.088 0.011
4 1 12 685.604 685.604 3.041 3.041 0.093 0.006
4 1 13 739.659 739.659 3.291 3.291 -0.036 0.007
4 1 14 724.125 724.125 2.688 2.688 0.023 0.009
4 1 15 812.235 812.235 3.416 3.416 -0.135 0.009
4 1 16 935.898 935.898 5.163 5.163 -0.609 0.008
4 1 17 649.418 649.418 3.192 3.192 -0.126 0.009
4 1 18 880.288 880.288 6.276 6.276 -0.175 0.007
4 1 19 798.879 798.879 6.892 6.892 -0.323 0.009
4 1 20 822.598 822.598 8.049 8.049 -0.073 0.011
4 1 21 835.532 835.532 7.926 7.926 -0.067 0.011
4 1 22 756.033 756.033 10.553 10.553 -0.133 0.009
4 1 23 725.202 725.202 5.088 5.088 0.230 0.009
4 2 1 1712.176 1712.176 13.699 13.699 0.020 0.002
4 2 2 1590.898 1590.898 10.469 10.469 -0.000 0.001
4 2 3 1342.478 1342.478 7.251 7.251 0.011 0.001
4 2 4 1391.862 1391.862 6.801 6.801 0.174 0.002
4 2 5 1428.213 1428.213 7.113 7.113 0.070 0.002
4 2 6 1295.764 1295.764 6.922 6.922 -0.007 0.002
4 2 7 1307.279 1307.279 5.186 5.186 -0.059 0.002
4 2 8 1275.487 1275.487 5.192 5.192 0.044 0.003
4 2 9 1174.754 1174.754 8.756 8.756 0.027 0.003
4 2 10 1297.654 1297.654 5.558 5.558 -0.023 0.002
4 2 11 1262.947 1262.947 6.847 6.847 0.065 0.003
4 2 12 1190.751 1190.751 12.197 12.197 -0.099 0.002
4 2 13 1194.692 1194.692 13.078 13.078 -0.007 0.003
4 2 14 1292.315 1292.315 8.512 8.512 0.148 0.004
4 2 15 1166.615 1166.615 9.523 9.523 0.085 0.004
4 2 16 1178.909 1178.909 11.667 11.667 -0.018 0.004
4 2 17 1185.762 1185.762 9.867 9.867 -0.047 0.004
4 2 18 1313.372 1313.372 6.320 6.320 0.043 0.005
4 2 19 1258.003 1258.003 17.569 17.569 -0.050 0.004
4 2 20 1191.879 1191.879 6.945 6.945 0.088 0.006
4 2 21 1194.604 1194.604 5.932 5.932 0.016 0.008
4 2 22 1182.602 1182.602 6.657 6.657 -0.043 0.006
4 2 23 1268.185 1268.185 5.000 5.000 -0.126 0.005
4 2 24 1265.464 1265.464 6.528 6.528 0.031 0.006
4 2 25 1269.165 1269.165 6.233 6.233 -0.011 0.007
4 2 26 1331.832 1331.832 6.623 6.623 0.074 0.007
4 2 27 1237.702 1237.702 6.793 6.793 0.027 0.007
4 2 28 1331.465 1331.465 7.198 7.198 0.014 0.006
4 2 29 1297.312 1297.312 8.410 8.410 0.038 0.009
4 2 30 1249.432 1249.432 5.365 5.365 0.094 0.009
4 2 31 1312.117 1312.117 5.365 5.365 -0.019 0.010
4 2 32 1299.742 1299.742 5.396 5.396 -0.010 0.005
4 2 33 1301.684 1301.684 6.246 6.246 -0.021 0.008
4 2 34 1245.123 1245.123 4.942 4.942 -0.063 0.006
4 2 35 1276.974 1276.974 6.395 6.395 0.032 0.006
4 2 36 1314.279 1314.279 5.000 5.000 -0.043 0.006
4 2 37 1388.792 1388.792 6.119 6.119 -0.025 0.006
4 2 38 1338.326 1338.326 6.395 6.395 -0.016 0.006
4 2 39 1247.852 1247.852 5.818 5.818 -0.079 0.007
4 2 40 1342.564 1342.564 6.932 6.932 0.051 0.007
4 2 41 1328.163 1328.163 7.837 7.837 -0.037 0.007
4 2 42 1366.367 1366.367 7.272 7.272 0.021 0.007
4 2 43 1354.477 1354.477 8.633 8.633 0.041 0.009
4 2 44 1327.973 1327.973 7.869 7.869 0.007 0.008
4 2 45 1340.897 1340.897 9.741 9.741 0.099 0.008
4 2 46 1388.030 1388.030 9.558 9.558 0.080 0.009
4 2 47 1351.964 1351.964 8.927 8.927 -0.053 0.010
4 2 48 1348.396 1348.396 8.007 8.007 0.014 0.008
4 2 49 1327.655 1327.655 8.877 8.877 -0.015 0.012
4 2 50 1407.272 1407.272 15.702 15.702 -0.022 0.009
4 2 51 1518.022 1518.022 13.600 13.600 -0.092 0.008
4 2 52 1435.003 1435.003 12.817 12.817 0.004 0.009
4 2 53 1427.671 1427.671 10.595 10.595 -0.024 0.009
4 2 54 1304.149 1304.149 12.523 12.523 0.081 0.011
4 2 55 1370.437 1370.437 11.326 11.326 -0.207 0.011
4 2 56 1405.950 1405.950 12.007 12.007 -0.065 0.008
4 2 57 1346.062 1346.062 11.723 11.723 -0.014 0.013
4 2 58 1307.538 1307.538 17.232 17.232 -0.041 0.012
4 2 59 1404.092 1404.092 11.345 11.345 -0.033 0.012
4 2 60 1359.323 1359.323 13.881 13.881 -0.027 0.013
4 2 61 1262.653 1262.653 13.309 13.309 -0.109 0.012
4 2 62 1256.168 1256.168 23.831 23.831 -0.012 0.010
4 3 1 507.146 507.146 2.977 2.977 -0.025 0.010
4 3 2 695.764 695.764 2.600 2.600 -0.073 0.008
4 3 3 687.424 687.424 4.086 4.086 0.322 0.008
4 3 4 653.526 653.526 3.580 3.580 0.032 0.010
4 3 5 750.188 750.188 4.496 4.496 0.117 0.009
5 1 1 929.206 929.206 3.000 3.000 0.022 0.001
5 1 2 825.633 825.633 2.798 2.798 0.070 0.002
5 1 3 839.026 839.026 2.666 2.666 0.088 0.001
5 1 4 -1598.908 -1598.908 283.842 283.842 -0.096 0.002
5 1 5 747.817 747.817 3.285 3.285 -0.014 0.005
5 1 6 -1114.154 -1114.154 1321.085 1321.085 -0.042 0.005
5 1 7 709.822 709.822 4.502 4.502 0.053 0.006
5 1 8 591.399 591.399 5.682 5.682 -0.143 0.007
5 1 9 709.649 709.649 5.842 5.842 0.006 0.005
5 1 10 818.786 818.786 3.978 3.978 -0.100 0.006
5 1 11 775.165 775.165 2.703 2.703 -0.090 0.006
5 1 12 672.632 672.632 2.633 2.633 -0.212 0.007
5 1 13 821.344 821.344 3.346 3.346 -0.063 0.006
5 1 14 751.755 751.755 3.660 3.660 -0.104 0.008
5 1 15 730.937 730.937 3.536 3.536 -0.082 0.007
5 1 16 809.092 809.092 3.685 3.685 -0.201 0.008
5 1 17 790.106 790.106 3.935 3.935 0.198 0.008
5 1 18 872.367 872.367 5.107 5.107 -0.005 0.007
5 1 19 856.765 856.765 3.685 3.685 0.094 0.008
5 1 20 902.406 902.406 5.181 5.181 0.327 0.008
5 1 21 807.147 807.147 7.636 7.636 -0.026 0.009
5 1 22 932.022 932.022 6.886 6.886 0.019 0.009
5 1 23 724.793 724.793 6.730 6.730 0.281 0.012
5 2 1 2031.314 2031.314 34.573 34.573 0.048 0.001
5 2 2 1943.473 1943.473 12.235 12.235 -0.002 0.001
5 2 3 1780.517 1780.517 17.640 17.640 -0.035 0.001
5 2 4 1673.064 1673.064 11.840 11.840 -0.083 0.001
5 2 5 1530.111 1530.111 6.469 6.469 0.002 0.002
5 2 6 1562.564 1562.564 6.267 6.267 0.047 0.002
5 2 7 1615.108 1615.108 6.894 6.894 -0.003 0.002
5 2 8 1434.567 1434.567 4.714 4.714 0.037 0.002
5 2 9 1464.252 1464.252 5.329 5.329 0.073 0.002
5 2 10 1470.198 1470.198 5.743 5.743 0.051 0.002
5 2 11 1526.764 1526.764 5.887 5.887 -0.007 0.002
5 2 12 1471.176 1471.176 5.470 5.470 0.037 0.002
5 2 13 1503.363 1503.363 5.735 5.735 0.027 0.003
5 2 14 1272.749 1272.749 5.089 5.089 0.057 0.003
5 2 15 1457.288 1457.288 6.076 6.076 0.046 0.004
5 2 16 1598.094 1598.094 6.866 6.866 -0.203 0.004
5 2 17 1466.998 1466.998 6.386 6.386 -0.001 0.004
5 2 18 1454.393 1454.393 7.623 7.623 0.089 0.005
5 2 19 1370.640 1370.640 6.662 6.662 -0.062 0.005
5 2 20 1390.561 1390.561 12.499 12.499 0.096 0.005
5 2 21 1366.900 1366.900 55.801 55.801 0.148 0.007
5 2 22 1352.292 1352.292 9.201 9.201 0.051 0.006
5 2 23 1464.010 1464.010 7.040 7.040 -0.066 0.005
5 2 24 1400.735 1400.735 7.180 7.180 0.013 0.007
5 2 25 1326.054 1326.054 7.063 7.063 -0.008 0.007
5 2 26 1317.683 1317.683 7.954 7.954 -0.040 0.007
5 2 27 1483.908 1483.908 6.488 6.488 -0.022 0.006
5 2 28 1235.996 1235.996 6.595 6.595 -0.020 0.009
5 2 29 1464.757 1464.757 6.845 6.845 0.021 0.009
5 2 30 1487.309 1487.309 6.630 6.630 -0.132 0.006
5 2 31 1294.700 1294.700 6.576 6.576 0.051 0.011
5 2 32 1415.479 1415.479 5.257 5.257 -0.042 0.005
5 2 33 1398.567 1398.567 5.503 5.503 -0.021 0.007
5 2 34 1496.223 1496.223 6.166 6.166 -0.086 0.006
5 2 35 1395.737 1395.737 6.695 6.695 0.029 0.006
5 2 36 1503.644 1503.644 6.470 6.470 0.028 0.006
5 2 37 1449.496 1449.496 6.737 6.737 0.058 0.006
5 2 38 1502.138 1502.138 8.241 8.241 -0.050 0.005
5 2 39 1431.479 1431.479 8.597 8.597 0.064 0.009
5 2 40 1443.713 1443.713 6.944 6.944 -0.035 0.007
5 2 41 1429.028 1429.028 7.203 7.203 -0.097 0.008
5 2 42 1467.312 1467.312 7.680 7.680 -0.010 0.008
5 2 43 1448.650 1448.650 8.301 8.301 -0.186 0.008
5 2 44 1437.087 1437.087 9.221 9.221 0.024 0.007
5 2 45 1497.468 1497.468 10.288 10.288 -0.100 0.008
5 2 46 1408.041 1408.041 10.533 10.533 0.009 0.009
5 2 47 1361.423 1361.423 7.442 7.442 0.095 0.010
5 2 48 1504.307 1504.307 12.443 12.443 0.066 0.008
5 2 49 1545.692 1545.692 10.644 10.644 0.043 0.010
5 2 50 1667.192 1667.192 12.507 12.507 0.224 0.007
5 2 51 1594.116 1594.116 11.704 11.704 -0.104 0.007
5 2 52 1441.597 1441.597 9.004 9.004 0.037 0.008
5 2 53 1501.359 1501.359 12.845 12.845 -0.042 0.009
5 2 54 1468.975 1468.975 10.640 10.640 -0.098 0.010
5 2 55 1484.241 1484.241 14.571 14.571 0.048 0.010
5 2 56 1656.722 1656.722 34.106 34.106 -0.139 0.012
5 2 57 1535.393 1535.393 15.858 15.858 0.082 0.013
5 2 58 1510.351 1510.351 15.237 15.237 0.034 0.011
5 2 59 1481.008 1481.008 18.085 18.085 -0.020 0.013
5 2 60 1402.298 1402.298 14.291 14.291 0.120 0.011
5 2 61 1439.138 1439.138 9.881 9.881 -0.196 0.012
5 2 62 1446.222 1446.222 10.682 10.682 0.105 0.011
5 3 1 631.532 631.532 3.728 3.728 0.141 0.009
5 3 2 549.481 549.481 2.254 2.254 -0.047 0.008
5 3 3 698.743 698.743 3.618 3.618 0.010 0.008
5 3 4 463.986 463.986 2.893 2.893 0.415 0.011
5 3 5 683.474 683.474 6.127 6.127 0.098 0.011
6 1 1 967.694 967.694 3.034 3.034 -0.308 0.001
6 1 2 872.662 872.662 2.653 2.653 -0.041 0.001
6 1 3 867.034 867.034 2.475 2.475 -0.045 0.002
6 1 4 839.263 839.263 2.562 2.562 0.134 0.003
6 1 5 749.833 749.833 2.902 2.902 0.325 0.004
6 1 6 916.552 916.552 4.106 4.106 0.070 0.005
6 1 7 784.936 784.936 2.747 2.747 -0.017 0.005
6 1 8 348.957 348.957 135.344 135.344 -0.103 0.004
6 1 9 -307.888 -307.888 359.974 359.974 -0.132 0.006
6 1 10 823.907 823.907 3.184 3.184 0.198 0.006
6 1 11 732.411 732.411 3.277 3.277 -0.089 0.007
6 1 12 659.904 659.904 2.473 2.473 0.070 0.007
6 1 13 723.123 723.123 2.595 2.595 0.035 0.008
6 1 14 758.274 758.274 2.651 2.651 0.036 0.007
6 1 15 650.152 650.152 2.683 2.683 -0.161 0.008
6 1 16 644.980 644.980 2.720 2.720 0.168 0.008
6 1 17 665.587 665.587 3.207 3.207 0.204 0.009
6 1 18 704.089 704.089 3.774 3.774 0.287 0.008
6 1 19 915.276 915.276 6.050 6.050 0.229 0.008
6 1 20 770.275 770.275 6.751 6.751 0.416 0.009
6 1 21 12.500 12.500 0.000 0.000 0.000 0.000
6 1 22 900.332 900.332 6.894 6.894 0.205 0.010
6 1 23 726.799 726.799 6.365 6.365 0.150 0.012
6 2 1 -647.784 -647.784 1.414 1.414 -0.078 0.001
6 2 2 1767.899 1767.899 31.347 31.347 -0.055 0.001
6 2 3 1922.036 1922.036 13.130 13.130 -0.143 0.001
6 2 4 1643.052 1643.052 9.132 9.132 0.079 0.001
6 2 5 1546.703 1546.703 7.433 7.433 0.018 0.001
6 2 6 1521.143 1521.143 4.845 4.845 0.076 0.001
6 2 7 1501.292 1501.292 6.213 6.213 -0.024 0.001
6 2 8 1525.401 1525.401 6.008 6.008 -0.007 0.002
6 2 9 1456.286 1456.286 5.165 5.165 -0.071 0.002
6 2 10 1477.863 1477.863 5.562 5.562 0.025 0.002
6 2 11 1480.720 1480.720 5.941 5.941 -0.021 0.002
6 2 12 1640.109 1640.109 5.125 5.125 -0.070 0.002
6 2 13 1418.695 1418.695 7.164 7.164 0.038 0.003
6 2 14 1377.245 1377.245 4.952 4.952 -0.135 0.004
6 2 15 1441.712 1441.712 5.715 5.715 0.064 0.003
6 2 16 1378.337 1378.337 5.584 5.584 -0.066 0.004
6 2 17 1506.827 1506.827 6.987 6.987 -0.065 0.004
6 2 18 1257.294 1257.294 7.618 7.618 -0.057 0.006
6 2 19 1353.481 1353.481 6.636 6.636 -0.096 0.005
6 2 20 1314.340 1314.340 7.703 7.703 -0.049 0.006
6 2 21 1342.028 1342.028 5.903 5.903 0.095 0.007
6 2 22 1381.512 1381.512 6.993 6.993 -0.079 0.006
6 2 23 1347.290 1347.290 6.388 6.388 0.046 0.006
6 2 24 1271.488 1271.488 6.133 6.133 0.080 0.008
6 2 25 1443.742 1443.742 6.716 6.716 0.011 0.007
6 2 26 1398.931 1398.931 5.727 5.727 -0.007 0.007
6 2 27 1280.182 1280.182 6.285 6.285 0.049 0.007
6 2 28 1246.470 1246.470 5.540 5.540 -0.206 0.010
6 2 29 1353.657 1353.657 6.637 6.637 0.197 0.010
6 2 30 1408.680 1408.680 8.227 8.227 -0.147 0.008
6 2 31 1254.774 1254.774 5.633 5.633 -0.117 0.013
6 2 32 1328.284 1328.284 5.630 5.630 -0.027 0.005
6 2 33 1351.912 1351.912 5.572 5.572 0.011 0.008
6 2 34 1437.981 1437.981 5.721 5.721 -0.049 0.006
6 2 35 1371.840 1371.840 6.530 6.530 -0.013 0.008
6 2 36 1401.996 1401.996 6.943 6.943 -0.021 0.007
6 2 37 1407.291 1407.291 5.859 5.859 0.019 0.008
6 2 38 1513.429 1513.429 8.522 8.522 0.100 0.006
6 2 39 1373.674 1373.674 6.090 6.090 0.027 0.006
6 2 40 1461.727 1461.727 7.862 7.862 -0.003 0.007
6 2 41 1443.466 1443.466 10.187 10.187 0.069 0.009
6 2 42 1430.083 1430.083 8.097 8.097 -0.075 0.009
6 2 43 1564.532 1564.532 11.138 11.138 0.146 0.010
6 2 44 1598.107 1598.107 11.369 11.369 -0.193 0.009
6 2 45 1498.874 1498.874 12.961 12.961 0.096 0.012
6 2 46 1389.263 1389.263 8.398 8.398 -0.139 0.011
6 2 47 1459.541 1459.541 11.963 11.963 0.024 0.011
6 2 48 1499.511 1499.511 10.606 10.606 0.038 0.007
6 2 49 1333.347 1333.347 11.029 11.029 -0.034 0.009
6 2 50 1462.239 1462.239 11.788 11.788 0.177 0.009
6 2 51 1547.558 1547.558 12.030 12.030 0.028 0.007
6 2 52 1607.832 1607.832 15.691 15.691 0.056 0.008
6 2 53 1599.103 1599.103 12.452 12.452 0.020 0.007
6 2 54 1665.799 1665.799 15.093 15.093 0.098 0.010
6 2 55 1616.633 1616.633 12.688 12.688 0.192 0.008
6 2 56 1507.621 1507.621 13.605 13.605 0.012 0.011
6 2 57 1601.348 1601.348 13.894 13.894 0.137 0.013
6 2 58 1481.859 1481.859 12.932 12.932 0.145 0.011
6 2 59 1564.111 1564.111 79.083 79.083 0.218 0.011
6 2 60 1493.847 1493.847 19.033 19.033 0.066 0.011
6 2 61 1561.404 1561.404 16.120 16.120 0.130 0.011
6 2 62 1408.986 1408.986 11.651 11.651 0.138 0.010
6 3 1 681.359 681.359 5.010 5.010 -0.042 0.009
6 3 2 549.436 549.436 2.216 2.216 0.000 0.008
6 3 3 643.997 643.997 6.818 6.818 -0.694 0.013
6 3 4 603.372 603.372 4.921 4.921 -0.202 0.010
6 3 5 578.918 578.918 6.127 6.127 0.065 0.009
