1 1 1 58.6549 0.0034 0.7950 62.7113 0.0034 0.7950
1 1 2 60.9280 0.0034 0.7950 45.7065 0.0034 0.7950
1 1 3 66.0060 0.0034 0.7950 53.0062 0.0034 0.7950
1 1 4 81.1233 0.0034 0.7950 69.4755 0.0034 0.7950
1 1 5 84.7466 0.0034 0.7950 56.0991 0.0034 0.7950
1 1 6 68.9228 0.0034 0.7950 51.9776 0.0034 0.7950
1 1 7 58.0042 0.0034 0.7950 79.3609 0.0034 0.7950
1 1 8 59.7750 0.0034 0.7950 67.1307 0.0034 0.7950
1 1 9 55.0209 0.0034 0.7950 108.3607 0.0034 0.7950
1 1 10 48.6325 0.0034 0.7950 76.0431 0.0034 0.7950
1 1 11 82.1478 0.0034 0.7950 74.8326 0.0034 0.7950
1 1 12 74.5742 0.0034 0.7950 33.5989 0.0034 0.7950
1 1 13 57.1042 0.0034 0.7950 65.5329 0.0034 0.7950
1 1 14 19.5309 0.0034 0.7950 64.3062 0.0034 0.7950
1 1 15 67.2255 0.0034 0.7950 80.1100 0.0034 0.7950
1 1 16 28.7307 0.0034 0.7950 59.7866 0.0034 0.7950
1 1 17 46.9977 0.0034 0.7950 48.6013 0.0034 0.7950
1 1 18 36.4880 0.0034 0.7950 52.9645 0.0034 0.7950
1 1 19 0.0000 0.0034 0.7950 46.0253 0.0034 0.7950
1 1 20 59.5521 0.0034 0.7950 50.3409 0.0034 0.7950
1 1 21 30.1448 0.0034 0.7950 100.2409 0.0034 0.7950
1 1 22 0.0000 0.0034 0.7950 0.0001 0.0034 0.7950
1 1 23 23.5119 0.0034 0.7950 47.0019 0.0034 0.7950
1 2 1 40.0000 0.0034 0.7950 40.0000 0.0034 0.7950
1 2 2 40.0000 0.0034 0.7950 40.0000 0.0034 0.7950
1 2 3 199.9776 0.0034 0.7950 19.6451 0.0034 0.7950
1 2 4 48.9815 0.0034 0.7950 46.9938 0.0034 0.7950
1 2 5 49.3051 0.0034 0.7950 48.0531 0.0034 0.7950
1 2 6 53.8426 0.0034 0.7950 50.0142 0.0034 0.7950
1 2 7 46.9526 0.0034 0.7950 46.4019 0.0034 0.7950
1 2 8 50.5232 0.0034 0.7950 46.4609 0.0034 0.7950
1 2 9 43.2076 0.0034 0.7950 59.3625 0.0034 0.7950
1 2 10 43.2226 0.0034 0.7950 47.9495 0.0034 0.7950
1 2 11 47.5084 0.0034 0.7950 46.6809 0.0034 0.7950
1 2 12 46.0297 0.0034 0.7950 40.5484 0.0034 0.7950
1 2 13 62.5139 0.0034 0.7950 52.1761 0.0034 0.7950
1 2 14 45.5097 0.0034 0.7950 47.4492 0.0034 0.7950
1 2 15 52.8590 0.0034 0.7950 44.6563 0.0034 0.7950
1 2 16 42.9807 0.0034 0.7950 52.5693 0.0034 0.7950
1 2 17 42.5482 0.0034 0.7950 40.2312 0.0034 0.7950
1 2 18 0.9863 0.0034 0.7950 60.4463 0.0034 0.7950
1 2 19 0.4172 0.0034 0.7950 56.3251 0.0034 0.7950
1 2 20 136.9562 0.0034 0.7950 36.0546 0.0034 0.7950
1 2 21 27.8174 0.0034 0.7950 43.8468 0.0034 0.7950
1 2 22 92.9621 0.0034 0.7950 69.3945 0.0034 0.7950
1 2 23 83.3812 0.0034 0.7950 61.4332 0.0034 0.7950
1 2 24 0.0000 0.0034 0.7950 36.7663 0.0034 0.7950
1 2 25 0.3388 0.0034 0.7950 78.7684 0.0034 0.7950
1 2 26 43.0181 0.0034 0.7950 28.7594 0.0034 0.7950
1 2 27 67.8750 0.0034 0.7950 88.4728 0.0034 0.7950
1 2 28 58.8019 0.0034 0.7950 51.0422 0.0034 0.7950
1 2 29 45.1685 0.0034 0.7950 77.2001 0.0034 0.7950
1 2 30 72.1099 0.0034 0.7950 70.6080 0.0034 0.7950
1 2 31 62.1962 0.0034 0.7950 51.9429 0.0034 0.7950
1 2 32 41.3424 0.0034 0.7950 44.7037 0.0034 0.7950
1 2 33 66.2082 0.0034 0.7950 38.7583 0.0034 0.7950
1 2 34 106.8948 0.0034 0.7950 42.0058 0.0034 0.7950
1 2 35 47.2797 0.0034 0.7950 85.8892 0.0034 0.7950
1 2 36 53.3384 0.0034 0.7950 88.0511 0.0034 0.7950
1 2 37 53.5283 0.0034 0.7950 61.4432 0.0034 0.7950
1 2 38 37.3632 0.0034 0.7950 58.7093 0.0034 0.7950
1 2 39 59.0762 0.0034 0.7950 47.6277 0.0034 0.7950
1 2 40 72.3068 0.0034 0.7950 32.4883 0.0034 0.7950
1 2 41 46.8521 0.0034 0.7950 48.7425 0.0034 0.7950
1 2 42 38.0914 0.0034 0.7950 30.3463 0.0034 0.7950
1 2 43 70.6252 0.0034 0.7950 56.4055 0.0034 0.7950
1 2 44 65.3265 0.0034 0.7950 48.7623 0.0034 0.7950
1 2 45 49.4276 0.0034 0.7950 60.4116 0.0034 0.7950
1 2 46 31.9206 0.0034 0.7950 59.2449 0.0034 0.7950
1 2 47 116.1562 0.0034 0.7950 40.7854 0.0034 0.7950
1 2 48 66.7695 0.0034 0.7950 79.3844 0.0034 0.7950
1 2 49 37.6513 0.0034 0.7950 2.1099 0.0034 0.7950
1 2 50 45.2916 0.0034 0.7950 175.4924 0.0034 0.7950
1 2 51 16.4754 0.0034 0.7950 66.7463 0.0034 0.7950
1 2 52 116.1164 0.0034 0.7950 49.4475 0.0034 0.7950
1 2 53 0.0000 0.0034 0.7950 191.8279 0.0034 0.7950
1 2 54 0.0002 0.0034 0.7950 38.5923 0.0034 0.7950
1 2 55 40.0000 0.0034 0.7950 41.3193 0.0034 0.7950
1 2 56 40.0000 0.0034 0.7950 199.9999 0.0034 0.7950
1 2 57 40.0000 0.0034 0.7950 34.7056 0.0034 0.7950
1 2 58 40.0000 0.0034 0.7950 40.0000 0.0034 0.7950
1 2 59 40.0000 0.0034 0.7950 40.0000 0.0034 0.7950
1 2 60 40.0000 0.0034 0.7950 40.0000 0.0034 0.7950
1 2 61 40.0000 0.0034 0.7950 40.0000 0.0034 0.7950
1 2 62 40.0000 0.0034 0.7950 40.0000 0.0034 0.7950
1 3 1 40.0000 0.0034 0.7950 0.0000 0.0034 0.7950
1 3 2 40.0000 0.0034 0.7950 40.0000 0.0034 0.7950
1 3 3 40.0000 0.0034 0.7950 40.0000 0.0034 0.7950
1 3 4 40.0000 0.0034 0.7950 40.0000 0.0034 0.7950
1 3 5 40.0000 0.0034 0.7950 40.0000 0.0034 0.7950
2 1 1 40.0000 0.0034 0.7950 40.0000 0.0034 0.7950
2 1 2 53.2368 0.0034 0.7950 167.3499 0.0034 0.7950
2 1 3 0.0019 0.0034 0.7950 40.0000 0.0034 0.7950
2 1 4 38.2183 0.0034 0.7950 14.7263 0.0034 0.7950
2 1 5 63.8354 0.0034 0.7950 39.5895 0.0034 0.7950
2 1 6 40.0000 0.0034 0.7950 40.0000 0.0034 0.7950
2 1 7 52.4278 0.0034 0.7950 40.0000 0.0034 0.7950
2 1 8 54.9662 0.0034 0.7950 131.1991 0.0034 0.7950
2 1 9 68.2331 0.0034 0.7950 79.0698 0.0034 0.7950
2 1 10 40.0000 0.0034 0.7950 40.0000 0.0034 0.7950
2 1 11 74.2335 0.0034 0.7950 52.0723 0.0034 0.7950
2 1 12 54.4648 0.0034 0.7950 40.6643 0.0034 0.7950
2 1 13 66.8470 0.0034 0.7950 19.8685 0.0034 0.7950
2 1 14 64.5983 0.0034 0.7950 65.6877 0.0034 0.7950
2 1 15 31.0755 0.0034 0.7950 38.0043 0.0034 0.7950
2 1 16 50.0297 0.0034 0.7950 30.9965 0.0034 0.7950
2 1 17 21.4183 0.0034 0.7950 48.3646 0.0034 0.7950
2 1 18 55.2813 0.0034 0.7950 89.2988 0.0034 0.7950
2 1 19 38.3386 0.0034 0.7950 0.0010 0.0034 0.7950
2 1 20 88.1132 0.0034 0.7950 73.1722 0.0034 0.7950
2 1 21 3.9934 0.0034 0.7950 0.0000 0.0034 0.7950
2 1 22 31.9461 0.0034 0.7950 43.3415 0.0034 0.7950
2 1 23 40.0000 0.0034 0.7950 32.9951 0.0034 0.7950
2 2 1 40.0000 0.0034 0.7950 40.0000 0.0034 0.7950
2 2 2 40.0000 0.0034 0.7950 40.0000 0.0034 0.7950
2 2 3 40.0000 0.0034 0.7950 40.0000 0.0034 0.7950
2 2 4 40.0000 0.0034 0.7950 40.0000 0.0034 0.7950
2 2 5 40.0000 0.0034 0.7950 40.0000 0.0034 0.7950
2 2 6 40.0000 0.0034 0.7950 40.0000 0.0034 0.7950
2 2 7 40.0000 0.0034 0.7950 40.0000 0.0034 0.7950
2 2 8 142.3967 0.0034 0.7950 37.3420 0.0034 0.7950
2 2 9 102.0748 0.0034 0.7950 40.0000 0.0034 0.7950
2 2 10 0.0001 0.0034 0.7950 41.7482 0.0034 0.7950
2 2 11 47.1037 0.0034 0.7950 39.4654 0.0034 0.7950
2 2 12 43.7990 0.0034 0.7950 41.6428 0.0034 0.7950
2 2 13 40.0000 0.0034 0.7950 199.9999 0.0034 0.7950
2 2 14 95.8439 0.0034 0.7950 40.5516 0.0034 0.7950
2 2 15 34.0864 0.0034 0.7950 40.0000 0.0034 0.7950
2 2 16 35.5664 0.0034 0.7950 40.0000 0.0034 0.7950
2 2 17 0.0007 0.0034 0.7950 39.4115 0.0034 0.7950
2 2 18 42.4463 0.0034 0.7950 40.0000 0.0034 0.7950
2 2 19 101.0803 0.0034 0.7950 35.3337 0.0034 0.7950
2 2 20 40.0000 0.0034 0.7950 41.2837 0.0034 0.7950
2 2 21 39.5265 0.0034 0.7950 40.0000 0.0034 0.7950
2 2 22 39.5136 0.0034 0.7950 0.0038 0.0034 0.7950
2 2 23 90.6748 0.0034 0.7950 47.5390 0.0034 0.7950
2 2 24 36.4626 0.0034 0.7950 52.6018 0.0034 0.7950
2 2 25 0.9594 0.0034 0.7950 40.0000 0.0034 0.7950
2 2 26 104.7913 0.0034 0.7950 77.9632 0.0034 0.7950
2 2 27 35.5516 0.0034 0.7950 103.2256 0.0034 0.7950
2 2 28 44.1584 0.0034 0.7950 48.2112 0.0034 0.7950
2 2 29 47.6255 0.0034 0.7950 51.2704 0.0034 0.7950
2 2 30 74.1442 0.0034 0.7950 55.4422 0.0034 0.7950
2 2 31 43.3921 0.0034 0.7950 23.0839 0.0034 0.7950
2 2 32 34.2645 0.0034 0.7950 43.9547 0.0034 0.7950
2 2 33 54.8164 0.0034 0.7950 79.3543 0.0034 0.7950
2 2 34 28.8497 0.0034 0.7950 45.6688 0.0034 0.7950
2 2 35 86.9844 0.0034 0.7950 70.9999 0.0034 0.7950
2 2 36 55.6631 0.0034 0.7950 76.4708 0.0034 0.7950
2 2 37 57.5832 0.0034 0.7950 38.3071 0.0034 0.7950
2 2 38 33.0412 0.0034 0.7950 50.8389 0.0034 0.7950
2 2 39 60.9465 0.0034 0.7950 60.9602 0.0034 0.7950
2 2 40 82.1538 0.0034 0.7950 31.9119 0.0034 0.7950
2 2 41 51.3927 0.0034 0.7950 45.1113 0.0034 0.7950
2 2 42 63.3378 0.0034 0.7950 73.2024 0.0034 0.7950
2 2 43 40.3111 0.0034 0.7950 30.6032 0.0034 0.7950
2 2 44 52.1661 0.0034 0.7950 48.3885 0.0034 0.7950
2 2 45 40.1229 0.0034 0.7950 41.6951 0.0034 0.7950
2 2 46 51.3721 0.0034 0.7950 34.5761 0.0034 0.7950
2 2 47 73.2731 0.0034 0.7950 108.1239 0.0034 0.7950
2 2 48 17.2492 0.0034 0.7950 7.2888 0.0034 0.7950
2 2 49 53.8563 0.0034 0.7950 25.3787 0.0034 0.7950
2 2 50 60.4689 0.0034 0.7950 0.0007 0.0034 0.7950
2 2 51 23.4371 0.0034 0.7950 35.7516 0.0034 0.7950
2 2 52 118.5525 0.0034 0.7950 172.6737 0.0034 0.7950
2 2 53 39.4429 0.0034 0.7950 38.5545 0.0034 0.7950
2 2 54 54.0279 0.0034 0.7950 23.9767 0.0034 0.7950
2 2 55 40.0000 0.0034 0.7950 40.0000 0.0034 0.7950
2 2 56 40.0000 0.0034 0.7950 40.0000 0.0034 0.7950
2 2 57 40.0000 0.0034 0.7950 40.0000 0.0034 0.7950
2 2 58 40.0000 0.0034 0.7950 40.0000 0.0034 0.7950
2 2 59 40.0000 0.0034 0.7950 40.0000 0.0034 0.7950
2 2 60 40.0000 0.0034 0.7950 40.0000 0.0034 0.7950
2 2 61 40.0000 0.0034 0.7950 40.0000 0.0034 0.7950
2 2 62 40.0000 0.0034 0.7950 40.0000 0.0034 0.7950
2 3 1 40.0000 0.0034 0.7950 40.0000 0.0034 0.7950
2 3 2 40.0000 0.0034 0.7950 40.0000 0.0034 0.7950
2 3 3 40.0000 0.0034 0.7950 40.0000 0.0034 0.7950
2 3 4 40.0000 0.0034 0.7950 40.0000 0.0034 0.7950
2 3 5 40.0000 0.0034 0.7950 40.0000 0.0034 0.7950
3 1 1 129.2873 0.0034 0.7950 64.9402 0.0034 0.7950
3 1 2 73.0767 0.0034 0.7950 53.9486 0.0034 0.7950
3 1 3 66.7593 0.0034 0.7950 49.7985 0.0034 0.7950
3 1 4 68.8996 0.0034 0.7950 49.1793 0.0034 0.7950
3 1 5 83.4421 0.0034 0.7950 50.6192 0.0034 0.7950
3 1 6 41.1735 0.0034 0.7950 44.8293 0.0034 0.7950
3 1 7 75.2743 0.0034 0.7950 64.2389 0.0034 0.7950
3 1 8 79.5486 0.0034 0.7950 71.4622 0.0034 0.7950
3 1 9 35.1935 0.0034 0.7950 75.3687 0.0034 0.7950
3 1 10 65.5327 0.0034 0.7950 41.6417 0.0034 0.7950
3 1 11 35.0342 0.0034 0.7950 33.5715 0.0034 0.7950
3 1 12 67.4597 0.0034 0.7950 56.6971 0.0034 0.7950
3 1 13 66.7182 0.0034 0.7950 84.8665 0.0034 0.7950
3 1 14 47.7685 0.0034 0.7950 41.6906 0.0034 0.7950
3 1 15 32.7124 0.0034 0.7950 45.7388 0.0034 0.7950
3 1 16 56.2083 0.0034 0.7950 43.8790 0.0034 0.7950
3 1 17 49.8286 0.0034 0.7950 56.3660 0.0034 0.7950
3 1 18 43.0286 0.0034 0.7950 61.5277 0.0034 0.7950
3 1 19 66.8414 0.0034 0.7950 62.3504 0.0034 0.7950
3 1 20 42.1522 0.0034 0.7950 0.0000 0.0034 0.7950
3 1 21 71.1451 0.0034 0.7950 40.0000 0.0034 0.7950
3 1 22 41.3625 0.0034 0.7950 40.0000 0.0034 0.7950
3 1 23 32.8634 0.0034 0.7950 40.0000 0.0034 0.7950
3 2 1 40.0000 0.0034 0.7950 40.0000 0.0034 0.7950
3 2 2 40.0000 0.0034 0.7950 40.0000 0.0034 0.7950
3 2 3 95.0867 0.0034 0.7950 49.7989 0.0034 0.7950
3 2 4 40.0000 0.0034 0.7950 46.5124 0.0034 0.7950
3 2 5 49.2290 0.0034 0.7950 128.5257 0.0034 0.7950
3 2 6 90.2578 0.0034 0.7950 45.9952 0.0034 0.7950
3 2 7 42.6851 0.0034 0.7950 43.0259 0.0034 0.7950
3 2 8 48.3836 0.0034 0.7950 42.9288 0.0034 0.7950
3 2 9 60.3126 0.0034 0.7950 36.6933 0.0034 0.7950
3 2 10 23.3285 0.0034 0.7950 42.0328 0.0034 0.7950
3 2 11 53.9877 0.0034 0.7950 49.6572 0.0034 0.7950
3 2 12 43.6715 0.0034 0.7950 52.2223 0.0034 0.7950
3 2 13 52.2277 0.0034 0.7950 47.3191 0.0034 0.7950
3 2 14 45.0918 0.0034 0.7950 54.2343 0.0034 0.7950
3 2 15 46.9953 0.0034 0.7950 34.5365 0.0034 0.7950
3 2 16 49.5802 0.0034 0.7950 38.8802 0.0034 0.7950
3 2 17 48.5714 0.0034 0.7950 44.6878 0.0034 0.7950
3 2 18 50.2937 0.0034 0.7950 45.8640 0.0034 0.7950
3 2 19 35.6926 0.0034 0.7950 44.0281 0.0034 0.7950
3 2 20 42.8946 0.0034 0.7950 33.0468 0.0034 0.7950
3 2 21 104.4903 0.0034 0.7950 62.9371 0.0034 0.7950
3 2 22 47.6842 0.0034 0.7950 50.8868 0.0034 0.7950
3 2 23 59.7726 0.0034 0.7950 41.5584 0.0034 0.7950
3 2 24 36.2416 0.0034 0.7950 53.1709 0.0034 0.7950
3 2 25 96.7067 0.0034 0.7950 13.1870 0.0034 0.7950
3 2 26 103.5159 0.0034 0.7950 74.5188 0.0034 0.7950
3 2 27 56.3514 0.0034 0.7950 20.7078 0.0034 0.7950
3 2 28 46.5636 0.0034 0.7950 47.8188 0.0034 0.7950
3 2 29 72.6066 0.0034 0.7950 21.8642 0.0034 0.7950
3 2 30 182.0913 0.0034 0.7950 90.7009 0.0034 0.7950
3 2 31 67.9170 0.0034 0.7950 62.4886 0.0034 0.7950
3 2 32 77.9744 0.0034 0.7950 59.3947 0.0034 0.7950
3 2 33 95.1099 0.0034 0.7950 42.5784 0.0034 0.7950
3 2 34 62.9887 0.0034 0.7950 39.6865 0.0034 0.7950
3 2 35 74.8238 0.0034 0.7950 45.2389 0.0034 0.7950
3 2 36 44.5285 0.0034 0.7950 31.5298 0.0034 0.7950
3 2 37 84.9381 0.0034 0.7950 74.1984 0.0034 0.7950
3 2 38 42.5404 0.0034 0.7950 54.1335 0.0034 0.7950
3 2 39 39.4334 0.0034 0.7950 41.9820 0.0034 0.7950
3 2 40 43.0184 0.0034 0.7950 56.3019 0.0034 0.7950
3 2 41 55.2862 0.0034 0.7950 58.3594 0.0034 0.7950
3 2 42 57.2560 0.0034 0.7950 38.7109 0.0034 0.7950
3 2 43 59.5432 0.0034 0.7950 52.2468 0.0034 0.7950
3 2 44 60.0585 0.0034 0.7950 41.6299 0.0034 0.7950
3 2 45 73.9553 0.0034 0.7950 32.9652 0.0034 0.7950
3 2 46 67.1053 0.0034 0.7950 29.4098 0.0034 0.7950
3 2 47 82.7224 0.0034 0.7950 29.6279 0.0034 0.7950
3 2 48 69.2134 0.0034 0.7950 53.6555 0.0034 0.7950
3 2 49 108.0353 0.0034 0.7950 0.0018 0.0034 0.7950
3 2 50 60.1670 0.0034 0.7950 0.0000 0.0034 0.7950
3 2 51 55.9505 0.0034 0.7950 28.1200 0.0034 0.7950
3 2 52 33.7681 0.0034 0.7950 66.9871 0.0034 0.7950
3 2 53 62.9167 0.0034 0.7950 40.0000 0.0034 0.7950
3 2 54 0.0002 0.0034 0.7950 40.0000 0.0034 0.7950
3 2 55 42.6471 0.0034 0.7950 42.7109 0.0034 0.7950
3 2 56 40.0000 0.0034 0.7950 40.0000 0.0034 0.7950
3 2 57 40.0000 0.0034 0.7950 40.0000 0.0034 0.7950
3 2 58 40.0000 0.0034 0.7950 40.0000 0.0034 0.7950
3 2 59 40.0000 0.0034 0.7950 40.0000 0.0034 0.7950
3 2 60 40.0000 0.0034 0.7950 40.0000 0.0034 0.7950
3 2 61 40.0000 0.0034 0.7950 40.0000 0.0034 0.7950
3 2 62 40.0000 0.0034 0.7950 40.0000 0.0034 0.7950
3 3 1 165.6833 0.0034 0.7950 41.2892 0.0034 0.7950
3 3 2 0.0004 0.0034 0.7950 40.0000 0.0034 0.7950
3 3 3 40.0000 0.0034 0.7950 40.0000 0.0034 0.7950
3 3 4 40.0000 0.0034 0.7950 40.0000 0.0034 0.7950
3 3 5 40.0000 0.0034 0.7950 40.0000 0.0034 0.7950
4 1 1 73.8940 0.0034 0.7950 54.4529 0.0034 0.7950
4 1 2 115.8449 0.0034 0.7950 92.4394 0.0034 0.7950
4 1 3 68.5171 0.0034 0.7950 200.0000 0.0034 0.7950
4 1 4 25.0423 0.0034 0.7950 41.6731 0.0034 0.7950
4 1 5 39.6093 0.0034 0.7950 15.4741 0.0034 0.7950
4 1 6 46.0269 0.0034 0.7950 89.2823 0.0034 0.7950
4 1 7 95.2723 0.0034 0.7950 64.4266 0.0034 0.7950
4 1 8 0.0001 0.0034 0.7950 63.3943 0.0034 0.7950
4 1 9 40.0000 0.0034 0.7950 40.0000 0.0034 0.7950
4 1 10 100.5375 0.0034 0.7950 44.8558 0.0034 0.7950
4 1 11 38.2808 0.0034 0.7950 4.1202 0.0034 0.7950
4 1 12 52.7202 0.0034 0.7950 88.7440 0.0034 0.7950
4 1 13 56.9464 0.0034 0.7950 38.7123 0.0034 0.7950
4 1 14 66.9689 0.0034 0.7950 32.2095 0.0034 0.7950
4 1 15 56.9663 0.0034 0.7950 58.3681 0.0034 0.7950
4 1 16 32.3767 0.0034 0.7950 41.5613 0.0034 0.7950
4 1 17 54.1674 0.0034 0.7950 44.1646 0.0034 0.7950
4 1 18 40.0000 0.0034 0.7950 40.0000 0.0034 0.7950
4 1 19 14.5080 0.0034 0.7950 48.4044 0.0034 0.7950
4 1 20 34.0911 0.0034 0.7950 8.1023 0.0034 0.7950
4 1 21 0.0000 0.0034 0.7950 48.7611 0.0034 0.7950
4 1 22 40.0000 0.0034 0.7950 47.1147 0.0034 0.7950
4 1 23 36.3424 0.0034 0.7950 40.0000 0.0034 0.7950
4 2 1 40.2772 0.0034 0.7950 40.5445 0.0034 0.7950
4 2 2 57.1691 0.0034 0.7950 55.4465 0.0034 0.7950
4 2 3 44.5547 0.0034 0.7950 56.2687 0.0034 0.7950
4 2 4 53.1297 0.0034 0.7950 45.4037 0.0034 0.7950
4 2 5 52.6725 0.0034 0.7950 40.7474 0.0034 0.7950
4 2 6 41.4778 0.0034 0.7950 46.0410 0.0034 0.7950
4 2 7 40.8317 0.0034 0.7950 48.3446 0.0034 0.7950
4 2 8 119.6684 0.0034 0.7950 37.6916 0.0034 0.7950
4 2 9 40.5160 0.0034 0.7950 0.0000 0.0034 0.7950
4 2 10 40.0000 0.0034 0.7950 40.0000 0.0034 0.7950
4 2 11 40.0000 0.0034 0.7950 37.5077 0.0034 0.7950
4 2 12 38.9972 0.0034 0.7950 25.9662 0.0034 0.7950
4 2 13 40.0000 0.0034 0.7950 41.4857 0.0034 0.7950
4 2 14 40.0000 0.0034 0.7950 37.5657 0.0034 0.7950
4 2 15 52.6047 0.0034 0.7950 129.5174 0.0034 0.7950
4 2 16 126.6319 0.0034 0.7950 53.9707 0.0034 0.7950
4 2 17 72.1491 0.0034 0.7950 79.8668 0.0034 0.7950
4 2 18 124.0057 0.0034 0.7950 35.2201 0.0034 0.7950
4 2 19 82.4297 0.0034 0.7950 72.9715 0.0034 0.7950
4 2 20 129.1687 0.0034 0.7950 125.0366 0.0034 0.7950
4 2 21 41.4857 0.0034 0.7950 40.0000 0.0034 0.7950
4 2 22 41.5625 0.0034 0.7950 53.0593 0.0034 0.7950
4 2 23 38.3087 0.0034 0.7950 0.0034 0.0034 0.7950
4 2 24 38.6750 0.0034 0.7950 97.6277 0.0034 0.7950
4 2 25 40.5534 0.0034 0.7950 40.0000 0.0034 0.7950
4 2 26 51.2834 0.0034 0.7950 40.0000 0.0034 0.7950
4 2 27 199.6757 0.0034 0.7950 40.0000 0.0034 0.7950
4 2 28 135.3905 0.0034 0.7950 40.0000 0.0034 0.7950
4 2 29 0.0001 0.0034 0.7950 60.6946 0.0034 0.7950
4 2 30 82.7401 0.0034 0.7950 0.0000 0.0034 0.7950
4 2 31 0.0000 0.0034 0.7950 33.4811 0.0034 0.7950
4 2 32 60.1537 0.0034 0.7950 92.2367 0.0034 0.7950
4 2 33 44.4573 0.0034 0.7950 62.4859 0.0034 0.7950
4 2 34 39.7381 0.0034 0.7950 45.7011 0.0034 0.7950
4 2 35 93.3450 0.0034 0.7950 63.0944 0.0034 0.7950
4 2 36 19.2675 0.0034 0.7950 64.8864 0.0034 0.7950
4 2 37 40.1511 0.0034 0.7950 37.5109 0.0034 0.7950
4 2 38 57.5428 0.0034 0.7950 36.4023 0.0034 0.7950
4 2 39 63.8128 0.0034 0.7950 53.4872 0.0034 0.7950
4 2 40 70.0342 0.0034 0.7950 35.9007 0.0034 0.7950
4 2 41 47.3649 0.0034 0.7950 42.5337 0.0034 0.7950
4 2 42 38.9033 0.0034 0.7950 50.1210 0.0034 0.7950
4 2 43 52.5695 0.0034 0.7950 39.7901 0.0034 0.7950
4 2 44 44.5389 0.0034 0.7950 32.0209 0.0034 0.7950
4 2 45 22.0870 0.0034 0.7950 51.3608 0.0034 0.7950
4 2 46 32.7058 0.0034 0.7950 35.5772 0.0034 0.7950
4 2 47 58.3844 0.0034 0.7950 55.4599 0.0034 0.7950
4 2 48 79.3387 0.0034 0.7950 20.4620 0.0034 0.7950
4 2 49 64.4216 0.0034 0.7950 53.8017 0.0034 0.7950
4 2 50 31.0618 0.0034 0.7950 200.0000 0.0034 0.7950
4 2 51 27.1902 0.0034 0.7950 13.1645 0.0034 0.7950
4 2 52 85.7777 0.0034 0.7950 6.8617 0.0034 0.7950
4 2 53 130.9402 0.0034 0.7950 0.0000 0.0034 0.7950
4 2 54 37.8046 0.0034 0.7950 0.0000 0.0034 0.7950
4 2 55 40.0000 0.0034 0.7950 200.0000 0.0034 0.7950
4 2 56 40.0000 0.0034 0.7950 26.0025 0.0034 0.7950
4 2 57 40.0000 0.0034 0.7950 40.0000 0.0034 0.7950
4 2 58 40.0000 0.0034 0.7950 40.0000 0.0034 0.7950
4 2 59 26.5925 0.0034 0.7950 40.0000 0.0034 0.7950
4 2 60 40.0000 0.0034 0.7950 40.0000 0.0034 0.7950
4 2 61 40.0000 0.0034 0.7950 40.0000 0.0034 0.7950
4 2 62 40.0000 0.0034 0.7950 40.0000 0.0034 0.7950
4 3 1 40.0000 0.0034 0.7950 40.0000 0.0034 0.7950
4 3 2 40.0000 0.0034 0.7950 40.0000 0.0034 0.7950
4 3 3 40.0000 0.0034 0.7950 40.0000 0.0034 0.7950
4 3 4 40.0000 0.0034 0.7950 40.0000 0.0034 0.7950
4 3 5 40.0000 0.0034 0.7950 40.0000 0.0034 0.7950
5 1 1 40.0000 0.0034 0.7950 40.0000 0.0034 0.7950
5 1 2 40.0000 0.0034 0.7950 40.0000 0.0034 0.7950
5 1 3 40.0000 0.0034 0.7950 40.0000 0.0034 0.7950
5 1 4 40.0000 0.0034 0.7950 40.0000 0.0034 0.7950
5 1 5 40.0000 0.0034 0.7950 40.0000 0.0034 0.7950
5 1 6 40.0000 0.0034 0.7950 40.0000 0.0034 0.7950
5 1 7 40.0000 0.0034 0.7950 40.0000 0.0034 0.7950
5 1 8 40.0000 0.0034 0.7950 40.0000 0.0034 0.7950
5 1 9 0.0011 0.0034 0.7950 46.2506 0.0034 0.7950
5 1 10 0.0000 0.0034 0.7950 84.7936 0.0034 0.7950
5 1 11 88.7741 0.0034 0.7950 12.9142 0.0034 0.7950
5 1 12 98.9915 0.0034 0.7950 66.7203 0.0034 0.7950
5 1 13 61.1734 0.0034 0.7950 63.1218 0.0034 0.7950
5 1 14 66.2139 0.0034 0.7950 44.0877 0.0034 0.7950
5 1 15 83.6904 0.0034 0.7950 19.4400 0.0034 0.7950
5 1 16 40.9563 0.0034 0.7950 88.7484 0.0034 0.7950
5 1 17 0.0000 0.0034 0.7950 27.7839 0.0034 0.7950
5 1 18 44.3852 0.0034 0.7950 0.0000 0.0034 0.7950
5 1 19 95.7506 0.0034 0.7950 22.5326 0.0034 0.7950
5 1 20 30.6879 0.0034 0.7950 0.0000 0.0034 0.7950
5 1 21 40.3437 0.0034 0.7950 0.0010 0.0034 0.7950
5 1 22 40.0000 0.0034 0.7950 40.0000 0.0034 0.7950
5 1 23 40.0000 0.0034 0.7950 40.0000 0.0034 0.7950
5 2 1 40.0000 0.0034 0.7950 40.0000 0.0034 0.7950
5 2 2 40.0000 0.0034 0.7950 40.0000 0.0034 0.7950
5 2 3 40.0000 0.0034 0.7950 40.0000 0.0034 0.7950
5 2 4 40.0000 0.0034 0.7950 40.0000 0.0034 0.7950
5 2 5 40.0000 0.0034 0.7950 40.0000 0.0034 0.7950
5 2 6 40.0000 0.0034 0.7950 40.0000 0.0034 0.7950
5 2 7 40.0000 0.0034 0.7950 40.0000 0.0034 0.7950
5 2 8 40.0000 0.0034 0.7950 40.0000 0.0034 0.7950
5 2 9 40.0000 0.0034 0.7950 40.0000 0.0034 0.7950
5 2 10 40.0000 0.0034 0.7950 40.0000 0.0034 0.7950
5 2 11 40.0000 0.0034 0.7950 40.0000 0.0034 0.7950
5 2 12 40.0000 0.0034 0.7950 40.0000 0.0034 0.7950
5 2 13 40.0000 0.0034 0.7950 40.0000 0.0034 0.7950
5 2 14 40.0000 0.0034 0.7950 40.0000 0.0034 0.7950
5 2 15 40.0000 0.0034 0.7950 40.0000 0.0034 0.7950
5 2 16 40.0000 0.0034 0.7950 40.0000 0.0034 0.7950
5 2 17 40.0000 0.0034 0.7950 40.0000 0.0034 0.7950
5 2 18 40.0000 0.0034 0.7950 40.0000 0.0034 0.7950
5 2 19 40.0000 0.0034 0.7950 40.0000 0.0034 0.7950
5 2 20 40.0000 0.0034 0.7950 40.0000 0.0034 0.7950
5 2 21 40.0000 0.0034 0.7950 40.0000 0.0034 0.7950
5 2 22 40.0000 0.0034 0.7950 40.0000 0.0034 0.7950
5 2 23 40.0000 0.0034 0.7950 40.0000 0.0034 0.7950
5 2 24 40.0000 0.0034 0.7950 40.0000 0.0034 0.7950
5 2 25 39.4890 0.0034 0.7950 40.0000 0.0034 0.7950
5 2 26 40.0000 0.0034 0.7950 39.5397 0.0034 0.7950
5 2 27 199.9886 0.0034 0.7950 40.0000 0.0034 0.7950
5 2 28 40.0000 0.0034 0.7950 43.3638 0.0034 0.7950
5 2 29 160.9149 0.0034 0.7950 83.7726 0.0034 0.7950
5 2 30 133.6535 0.0034 0.7950 132.8282 0.0034 0.7950
5 2 31 106.1468 0.0034 0.7950 199.9997 0.0034 0.7950
5 2 32 74.6936 0.0034 0.7950 145.9122 0.0034 0.7950
5 2 33 79.6461 0.0034 0.7950 79.7205 0.0034 0.7950
5 2 34 91.0603 0.0034 0.7950 35.0604 0.0034 0.7950
5 2 35 0.0000 0.0034 0.7950 79.4479 0.0034 0.7950
5 2 36 109.2053 0.0034 0.7950 105.8004 0.0034 0.7950
5 2 37 74.8351 0.0034 0.7950 91.1593 0.0034 0.7950
5 2 38 59.7897 0.0034 0.7950 128.3564 0.0034 0.7950
5 2 39 199.9985 0.0034 0.7950 66.5075 0.0034 0.7950
5 2 40 200.0000 0.0034 0.7950 74.3012 0.0034 0.7950
5 2 41 25.8604 0.0034 0.7950 39.5903 0.0034 0.7950
5 2 42 40.0000 0.0034 0.7950 38.5923 0.0034 0.7950
5 2 43 44.1085 0.0034 0.7950 87.7701 0.0034 0.7950
5 2 44 39.4429 0.0034 0.7950 199.9992 0.0034 0.7950
5 2 45 40.0000 0.0034 0.7950 0.0000 0.0034 0.7950
5 2 46 40.0000 0.0034 0.7950 40.0000 0.0034 0.7950
5 2 47 26.8547 0.0034 0.7950 0.0000 0.0034 0.7950
5 2 48 40.0000 0.0034 0.7950 85.5197 0.0034 0.7950
5 2 49 40.0000 0.0034 0.7950 199.9999 0.0034 0.7950
5 2 50 35.8197 0.0034 0.7950 40.5741 0.0034 0.7950
5 2 51 62.5559 0.0034 0.7950 26.0025 0.0034 0.7950
5 2 52 40.0000 0.0034 0.7950 40.0000 0.0034 0.7950
5 2 53 26.4459 0.0034 0.7950 39.5397 0.0034 0.7950
5 2 54 40.0000 0.0034 0.7950 40.0000 0.0034 0.7950
5 2 55 40.0000 0.0034 0.7950 40.0000 0.0034 0.7950
5 2 56 40.0000 0.0034 0.7950 40.0000 0.0034 0.7950
5 2 57 40.0000 0.0034 0.7950 40.0000 0.0034 0.7950
5 2 58 40.0000 0.0034 0.7950 40.0000 0.0034 0.7950
5 2 59 40.0000 0.0034 0.7950 40.0000 0.0034 0.7950
5 2 60 40.0000 0.0034 0.7950 40.0000 0.0034 0.7950
5 2 61 40.0000 0.0034 0.7950 40.0000 0.0034 0.7950
5 2 62 40.0000 0.0034 0.7950 40.0000 0.0034 0.7950
5 3 1 40.0000 0.0034 0.7950 40.0000 0.0034 0.7950
5 3 2 40.0000 0.0034 0.7950 40.0000 0.0034 0.7950
5 3 3 40.0000 0.0034 0.7950 40.0000 0.0034 0.7950
5 3 4 40.0000 0.0034 0.7950 40.0000 0.0034 0.7950
5 3 5 40.0000 0.0034 0.7950 40.0000 0.0034 0.7950
6 1 1 70.8315 0.0034 0.7950 62.0779 0.0034 0.7950
6 1 2 37.8100 0.0034 0.7950 52.3320 0.0034 0.7950
6 1 3 51.7950 0.0034 0.7950 50.3766 0.0034 0.7950
6 1 4 53.0742 0.0034 0.7950 46.0817 0.0034 0.7950
6 1 5 44.6795 0.0034 0.7950 69.6773 0.0034 0.7950
6 1 6 47.8809 0.0034 0.7950 73.4824 0.0034 0.7950
6 1 7 51.2194 0.0034 0.7950 61.4738 0.0034 0.7950
6 1 8 59.9355 0.0034 0.7950 82.4065 0.0034 0.7950
6 1 9 74.7840 0.0034 0.7950 60.3465 0.0034 0.7950
6 1 10 72.7594 0.0034 0.7950 67.2809 0.0034 0.7950
6 1 11 74.6782 0.0034 0.7950 53.6991 0.0034 0.7950
6 1 12 73.9847 0.0034 0.7950 74.7046 0.0034 0.7950
6 1 13 61.4953 0.0034 0.7950 73.7598 0.0034 0.7950
6 1 14 57.0002 0.0034 0.7950 73.4896 0.0034 0.7950
6 1 15 49.6994 0.0034 0.7950 67.3893 0.0034 0.7950
6 1 16 34.9226 0.0034 0.7950 73.2941 0.0034 0.7950
6 1 17 58.6023 0.0034 0.7950 53.4212 0.0034 0.7950
6 1 18 64.6066 0.0034 0.7950 80.7345 0.0034 0.7950
6 1 19 28.8773 0.0034 0.7950 35.8644 0.0034 0.7950
6 1 20 80.9393 0.0034 0.7950 200.0000 0.0034 0.7950
6 1 21 40.0000 0.0034 0.7950 40.0000 0.0034 0.7950
6 1 22 40.0000 0.0034 0.7950 40.0000 0.0034 0.7950
6 1 23 40.0000 0.0034 0.7950 40.0000 0.0034 0.7950
6 2 1 40.0000 0.0034 0.7950 40.0000 0.0034 0.7950
6 2 2 50.0979 0.0034 0.7950 47.2715 0.0034 0.7950
6 2 3 48.6063 0.0034 0.7950 50.4172 0.0034 0.7950
6 2 4 43.9921 0.0034 0.7950 46.0624 0.0034 0.7950
6 2 5 48.3883 0.0034 0.7950 38.3473 0.0034 0.7950
6 2 6 47.9710 0.0034 0.7950 47.0349 0.0034 0.7950
6 2 7 35.0274 0.0034 0.7950 43.4880 0.0034 0.7950
6 2 8 49.2940 0.0034 0.7950 47.3475 0.0034 0.7950
6 2 9 40.1873 0.0034 0.7950 53.3683 0.0034 0.7950
6 2 10 49.6443 0.0034 0.7950 49.7580 0.0034 0.7950
6 2 11 41.1617 0.0034 0.7950 45.2193 0.0034 0.7950
6 2 12 43.8423 0.0034 0.7950 42.1937 0.0034 0.7950
6 2 13 39.1024 0.0034 0.7950 49.5372 0.0034 0.7950
6 2 14 42.0904 0.0034 0.7950 45.7791 0.0034 0.7950
6 2 15 44.2287 0.0034 0.7950 50.1557 0.0034 0.7950
6 2 16 42.6817 0.0034 0.7950 53.4609 0.0034 0.7950
6 2 17 42.0832 0.0034 0.7950 41.0744 0.0034 0.7950
6 2 18 49.4673 0.0034 0.7950 49.5428 0.0034 0.7950
6 2 19 49.6776 0.0034 0.7950 54.1960 0.0034 0.7950
6 2 20 36.6181 0.0034 0.7950 53.9479 0.0034 0.7950
6 2 21 42.1383 0.0034 0.7950 56.0821 0.0034 0.7950
6 2 22 49.0919 0.0034 0.7950 78.9194 0.0034 0.7950
6 2 23 68.0535 0.0034 0.7950 66.1362 0.0034 0.7950
6 2 24 53.2773 0.0034 0.7950 61.1144 0.0034 0.7950
6 2 25 51.9100 0.0034 0.7950 58.6237 0.0034 0.7950
6 2 26 30.3396 0.0034 0.7950 54.2716 0.0034 0.7950
6 2 27 47.8464 0.0034 0.7950 58.7644 0.0034 0.7950
6 2 28 26.6324 0.0034 0.7950 30.7018 0.0034 0.7950
6 2 29 56.3087 0.0034 0.7950 64.8074 0.0034 0.7950
6 2 30 32.2507 0.0034 0.7950 60.1418 0.0034 0.7950
6 2 31 36.0844 0.0034 0.7950 74.1158 0.0034 0.7950
6 2 32 67.6787 0.0034 0.7950 26.3980 0.0034 0.7950
6 2 33 60.7173 0.0034 0.7950 34.2275 0.0034 0.7950
6 2 34 74.8105 0.0034 0.7950 88.1288 0.0034 0.7950
6 2 35 71.1141 0.0034 0.7950 33.1422 0.0034 0.7950
6 2 36 43.4233 0.0034 0.7950 65.6442 0.0034 0.7950
6 2 37 55.1672 0.0034 0.7950 65.0932 0.0034 0.7950
6 2 38 43.9202 0.0034 0.7950 83.4684 0.0034 0.7950
6 2 39 42.2717 0.0034 0.7950 67.4079 0.0034 0.7950
6 2 40 17.2320 0.0034 0.7950 40.6589 0.0034 0.7950
6 2 41 58.7343 0.0034 0.7950 61.1964 0.0034 0.7950
6 2 42 26.7224 0.0034 0.7950 46.8135 0.0034 0.7950
6 2 43 41.4709 0.0034 0.7950 40.2451 0.0034 0.7950
6 2 44 47.2405 0.0034 0.7950 50.2253 0.0034 0.7950
6 2 45 45.2700 0.0034 0.7950 25.0139 0.0034 0.7950
6 2 46 35.4247 0.0034 0.7950 25.4151 0.0034 0.7950
6 2 47 39.1099 0.0034 0.7950 26.0997 0.0034 0.7950
6 2 48 30.9352 0.0034 0.7950 101.2500 0.0034 0.7950
6 2 49 49.9340 0.0034 0.7950 84.2436 0.0034 0.7950
6 2 50 85.8475 0.0034 0.7950 199.9998 0.0034 0.7950
6 2 51 78.8550 0.0034 0.7950 73.7909 0.0034 0.7950
6 2 52 122.1071 0.0034 0.7950 40.4643 0.0034 0.7950
6 2 53 33.5931 0.0034 0.7950 40.0000 0.0034 0.7950
6 2 54 40.0000 0.0034 0.7950 40.0000 0.0034 0.7950
6 2 55 40.0000 0.0034 0.7950 40.0000 0.0034 0.7950
6 2 56 40.0000 0.0034 0.7950 40.0000 0.0034 0.7950
6 2 57 40.0000 0.0034 0.7950 40.0000 0.0034 0.7950
6 2 58 40.0000 0.0034 0.7950 40.0000 0.0034 0.7950
6 2 59 40.0000 0.0034 0.7950 40.0000 0.0034 0.7950
6 2 60 40.0000 0.0034 0.7950 40.0000 0.0034 0.7950
6 2 61 40.0000 0.0034 0.7950 40.0000 0.0034 0.7950
6 2 62 40.0000 0.0034 0.7950 40.0000 0.0034 0.7950
6 3 1 40.0000 0.0034 0.7950 40.0000 0.0034 0.7950
6 3 2 40.0000 0.0034 0.7950 40.0000 0.0034 0.7950
6 3 3 40.0000 0.0034 0.7950 40.0000 0.0034 0.7950
6 3 4 40.0000 0.0034 0.7950 40.0000 0.0034 0.7950
6 3 5 40.0000 0.0034 0.7950 40.0000 0.0034 0.7950
