1 1 1 -1.658 0.133
1 1 2 0.002 0.202
1 1 3 -0.724 0.150
1 1 4 -1.850 0.156
1 1 5 -0.751 0.137
1 1 6 1.012 0.323
1 1 7 1.616 0.132
1 1 8 -1.870 0.220
1 1 9 -0.935 0.255
1 1 10 -0.465 0.181
1 1 11 1.851 0.253
1 1 12 -0.056 0.274
1 1 13 -0.262 0.227
1 1 14 -0.684 0.255
1 1 15 1.007 0.242
1 1 16 0.223 0.277
1 1 17 -1.401 0.196
1 1 18 0.665 0.247
1 1 19 0.379 0.511
1 1 20 0.526 0.311
1 1 21 -1.850 0.442
1 1 22 -1.087 0.471
1 1 23 1.553 0.526
1 2 1 2.445 0.140
1 2 2 0.022 0.052
1 2 3 1.068 0.053
1 2 4 0.446 0.056
1 2 5 -1.643 0.073
1 2 6 0.929 0.064
1 2 7 -0.853 0.060
1 2 8 -1.308 0.058
1 2 9 1.570 0.095
1 2 10 -1.270 0.066
1 2 11 -1.253 0.063
1 2 12 -0.942 0.063
1 2 13 -1.765 0.072
1 2 14 -0.345 0.067
1 2 15 0.165 0.067
1 2 16 -0.213 0.098
1 2 17 0.083 0.063
1 2 18 -1.492 0.072
1 2 19 -0.412 0.082
1 2 20 -1.098 0.084
1 2 21 -0.314 0.079
1 2 22 -0.069 0.084
1 2 23 -0.005 0.079
1 2 24 0.200 0.084
1 2 25 0.134 0.077
1 2 26 0.511 0.080
1 2 27 0.643 0.075
1 2 28 0.983 0.082
1 2 29 1.119 0.083
1 2 30 1.486 0.088
1 2 31 0.665 0.086
1 2 32 0.659 0.088
1 2 33 -0.843 0.089
1 2 34 -1.127 0.086
1 2 35 -1.025 0.088
1 2 36 -1.781 0.093
1 2 37 -1.128 0.095
1 2 38 -0.871 0.090
1 2 39 -1.553 0.110
1 2 40 -0.685 0.095
1 2 41 -1.173 0.098
1 2 42 -1.913 0.106
1 2 43 1.512 0.092
1 2 44 -0.994 0.103
1 2 45 1.664 0.115
1 2 46 0.979 0.101
1 2 47 -1.080 0.130
1 2 48 0.115 0.111
1 2 49 0.611 0.118
1 2 50 -0.734 0.110
1 2 51 1.610 0.104
1 2 52 1.182 0.107
1 2 53 -1.239 0.095
1 2 54 -1.924 0.112
1 2 55 -1.116 0.090
1 2 56 -0.649 0.098
1 2 57 -1.053 0.102
1 2 58 -0.605 0.114
1 2 59 0.556 0.121
1 2 60 -0.439 0.129
1 2 61 -1.060 0.121
1 2 62 0.035 0.109
1 3 1 -0.416 0.463
1 3 2 1.075 0.636
1 3 3 -0.272 0.351
1 3 4 1.131 0.579
1 3 5 -0.582 0.721
2 1 1 -1.502 0.159
2 1 2 0.984 0.153
2 1 3 -0.656 0.115
2 1 4 -1.484 0.142
2 1 5 0.739 0.226
2 1 6 0.000 0.100
2 1 7 -0.476 0.175
2 1 8 -1.691 0.136
2 1 9 -1.801 0.192
2 1 10 0.000 0.100
2 1 11 1.707 0.203
2 1 12 -0.047 0.261
2 1 13 -1.775 0.205
2 1 14 -0.409 0.228
2 1 15 -0.207 0.201
2 1 16 -1.476 0.274
2 1 17 1.450 0.431
2 1 18 -1.159 0.310
2 1 19 0.000 0.100
2 1 20 1.888 0.305
2 1 21 -0.188 0.611
2 1 22 -2.100 0.472
2 1 23 0.125 0.430
2 2 1 -1.967 0.055
2 2 2 1.266 0.054
2 2 3 1.351 0.056
2 2 4 1.161 0.056
2 2 5 -0.653 0.057
2 2 6 -0.914 0.066
2 2 7 -0.502 0.055
2 2 8 -1.805 0.057
2 2 9 -1.400 0.070
2 2 10 -0.770 0.061
2 2 11 -0.408 0.060
2 2 12 0.432 0.058
2 2 13 -0.009 0.066
2 2 14 -0.628 0.064
2 2 15 0.216 0.060
2 2 16 1.024 0.062
2 2 17 -0.204 0.067
2 2 18 1.936 0.066
2 2 19 -0.250 0.071
2 2 20 -0.397 0.073
2 2 21 0.036 0.073
2 2 22 0.260 0.073
2 2 23 0.728 0.081
2 2 24 -0.897 0.077
2 2 25 -0.806 0.073
2 2 26 0.882 0.077
2 2 27 0.333 0.068
2 2 28 1.350 0.073
2 2 29 1.110 0.075
2 2 30 1.040 0.082
2 2 31 0.916 0.087
2 2 32 0.553 0.093
2 2 33 -0.926 0.089
2 2 34 -1.024 0.083
2 2 35 -0.540 0.086
2 2 36 1.899 0.081
2 2 37 -1.217 0.094
2 2 38 -1.091 0.092
2 2 39 -0.776 0.100
2 2 40 -1.171 0.093
2 2 41 1.913 0.085
2 2 42 -1.779 0.105
2 2 43 -1.752 0.104
2 2 44 0.049 0.097
2 2 45 -1.411 0.119
2 2 46 1.024 0.111
2 2 47 0.117 0.125
2 2 48 -0.712 0.118
2 2 49 -0.192 0.109
2 2 50 -0.194 0.118
2 2 51 -0.674 0.128
2 2 52 -1.264 0.125
2 2 53 0.698 0.109
2 2 54 0.528 0.114
2 2 55 0.276 0.109
2 2 56 1.698 0.113
2 2 57 1.954 0.130
2 2 58 0.746 0.112
2 2 59 1.478 0.131
2 2 60 1.590 0.108
2 2 61 1.574 0.112
2 2 62 1.236 0.097
2 3 1 1.085 0.246
2 3 2 0.043 0.444
2 3 3 1.000 0.364
2 3 4 1.320 0.548
2 3 5 -0.027 0.431
3 1 1 -1.735 0.123
3 1 2 0.085 0.177
3 1 3 1.864 0.133
3 1 4 -1.381 0.133
3 1 5 -1.433 0.162
3 1 6 -0.859 0.172
3 1 7 0.344 0.164
3 1 8 0.216 0.166
3 1 9 1.272 0.189
3 1 10 -1.261 0.173
3 1 11 -1.441 0.323
3 1 12 -0.596 0.225
3 1 13 1.873 0.225
3 1 14 -0.325 0.297
3 1 15 0.641 0.386
3 1 16 1.868 0.189
3 1 17 -0.157 0.310
3 1 18 -1.972 0.278
3 1 19 1.031 0.228
3 1 20 0.925 0.428
3 1 21 0.050 0.379
3 1 22 0.111 0.355
3 1 23 -1.980 0.473
3 2 1 0.713 0.093
3 2 2 -1.840 0.097
3 2 3 1.125 0.232
3 2 4 1.063 0.120
3 2 5 -1.506 0.087
3 2 6 1.266 0.096
3 2 7 -0.966 0.068
3 2 8 -1.306 0.068
3 2 9 1.446 0.075
3 2 10 -1.327 0.070
3 2 11 -0.762 0.067
3 2 12 -0.156 0.065
3 2 13 -0.612 0.078
3 2 14 -0.493 0.138
3 2 15 0.466 0.074
3 2 16 -0.533 0.070
3 2 17 -0.929 0.068
3 2 18 -1.558 0.074
3 2 19 -1.079 0.066
3 2 20 -0.787 0.071
3 2 21 -0.974 0.080
3 2 22 -1.074 0.070
3 2 23 -0.712 0.071
3 2 24 -1.018 0.069
3 2 25 -1.648 0.078
3 2 26 -0.621 0.066
3 2 27 -0.679 0.084
3 2 28 0.252 0.077
3 2 29 0.001 0.092
3 2 30 -0.073 0.270
3 2 31 0.891 0.089
3 2 32 -0.075 0.090
3 2 33 -1.487 0.094
3 2 34 -0.825 0.089
3 2 35 -0.711 0.096
3 2 36 -1.941 0.091
3 2 37 -1.736 0.095
3 2 38 -0.985 0.093
3 2 39 0.479 0.098
3 2 40 -0.811 0.105
3 2 41 1.612 0.091
3 2 42 -1.443 0.119
3 2 43 -1.703 0.103
3 2 44 -0.062 0.099
3 2 45 1.468 0.100
3 2 46 -0.140 0.109
3 2 47 -0.173 0.122
3 2 48 -0.800 0.119
3 2 49 1.676 0.116
3 2 50 -0.087 0.109
3 2 51 -1.900 0.118
3 2 52 -0.331 0.092
3 2 53 -1.433 0.112
3 2 54 0.453 0.124
3 2 55 0.062 0.107
3 2 56 0.705 0.097
3 2 57 1.001 0.103
3 2 58 0.142 0.097
3 2 59 0.956 0.105
3 2 60 0.912 0.122
3 2 61 0.651 0.113
3 2 62 0.689 0.106
3 3 1 1.257 0.723
3 3 2 1.946 0.403
3 3 3 -1.320 0.305
3 3 4 -0.182 0.629
3 3 5 0.179 0.170
4 1 1 -0.988 0.133
4 1 2 -1.700 0.240
4 1 3 -0.768 0.207
4 1 4 0.641 0.209
4 1 5 -1.736 0.185
4 1 6 -0.946 0.401
4 1 7 0.482 0.346
4 1 8 1.626 0.203
4 1 9 -1.051 0.224
4 1 10 -1.449 0.164
4 1 11 -1.280 1.000
4 1 12 -1.331 0.310
4 1 13 -1.680 0.314
4 1 14 -2.031 0.219
4 1 15 -1.978 0.278
4 1 16 0.263 0.270
4 1 17 -0.071 0.470
4 1 18 1.707 0.228
4 1 19 0.532 0.395
4 1 20 1.044 0.480
4 1 21 0.337 0.290
4 1 22 -0.395 0.272
4 1 23 1.858 0.314
4 2 1 -0.269 0.095
4 2 2 -0.994 0.099
4 2 3 0.430 0.085
4 2 4 -0.397 0.083
4 2 5 0.819 0.078
4 2 6 1.158 0.081
4 2 7 2.002 0.071
4 2 8 1.037 0.081
4 2 9 0.398 0.089
4 2 10 1.873 0.071
4 2 11 1.654 0.080
4 2 12 -1.745 0.073
4 2 13 -1.576 0.073
4 2 14 1.630 0.094
4 2 15 -1.112 0.068
4 2 16 -1.504 0.089
4 2 17 -1.484 0.074
4 2 18 0.186 0.098
4 2 19 1.803 0.080
4 2 20 1.378 0.094
4 2 21 -1.477 0.081
4 2 22 -1.443 0.073
4 2 23 -0.999 0.082
4 2 24 -1.922 0.075
4 2 25 -1.997 0.084
4 2 26 -1.009 0.087
4 2 27 -1.130 0.073
4 2 28 -0.923 0.081
4 2 29 -1.550 0.081
4 2 30 -0.143 0.081
4 2 31 -0.602 0.081
4 2 32 -0.845 0.080
4 2 33 1.299 0.103
4 2 34 1.743 0.093
4 2 35 1.832 0.098
4 2 36 0.767 0.097
4 2 37 1.746 0.087
4 2 38 1.832 0.093
4 2 39 -1.569 0.107
4 2 40 -1.487 0.094
4 2 41 0.665 0.094
4 2 42 1.803 0.105
4 2 43 1.091 0.120
4 2 44 -1.120 0.092
4 2 45 0.097 0.112
4 2 46 -1.035 0.106
4 2 47 1.594 0.119
4 2 48 -1.136 0.107
4 2 49 -0.218 0.121
4 2 50 1.743 0.107
4 2 51 0.540 0.096
4 2 52 -1.567 0.125
4 2 53 0.840 0.144
4 2 54 -1.279 0.115
4 2 55 -1.330 0.079
4 2 56 -0.445 0.109
4 2 57 -0.566 0.120
4 2 58 -0.298 0.096
4 2 59 -1.480 0.113
4 2 60 -0.985 0.117
4 2 61 0.148 0.109
4 2 62 -0.058 0.107
4 3 1 0.685 0.615
4 3 2 -0.855 0.299
4 3 3 0.285 0.309
4 3 4 -0.067 0.338
4 3 5 0.385 0.171
5 1 1 2.060 0.180
5 1 2 -0.879 0.149
5 1 3 1.697 0.136
5 1 4 -0.948 0.166
5 1 5 1.603 0.140
5 1 6 2.059 0.157
5 1 7 1.415 0.211
5 1 8 1.584 0.185
5 1 9 -0.561 0.230
5 1 10 1.538 0.189
5 1 11 0.172 0.182
5 1 12 0.465 0.243
5 1 13 1.499 0.188
5 1 14 -1.222 0.174
5 1 15 -0.763 0.297
5 1 16 1.637 0.334
5 1 17 -0.748 0.227
5 1 18 1.176 0.396
5 1 19 0.893 0.324
5 1 20 0.545 0.239
5 1 21 1.506 0.398
5 1 22 -0.569 0.361
5 1 23 0.807 0.305
5 2 1 -0.615 0.098
5 2 2 -0.578 0.105
5 2 3 -1.150 0.148
5 2 4 -1.361 0.135
5 2 5 0.317 0.088
5 2 6 0.648 0.088
5 2 7 0.776 0.080
5 2 8 1.171 0.078
5 2 9 -0.319 0.081
5 2 10 1.500 0.073
5 2 11 1.133 0.073
5 2 12 1.767 0.068
5 2 13 1.103 0.080
5 2 14 -1.817 0.069
5 2 15 -1.737 0.070
5 2 16 -1.763 0.078
5 2 17 1.415 0.078
5 2 18 -1.001 0.077
5 2 19 1.630 0.072
5 2 20 0.992 0.069
5 2 21 1.835 0.072
5 2 22 1.199 0.073
5 2 23 -1.791 0.078
5 2 24 0.934 0.077
5 2 25 1.634 0.079
5 2 26 -1.721 0.077
5 2 27 -1.643 0.076
5 2 28 -1.537 0.089
5 2 29 -1.256 0.088
5 2 30 -1.343 0.081
5 2 31 -0.793 0.099
5 2 32 1.775 0.091
5 2 33 1.617 0.100
5 2 34 0.142 0.096
5 2 35 1.540 0.092
5 2 36 0.659 0.084
5 2 37 1.239 0.104
5 2 38 1.303 0.088
5 2 39 0.967 0.092
5 2 40 1.950 0.088
5 2 41 0.008 0.099
5 2 42 0.978 0.107
5 2 43 0.216 0.104
5 2 44 -1.356 0.102
5 2 45 -0.022 0.107
5 2 46 -1.103 0.103
5 2 47 -1.684 0.095
5 2 48 1.939 0.107
5 2 49 0.353 0.115
5 2 50 2.012 0.109
5 2 51 1.677 0.104
5 2 52 -1.874 0.096
5 2 53 -1.915 0.126
5 2 54 -0.555 0.107
5 2 55 -1.223 0.126
5 2 56 -1.504 0.121
5 2 57 -1.068 0.126
5 2 58 -0.703 0.111
5 2 59 -1.473 0.107
5 2 60 -1.480 0.142
5 2 61 -1.686 0.107
5 2 62 -0.619 0.120
5 3 1 -0.273 0.291
5 3 2 -2.059 0.383
5 3 3 1.518 0.447
5 3 4 -1.722 0.375
5 3 5 0.832 0.580
6 1 1 1.174 0.161
6 1 2 0.893 0.183
6 1 3 1.854 0.182
6 1 4 1.325 0.178
6 1 5 1.577 0.128
6 1 6 -1.393 0.204
6 1 7 -0.743 0.164
6 1 8 -0.467 0.170
6 1 9 0.801 0.185
6 1 10 0.548 0.193
6 1 11 0.667 0.171
6 1 12 1.748 0.264
6 1 13 1.006 0.154
6 1 14 -0.340 0.262
6 1 15 -0.242 0.203
6 1 16 1.421 0.279
6 1 17 -1.093 0.213
6 1 18 1.109 0.261
6 1 19 1.372 0.259
6 1 20 0.248 0.284
6 1 21 0.000 0.100
6 1 22 0.385 0.450
6 1 23 -0.495 0.380
6 2 1 -1.412 0.058
6 2 2 -1.274 0.053
6 2 3 -1.546 0.056
6 2 4 -0.369 0.072
6 2 5 -0.102 0.069
6 2 6 0.215 0.071
6 2 7 0.591 0.060
6 2 8 0.068 0.066
6 2 9 0.022 0.083
6 2 10 0.859 0.062
6 2 11 0.515 0.065
6 2 12 1.370 0.064
6 2 13 1.476 0.068
6 2 14 1.416 0.072
6 2 15 1.751 0.065
6 2 16 1.485 0.076
6 2 17 0.882 0.082
6 2 18 -1.117 0.081
6 2 19 0.179 0.086
6 2 20 0.418 0.080
6 2 21 -1.599 0.078
6 2 22 1.396 0.073
6 2 23 1.923 0.086
6 2 24 1.458 0.082
6 2 25 0.901 0.081
6 2 26 1.914 0.076
6 2 27 -1.530 0.074
6 2 28 -1.879 0.084
6 2 29 1.324 0.087
6 2 30 -1.350 0.085
6 2 31 -1.913 0.082
6 2 32 -1.698 0.092
6 2 33 0.932 0.087
6 2 34 0.129 0.082
6 2 35 0.432 0.101
6 2 36 -0.217 0.086
6 2 37 0.768 0.095
6 2 38 0.168 0.100
6 2 39 -1.891 0.094
6 2 40 1.027 0.084
6 2 41 -0.373 0.084
6 2 42 0.464 0.102
6 2 43 -0.659 0.114
6 2 44 1.308 0.108
6 2 45 -0.128 0.101
6 2 46 -1.397 0.113
6 2 47 1.049 0.109
6 2 48 -1.680 0.114
6 2 49 -0.176 0.120
6 2 50 -0.886 0.116
6 2 51 -0.001 0.106
6 2 52 -0.330 0.115
6 2 53 1.092 0.101
6 2 54 1.747 0.111
6 2 55 0.354 0.121
6 2 56 1.844 0.096
6 2 57 1.581 0.143
6 2 58 1.475 0.119
6 2 59 -1.900 0.090
6 2 60 0.372 0.129
6 2 61 -1.625 0.092
6 2 62 -1.605 0.086
6 3 1 -1.020 0.340
6 3 2 1.197 0.293
6 3 3 0.000 0.100
6 3 4 1.658 0.456
6 3 5 -0.840 0.365
