1 1 1 57.979 0.500 0.000 70.593 0.500 0.000
1 1 2 49.749 0.500 0.000 58.147 0.500 0.000
1 1 3 63.751 0.500 0.000 71.212 0.500 0.000
1 1 4 50.635 0.500 0.000 74.662 0.500 0.000
1 1 5 57.460 0.500 0.000 52.351 0.500 0.000
1 1 6 63.516 0.500 0.000 50.030 0.500 0.000
1 1 7 54.939 0.500 0.000 64.419 0.500 0.000
1 1 8 56.758 0.500 0.000 91.528 0.500 0.000
1 1 9 50.141 0.500 0.000 89.291 0.500 0.000
1 1 10 67.059 0.500 0.000 68.024 0.500 0.000
1 1 11 40.006 0.500 0.000 86.037 0.500 0.000
1 1 12 43.156 0.500 0.000 68.259 0.500 0.000
1 1 13 35.942 0.500 0.000 17.960 0.500 0.000
1 1 14 197.670 0.500 0.000 116.330 0.500 0.000
1 1 15 0.000 0.500 0.000 69.550 0.500 0.000
1 1 16 16.699 0.500 0.000 25.730 0.500 0.000
1 1 17 6.037 0.500 0.000 51.770 0.500 0.000
1 1 18 97.793 0.500 0.000 36.825 0.500 0.000
1 1 19 40.000 0.500 0.000 40.000 0.500 0.000
1 1 20 40.416 0.500 0.000 43.075 0.500 0.000
1 1 21 40.000 0.500 0.000 40.000 0.500 0.000
1 1 22 40.000 0.500 0.000 40.000 0.500 0.000
1 1 23 31.569 0.500 0.000 40.000 0.500 0.000
1 2 1 40.000 0.500 0.000 40.000 0.500 0.000
1 2 2 36.260 0.500 0.000 40.000 0.500 0.000
1 2 3 43.188 0.500 0.000 42.136 0.500 0.000
1 2 4 47.284 0.500 0.000 52.976 0.500 0.000
1 2 5 54.240 0.500 0.000 37.047 0.500 0.000
1 2 6 55.632 0.500 0.000 49.442 0.500 0.000
1 2 7 50.123 0.500 0.000 40.687 0.500 0.000
1 2 8 49.377 0.500 0.000 47.534 0.500 0.000
1 2 9 42.853 0.500 0.000 61.593 0.500 0.000
1 2 10 47.261 0.500 0.000 43.566 0.500 0.000
1 2 11 47.327 0.500 0.000 41.892 0.500 0.000
1 2 12 50.936 0.500 0.000 47.270 0.500 0.000
1 2 13 65.954 0.500 0.000 58.538 0.500 0.000
1 2 14 46.822 0.500 0.000 48.672 0.500 0.000
1 2 15 51.713 0.500 0.000 51.270 0.500 0.000
1 2 16 49.957 0.500 0.000 53.771 0.500 0.000
1 2 17 56.397 0.500 0.000 48.708 0.500 0.000
1 2 18 62.158 0.500 0.000 52.712 0.500 0.000
1 2 19 45.375 0.500 0.000 51.588 0.500 0.000
1 2 20 46.798 0.500 0.000 48.220 0.500 0.000
1 2 21 48.614 0.500 0.000 57.070 0.500 0.000
1 2 22 44.249 0.500 0.000 60.023 0.500 0.000
1 2 23 51.317 0.500 0.000 66.094 0.500 0.000
1 2 24 50.725 0.500 0.000 47.420 0.500 0.000
1 2 25 30.116 0.500 0.000 51.194 0.500 0.000
1 2 26 51.151 0.500 0.000 59.788 0.500 0.000
1 2 27 48.103 0.500 0.000 62.288 0.500 0.000
1 2 28 56.884 0.500 0.000 52.585 0.500 0.000
1 2 29 55.609 0.500 0.000 111.837 0.500 0.000
1 2 30 70.431 0.500 0.000 53.530 0.500 0.000
1 2 31 82.398 0.500 0.000 58.549 0.500 0.000
1 2 32 84.414 0.500 0.000 0.524 0.500 0.000
1 2 33 45.433 0.500 0.000 21.752 0.500 0.000
1 2 34 54.519 0.500 0.000 65.743 0.500 0.000
1 2 35 0.000 0.500 0.000 58.214 0.500 0.000
1 2 36 94.363 0.500 0.000 108.750 0.500 0.000
1 2 37 1.968 0.500 0.000 56.875 0.500 0.000
1 2 38 58.507 0.500 0.000 95.559 0.500 0.000
1 2 39 186.234 0.500 0.000 85.853 0.500 0.000
1 2 40 39.364 0.500 0.000 45.591 0.500 0.000
1 2 41 46.495 0.500 0.000 169.494 0.500 0.000
1 2 42 159.882 0.500 0.000 0.000 0.500 0.000
1 2 43 38.089 0.500 0.000 40.738 0.500 0.000
1 2 44 43.148 0.500 0.000 39.420 0.500 0.000
1 2 45 40.000 0.500 0.000 43.829 0.500 0.000
1 2 46 39.420 0.500 0.000 0.000 0.500 0.000
1 2 47 27.211 0.500 0.000 40.000 0.500 0.000
1 2 48 40.656 0.500 0.000 40.000 0.500 0.000
1 2 49 40.000 0.500 0.000 40.000 0.500 0.000
1 2 50 46.941 0.500 0.000 40.000 0.500 0.000
1 2 51 33.197 0.500 0.000 40.000 0.500 0.000
1 2 52 40.000 0.500 0.000 40.000 0.500 0.000
1 2 53 40.000 0.500 0.000 40.000 0.500 0.000
1 2 54 40.000 0.500 0.000 40.000 0.500 0.000
1 2 55 40.000 0.500 0.000 40.000 0.500 0.000
1 2 56 40.000 0.500 0.000 40.000 0.500 0.000
1 2 57 40.000 0.500 0.000 40.000 0.500 0.000
1 2 58 40.000 0.500 0.000 40.000 0.500 0.000
1 2 59 40.000 0.500 0.000 40.000 0.500 0.000
1 2 60 40.000 0.500 0.000 40.000 0.500 0.000
1 2 61 40.000 0.500 0.000 40.000 0.500 0.000
1 2 62 40.000 0.500 0.000 40.000 0.500 0.000
1 3 1 40.000 0.500 0.000 40.000 0.500 0.000
1 3 2 40.000 0.500 0.000 40.000 0.500 0.000
1 3 3 40.000 0.500 0.000 40.000 0.500 0.000
1 3 4 40.000 0.500 0.000 40.000 0.500 0.000
1 3 5 40.000 0.500 0.000 40.000 0.500 0.000
2 1 1 56.050 0.500 0.000 33.076 0.500 0.000
2 1 2 52.020 0.500 0.000 49.844 0.500 0.000
2 1 3 52.835 0.500 0.000 53.701 0.500 0.000
2 1 4 60.112 0.500 0.000 56.411 0.500 0.000
2 1 5 49.915 0.500 0.000 45.919 0.500 0.000
2 1 6 40.000 0.500 0.000 40.000 0.500 0.000
2 1 7 37.973 0.500 0.000 57.201 0.500 0.000
2 1 8 48.362 0.500 0.000 36.359 0.500 0.000
2 1 9 58.889 0.500 0.000 68.593 0.500 0.000
2 1 10 40.000 0.500 0.000 40.000 0.500 0.000
2 1 11 7.548 0.500 0.000 95.804 0.500 0.000
2 1 12 24.039 0.500 0.000 25.263 0.500 0.000
2 1 13 34.769 0.500 0.000 58.003 0.500 0.000
2 1 14 60.184 0.500 0.000 0.000 0.500 0.000
2 1 15 0.000 0.500 0.000 40.500 0.500 0.000
2 1 16 58.441 0.500 0.000 0.000 0.500 0.000
2 1 17 14.212 0.500 0.000 140.180 0.500 0.000
2 1 18 129.766 0.500 0.000 29.747 0.500 0.000
2 1 19 14.115 0.500 0.000 40.000 0.500 0.000
2 1 20 40.000 0.500 0.000 30.750 0.500 0.000
2 1 21 40.000 0.500 0.000 40.000 0.500 0.000
2 1 22 40.000 0.500 0.000 40.000 0.500 0.000
2 1 23 40.000 0.500 0.000 40.000 0.500 0.000
2 2 1 31.396 0.500 0.000 40.000 0.500 0.000
2 2 2 39.807 0.500 0.000 43.851 0.500 0.000
2 2 3 42.901 0.500 0.000 63.923 0.500 0.000
2 2 4 49.632 0.500 0.000 38.275 0.500 0.000
2 2 5 49.814 0.500 0.000 55.244 0.500 0.000
2 2 6 41.541 0.500 0.000 46.157 0.500 0.000
2 2 7 41.350 0.500 0.000 44.798 0.500 0.000
2 2 8 49.596 0.500 0.000 42.748 0.500 0.000
2 2 9 40.636 0.500 0.000 41.548 0.500 0.000
2 2 10 42.272 0.500 0.000 45.664 0.500 0.000
2 2 11 43.052 0.500 0.000 46.563 0.500 0.000
2 2 12 41.796 0.500 0.000 48.992 0.500 0.000
2 2 13 38.812 0.500 0.000 51.524 0.500 0.000
2 2 14 50.101 0.500 0.000 50.225 0.500 0.000
2 2 15 48.528 0.500 0.000 47.992 0.500 0.000
2 2 16 51.051 0.500 0.000 42.510 0.500 0.000
2 2 17 45.558 0.500 0.000 43.951 0.500 0.000
2 2 18 52.346 0.500 0.000 55.448 0.500 0.000
2 2 19 43.320 0.500 0.000 46.637 0.500 0.000
2 2 20 42.128 0.500 0.000 43.185 0.500 0.000
2 2 21 40.206 0.500 0.000 48.884 0.500 0.000
2 2 22 54.508 0.500 0.000 58.910 0.500 0.000
2 2 23 46.179 0.500 0.000 48.816 0.500 0.000
2 2 24 57.528 0.500 0.000 59.485 0.500 0.000
2 2 25 29.222 0.500 0.000 38.485 0.500 0.000
2 2 26 5.324 0.500 0.000 50.629 0.500 0.000
2 2 27 48.761 0.500 0.000 44.792 0.500 0.000
2 2 28 58.955 0.500 0.000 31.355 0.500 0.000
2 2 29 56.347 0.500 0.000 51.786 0.500 0.000
2 2 30 18.102 0.500 0.000 0.003 0.500 0.000
2 2 31 44.754 0.500 0.000 37.248 0.500 0.000
2 2 32 96.335 0.500 0.000 8.179 0.500 0.000
2 2 33 49.248 0.500 0.000 75.050 0.500 0.000
2 2 34 54.673 0.500 0.000 38.655 0.500 0.000
2 2 35 128.274 0.500 0.000 99.409 0.500 0.000
2 2 36 85.031 0.500 0.000 78.729 0.500 0.000
2 2 37 63.309 0.500 0.000 32.271 0.500 0.000
2 2 38 81.055 0.500 0.000 130.972 0.500 0.000
2 2 39 142.083 0.500 0.000 30.330 0.500 0.000
2 2 40 48.819 0.500 0.000 42.068 0.500 0.000
2 2 41 39.396 0.500 0.000 40.656 0.500 0.000
2 2 42 40.677 0.500 0.000 40.000 0.500 0.000
2 2 43 15.274 0.500 0.000 40.000 0.500 0.000
2 2 44 0.000 0.500 0.000 0.000 0.500 0.000
2 2 45 0.000 0.500 0.000 98.707 0.500 0.000
2 2 46 0.000 0.500 0.000 40.896 0.500 0.000
2 2 47 40.656 0.500 0.000 68.549 0.500 0.000
2 2 48 0.000 0.500 0.000 40.677 0.500 0.000
2 2 49 40.000 0.500 0.000 40.000 0.500 0.000
2 2 50 40.000 0.500 0.000 40.000 0.500 0.000
2 2 51 45.608 0.500 0.000 40.000 0.500 0.000
2 2 52 40.000 0.500 0.000 40.000 0.500 0.000
2 2 53 40.000 0.500 0.000 40.000 0.500 0.000
2 2 54 40.656 0.500 0.000 40.000 0.500 0.000
2 2 55 40.000 0.500 0.000 40.000 0.500 0.000
2 2 56 40.000 0.500 0.000 40.000 0.500 0.000
2 2 57 40.000 0.500 0.000 40.000 0.500 0.000
2 2 58 40.000 0.500 0.000 40.000 0.500 0.000
2 2 59 40.000 0.500 0.000 40.000 0.500 0.000
2 2 60 40.000 0.500 0.000 40.000 0.500 0.000
2 2 61 40.000 0.500 0.000 40.000 0.500 0.000
2 2 62 40.000 0.500 0.000 40.000 0.500 0.000
2 3 1 40.000 0.500 0.000 40.000 0.500 0.000
2 3 2 40.000 0.500 0.000 40.000 0.500 0.000
2 3 3 40.000 0.500 0.000 40.000 0.500 0.000
2 3 4 40.000 0.500 0.000 40.000 0.500 0.000
2 3 5 40.000 0.500 0.000 40.000 0.500 0.000
3 1 1 56.896 0.500 0.000 61.528 0.500 0.000
3 1 2 61.434 0.500 0.000 54.620 0.500 0.000
3 1 3 52.311 0.500 0.000 37.776 0.500 0.000
3 1 4 56.911 0.500 0.000 49.004 0.500 0.000
3 1 5 75.757 0.500 0.000 50.082 0.500 0.000
3 1 6 60.530 0.500 0.000 56.510 0.500 0.000
3 1 7 54.293 0.500 0.000 63.024 0.500 0.000
3 1 8 47.344 0.500 0.000 57.357 0.500 0.000
3 1 9 34.886 0.500 0.000 93.116 0.500 0.000
3 1 10 62.945 0.500 0.000 69.000 0.500 0.000
3 1 11 58.020 0.500 0.000 40.280 0.500 0.000
3 1 12 15.442 0.500 0.000 33.239 0.500 0.000
3 1 13 93.259 0.500 0.000 0.000 0.500 0.000
3 1 14 0.000 0.500 0.000 152.243 0.500 0.000
3 1 15 200.000 0.500 0.000 4.905 0.500 0.000
3 1 16 49.032 0.500 0.000 88.941 0.500 0.000
3 1 17 40.455 0.500 0.000 0.000 0.500 0.000
3 1 18 156.527 0.500 0.000 0.000 0.500 0.000
3 1 19 40.000 0.500 0.000 40.000 0.500 0.000
3 1 20 40.000 0.500 0.000 40.000 0.500 0.000
3 1 21 42.277 0.500 0.000 40.000 0.500 0.000
3 1 22 40.000 0.500 0.000 40.000 0.500 0.000
3 1 23 40.000 0.500 0.000 40.000 0.500 0.000
3 2 1 40.000 0.500 0.000 39.134 0.500 0.000
3 2 2 40.066 0.500 0.000 37.141 0.500 0.000
3 2 3 52.763 0.500 0.000 30.258 0.500 0.000
3 2 4 35.785 0.500 0.000 57.771 0.500 0.000
3 2 5 50.624 0.500 0.000 40.292 0.500 0.000
3 2 6 49.778 0.500 0.000 52.169 0.500 0.000
3 2 7 48.794 0.500 0.000 44.969 0.500 0.000
3 2 8 40.467 0.500 0.000 39.967 0.500 0.000
3 2 9 43.733 0.500 0.000 48.795 0.500 0.000
3 2 10 47.976 0.500 0.000 45.920 0.500 0.000
3 2 11 45.166 0.500 0.000 38.463 0.500 0.000
3 2 12 47.964 0.500 0.000 45.688 0.500 0.000
3 2 13 45.591 0.500 0.000 41.177 0.500 0.000
3 2 14 51.809 0.500 0.000 52.469 0.500 0.000
3 2 15 44.510 0.500 0.000 44.628 0.500 0.000
3 2 16 53.372 0.500 0.000 47.320 0.500 0.000
3 2 17 45.059 0.500 0.000 51.758 0.500 0.000
3 2 18 53.014 0.500 0.000 51.509 0.500 0.000
3 2 19 49.816 0.500 0.000 56.063 0.500 0.000
3 2 20 42.344 0.500 0.000 44.824 0.500 0.000
3 2 21 63.371 0.500 0.000 51.209 0.500 0.000
3 2 22 52.445 0.500 0.000 49.002 0.500 0.000
3 2 23 55.505 0.500 0.000 55.379 0.500 0.000
3 2 24 44.090 0.500 0.000 39.967 0.500 0.000
3 2 25 63.888 0.500 0.000 40.268 0.500 0.000
3 2 26 29.909 0.500 0.000 37.248 0.500 0.000
3 2 27 65.398 0.500 0.000 28.729 0.500 0.000
3 2 28 57.046 0.500 0.000 51.126 0.500 0.000
3 2 29 45.049 0.500 0.000 0.000 0.500 0.000
3 2 30 0.000 0.500 0.000 200.000 0.500 0.000
3 2 31 72.799 0.500 0.000 59.807 0.500 0.000
3 2 32 39.442 0.500 0.000 51.288 0.500 0.000
3 2 33 0.000 0.500 0.000 14.799 0.500 0.000
3 2 34 14.980 0.500 0.000 0.000 0.500 0.000
3 2 35 86.314 0.500 0.000 39.631 0.500 0.000
3 2 36 21.302 0.500 0.000 80.725 0.500 0.000
3 2 37 31.142 0.500 0.000 80.193 0.500 0.000
3 2 38 64.729 0.500 0.000 200.000 0.500 0.000
3 2 39 53.312 0.500 0.000 0.000 0.500 0.000
3 2 40 0.000 0.500 0.000 76.771 0.500 0.000
3 2 41 113.832 0.500 0.000 130.267 0.500 0.000
3 2 42 18.802 0.500 0.000 40.718 0.500 0.000
3 2 43 42.432 0.500 0.000 0.001 0.500 0.000
3 2 44 43.723 0.500 0.000 40.000 0.500 0.000
3 2 45 40.000 0.500 0.000 40.000 0.500 0.000
3 2 46 81.297 0.500 0.000 35.538 0.500 0.000
3 2 47 40.656 0.500 0.000 40.000 0.500 0.000
3 2 48 40.000 0.500 0.000 40.000 0.500 0.000
3 2 49 40.000 0.500 0.000 40.000 0.500 0.000
3 2 50 40.000 0.500 0.000 40.000 0.500 0.000
3 2 51 38.355 0.500 0.000 40.000 0.500 0.000
3 2 52 40.000 0.500 0.000 40.000 0.500 0.000
3 2 53 40.000 0.500 0.000 40.000 0.500 0.000
3 2 54 40.000 0.500 0.000 40.000 0.500 0.000
3 2 55 40.000 0.500 0.000 40.000 0.500 0.000
3 2 56 40.000 0.500 0.000 40.000 0.500 0.000
3 2 57 40.000 0.500 0.000 40.000 0.500 0.000
3 2 58 40.000 0.500 0.000 40.000 0.500 0.000
3 2 59 40.000 0.500 0.000 40.000 0.500 0.000
3 2 60 40.000 0.500 0.000 40.000 0.500 0.000
3 2 61 40.000 0.500 0.000 40.000 0.500 0.000
3 2 62 40.000 0.500 0.000 40.000 0.500 0.000
3 3 1 40.000 0.500 0.000 40.000 0.500 0.000
3 3 2 40.000 0.500 0.000 40.000 0.500 0.000
3 3 3 40.000 0.500 0.000 40.000 0.500 0.000
3 3 4 40.000 0.500 0.000 40.000 0.500 0.000
3 3 5 40.000 0.500 0.000 40.000 0.500 0.000
4 1 1 55.141 0.500 0.000 55.602 0.500 0.000
4 1 2 49.662 0.500 0.000 60.963 0.500 0.000
4 1 3 48.493 0.500 0.000 53.970 0.500 0.000
4 1 4 46.063 0.500 0.000 38.773 0.500 0.000
4 1 5 49.752 0.500 0.000 55.412 0.500 0.000
4 1 6 53.771 0.500 0.000 60.472 0.500 0.000
4 1 7 64.902 0.500 0.000 58.147 0.500 0.000
4 1 8 44.106 0.500 0.000 63.245 0.500 0.000
4 1 9 53.083 0.500 0.000 72.721 0.500 0.000
4 1 10 71.506 0.500 0.000 78.369 0.500 0.000
4 1 11 59.216 0.500 0.000 35.293 0.500 0.000
4 1 12 67.301 0.500 0.000 71.650 0.500 0.000
4 1 13 55.403 0.500 0.000 23.336 0.500 0.000
4 1 14 51.913 0.500 0.000 26.537 0.500 0.000
4 1 15 0.000 0.500 0.000 75.240 0.500 0.000
4 1 16 30.066 0.500 0.000 104.706 0.500 0.000
4 1 17 16.754 0.500 0.000 14.238 0.500 0.000
4 1 18 40.000 0.500 0.000 100.897 0.500 0.000
4 1 19 40.000 0.500 0.000 40.000 0.500 0.000
4 1 20 31.519 0.500 0.000 39.505 0.500 0.000
4 1 21 40.000 0.500 0.000 40.000 0.500 0.000
4 1 22 40.000 0.500 0.000 40.000 0.500 0.000
4 1 23 40.000 0.500 0.000 40.000 0.500 0.000
4 2 1 40.000 0.500 0.000 40.000 0.500 0.000
4 2 2 46.760 0.500 0.000 23.363 0.500 0.000
4 2 3 46.118 0.500 0.000 50.907 0.500 0.000
4 2 4 43.796 0.500 0.000 48.059 0.500 0.000
4 2 5 51.642 0.500 0.000 44.083 0.500 0.000
4 2 6 45.184 0.500 0.000 57.291 0.500 0.000
4 2 7 42.014 0.500 0.000 48.089 0.500 0.000
4 2 8 50.344 0.500 0.000 50.756 0.500 0.000
4 2 9 46.356 0.500 0.000 51.217 0.500 0.000
4 2 10 43.954 0.500 0.000 44.918 0.500 0.000
4 2 11 46.573 0.500 0.000 51.493 0.500 0.000
4 2 12 51.177 0.500 0.000 42.088 0.500 0.000
4 2 13 45.935 0.500 0.000 47.922 0.500 0.000
4 2 14 56.306 0.500 0.000 46.473 0.500 0.000
4 2 15 53.535 0.500 0.000 45.119 0.500 0.000
4 2 16 53.630 0.500 0.000 55.974 0.500 0.000
4 2 17 49.747 0.500 0.000 48.251 0.500 0.000
4 2 18 47.360 0.500 0.000 64.155 0.500 0.000
4 2 19 50.569 0.500 0.000 52.307 0.500 0.000
4 2 20 56.236 0.500 0.000 49.786 0.500 0.000
4 2 21 51.514 0.500 0.000 60.380 0.500 0.000
4 2 22 48.335 0.500 0.000 43.222 0.500 0.000
4 2 23 47.541 0.500 0.000 35.297 0.500 0.000
4 2 24 60.158 0.500 0.000 34.324 0.500 0.000
4 2 25 57.405 0.500 0.000 55.323 0.500 0.000
4 2 26 44.418 0.500 0.000 37.046 0.500 0.000
4 2 27 41.447 0.500 0.000 39.574 0.500 0.000
4 2 28 76.668 0.500 0.000 32.224 0.500 0.000
4 2 29 0.001 0.500 0.000 62.218 0.500 0.000
4 2 30 48.819 0.500 0.000 124.950 0.500 0.000
4 2 31 200.000 0.500 0.000 70.079 0.500 0.000
4 2 32 96.215 0.500 0.000 52.718 0.500 0.000
4 2 33 32.836 0.500 0.000 81.705 0.500 0.000
4 2 34 69.014 0.500 0.000 38.811 0.500 0.000
4 2 35 37.003 0.500 0.000 37.761 0.500 0.000
4 2 36 37.325 0.500 0.000 69.415 0.500 0.000
4 2 37 97.633 0.500 0.000 70.747 0.500 0.000
4 2 38 16.941 0.500 0.000 97.585 0.500 0.000
4 2 39 82.561 0.500 0.000 35.541 0.500 0.000
4 2 40 63.475 0.500 0.000 40.165 0.500 0.000
4 2 41 28.667 0.500 0.000 42.825 0.500 0.000
4 2 42 44.820 0.500 0.000 39.420 0.500 0.000
4 2 43 21.962 0.500 0.000 0.000 0.500 0.000
4 2 44 23.079 0.500 0.000 37.949 0.500 0.000
4 2 45 73.571 0.500 0.000 82.040 0.500 0.000
4 2 46 40.000 0.500 0.000 39.291 0.500 0.000
4 2 47 1.626 0.500 0.000 40.000 0.500 0.000
4 2 48 40.000 0.500 0.000 40.000 0.500 0.000
4 2 49 40.000 0.500 0.000 40.000 0.500 0.000
4 2 50 40.000 0.500 0.000 40.000 0.500 0.000
4 2 51 40.000 0.500 0.000 40.000 0.500 0.000
4 2 52 36.669 0.500 0.000 40.738 0.500 0.000
4 2 53 39.396 0.500 0.000 40.000 0.500 0.000
4 2 54 40.000 0.500 0.000 40.000 0.500 0.000
4 2 55 40.000 0.500 0.000 40.000 0.500 0.000
4 2 56 40.000 0.500 0.000 40.000 0.500 0.000
4 2 57 40.000 0.500 0.000 40.000 0.500 0.000
4 2 58 40.000 0.500 0.000 40.000 0.500 0.000
4 2 59 40.000 0.500 0.000 40.000 0.500 0.000
4 2 60 40.000 0.500 0.000 40.000 0.500 0.000
4 2 61 40.000 0.500 0.000 40.000 0.500 0.000
4 2 62 40.000 0.500 0.000 40.000 0.500 0.000
4 3 1 40.000 0.500 0.000 40.000 0.500 0.000
4 3 2 40.000 0.500 0.000 40.000 0.500 0.000
4 3 3 40.000 0.500 0.000 40.000 0.500 0.000
4 3 4 40.000 0.500 0.000 40.000 0.500 0.000
4 3 5 40.000 0.500 0.000 40.000 0.500 0.000
5 1 1 46.199 0.500 0.000 78.860 0.500 0.000
5 1 2 62.347 0.500 0.000 45.160 0.500 0.000
5 1 3 51.201 0.500 0.000 50.851 0.500 0.000
5 1 4 59.901 0.500 0.000 59.382 0.500 0.000
5 1 5 52.842 0.500 0.000 55.648 0.500 0.000
5 1 6 64.179 0.500 0.000 56.354 0.500 0.000
5 1 7 53.676 0.500 0.000 66.053 0.500 0.000
5 1 8 57.212 0.500 0.000 42.142 0.500 0.000
5 1 9 32.958 0.500 0.000 47.007 0.500 0.000
5 1 10 13.664 0.500 0.000 57.378 0.500 0.000
5 1 11 91.167 0.500 0.000 59.570 0.500 0.000
5 1 12 58.582 0.500 0.000 65.384 0.500 0.000
5 1 13 20.314 0.500 0.000 77.776 0.500 0.000
5 1 14 3.484 0.500 0.000 14.900 0.500 0.000
5 1 15 81.414 0.500 0.000 45.893 0.500 0.000
5 1 16 0.000 0.500 0.000 112.492 0.500 0.000
5 1 17 37.556 0.500 0.000 40.000 0.500 0.000
5 1 18 185.992 0.500 0.000 200.000 0.500 0.000
5 1 19 40.681 0.500 0.000 32.129 0.500 0.000
5 1 20 40.000 0.500 0.000 40.000 0.500 0.000
5 1 21 40.000 0.500 0.000 40.000 0.500 0.000
5 1 22 40.000 0.500 0.000 40.000 0.500 0.000
5 1 23 40.000 0.500 0.000 40.000 0.500 0.000
5 2 1 40.000 0.500 0.000 41.940 0.500 0.000
5 2 2 44.145 0.500 0.000 49.259 0.500 0.000
5 2 3 60.659 0.500 0.000 47.121 0.500 0.000
5 2 4 51.517 0.500 0.000 50.211 0.500 0.000
5 2 5 50.305 0.500 0.000 49.355 0.500 0.000
5 2 6 51.735 0.500 0.000 53.059 0.500 0.000
5 2 7 55.293 0.500 0.000 40.559 0.500 0.000
5 2 8 51.121 0.500 0.000 49.453 0.500 0.000
5 2 9 36.856 0.500 0.000 45.689 0.500 0.000
5 2 10 46.414 0.500 0.000 46.955 0.500 0.000
5 2 11 46.280 0.500 0.000 39.244 0.500 0.000
5 2 12 45.146 0.500 0.000 39.869 0.500 0.000
5 2 13 47.056 0.500 0.000 42.980 0.500 0.000
5 2 14 49.184 0.500 0.000 48.784 0.500 0.000
5 2 15 44.124 0.500 0.000 44.333 0.500 0.000
5 2 16 53.157 0.500 0.000 47.996 0.500 0.000
5 2 17 45.125 0.500 0.000 59.644 0.500 0.000
5 2 18 50.259 0.500 0.000 55.532 0.500 0.000
5 2 19 52.260 0.500 0.000 48.056 0.500 0.000
5 2 20 43.322 0.500 0.000 38.485 0.500 0.000
5 2 21 51.260 0.500 0.000 49.789 0.500 0.000
5 2 22 46.903 0.500 0.000 45.871 0.500 0.000
5 2 23 45.583 0.500 0.000 41.295 0.500 0.000
5 2 24 56.873 0.500 0.000 33.105 0.500 0.000
5 2 25 46.226 0.500 0.000 49.201 0.500 0.000
5 2 26 55.232 0.500 0.000 43.128 0.500 0.000
5 2 27 36.213 0.500 0.000 52.186 0.500 0.000
5 2 28 65.749 0.500 0.000 67.525 0.500 0.000
5 2 29 41.695 0.500 0.000 33.856 0.500 0.000
5 2 30 61.820 0.500 0.000 53.455 0.500 0.000
5 2 31 67.928 0.500 0.000 71.048 0.500 0.000
5 2 32 55.535 0.500 0.000 0.000 0.500 0.000
5 2 33 0.000 0.500 0.000 25.706 0.500 0.000
5 2 34 45.911 0.500 0.000 68.420 0.500 0.000
5 2 35 46.150 0.500 0.000 108.301 0.500 0.000
5 2 36 50.898 0.500 0.000 65.884 0.500 0.000
5 2 37 90.056 0.500 0.000 0.000 0.500 0.000
5 2 38 83.300 0.500 0.000 40.757 0.500 0.000
5 2 39 60.070 0.500 0.000 59.222 0.500 0.000
5 2 40 60.025 0.500 0.000 0.000 0.500 0.000
5 2 41 0.000 0.500 0.000 142.816 0.500 0.000
5 2 42 36.487 0.500 0.000 39.331 0.500 0.000
5 2 43 200.000 0.500 0.000 5.381 0.500 0.000
5 2 44 40.000 0.500 0.000 37.857 0.500 0.000
5 2 45 39.235 0.500 0.000 40.000 0.500 0.000
5 2 46 20.924 0.500 0.000 33.010 0.500 0.000
5 2 47 39.444 0.500 0.000 28.714 0.500 0.000
5 2 48 102.031 0.500 0.000 43.503 0.500 0.000
5 2 49 40.000 0.500 0.000 40.000 0.500 0.000
5 2 50 40.000 0.500 0.000 40.000 0.500 0.000
5 2 51 40.000 0.500 0.000 40.000 0.500 0.000
5 2 52 40.000 0.500 0.000 40.000 0.500 0.000
5 2 53 39.291 0.500 0.000 40.000 0.500 0.000
5 2 54 40.000 0.500 0.000 40.000 0.500 0.000
5 2 55 40.000 0.500 0.000 40.000 0.500 0.000
5 2 56 40.000 0.500 0.000 40.000 0.500 0.000
5 2 57 40.000 0.500 0.000 40.000 0.500 0.000
5 2 58 40.000 0.500 0.000 40.000 0.500 0.000
5 2 59 40.000 0.500 0.000 40.000 0.500 0.000
5 2 60 40.000 0.500 0.000 40.000 0.500 0.000
5 2 61 40.000 0.500 0.000 40.000 0.500 0.000
5 2 62 40.000 0.500 0.000 40.000 0.500 0.000
5 3 1 40.000 0.500 0.000 40.000 0.500 0.000
5 3 2 40.000 0.500 0.000 40.000 0.500 0.000
5 3 3 40.000 0.500 0.000 40.000 0.500 0.000
5 3 4 40.000 0.500 0.000 40.000 0.500 0.000
5 3 5 40.000 0.500 0.000 40.000 0.500 0.000
6 1 1 88.769 0.500 0.000 62.515 0.500 0.000
6 1 2 34.859 0.500 0.000 47.467 0.500 0.000
6 1 3 41.442 0.500 0.000 52.745 0.500 0.000
6 1 4 60.596 0.500 0.000 54.145 0.500 0.000
6 1 5 61.153 0.500 0.000 53.984 0.500 0.000
6 1 6 59.289 0.500 0.000 65.225 0.500 0.000
6 1 7 62.656 0.500 0.000 53.348 0.500 0.000
6 1 8 56.942 0.500 0.000 43.645 0.500 0.000
6 1 9 79.761 0.500 0.000 68.179 0.500 0.000
6 1 10 53.129 0.500 0.000 1.287 0.500 0.000
6 1 11 0.000 0.500 0.000 43.776 0.500 0.000
6 1 12 68.720 0.500 0.000 0.000 0.500 0.000
6 1 13 27.919 0.500 0.000 55.469 0.500 0.000
6 1 14 91.237 0.500 0.000 75.108 0.500 0.000
6 1 15 0.000 0.500 0.000 30.409 0.500 0.000
6 1 16 33.475 0.500 0.000 93.548 0.500 0.000
6 1 17 91.301 0.500 0.000 0.000 0.500 0.000
6 1 18 161.350 0.500 0.000 32.059 0.500 0.000
6 1 19 32.842 0.500 0.000 40.000 0.500 0.000
6 1 20 16.346 0.500 0.000 40.000 0.500 0.000
6 1 21 40.000 0.500 0.000 40.000 0.500 0.000
6 1 22 40.000 0.500 0.000 40.000 0.500 0.000
6 1 23 40.000 0.500 0.000 40.000 0.500 0.000
6 2 1 44.813 0.500 0.000 41.940 0.500 0.000
6 2 2 57.704 0.500 0.000 43.712 0.500 0.000
6 2 3 45.324 0.500 0.000 48.012 0.500 0.000
6 2 4 49.162 0.500 0.000 48.086 0.500 0.000
6 2 5 44.966 0.500 0.000 41.557 0.500 0.000
6 2 6 49.568 0.500 0.000 42.490 0.500 0.000
6 2 7 44.354 0.500 0.000 47.137 0.500 0.000
6 2 8 45.686 0.500 0.000 50.833 0.500 0.000
6 2 9 46.325 0.500 0.000 57.644 0.500 0.000
6 2 10 43.326 0.500 0.000 46.245 0.500 0.000
6 2 11 45.203 0.500 0.000 51.017 0.500 0.000
6 2 12 49.722 0.500 0.000 46.137 0.500 0.000
6 2 13 44.808 0.500 0.000 45.828 0.500 0.000
6 2 14 48.871 0.500 0.000 53.280 0.500 0.000
6 2 15 55.208 0.500 0.000 45.507 0.500 0.000
6 2 16 47.467 0.500 0.000 54.516 0.500 0.000
6 2 17 41.350 0.500 0.000 50.137 0.500 0.000
6 2 18 62.979 0.500 0.000 59.771 0.500 0.000
6 2 19 66.513 0.500 0.000 53.270 0.500 0.000
6 2 20 45.239 0.500 0.000 59.190 0.500 0.000
6 2 21 46.112 0.500 0.000 49.596 0.500 0.000
6 2 22 34.392 0.500 0.000 43.559 0.500 0.000
6 2 23 45.366 0.500 0.000 43.086 0.500 0.000
6 2 24 46.244 0.500 0.000 44.407 0.500 0.000
6 2 25 19.509 0.500 0.000 37.261 0.500 0.000
6 2 26 28.304 0.500 0.000 55.810 0.500 0.000
6 2 27 29.276 0.500 0.000 42.195 0.500 0.000
6 2 28 45.608 0.500 0.000 58.485 0.500 0.000
6 2 29 50.903 0.500 0.000 27.771 0.500 0.000
6 2 30 14.537 0.500 0.000 40.433 0.500 0.000
6 2 31 42.051 0.500 0.000 4.159 0.500 0.000
6 2 32 156.900 0.500 0.000 73.841 0.500 0.000
6 2 33 17.897 0.500 0.000 0.000 0.500 0.000
6 2 34 41.659 0.500 0.000 81.094 0.500 0.000
6 2 35 66.607 0.500 0.000 62.573 0.500 0.000
6 2 36 40.677 0.500 0.000 30.523 0.500 0.000
6 2 37 76.708 0.500 0.000 23.838 0.500 0.000
6 2 38 200.000 0.500 0.000 33.323 0.500 0.000
6 2 39 38.575 0.500 0.000 41.508 0.500 0.000
6 2 40 39.374 0.500 0.000 33.394 0.500 0.000
6 2 41 50.599 0.500 0.000 40.000 0.500 0.000
6 2 42 14.404 0.500 0.000 31.004 0.500 0.000
6 2 43 39.344 0.500 0.000 40.000 0.500 0.000
6 2 44 40.000 0.500 0.000 32.148 0.500 0.000
6 2 45 40.000 0.500 0.000 40.000 0.500 0.000
6 2 46 28.616 0.500 0.000 39.420 0.500 0.000
6 2 47 40.000 0.500 0.000 40.000 0.500 0.000
6 2 48 38.089 0.500 0.000 25.540 0.500 0.000
6 2 49 40.000 0.500 0.000 40.000 0.500 0.000
6 2 50 40.000 0.500 0.000 40.000 0.500 0.000
6 2 51 40.000 0.500 0.000 40.000 0.500 0.000
6 2 52 40.000 0.500 0.000 40.000 0.500 0.000
6 2 53 40.000 0.500 0.000 40.000 0.500 0.000
6 2 54 40.000 0.500 0.000 40.000 0.500 0.000
6 2 55 40.000 0.500 0.000 40.000 0.500 0.000
6 2 56 40.000 0.500 0.000 40.000 0.500 0.000
6 2 57 40.000 0.500 0.000 40.000 0.500 0.000
6 2 58 40.000 0.500 0.000 40.000 0.500 0.000
6 2 59 40.000 0.500 0.000 40.000 0.500 0.000
6 2 60 40.000 0.500 0.000 40.000 0.500 0.000
6 2 61 40.000 0.500 0.000 40.000 0.500 0.000
6 2 62 40.000 0.500 0.000 40.000 0.500 0.000
6 3 1 40.000 0.500 0.000 40.000 0.500 0.000
6 3 2 40.000 0.500 0.000 40.000 0.500 0.000
6 3 3 40.000 0.500 0.000 40.000 0.500 0.000
6 3 4 40.000 0.500 0.000 40.000 0.500 0.000
6 3 5 40.000 0.500 0.000 40.000 0.500 0.000
