1 1 1 -12.024
1 1 2 -8.016
1 1 3 -8.016
1 1 4 -12.024
1 1 5 -12.024
1 1 6 -12.024
1 1 7 -12.024
1 1 8 -12.024
1 1 9 -8.016
1 1 10 -4.008
1 1 11 -8.016
1 1 12 -4.008
1 1 13 -4.008
1 1 14 -4.008
1 1 15 -0.000
1 1 16 -4.008
1 1 17 -0.000
1 1 18 -0.000
1 1 19 -0.000
1 1 20 4.008
1 1 21 4.008
1 1 22 4.008
1 1 23 -0.000
1 2 1 -0.000
1 2 2 8.016
1 2 3 8.016
1 2 4 8.016
1 2 5 8.016
1 2 6 8.016
1 2 7 12.024
1 2 8 -8.016
1 2 9 -0.000
1 2 10 8.016
1 2 11 12.024
1 2 12 4.008
1 2 13 -0.000
1 2 14 16.032
1 2 15 8.016
1 2 16 8.016
1 2 17 8.016
1 2 18 4.008
1 2 19 8.016
1 2 20 8.016
1 2 21 8.016
1 2 22 8.016
1 2 23 8.016
1 2 24 8.016
1 2 25 8.016
1 2 26 12.024
1 2 27 20.040
1 2 28 20.040
1 2 29 12.024
1 2 30 12.024
1 2 31 20.040
1 2 32 20.040
1 2 33 12.024
1 2 34 12.024
1 2 35 12.024
1 2 36 16.032
1 2 37 12.024
1 2 38 16.032
1 2 39 16.032
1 2 40 16.032
1 2 41 16.032
1 2 42 16.032
1 2 43 20.040
1 2 44 16.032
1 2 45 16.032
1 2 46 24.048
1 2 47 16.032
1 2 48 16.032
1 2 49 8.016
1 2 50 16.032
1 2 51 16.032
1 2 52 16.032
1 2 53 16.032
1 2 54 16.032
1 2 55 16.032
1 2 56 16.032
1 2 57 16.032
1 2 58 16.032
1 2 59 16.032
1 2 60 16.032
1 2 61 16.032
1 2 62 16.032
1 3 1 -8.016
1 3 2 -8.016
1 3 3 -8.016
1 3 4 -12.024
1 3 5 -4.008
2 1 1 -28.056
2 1 2 -44.088
2 1 3 -20.040
2 1 4 -24.048
2 1 5 -36.072
2 1 6 0.000
2 1 7 -24.048
2 1 8 -28.056
2 1 9 -28.056
2 1 10 0.000
2 1 11 -24.048
2 1 12 -20.040
2 1 13 -24.048
2 1 14 -20.040
2 1 15 -16.032
2 1 16 -16.032
2 1 17 -20.040
2 1 18 -16.032
2 1 19 0.000
2 1 20 -12.024
2 1 21 -12.024
2 1 22 -16.032
2 1 23 -12.024
2 2 1 -16.032
2 2 2 -8.016
2 2 3 -28.056
2 2 4 -16.032
2 2 5 -4.008
2 2 6 -8.016
2 2 7 -4.008
2 2 8 -8.016
2 2 9 -4.008
2 2 10 -4.008
2 2 11 -12.024
2 2 12 -24.048
2 2 13 -4.008
2 2 14 -0.000
2 2 15 -8.016
2 2 16 -20.040
2 2 17 -20.040
2 2 18 -12.024
2 2 19 -8.016
2 2 20 -8.016
2 2 21 -8.016
2 2 22 -20.040
2 2 23 -8.016
2 2 24 -8.016
2 2 25 -8.016
2 2 26 -4.008
2 2 27 -4.008
2 2 28 -4.008
2 2 29 -4.008
2 2 30 -4.008
2 2 31 -4.008
2 2 32 -4.008
2 2 33 -4.008
2 2 34 -4.008
2 2 35 -4.008
2 2 36 -8.016
2 2 37 -4.008
2 2 38 -0.000
2 2 39 -0.000
2 2 40 -0.000
2 2 41 -4.008
2 2 42 -0.000
2 2 43 -4.008
2 2 44 -0.000
2 2 45 -0.000
2 2 46 -0.000
2 2 47 -0.000
2 2 48 -0.000
2 2 49 -0.000
2 2 50 4.008
2 2 51 4.008
2 2 52 4.008
2 2 53 4.008
2 2 54 4.008
2 2 55 4.008
2 2 56 8.016
2 2 57 8.016
2 2 58 4.008
2 2 59 4.008
2 2 60 4.008
2 2 61 4.008
2 2 62 4.008
2 3 1 -24.048
2 3 2 -20.040
2 3 3 -32.064
2 3 4 -24.048
2 3 5 -28.056
3 1 1 -12.024
3 1 2 -12.024
3 1 3 -32.064
3 1 4 -8.016
3 1 5 -4.008
3 1 6 -28.056
3 1 7 -16.032
3 1 8 -12.024
3 1 9 -16.032
3 1 10 -12.024
3 1 11 -12.024
3 1 12 -8.016
3 1 13 -12.024
3 1 14 -12.024
3 1 15 -8.016
3 1 16 -8.016
3 1 17 -0.000
3 1 18 -8.016
3 1 19 -8.016
3 1 20 -0.000
3 1 21 -0.000
3 1 22 -0.000
3 1 23 -4.008
3 2 1 -4.008
3 2 2 -16.032
3 2 3 -16.032
3 2 4 -16.032
3 2 5 8.016
3 2 6 -16.032
3 2 7 8.016
3 2 8 8.016
3 2 9 -16.032
3 2 10 8.016
3 2 11 8.016
3 2 12 -12.024
3 2 13 8.016
3 2 14 12.024
3 2 15 12.024
3 2 16 12.024
3 2 17 -0.000
3 2 18 12.024
3 2 19 -12.024
3 2 20 12.024
3 2 21 12.024
3 2 22 12.024
3 2 23 4.008
3 2 24 12.024
3 2 25 -0.000
3 2 26 8.016
3 2 27 4.008
3 2 28 8.016
3 2 29 8.016
3 2 30 8.016
3 2 31 8.016
3 2 32 8.016
3 2 33 4.008
3 2 34 8.016
3 2 35 8.016
3 2 36 4.008
3 2 37 4.008
3 2 38 12.024
3 2 39 12.024
3 2 40 12.024
3 2 41 8.016
3 2 42 8.016
3 2 43 8.016
3 2 44 12.024
3 2 45 8.016
3 2 46 12.024
3 2 47 12.024
3 2 48 12.024
3 2 49 8.016
3 2 50 16.032
3 2 51 12.024
3 2 52 16.032
3 2 53 12.024
3 2 54 16.032
3 2 55 16.032
3 2 56 16.032
3 2 57 16.032
3 2 58 16.032
3 2 59 16.032
3 2 60 16.032
3 2 61 16.032
3 2 62 16.032
3 3 1 -12.024
3 3 2 -8.016
3 3 3 -16.032
3 3 4 -4.008
3 3 5 -16.032
4 1 1 -40.080
4 1 2 -40.080
4 1 3 -16.032
4 1 4 -16.032
4 1 5 -32.064
4 1 6 -12.024
4 1 7 -20.040
4 1 8 -20.040
4 1 9 -20.040
4 1 10 -20.040
4 1 11 -20.040
4 1 12 -20.040
4 1 13 -16.032
4 1 14 -16.032
4 1 15 -12.024
4 1 16 -12.024
4 1 17 -16.032
4 1 18 -12.024
4 1 19 -12.024
4 1 20 -8.016
4 1 21 -8.016
4 1 22 -4.008
4 1 23 -8.016
4 2 1 -0.000
4 2 2 -24.048
4 2 3 -8.016
4 2 4 -8.016
4 2 5 -8.016
4 2 6 -8.016
4 2 7 -20.040
4 2 8 -8.016
4 2 9 -20.040
4 2 10 -8.016
4 2 11 -20.040
4 2 12 4.008
4 2 13 4.008
4 2 14 -16.032
4 2 15 -16.032
4 2 16 -16.032
4 2 17 8.016
4 2 18 -4.008
4 2 19 -4.008
4 2 20 -4.008
4 2 21 -4.008
4 2 22 -4.008
4 2 23 -0.000
4 2 24 -4.008
4 2 25 -4.008
4 2 26 -0.000
4 2 27 -0.000
4 2 28 4.008
4 2 29 -0.000
4 2 30 16.032
4 2 31 16.032
4 2 32 -0.000
4 2 33 -0.000
4 2 34 -0.000
4 2 35 -0.000
4 2 36 -0.000
4 2 37 -0.000
4 2 38 4.008
4 2 39 4.008
4 2 40 4.008
4 2 41 4.008
4 2 42 4.008
4 2 43 4.008
4 2 44 4.008
4 2 45 4.008
4 2 46 4.008
4 2 47 4.008
4 2 48 8.016
4 2 49 4.008
4 2 50 8.016
4 2 51 8.016
4 2 52 8.016
4 2 53 8.016
4 2 54 28.056
4 2 55 28.056
4 2 56 12.024
4 2 57 12.024
4 2 58 12.024
4 2 59 8.016
4 2 60 12.024
4 2 61 12.024
4 2 62 12.024
4 3 1 -24.048
4 3 2 -12.024
4 3 3 -8.016
4 3 4 -20.040
4 3 5 -12.024
5 1 1 -12.024
5 1 2 -16.032
5 1 3 -12.024
5 1 4 -16.032
5 1 5 -4.008
5 1 6 -8.016
5 1 7 -4.008
5 1 8 -12.024
5 1 9 -12.024
5 1 10 -0.000
5 1 11 -8.016
5 1 12 4.008
5 1 13 -8.016
5 1 14 8.016
5 1 15 4.008
5 1 16 -0.000
5 1 17 8.016
5 1 18 -4.008
5 1 19 8.016
5 1 20 12.024
5 1 21 -0.000
5 1 22 16.032
5 1 23 -0.000
5 2 1 12.024
5 2 2 -0.000
5 2 3 -0.000
5 2 4 -0.000
5 2 5 8.016
5 2 6 8.016
5 2 7 -0.000
5 2 8 -0.000
5 2 9 -0.000
5 2 10 4.008
5 2 11 8.016
5 2 12 8.016
5 2 13 -0.000
5 2 14 12.024
5 2 15 8.016
5 2 16 8.016
5 2 17 12.024
5 2 18 4.008
5 2 19 12.024
5 2 20 12.024
5 2 21 12.024
5 2 22 16.032
5 2 23 8.016
5 2 24 8.016
5 2 25 4.008
5 2 26 12.024
5 2 27 24.048
5 2 28 12.024
5 2 29 12.024
5 2 30 12.024
5 2 31 24.048
5 2 32 8.016
5 2 33 24.048
5 2 34 20.040
5 2 35 8.016
5 2 36 20.040
5 2 37 20.040
5 2 38 12.024
5 2 39 20.040
5 2 40 12.024
5 2 41 24.048
5 2 42 12.024
5 2 43 24.048
5 2 44 28.056
5 2 45 12.024
5 2 46 28.056
5 2 47 28.056
5 2 48 12.024
5 2 49 12.024
5 2 50 32.064
5 2 51 16.032
5 2 52 16.032
5 2 53 16.032
5 2 54 20.040
5 2 55 32.064
5 2 56 16.032
5 2 57 32.064
5 2 58 20.040
5 2 59 16.032
5 2 60 16.032
5 2 61 16.032
5 2 62 32.064
5 3 1 -4.008
5 3 2 -20.040
5 3 3 -8.016
5 3 4 -16.032
5 3 5 -8.016
6 1 1 -12.024
6 1 2 -12.024
6 1 3 -12.024
6 1 4 -12.024
6 1 5 -16.032
6 1 6 -8.016
6 1 7 -4.008
6 1 8 -12.024
6 1 9 -4.008
6 1 10 -8.016
6 1 11 -8.016
6 1 12 -4.008
6 1 13 -0.000
6 1 14 -8.016
6 1 15 -4.008
6 1 16 -8.016
6 1 17 -8.016
6 1 18 -12.024
6 1 19 -4.008
6 1 20 -4.008
6 1 21 0.000
6 1 22 -4.008
6 1 23 8.016
6 2 1 4.008
6 2 2 -0.000
6 2 3 4.008
6 2 4 8.016
6 2 5 8.016
6 2 6 8.016
6 2 7 8.016
6 2 8 8.016
6 2 9 8.016
6 2 10 8.016
6 2 11 8.016
6 2 12 8.016
6 2 13 8.016
6 2 14 12.024
6 2 15 4.008
6 2 16 12.024
6 2 17 12.024
6 2 18 12.024
6 2 19 12.024
6 2 20 12.024
6 2 21 20.040
6 2 22 12.024
6 2 23 12.024
6 2 24 12.024
6 2 25 12.024
6 2 26 12.024
6 2 27 12.024
6 2 28 8.016
6 2 29 8.016
6 2 30 8.016
6 2 31 12.024
6 2 32 12.024
6 2 33 16.032
6 2 34 8.016
6 2 35 16.032
6 2 36 8.016
6 2 37 16.032
6 2 38 20.040
6 2 39 16.032
6 2 40 20.040
6 2 41 20.040
6 2 42 12.024
6 2 43 12.024
6 2 44 16.032
6 2 45 12.024
6 2 46 16.032
6 2 47 20.040
6 2 48 16.032
6 2 49 8.016
6 2 50 24.048
6 2 51 12.024
6 2 52 24.048
6 2 53 16.032
6 2 54 16.032
6 2 55 12.024
6 2 56 16.032
6 2 57 12.024
6 2 58 12.024
6 2 59 28.056
6 2 60 12.024
6 2 61 16.032
6 2 62 16.032
6 3 1 -8.016
6 3 2 -24.048
6 3 3 0.000
6 3 4 -16.032
6 3 5 -20.040
