1 1 1 -0.00071 0.01512 -0.00041 -0.01091
1 1 2 -0.00034 -0.04700 -0.00327 0.04920
1 1 3 -0.00017 0.00963 0.00002 -0.01162
1 1 4 0.00001 0.01003 -0.00015 -0.00407
1 1 5 -0.00006 0.00937 -0.00006 -0.00533
1 1 6 0.00008 0.01323 -0.00001 -0.00604
1 1 7 0.00002 0.00580 -0.00003 -0.00881
1 1 8 -0.00055 -0.00624 0.00003 0.00198
1 1 9 -0.00009 0.00257 0.00025 -0.00273
1 1 10 -0.00002 0.00020 0.00038 0.01156
1 1 11 0.00009 0.00135 -0.00037 0.01065
1 1 12 -0.00002 0.00494 -0.00001 -0.01165
1 1 13 -0.00007 0.00817 0.00039 0.00189
1 1 14 -0.00010 0.00620 0.00035 0.00450
1 1 15 0.00008 -0.01023 -0.00004 -0.00144
1 1 16 0.00004 -0.00062 -0.00007 -0.00238
1 1 17 -0.00005 -0.00124 -0.00011 -0.00207
1 1 18 0.00004 0.00220 -0.00003 -0.00192
1 1 19 -0.00006 0.00024 -0.00008 0.00240
1 1 20 -0.00005 0.00133 -0.00002 -0.00027
1 1 21 -0.00001 0.00025 0.00008 -0.00621
1 1 22 -0.00007 -0.00099 -0.00007 0.00237
1 1 23 -0.00014 0.01471 -0.00003 -0.00145
1 2 1 0.00000 0.00000 0.00000 0.00000
1 2 2 -0.01740 -0.02156 -0.04008 -0.18944
1 2 3 -0.00105 0.02409 0.00108 -0.00773
1 2 4 -0.00175 0.01810 0.00009 -0.01752
1 2 5 0.00021 0.02122 0.00009 -0.00608
1 2 6 0.00038 0.01741 -0.00601 0.02098
1 2 7 0.00050 0.00609 0.00016 -0.01482
1 2 8 0.00010 0.00961 -0.00240 0.02656
1 2 9 -0.00187 -0.03638 -0.00018 -0.01243
1 2 10 0.00117 -0.04349 -0.00017 -0.01239
1 2 11 0.00001 0.00619 -0.00017 -0.00558
1 2 12 -0.00015 0.00573 0.00008 -0.00726
1 2 13 -0.00118 -0.03294 -0.00088 0.00742
1 2 14 -0.00016 0.00539 -0.00004 -0.00754
1 2 15 0.00004 0.00357 -0.00017 -0.00439
1 2 16 -0.00043 -0.01241 -0.00006 -0.00674
1 2 17 -0.00007 0.00407 -0.00106 0.04322
1 2 18 0.00105 -0.01723 0.00004 -0.00811
1 2 19 -0.00008 0.00409 -0.00009 -0.00589
1 2 20 -0.00004 0.00583 -0.00002 -0.00135
1 2 21 -0.00005 0.00513 -0.00007 -0.00581
1 2 22 0.00022 -0.01873 -0.00007 -0.00472
1 2 23 -0.00039 -0.02242 -0.00004 -0.00523
1 2 24 0.00041 -0.01043 0.00004 -0.00319
1 2 25 -0.00000 0.00319 -0.00004 -0.00156
1 2 26 -0.00002 0.00219 0.00000 -0.00275
1 2 27 0.00059 0.00962 -0.00004 -0.00221
1 2 28 0.00003 -0.01707 0.00052 0.01045
1 2 29 -0.00023 0.00678 -0.00005 -0.00354
1 2 30 -0.00010 0.00136 -0.00005 -0.00064
1 2 31 -0.00007 0.00441 -0.00009 -0.00407
1 2 32 -0.00020 -0.00216 -0.00004 -0.00172
1 2 33 -0.00007 -0.00032 0.00020 0.00370
1 2 34 -0.00001 0.00271 0.00001 -0.00315
1 2 35 -0.00006 0.00375 -0.00006 -0.00103
1 2 36 -0.00003 0.00253 0.00001 -0.00267
1 2 37 -0.00002 0.00202 -0.00015 -0.00100
1 2 38 0.00004 -0.00349 -0.00051 0.01496
1 2 39 -0.00017 0.00636 -0.00000 -0.00243
1 2 40 -0.00003 -0.00043 0.00001 -0.00202
1 2 41 -0.00003 0.00044 -0.00003 -0.00157
1 2 42 -0.00009 -0.01677 0.00003 -0.00277
1 2 43 -0.00006 0.00600 0.00035 -0.00811
1 2 44 -0.00004 0.00240 0.00001 -0.00160
1 2 45 -0.00002 -0.01123 -0.00004 -0.00091
1 2 46 -0.00004 0.00077 -0.00001 -0.00194
1 2 47 -0.00008 0.00426 -0.00000 0.00348
1 2 48 0.00000 0.00063 -0.00002 -0.00057
1 2 49 0.00002 0.00237 0.00004 -0.00064
1 2 50 0.00010 0.00386 0.00000 0.00217
1 2 51 0.00001 -0.00036 0.00000 -0.00102
1 2 52 -0.00004 0.00025 0.00010 -0.00372
1 2 53 0.00009 -0.00446 -0.00025 0.00963
1 2 54 -0.00002 0.00088 -0.00003 -0.00301
1 2 55 -0.00023 0.00270 0.00008 0.00187
1 2 56 -0.00001 -0.00234 0.00003 -0.00371
1 2 57 0.00005 -0.00298 0.00002 0.01171
1 2 58 -0.00000 -0.00059 -0.00000 -0.00299
1 2 59 -0.00003 -0.00176 0.00008 0.00079
1 2 60 -0.00054 0.00352 -0.00605 0.03941
1 2 61 0.00000 0.00000 0.00000 0.00000
1 2 62 -0.00002 -0.00248 -0.00002 -0.00213
1 3 1 -0.00001 0.00261 0.00003 0.00299
1 3 2 0.00012 0.00075 0.00017 -0.00682
1 3 3 0.00000 0.00000 0.00000 0.00000
1 3 4 0.00000 0.00000 0.00000 0.00000
1 3 5 0.00000 0.00000 0.00000 0.00000
2 1 1 -0.00416 0.03698 0.00679 -0.01648
2 1 2 -0.00126 0.01496 -0.00152 -0.01346
2 1 3 -0.00029 0.01099 -0.00054 0.00037
2 1 4 -0.00134 -0.02039 -0.00008 0.01570
2 1 5 0.00045 -0.01802 -0.00015 -0.00685
2 1 6 0.00000 0.00000 0.00000 0.00000
2 1 7 -0.00023 0.00147 0.00004 -0.00540
2 1 8 0.00025 -0.01785 -0.00012 0.00006
2 1 9 0.00038 -0.00597 -0.00000 -0.00513
2 1 10 0.00000 0.00000 0.00000 0.00000
2 1 11 -0.00004 0.00911 0.00000 -0.00325
2 1 12 0.00016 -0.00768 0.00008 0.01009
2 1 13 -0.00003 0.00406 -0.00003 -0.00477
2 1 14 0.00008 -0.00418 -0.00001 0.00228
2 1 15 0.00001 0.00363 0.00004 -0.00357
2 1 16 0.00001 -0.01077 0.00009 0.00366
2 1 17 -0.00007 -0.00039 -0.00003 -0.00059
2 1 18 0.00004 -0.00118 0.00001 -0.00255
2 1 19 0.00037 0.05380 0.00012 0.01283
2 1 20 -0.00002 -0.00022 -0.00003 -0.00277
2 1 21 -0.00006 -0.00727 0.00009 0.00489
2 1 22 0.00007 -0.00134 -0.00004 -0.00250
2 1 23 0.00003 -0.00694 -0.00008 0.00996
2 2 1 0.02094 0.02355 -0.01794 -0.00439
2 2 2 -0.01860 0.02336 0.00020 -0.04331
2 2 3 -0.00104 -0.01608 -0.00023 0.00466
2 2 4 0.00832 -0.03470 0.00453 0.08101
2 2 5 -0.00244 -0.00238 -0.00641 -0.03635
2 2 6 0.00019 -0.00893 -0.00127 -0.00581
2 2 7 -0.00238 0.02251 -0.00196 -0.00851
2 2 8 0.00212 -0.01680 -0.00094 -0.01043
2 2 9 -0.00057 0.01148 -0.00107 -0.00492
2 2 10 -0.00027 0.00835 -0.00088 0.00273
2 2 11 -0.00007 0.01192 0.00002 -0.00477
2 2 12 -0.00014 0.00459 0.00138 0.02782
2 2 13 -0.00008 0.00592 -0.00022 -0.00725
2 2 14 -0.00013 0.00309 -0.00030 -0.00530
2 2 15 0.00001 0.00771 -0.00007 -0.00777
2 2 16 -0.00012 0.00568 0.00004 -0.00690
2 2 17 -0.00010 0.00433 -0.00003 -0.00402
2 2 18 -0.00002 0.00725 -0.00002 -0.00622
2 2 19 -0.00005 0.00497 -0.00001 -0.00536
2 2 20 -0.00003 0.00328 0.00001 -0.00457
2 2 21 -0.00004 0.00463 -0.00008 -0.00453
2 2 22 -0.00005 0.00502 -0.00004 -0.00340
2 2 23 -0.00005 0.00334 -0.00004 -0.00696
2 2 24 -0.00016 0.00380 -0.00014 0.02158
2 2 25 -0.00006 0.00073 -0.00027 -0.00565
2 2 26 -0.00002 0.00002 -0.00033 0.01467
2 2 27 -0.00002 0.00261 -0.00021 0.00442
2 2 28 -0.00021 -0.02084 -0.00004 -0.00118
2 2 29 -0.00000 0.00441 -0.00001 -0.00249
2 2 30 -0.00006 0.00434 -0.00003 -0.00196
2 2 31 -0.00002 0.00290 -0.00018 0.01029
2 2 32 -0.00025 -0.01596 0.00005 -0.00457
2 2 33 0.00011 -0.01900 -0.00003 -0.00352
2 2 34 0.00002 -0.00044 -0.00005 -0.00148
2 2 35 -0.00002 0.00215 0.00001 -0.00303
2 2 36 -0.00008 0.00011 -0.00000 -0.00204
2 2 37 -0.00006 0.00104 -0.00009 -0.00299
2 2 38 0.00007 -0.01323 -0.00001 -0.00264
2 2 39 -0.00002 0.00232 -0.00004 -0.00001
2 2 40 0.00009 -0.00147 -0.00003 0.00098
2 2 41 -0.00023 0.01005 -0.00010 0.00617
2 2 42 -0.00004 0.00296 -0.00002 -0.00092
2 2 43 -0.00000 0.00050 -0.00003 -0.00140
2 2 44 0.00001 0.00025 0.00028 -0.00169
2 2 45 0.00001 0.00308 -0.00002 0.00090
2 2 46 0.00019 0.00032 -0.00003 0.00029
2 2 47 -0.00002 -0.00093 -0.00002 -0.00374
2 2 48 -0.00002 0.00320 -0.00003 0.00104
2 2 49 -0.00007 -0.00566 0.00008 -0.01364
2 2 50 0.00007 -0.00654 -0.00003 0.00031
2 2 51 -0.00001 0.00083 0.00021 -0.00663
2 2 52 -0.00002 -0.00254 0.00032 0.01761
2 2 53 -0.00004 -0.00142 0.00000 -0.00027
2 2 54 0.00006 0.00441 0.00005 -0.00012
2 2 55 -0.00003 -0.00060 -0.00002 0.00193
2 2 56 -0.00026 0.00212 -0.00008 -0.00067
2 2 57 0.00003 -0.00407 0.00002 -0.00394
2 2 58 -0.00023 0.00312 -0.00032 0.00906
2 2 59 -0.00031 0.00997 -0.00031 0.00997
2 2 60 -0.00045 -0.08615 -0.00031 -0.04861
2 2 61 0.00001 -0.00104 -0.00002 0.00230
2 2 62 0.00000 0.00000 0.00000 0.00000
2 3 1 -0.00005 0.00079 -0.00005 -0.00554
2 3 2 -0.00024 -0.00449 -0.00082 -0.01566
2 3 3 0.00000 0.00000 0.00000 0.00000
2 3 4 -0.00065 -0.01319 -0.00059 -0.01196
2 3 5 0.00000 0.00000 0.00000 0.00000
3 1 1 -0.00807 -0.08282 -0.00384 -0.00792
3 1 2 -0.00378 -0.01148 0.00020 -0.00378
3 1 3 -0.00285 0.00219 -0.00004 -0.00887
3 1 4 -0.00022 0.00735 0.00086 0.02064
3 1 5 -0.00064 0.00820 -0.00021 -0.00400
3 1 6 0.00005 -0.01864 0.00004 -0.00316
3 1 7 0.00048 -0.01695 -0.00014 -0.00211
3 1 8 -0.00006 0.00448 -0.00014 -0.00454
3 1 9 -0.00061 -0.01877 0.00000 -0.00316
3 1 10 -0.00019 0.00270 0.00022 0.01154
3 1 11 -0.00009 -0.00148 -0.00014 -0.00807
3 1 12 0.00018 -0.00954 0.00000 -0.00387
3 1 13 -0.00019 -0.00476 -0.00012 0.00598
3 1 14 -0.00015 0.00264 0.00015 -0.00387
3 1 15 -0.00012 -0.00434 -0.00000 -0.00262
3 1 16 0.00006 -0.00255 0.00012 0.00601
3 1 17 -0.00001 0.00186 0.00000 -0.00167
3 1 18 0.00016 -0.00824 0.00003 0.00275
3 1 19 -0.00015 -0.00266 0.00013 0.00010
3 1 20 0.00000 0.00475 -0.00003 -0.00050
3 1 21 -0.00009 0.00658 -0.00012 0.00363
3 1 22 -0.00001 0.00345 0.00004 -0.00332
3 1 23 -0.00008 0.00165 0.00001 -0.00034
3 2 1 -0.01268 -0.00707 -0.00533 0.01567
3 2 2 0.01378 -0.03581 -0.01104 -0.00069
3 2 3 -0.00447 0.02470 0.00200 0.02900
3 2 4 -0.00754 0.01721 0.00514 -0.06615
3 2 5 0.00062 -0.02138 -0.00240 -0.00463
3 2 6 -0.00174 0.00045 -0.00165 -0.02075
3 2 7 -0.00345 -0.09872 -0.00260 -0.00353
3 2 8 0.00082 0.00423 -0.00134 0.00322
3 2 9 0.00256 -0.06864 -0.00025 -0.01368
3 2 10 -0.00012 0.00594 0.00089 0.05619
3 2 11 -0.00009 -0.04425 -0.00035 -0.00747
3 2 12 -0.00051 -0.00179 -0.00022 -0.00487
3 2 13 -0.00032 0.01174 -0.00003 -0.00603
3 2 14 -0.00012 0.00497 -0.00019 -0.01140
3 2 15 -0.00007 0.00538 -0.00003 -0.00559
3 2 16 -0.00013 0.00562 -0.00013 -0.00697
3 2 17 0.00052 -0.03446 -0.00005 -0.00448
3 2 18 -0.00007 0.00185 -0.00010 -0.00709
3 2 19 0.00001 0.00385 -0.00004 -0.00399
3 2 20 0.00060 -0.02739 -0.00045 0.03932
3 2 21 0.00100 -0.00671 0.00012 -0.00928
3 2 22 -0.00038 0.00323 -0.00027 0.02371
3 2 23 -0.00005 0.00039 -0.00009 -0.00505
3 2 24 0.00033 -0.01157 -0.00005 -0.00552
3 2 25 -0.00003 0.00763 0.00035 0.02652
3 2 26 0.00051 -0.05133 0.00002 -0.00286
3 2 27 -0.00004 0.00297 0.00035 0.01363
3 2 28 -0.00001 0.00346 -0.00006 -0.00260
3 2 29 0.00057 0.01186 0.00021 0.00858
3 2 30 0.00000 0.00310 -0.00011 -0.00240
3 2 31 -0.00024 -0.01302 0.00006 -0.00438
3 2 32 -0.00002 0.00174 -0.00004 -0.00159
3 2 33 -0.00004 0.00566 -0.00023 -0.00731
3 2 34 0.00003 0.00223 0.00002 0.01050
3 2 35 -0.00003 0.00329 0.00001 -0.00029
3 2 36 0.00002 0.00127 -0.00002 -0.00276
3 2 37 0.00036 -0.01257 -0.00014 0.00389
3 2 38 -0.00003 0.00060 -0.00000 -0.00242
3 2 39 -0.00028 -0.02114 -0.00001 0.00027
3 2 40 -0.00005 0.00049 -0.00002 -0.00458
3 2 41 -0.00010 -0.01491 -0.00004 -0.00123
3 2 42 -0.00003 0.00257 0.00001 -0.00080
3 2 43 0.00029 0.03151 -0.00000 0.00005
3 2 44 0.00019 -0.00115 0.00013 0.00655
3 2 45 0.00006 0.00451 -0.00002 0.00065
3 2 46 0.00001 -0.00007 0.00002 0.00185
3 2 47 0.00000 0.00237 -0.00001 -0.00039
3 2 48 0.00012 -0.00275 -0.00001 0.00140
3 2 49 -0.00001 0.00002 -0.00003 -0.00365
3 2 50 -0.00002 0.00061 0.00001 -0.00016
3 2 51 0.00009 -0.00122 -0.00002 -0.00212
3 2 52 -0.00000 0.00019 0.00001 -0.00063
3 2 53 0.00004 0.00056 -0.00002 0.00071
3 2 54 -0.00006 0.00504 -0.00004 0.00346
3 2 55 -0.00005 0.00388 -0.00021 0.00567
3 2 56 -0.00003 -0.00128 0.00001 -0.00121
3 2 57 -0.03668 -0.07578 -0.03374 -0.06972
3 2 58 0.00005 -0.00490 -0.00001 0.00033
3 2 59 0.05443 0.11628 -0.00003 0.00284
3 2 60 -0.00017 0.01881 -0.00018 0.01899
3 2 61 -0.00123 -0.02707 0.00007 0.01259
3 2 62 0.00003 -0.00226 -0.00003 0.00231
3 3 1 -0.00017 0.00525 -0.00024 0.00729
3 3 2 0.00008 -0.00472 0.00034 -0.01713
3 3 3 0.00000 0.00000 0.00000 0.00000
3 3 4 0.00000 0.00000 0.00000 0.00000
3 3 5 0.00000 0.00000 0.00000 0.00000
4 1 1 -0.00146 -0.02101 -0.00271 -0.00724
4 1 2 -0.00211 0.01733 -0.00011 0.00553
4 1 3 -0.00082 0.00638 0.00021 0.00703
4 1 4 -0.00028 0.01076 0.00010 -0.00248
4 1 5 -0.00024 -0.01096 0.00009 -0.00445
4 1 6 0.00010 0.00225 0.00022 0.00054
4 1 7 0.00006 0.00729 0.00007 -0.00087
4 1 8 0.00021 -0.01777 0.00000 -0.00357
4 1 9 0.00001 0.00617 -0.00006 0.02271
4 1 10 0.00004 0.00157 -0.00016 -0.00082
4 1 11 -0.00004 0.00172 -0.00027 0.01578
4 1 12 0.00003 -0.01052 -0.00003 -0.00622
4 1 13 -0.00005 0.00426 -0.00014 -0.00044
4 1 14 -0.00010 0.00168 -0.00017 0.00059
4 1 15 -0.00018 -0.00778 0.00010 0.00235
4 1 16 -0.00003 0.00378 -0.00012 0.01107
4 1 17 0.00004 -0.00764 0.00004 -0.00486
4 1 18 0.00005 0.00502 -0.00001 -0.00345
4 1 19 -0.00007 -0.00032 -0.00006 -0.00140
4 1 20 0.00002 -0.00294 -0.00002 -0.00213
4 1 21 0.00004 -0.00462 -0.00001 -0.00405
4 1 22 -0.00002 0.00259 0.00000 -0.00163
4 1 23 0.00019 0.00391 0.00006 -0.00250
4 2 1 -0.00474 0.04552 -0.00234 0.02440
4 2 2 -0.00197 -0.01798 0.01080 0.01330
4 2 3 -0.00038 -0.00019 -0.00170 -0.02512
4 2 4 0.00014 0.01709 -0.00041 -0.02431
4 2 5 -0.00388 -0.08724 0.00083 -0.01850
4 2 6 0.00000 0.01562 0.00639 0.03434
4 2 7 -0.00054 0.00110 -0.00004 -0.01147
4 2 8 -0.00110 -0.02937 -0.00062 -0.01015
4 2 9 -0.00010 0.01474 -0.00003 -0.01229
4 2 10 -0.00028 0.00416 0.00023 0.00211
4 2 11 -0.00001 0.00971 0.00002 -0.01089
4 2 12 0.00020 0.00633 0.00016 -0.00812
4 2 13 -0.00021 0.00533 -0.00094 0.02208
4 2 14 -0.00022 0.01362 -0.00002 -0.00206
4 2 15 -0.00052 -0.03395 -0.00019 -0.00211
4 2 16 -0.00008 0.00344 0.00043 0.00627
4 2 17 -0.00014 0.00545 0.00141 0.00471
4 2 18 0.00004 0.00672 -0.00015 -0.00563
4 2 19 -0.00003 0.00610 -0.00004 -0.00457
4 2 20 0.00025 -0.00565 0.00068 0.01806
4 2 21 0.00020 -0.02660 -0.00008 -0.00600
4 2 22 -0.00015 0.00332 -0.00033 0.02107
4 2 23 0.00003 0.00208 0.00000 -0.00451
4 2 24 0.00011 0.00678 -0.00006 -0.00410
4 2 25 -0.00007 0.00335 -0.00012 -0.00325
4 2 26 0.00053 -0.00806 -0.00002 -0.00333
4 2 27 -0.00006 0.00515 0.00002 -0.00393
4 2 28 -0.00027 -0.00540 0.00002 -0.00286
4 2 29 -0.00005 0.00236 0.00003 -0.00486
4 2 30 -0.00005 0.00382 0.00000 -0.00196
4 2 31 -0.00002 0.00345 -0.00003 -0.00210
4 2 32 0.00015 -0.00923 -0.00013 -0.01558
4 2 33 0.00005 0.00238 -0.00023 -0.00707
4 2 34 -0.00007 -0.00257 0.00001 -0.00142
4 2 35 -0.00007 0.00240 -0.00002 -0.00315
4 2 36 0.00003 0.00145 -0.00004 -0.00314
4 2 37 -0.00002 0.00193 -0.00003 -0.00323
4 2 38 -0.00000 0.00136 0.00018 0.00276
4 2 39 -0.00017 -0.02141 -0.00004 -0.00386
4 2 40 -0.00000 0.00220 -0.00003 0.00026
4 2 41 0.00018 -0.00970 0.00007 -0.00114
4 2 42 -0.00002 0.00159 -0.00002 -0.00113
4 2 43 -0.00012 -0.01249 0.00001 -0.00100
4 2 44 -0.00002 0.00097 -0.00002 -0.00264
4 2 45 -0.00004 -0.00200 0.00001 0.00007
4 2 46 -0.00002 0.00010 0.00012 0.00983
4 2 47 0.00002 -0.00114 -0.00003 0.00083
4 2 48 -0.00008 -0.00345 0.00006 -0.00128
4 2 49 -0.00000 0.00294 -0.00005 0.00841
4 2 50 0.00023 0.00539 -0.00002 -0.00048
4 2 51 -0.00003 0.00025 0.00005 -0.00123
4 2 52 0.00001 0.00428 0.00003 0.00034
4 2 53 0.00009 -0.00767 0.00007 -0.00032
4 2 54 0.00001 0.00539 -0.00015 0.00723
4 2 55 -0.00003 -0.00118 0.00007 -0.00696
4 2 56 0.00008 0.00585 0.00007 0.00526
4 2 57 0.00001 -0.00092 -0.00004 0.00342
4 2 58 -0.00001 0.00525 -0.00005 0.00186
4 2 59 0.00007 -0.00493 -0.00006 -0.00361
4 2 60 0.00000 0.00000 0.00000 0.00000
4 2 61 0.00000 0.00000 0.00000 0.00000
4 2 62 0.00000 0.00000 0.00000 0.00000
4 3 1 0.00001 -0.00329 0.00011 -0.00510
4 3 2 -0.00003 0.00241 -0.00003 0.00319
4 3 3 0.00000 0.00000 0.00000 0.00000
4 3 4 0.00000 0.00000 0.00000 0.00000
4 3 5 0.00000 0.00000 0.00000 0.00000
5 1 1 0.00975 0.02299 -0.00571 -0.00632
5 1 2 -0.00064 0.00959 -0.00027 -0.00126
5 1 3 0.00001 0.01018 0.00056 -0.01465
5 1 4 -0.00016 0.01201 -0.00002 -0.00508
5 1 5 0.00002 0.00703 -0.00025 -0.00166
5 1 6 0.00013 0.00425 0.00010 -0.00940
5 1 7 -0.00007 0.00563 0.00012 -0.00369
5 1 8 -0.00009 -0.01213 -0.00003 -0.00294
5 1 9 -0.00013 -0.02285 -0.00003 -0.00827
5 1 10 0.00016 -0.01622 0.00005 -0.00370
5 1 11 0.00009 -0.00753 0.00008 -0.00659
5 1 12 -0.00055 -0.01159 0.00000 -0.00202
5 1 13 0.00018 -0.00050 0.00012 0.00903
5 1 14 -0.00001 0.00454 -0.00007 -0.00442
5 1 15 -0.00012 -0.00823 -0.00009 0.00160
5 1 16 0.00019 0.00039 0.00002 0.00096
5 1 17 -0.00007 -0.00079 -0.00010 0.00396
5 1 18 -0.00004 -0.00478 -0.00006 0.00722
5 1 19 -0.00005 -0.00054 -0.00003 -0.00407
5 1 20 0.00016 -0.01971 -0.00004 0.01388
5 1 21 0.00005 -0.00070 0.00005 -0.00836
5 1 22 0.00005 -0.00163 -0.00010 0.02241
5 1 23 -0.00009 0.00132 -0.00007 0.00250
5 2 1 0.03256 -0.08963 -0.01695 0.19439
5 2 2 0.01475 -0.04528 -0.01042 -0.00805
5 2 3 -0.00820 0.05523 -0.00769 -0.03133
5 2 4 0.00624 -0.02294 -0.00496 -0.00566
5 2 5 -0.00202 0.01712 -0.00117 -0.00607
5 2 6 -0.00214 -0.00573 -0.00267 -0.01438
5 2 7 -0.00264 0.06853 -0.00233 -0.00097
5 2 8 -0.00182 0.00339 -0.00115 -0.00002
5 2 9 -0.00167 0.01190 -0.00069 -0.00284
5 2 10 0.00079 -0.06689 -0.00027 -0.00705
5 2 11 -0.00041 0.00998 -0.00044 -0.00627
5 2 12 -0.00018 0.00629 -0.00008 -0.00795
5 2 13 -0.00033 0.00867 -0.00018 -0.00600
5 2 14 -0.00003 0.00759 -0.00013 -0.00649
5 2 15 -0.00022 0.00692 -0.00016 -0.00833
5 2 16 -0.00023 0.00853 -0.00008 -0.00535
5 2 17 0.00000 0.00291 -0.00003 -0.00675
5 2 18 0.00035 -0.02444 -0.00016 -0.00138
5 2 19 0.00016 -0.00985 0.00003 -0.00372
5 2 20 0.00056 -0.02365 -0.00008 -0.00160
5 2 21 -0.00008 0.00314 -0.00009 -0.00610
5 2 22 0.00005 0.00221 0.00003 0.02411
5 2 23 -0.00003 0.00490 -0.00005 -0.00676
5 2 24 0.00044 -0.01825 -0.00008 -0.00495
5 2 25 0.00055 -0.01245 -0.00008 -0.00664
5 2 26 -0.00014 0.00380 -0.00008 -0.00499
5 2 27 -0.00010 0.00579 0.00029 0.00462
5 2 28 -0.00007 0.00417 -0.00003 -0.00430
5 2 29 -0.00002 0.00118 -0.00004 -0.00429
5 2 30 -0.00005 0.00478 -0.00006 -0.00453
5 2 31 -0.00003 0.00393 -0.00001 -0.00113
5 2 32 -0.00009 0.00403 0.00026 -0.00241
5 2 33 -0.00003 -0.01467 -0.00003 -0.00023
5 2 34 0.00005 -0.00017 -0.00002 -0.00209
5 2 35 -0.00003 -0.00020 -0.00002 -0.00237
5 2 36 -0.00004 0.00007 -0.00007 -0.00441
5 2 37 -0.00015 -0.00050 -0.00001 -0.00228
5 2 38 0.00003 0.00293 -0.00001 -0.00147
5 2 39 0.00002 0.00138 -0.00003 -0.00170
5 2 40 0.00006 0.00202 0.00000 -0.00171
5 2 41 0.00000 0.00099 0.00002 -0.00113
5 2 42 0.00001 -0.00018 0.00002 -0.00149
5 2 43 -0.00005 0.00031 -0.00011 -0.00545
5 2 44 -0.00003 0.00086 0.00010 0.00181
5 2 45 -0.00015 0.00515 0.00022 0.01757
5 2 46 0.00004 -0.00073 -0.00003 0.00490
5 2 47 -0.00003 0.00072 0.00000 0.00014
5 2 48 -0.00001 0.00030 -0.00002 0.00108
5 2 49 0.00021 0.01044 -0.00001 -0.00255
5 2 50 0.00001 0.00244 -0.00000 -0.00585
5 2 51 -0.00028 0.04080 0.00047 -0.06083
5 2 52 -0.00005 0.00910 -0.00002 0.00545
5 2 53 -0.00014 -0.00086 -0.00006 -0.00294
5 2 54 0.00028 0.00610 0.00034 0.00726
5 2 55 -0.00005 0.00385 -0.00004 0.00365
5 2 56 0.00002 0.00169 0.00005 0.00364
5 2 57 0.00001 0.00132 -0.00001 -0.00125
5 2 58 0.00000 0.00000 0.00000 0.00000
5 2 59 -0.00013 -0.00591 -0.00013 -0.00563
5 2 60 -0.00015 -0.00664 -0.00003 -0.00142
5 2 61 0.00001 -0.00166 0.00004 0.00691
5 2 62 -0.00015 -0.01354 0.00007 0.00265
5 3 1 0.00002 0.00164 0.00002 0.00140
5 3 2 -0.00001 -0.00112 -0.00003 -0.00273
5 3 3 0.00000 0.00000 0.00000 0.00000
5 3 4 0.00000 0.00000 0.00000 0.00000
5 3 5 0.00000 0.00000 0.00000 0.00000
6 1 1 -0.00615 0.02466 -0.01004 0.05841
6 1 2 0.00042 -0.01862 0.00208 0.01246
6 1 3 -0.00086 0.00586 -0.00010 -0.00824
6 1 4 0.00011 0.00939 0.00003 -0.00672
6 1 5 0.00009 -0.00356 -0.00077 0.02200
6 1 6 0.00011 0.01299 -0.00009 -0.00508
6 1 7 -0.00035 0.00122 -0.00005 0.00648
6 1 8 0.00002 0.00382 0.00009 -0.00033
6 1 9 0.00014 0.00004 -0.00013 -0.00399
6 1 10 0.00010 0.00441 0.00011 0.00870
6 1 11 0.00001 -0.01260 -0.00007 -0.00380
6 1 12 -0.00003 0.00457 0.00007 -0.00907
6 1 13 -0.00003 0.00221 -0.00005 -0.00420
6 1 14 0.00001 0.00127 0.00020 -0.00129
6 1 15 0.00013 -0.01037 -0.00004 -0.00480
6 1 16 -0.00045 0.00890 -0.00004 0.00023
6 1 17 0.00006 -0.00181 -0.00003 -0.00469
6 1 18 0.00004 -0.00324 -0.00006 0.00339
6 1 19 -0.00006 -0.00813 -0.00004 0.00182
6 1 20 -0.00000 0.00212 -0.00005 -0.00318
6 1 21 0.00000 0.00000 0.00000 0.00000
6 1 22 0.00009 -0.00835 0.00026 0.00159
6 1 23 -0.00002 -0.00107 -0.00007 0.00285
6 2 1 0.03185 0.08934 -0.08855 -0.21531
6 2 2 -0.00290 0.03453 0.00440 0.08690
6 2 3 0.00803 0.00987 0.01394 0.00941
6 2 4 0.00420 -0.01739 0.00621 -0.01821
6 2 5 -0.00482 0.02680 -0.00156 0.00586
6 2 6 -0.00221 0.01839 -0.00604 0.01838
6 2 7 -0.00172 0.00617 -0.00124 0.00002
6 2 8 -0.00446 0.01406 -0.00242 -0.02160
6 2 9 -0.00014 0.00608 -0.00045 -0.01239
6 2 10 -0.00012 0.00660 -0.00268 0.05362
6 2 11 -0.00026 0.00252 0.00136 0.02150
6 2 12 -0.00026 0.00490 -0.00016 -0.00343
6 2 13 -0.00038 0.00353 -0.00014 -0.00588
6 2 14 -0.00016 0.00748 -0.00028 -0.00602
6 2 15 -0.00013 0.00615 -0.00023 -0.00765
6 2 16 -0.00013 0.00613 0.00044 0.02340
6 2 17 -0.00008 0.00476 -0.00012 -0.00744
6 2 18 -0.00055 -0.04077 -0.00007 -0.00643
6 2 19 -0.00021 0.00720 0.00053 0.00978
6 2 20 0.00055 -0.01079 -0.00005 -0.00524
6 2 21 -0.00009 0.00432 0.00007 -0.00037
6 2 22 -0.00003 0.00478 -0.00002 -0.00368
6 2 23 -0.00002 0.00465 -0.00005 -0.00139
6 2 24 -0.00085 0.02683 -0.00006 -0.00118
6 2 25 -0.00002 0.00282 -0.00011 -0.00378
6 2 26 -0.00003 0.00442 -0.00004 -0.00291
6 2 27 0.00006 0.00210 -0.00005 -0.00859
6 2 28 -0.00057 -0.00702 -0.00000 -0.00418
6 2 29 0.00002 -0.01776 -0.00002 -0.00168
6 2 30 -0.00012 0.00205 -0.00003 0.00046
6 2 31 -0.00026 -0.00455 -0.00012 -0.00506
6 2 32 -0.00000 0.00327 0.00000 -0.00224
6 2 33 0.00000 0.00209 -0.00012 -0.00117
6 2 34 -0.00006 0.00188 -0.00003 -0.00134
6 2 35 -0.00004 0.00157 -0.00030 0.00380
6 2 36 0.00004 0.00512 0.00001 0.00055
6 2 37 0.00016 -0.00799 -0.00009 -0.00169
6 2 38 -0.00002 -0.00023 -0.00002 -0.00413
6 2 39 -0.00007 0.00179 -0.00007 -0.00074
6 2 40 -0.00005 -0.00693 -0.00005 -0.00227
6 2 41 -0.00001 0.00185 -0.00012 -0.00435
6 2 42 -0.00001 0.00222 -0.00004 0.00812
6 2 43 -0.00002 0.00224 -0.00000 -0.00037
6 2 44 -0.00008 -0.00262 0.00017 0.00786
6 2 45 0.00007 -0.00450 -0.00006 0.00398
6 2 46 -0.00018 0.00403 -0.00001 -0.00184
6 2 47 0.00023 0.00332 0.00010 0.01054
6 2 48 -0.00004 0.00194 -0.00002 -0.00085
6 2 49 0.00002 -0.00028 -0.00014 0.00704
6 2 50 0.00012 0.00072 0.00006 -0.00159
6 2 51 0.00015 -0.01242 -0.00001 -0.00369
6 2 52 -0.00002 0.00041 -0.00019 0.01079
6 2 53 -0.00002 0.00336 -0.00005 0.00592
6 2 54 -0.00132 0.02317 0.00684 -0.01212
6 2 55 -0.00001 0.00209 -0.00001 0.00549
6 2 56 -0.00003 -0.00366 -0.00006 -0.00545
6 2 57 0.00003 0.00202 -0.00016 0.00459
6 2 58 -0.00001 -0.00043 -0.00004 -0.00315
6 2 59 -0.00000 -0.00066 -0.00001 -0.00033
6 2 60 -0.00002 -0.00090 0.00004 0.00566
6 2 61 0.00041 -0.00311 0.00002 0.00381
6 2 62 -0.00002 -0.00158 -0.00000 -0.00006
6 3 1 -0.00002 -0.00223 -0.00003 -0.00308
6 3 2 0.00057 0.00503 0.00055 0.00382
6 3 3 0.00000 0.00000 0.00000 0.00000
6 3 4 0.00000 0.00000 0.00000 0.00000
6 3 5 0.00000 0.00000 0.00000 0.00000
