1 1 1 28.24 28.45 10.00
1 1 2 28.62 28.10 10.00
1 1 3 28.17 27.92 10.00
1 1 4 29.57 27.61 10.00
1 1 5 27.22 27.85 10.00
1 1 6 27.89 27.78 10.00
1 1 7 26.91 27.71 10.00
1 1 8 28.76 28.31 10.00
1 1 9 28.06 26.80 10.00
1 1 10 26.94 26.66 10.00
1 1 11 27.85 26.10 10.00
1 1 12 26.31 26.21 10.00
1 1 13 25.51 26.10 10.00
1 1 14 26.45 26.31 10.00
1 1 15 26.63 26.63 10.00
1 1 16 26.31 26.45 10.00
1 1 17 26.17 25.93 10.00
1 1 18 26.49 25.61 10.00
1 1 19 26.21 25.61 10.00
1 1 20 25.61 24.70 10.00
1 1 21 26.49 25.89 10.00
1 1 22 25.05 25.93 10.00
1 1 23 26.21 26.21 10.00
1 2 1 0.38 -0.57 10.00
1 2 2 0.73 0.73 10.00
1 2 3 0.73 -0.36 10.00
1 2 4 1.18 -0.04 10.00
1 2 5 -0.60 0.20 10.00
1 2 6 -0.01 0.24 10.00
1 2 7 -0.29 0.31 10.00
1 2 8 0.27 1.04 10.00
1 2 9 1.15 -0.85 10.00
1 2 10 0.69 -0.60 10.00
1 2 11 0.76 -0.46 10.00
1 2 12 0.31 -0.22 10.00
1 2 13 -0.18 -0.39 10.00
1 2 14 -0.25 -0.88 10.00
1 2 15 -0.08 -0.81 10.00
1 2 16 -0.08 -1.44 10.00
1 2 17 0.59 -0.46 10.00
1 2 18 0.13 -0.67 10.00
1 2 19 0.31 -1.16 10.00
1 2 20 -0.22 -0.32 10.00
1 2 21 -1.09 -1.30 10.00
1 2 22 -0.43 -0.64 10.00
1 2 23 -1.13 -0.78 10.00
1 2 24 -1.23 0.03 10.00
1 2 25 0.20 -1.37 10.00
1 2 26 -0.22 -1.27 10.00
1 2 27 -0.43 -1.27 10.00
1 2 28 -1.48 -1.34 10.00
1 2 29 -1.23 -1.58 10.00
1 2 30 -1.58 -1.48 10.00
1 2 31 -1.23 -1.62 10.00
1 2 32 -1.72 -1.62 10.00
1 2 33 -0.85 -0.71 10.00
1 2 34 -0.01 -0.22 10.00
1 2 35 -0.50 -1.37 10.00
1 2 36 -0.29 -1.16 10.00
1 2 37 -1.23 -1.06 10.00
1 2 38 -1.02 -0.85 10.00
1 2 39 -1.16 -0.60 10.00
1 2 40 -0.92 -0.85 10.00
1 2 41 -0.22 -1.44 10.00
1 2 42 -1.27 -2.07 10.00
1 2 43 -1.02 -1.93 10.00
1 2 44 -1.27 -2.21 10.00
1 2 45 -1.79 -1.58 10.00
1 2 46 -1.76 -2.39 10.00
1 2 47 -2.42 -2.21 10.00
1 2 48 -2.25 -1.86 10.00
1 2 49 5.17 4.89 10.00
1 2 50 4.58 4.82 10.00
1 2 51 5.70 5.42 10.00
1 2 52 4.82 4.58 10.00
1 2 53 4.54 3.95 10.00
1 2 54 4.26 3.95 10.00
1 2 55 3.95 4.82 10.00
1 2 56 4.58 4.86 10.00
1 2 57 3.11 3.11 10.00
1 2 58 3.35 3.07 10.00
1 2 59 4.54 2.79 10.00
1 2 60 3.67 3.07 10.00
1 2 61 2.55 3.11 10.00
1 2 62 2.76 3.07 10.00
1 3 1 25.40 24.42 10.00
1 3 2 25.96 25.09 10.00
1 3 3 26.52 25.40 10.00
1 3 4 24.77 24.88 10.00
1 3 5 25.19 23.44 10.00
2 1 1 39.47 39.12 10.00
2 1 2 39.33 39.33 10.00
2 1 3 39.05 38.46 10.00
2 1 4 39.61 38.77 10.00
2 1 5 37.44 38.70 10.00
2 1 6 0.00 0.00 10.00
2 1 7 38.00 38.95 10.00
2 1 8 38.81 39.72 10.00
2 1 9 39.40 38.28 10.00
2 1 10 0.00 0.00 10.00
2 1 11 38.74 38.39 10.00
2 1 12 38.63 36.81 10.00
2 1 13 38.00 38.14 10.00
2 1 14 37.90 36.92 10.00
2 1 15 38.35 37.37 10.00
2 1 16 37.62 37.97 10.00
2 1 17 38.25 36.50 10.00
2 1 18 37.90 37.37 10.00
2 1 19 34.12 36.29 10.00
2 1 20 37.02 35.87 10.00
2 1 21 37.34 37.34 10.00
2 1 22 36.50 37.34 10.00
2 1 23 37.65 37.37 10.00
2 2 1 11.65 10.46 10.00
2 2 2 12.28 11.02 10.00
2 2 3 11.68 11.05 10.00
2 2 4 11.86 11.58 10.00
2 2 5 10.95 11.23 10.00
2 2 6 11.30 10.98 10.00
2 2 7 12.03 11.86 10.00
2 2 8 11.26 12.28 10.00
2 2 9 12.07 11.51 10.00
2 2 10 11.86 10.53 10.00
2 2 11 12.28 10.39 10.00
2 2 12 11.93 10.11 10.00
2 2 13 11.19 10.53 10.00
2 2 14 10.88 9.72 10.00
2 2 15 10.42 10.28 10.00
2 2 16 10.49 10.00 10.00
2 2 17 12.31 11.40 10.00
2 2 18 12.03 11.44 10.00
2 2 19 11.65 10.95 10.00
2 2 20 12.24 11.96 10.00
2 2 21 10.74 10.81 10.00
2 2 22 11.44 11.26 10.00
2 2 23 11.37 10.95 10.00
2 2 24 10.70 11.96 10.00
2 2 25 12.07 11.09 10.00
2 2 26 11.79 10.32 10.00
2 2 27 11.61 11.09 10.00
2 2 28 10.91 10.21 10.00
2 2 29 10.81 10.63 10.00
2 2 30 10.07 9.97 10.00
2 2 31 10.39 10.46 10.00
2 2 32 9.62 10.00 10.00
2 2 33 10.53 10.63 10.00
2 2 34 11.68 11.33 10.00
2 2 35 11.02 10.81 10.00
2 2 36 11.05 10.77 10.00
2 2 37 9.83 10.42 10.00
2 2 38 10.74 11.16 10.00
2 2 39 9.90 10.39 10.00
2 2 40 10.18 10.98 10.00
2 2 41 10.67 10.18 10.00
2 2 42 10.11 9.13 10.00
2 2 43 10.28 9.06 10.00
2 2 44 10.18 9.72 10.00
2 2 45 9.79 9.62 10.00
2 2 46 10.11 9.09 10.00
2 2 47 9.97 9.34 10.00
2 2 48 9.55 9.41 10.00
2 2 49 11.05 11.05 10.00
2 2 50 10.42 10.70 10.00
2 2 51 11.05 10.18 10.00
2 2 52 11.05 10.14 10.00
2 2 53 9.86 9.86 10.00
2 2 54 9.83 10.42 10.00
2 2 55 11.30 9.58 10.00
2 2 56 10.14 10.39 10.00
2 2 57 9.27 8.67 10.00
2 2 58 8.99 8.15 10.00
2 2 59 9.58 8.67 10.00
2 2 60 9.27 9.23 10.00
2 2 61 9.02 8.64 10.00
2 2 62 8.71 8.43 10.00
2 3 1 36.53 36.81 10.00
2 3 2 37.13 36.50 10.00
2 3 3 36.01 36.57 10.00
2 3 4 36.46 35.69 10.00
2 3 5 36.01 36.53 10.00
3 1 1 26.84 25.86 10.00
3 1 2 27.08 26.38 10.00
3 1 3 26.24 25.93 10.00
3 1 4 26.66 25.65 10.00
3 1 5 25.58 26.17 10.00
3 1 6 26.24 25.65 10.00
3 1 7 31.39 26.66 10.00
3 1 8 26.63 26.56 10.00
3 1 9 26.45 26.35 10.00
3 1 10 25.58 24.18 10.00
3 1 11 27.22 25.47 10.00
3 1 12 25.19 24.11 10.00
3 1 13 24.98 25.23 10.00
3 1 14 25.47 24.98 10.00
3 1 15 26.45 25.23 10.00
3 1 16 25.40 24.74 10.00
3 1 17 25.02 24.74 10.00
3 1 18 24.49 23.90 10.00
3 1 19 25.68 24.49 10.00
3 1 20 23.86 23.62 10.00
3 1 21 23.86 24.18 10.00
3 1 22 23.86 23.58 10.00
3 1 23 25.02 24.49 10.00
3 2 1 -2.39 -2.74 10.00
3 2 2 -0.99 -4.38 10.00
3 2 3 -1.90 -2.18 10.00
3 2 4 -1.23 -1.51 10.00
3 2 5 -0.99 -1.37 10.00
3 2 6 -0.99 -0.78 10.00
3 2 7 -1.37 -0.85 10.00
3 2 8 -0.36 -0.36 10.00
3 2 9 -0.15 -1.51 10.00
3 2 10 -0.57 -2.04 10.00
3 2 11 -0.50 -1.69 10.00
3 2 12 -1.27 -2.53 10.00
3 2 13 -1.90 -2.11 10.00
3 2 14 -1.79 -1.86 10.00
3 2 15 -1.30 -1.90 10.00
3 2 16 -1.97 -2.32 10.00
3 2 17 -0.50 -1.06 10.00
3 2 18 -0.99 -0.78 10.00
3 2 19 -0.64 -1.23 10.00
3 2 20 -0.25 -1.30 10.00
3 2 21 -1.90 -1.55 10.00
3 2 22 -0.71 -1.02 10.00
3 2 23 -1.86 -1.02 10.00
3 2 24 -0.81 -0.81 10.00
3 2 25 -0.88 -1.51 10.00
3 2 26 -0.67 -1.93 10.00
3 2 27 -0.67 -2.39 10.00
3 2 28 -1.30 -2.84 10.00
3 2 29 -2.14 -3.02 10.00
3 2 30 -2.07 -2.67 10.00
3 2 31 -1.58 -2.32 10.00
3 2 32 -2.21 -2.77 10.00
3 2 33 -1.79 -2.60 10.00
3 2 34 -1.27 -1.65 10.00
3 2 35 -2.46 -2.53 10.00
3 2 36 -1.51 -2.63 10.00
3 2 37 -2.88 -3.23 10.00
3 2 38 -2.25 -2.00 10.00
3 2 39 -3.16 -2.63 10.00
3 2 40 -1.44 -1.97 10.00
3 2 41 -2.42 -3.33 10.00
3 2 42 -2.53 -3.40 10.00
3 2 43 -2.18 -4.07 10.00
3 2 44 -2.60 -3.51 10.00
3 2 45 -3.44 -4.24 10.00
3 2 46 -3.12 -3.54 10.00
3 2 47 -3.54 -3.51 10.00
3 2 48 -3.86 -4.84 10.00
3 2 49 -1.55 -2.39 10.00
3 2 50 -2.49 -2.46 10.00
3 2 51 -2.14 -2.18 10.00
3 2 52 -1.62 -2.49 10.00
3 2 53 -2.70 -3.05 10.00
3 2 54 -2.74 -3.02 10.00
3 2 55 -2.14 -2.46 10.00
3 2 56 -2.18 -2.18 10.00
3 2 57 -3.65 -3.61 10.00
3 2 58 -3.93 -3.89 10.00
3 2 59 -3.05 -3.93 10.00
3 2 60 -3.05 -3.61 10.00
3 2 61 -4.17 -4.49 10.00
3 2 62 -3.93 -4.17 10.00
3 3 1 25.09 23.69 10.00
3 3 2 24.18 22.99 10.00
3 3 3 23.34 23.37 10.00
3 3 4 23.58 23.62 10.00
3 3 5 22.81 22.85 10.00
4 1 1 27.61 26.91 10.00
4 1 2 28.13 27.40 10.00
4 1 3 26.94 26.03 10.00
4 1 4 26.24 27.05 10.00
4 1 5 26.49 25.89 10.00
4 1 6 26.10 25.16 10.00
4 1 7 26.10 26.63 10.00
4 1 8 25.65 26.35 10.00
4 1 9 26.84 25.58 10.00
4 1 10 26.38 25.16 10.00
4 1 11 27.75 26.49 10.00
4 1 12 26.35 25.09 10.00
4 1 13 26.07 25.86 10.00
4 1 14 25.86 25.30 10.00
4 1 15 25.86 24.63 10.00
4 1 16 26.35 24.18 10.00
4 1 17 25.93 26.00 10.00
4 1 18 26.24 24.53 10.00
4 1 19 26.84 25.96 10.00
4 1 20 25.33 24.77 10.00
4 1 21 26.21 25.68 10.00
4 1 22 25.09 24.46 10.00
4 1 23 25.33 25.65 10.00
4 2 1 0.17 -1.02 10.00
4 2 2 -0.85 -0.95 10.00
4 2 3 -0.81 -1.97 10.00
4 2 4 -0.60 -0.99 10.00
4 2 5 -0.53 -1.55 10.00
4 2 6 -0.18 -0.11 10.00
4 2 7 -0.08 -0.46 10.00
4 2 8 -0.29 0.13 10.00
4 2 9 0.31 -1.09 10.00
4 2 10 -0.32 -1.55 10.00
4 2 11 0.20 -1.93 10.00
4 2 12 -0.60 -1.90 10.00
4 2 13 -0.81 -1.51 10.00
4 2 14 -2.14 -1.65 10.00
4 2 15 -1.72 -1.27 10.00
4 2 16 -1.58 -2.14 10.00
4 2 17 -0.22 -0.95 10.00
4 2 18 -0.25 -0.88 10.00
4 2 19 -0.32 -0.78 10.00
4 2 20 -0.32 -0.78 10.00
4 2 21 -1.27 -1.16 10.00
4 2 22 -0.85 -0.01 10.00
4 2 23 -0.95 -0.57 10.00
4 2 24 -0.15 -0.08 10.00
4 2 25 -0.11 -0.67 10.00
4 2 26 -0.64 -1.16 10.00
4 2 27 -0.78 -1.41 10.00
4 2 28 -1.09 -1.86 10.00
4 2 29 -0.78 -1.44 10.00
4 2 30 -1.51 -2.07 10.00
4 2 31 -1.27 -1.13 10.00
4 2 32 -2.46 -2.32 10.00
4 2 33 -0.85 -1.41 10.00
4 2 34 -0.25 -0.60 10.00
4 2 35 -1.16 -0.46 10.00
4 2 36 -1.30 -1.20 10.00
4 2 37 -1.93 -1.37 10.00
4 2 38 -1.62 -0.78 10.00
4 2 39 -1.79 -1.06 10.00
4 2 40 -1.44 -0.81 10.00
4 2 41 -0.81 -1.51 10.00
4 2 42 -1.62 -2.67 10.00
4 2 43 -1.41 -1.93 10.00
4 2 44 -1.72 -2.53 10.00
4 2 45 -2.14 -2.18 10.00
4 2 46 -2.53 -2.67 10.00
4 2 47 -2.63 -2.74 10.00
4 2 48 -2.49 -2.84 10.00
4 2 49 -0.64 -0.36 10.00
4 2 50 -0.67 -0.99 10.00
4 2 51 -0.99 -0.99 10.00
4 2 52 -1.23 -1.30 10.00
4 2 53 -1.86 -1.20 10.00
4 2 54 -1.83 -1.55 10.00
4 2 55 -1.55 -1.86 10.00
4 2 56 -1.55 -1.51 10.00
4 2 57 -3.02 -2.74 10.00
4 2 58 -2.98 -3.30 10.00
4 2 59 -2.70 -3.30 10.00
4 2 60 -2.95 -4.73 10.00
4 2 61 -3.58 -2.95 10.00
4 2 62 -3.58 -2.70 10.00
4 3 1 24.88 24.53 10.00
4 3 2 24.49 24.25 10.00
4 3 3 24.74 24.81 10.00
4 3 4 24.28 24.53 10.00
4 3 5 24.53 23.34 10.00
5 1 1 25.12 25.26 10.00
5 1 2 24.21 24.49 10.00
5 1 3 24.84 24.91 10.00
5 1 4 24.98 25.05 10.00
5 1 5 23.34 24.14 10.00
5 1 6 24.42 24.81 10.00
5 1 7 23.65 24.74 10.00
5 1 8 23.72 25.79 10.00
5 1 9 25.16 24.14 10.00
5 1 10 24.04 23.30 10.00
5 1 11 24.07 23.16 10.00
5 1 12 24.77 24.00 10.00
5 1 13 23.69 23.27 10.00
5 1 14 23.27 22.57 10.00
5 1 15 23.13 23.76 10.00
5 1 16 23.41 23.23 10.00
5 1 17 24.46 23.30 10.00
5 1 18 22.99 22.71 10.00
5 1 19 22.71 23.30 10.00
5 1 20 22.99 22.99 10.00
5 1 21 22.99 22.99 10.00
5 1 22 21.80 22.39 10.00
5 1 23 23.02 22.99 10.00
5 2 1 -4.49 -3.05 10.00
5 2 2 -4.28 -3.79 10.00
5 2 3 -3.79 -5.15 10.00
5 2 4 -4.21 -3.75 10.00
5 2 5 -3.19 -4.07 10.00
5 2 6 -3.54 -3.02 10.00
5 2 7 -3.75 -2.84 10.00
5 2 8 -3.75 -2.32 10.00
5 2 9 -2.88 -3.12 10.00
5 2 10 -2.39 -3.79 10.00
5 2 11 -2.53 -3.26 10.00
5 2 12 -2.98 -3.58 10.00
5 2 13 -3.40 -3.44 10.00
5 2 14 -3.68 -3.68 10.00
5 2 15 -3.51 -3.51 10.00
5 2 16 -4.38 -3.93 10.00
5 2 17 -2.56 -3.33 10.00
5 2 18 -2.07 -2.67 10.00
5 2 19 -2.95 -3.33 10.00
5 2 20 -1.90 -2.67 10.00
5 2 21 -4.10 -3.61 10.00
5 2 22 -2.56 -2.84 10.00
5 2 23 -3.30 -3.16 10.00
5 2 24 -2.98 -2.46 10.00
5 2 25 -2.98 -3.54 10.00
5 2 26 -2.88 -3.96 10.00
5 2 27 -2.88 -3.61 10.00
5 2 28 -3.68 -4.17 10.00
5 2 29 -4.45 -4.03 10.00
5 2 30 -3.93 -4.14 10.00
5 2 31 -4.35 -3.89 10.00
5 2 32 -4.31 -4.14 10.00
5 2 33 -3.61 -3.65 10.00
5 2 34 -2.70 -3.16 10.00
5 2 35 -3.23 -3.93 10.00
5 2 36 -3.33 -4.00 10.00
5 2 37 -4.45 -4.24 10.00
5 2 38 -3.96 -3.30 10.00
5 2 39 -4.80 -4.24 10.00
5 2 40 -3.86 -3.16 10.00
5 2 41 -4.17 -4.28 10.00
5 2 42 -4.56 -4.91 10.00
5 2 43 -4.21 -4.94 10.00
5 2 44 -4.35 -4.98 10.00
5 2 45 -4.63 -5.01 10.00
5 2 46 -5.15 -5.36 10.00
5 2 47 -5.29 -5.29 10.00
5 2 48 -5.43 -5.19 10.00
5 2 49 -3.05 -4.17 10.00
5 2 50 -3.33 -4.80 10.00
5 2 51 -3.33 -3.65 10.00
5 2 52 -3.33 -3.65 10.00
5 2 53 -4.49 -4.80 10.00
5 2 54 -4.49 -4.24 10.00
5 2 55 -3.93 -4.49 10.00
5 2 56 -4.80 -4.49 10.00
5 2 57 -5.08 -5.89 10.00
5 2 58 -5.68 -5.43 10.00
5 2 59 -5.36 -6.20 10.00
5 2 60 -4.77 -5.96 10.00
5 2 61 -6.55 -5.68 10.00
5 2 62 -5.64 -5.99 10.00
5 3 1 21.90 21.87 10.00
5 3 2 21.94 21.31 10.00
5 3 3 23.02 22.39 10.00
5 3 4 21.62 21.59 10.00
5 3 5 21.27 21.62 10.00
6 1 1 27.40 27.19 10.00
6 1 2 26.80 27.33 10.00
6 1 3 27.08 27.19 10.00
6 1 4 27.64 26.91 10.00
6 1 5 27.05 27.08 10.00
6 1 6 26.98 26.66 10.00
6 1 7 26.45 26.91 10.00
6 1 8 26.59 27.12 10.00
6 1 9 27.29 26.17 10.00
6 1 10 26.07 25.61 10.00
6 1 11 26.91 25.72 10.00
6 1 12 25.61 25.26 10.00
6 1 13 25.68 25.30 10.00
6 1 14 24.74 25.33 10.00
6 1 15 25.54 26.14 10.00
6 1 16 25.54 25.58 10.00
6 1 17 31.53 30.02 10.00
6 1 18 30.90 30.34 10.00
6 1 19 30.34 31.49 10.00
6 1 20 30.90 30.02 10.00
6 1 21 0.00 0.00 10.00
6 1 22 29.11 30.02 10.00
6 1 23 30.02 29.74 10.00
6 2 1 0.17 -0.99 10.00
6 2 2 -0.32 -0.43 10.00
6 2 3 -0.18 -0.71 10.00
6 2 4 -0.46 -0.46 10.00
6 2 5 -0.71 -0.18 10.00
6 2 6 -1.06 -0.36 10.00
6 2 7 -0.74 -0.29 10.00
6 2 8 -0.57 -0.78 10.00
6 2 9 0.13 -1.23 10.00
6 2 10 -0.71 -1.48 10.00
6 2 11 -0.29 -1.48 10.00
6 2 12 -0.92 -1.90 10.00
6 2 13 -0.85 -1.44 10.00
6 2 14 -1.58 -2.14 10.00
6 2 15 -0.95 -1.83 10.00
6 2 16 -1.51 -2.25 10.00
6 2 17 -0.18 -0.64 10.00
6 2 18 -0.22 -0.67 10.00
6 2 19 -0.78 -0.67 10.00
6 2 20 0.13 -1.48 10.00
6 2 21 -1.48 -2.42 10.00
6 2 22 -0.64 -0.81 10.00
6 2 23 -1.37 -0.25 10.00
6 2 24 -0.88 -0.92 10.00
6 2 25 -0.04 -0.81 10.00
6 2 26 -0.64 -1.58 10.00
6 2 27 -0.18 -1.37 10.00
6 2 28 -1.51 -2.49 10.00
6 2 29 -1.72 -1.90 10.00
6 2 30 -2.07 -2.07 10.00
6 2 31 -1.72 -1.93 10.00
6 2 32 -2.18 -2.70 10.00
6 2 33 -1.13 -1.65 10.00
6 2 34 -0.74 -0.85 10.00
6 2 35 -1.48 -2.28 10.00
6 2 36 -0.36 -1.83 10.00
6 2 37 -2.42 -2.42 10.00
6 2 38 -1.30 -1.16 10.00
6 2 39 -1.65 -1.41 10.00
6 2 40 -1.16 -0.88 10.00
6 2 41 -1.72 -2.67 10.00
6 2 42 -2.39 -3.16 10.00
6 2 43 -1.90 -2.95 10.00
6 2 44 -2.14 -3.05 10.00
6 2 45 -2.63 -3.37 10.00
6 2 46 -2.77 -3.02 10.00
6 2 47 -2.74 -2.91 10.00
6 2 48 -2.98 -3.26 10.00
6 2 49 4.26 3.39 10.00
6 2 50 3.95 3.70 10.00
6 2 51 4.58 4.26 10.00
6 2 52 3.95 3.70 10.00
6 2 53 3.39 3.07 10.00
6 2 54 3.11 3.39 10.00
6 2 55 3.39 3.70 10.00
6 2 56 3.39 3.70 10.00
6 2 57 2.55 1.64 10.00
6 2 58 2.51 1.67 10.00
6 2 59 2.51 2.20 10.00
6 2 60 2.86 1.67 10.00
6 2 61 1.67 1.99 10.00
6 2 62 1.92 2.20 10.00
6 3 1 28.83 29.15 10.00
6 3 2 28.38 28.06 10.00
6 3 3 28.76 29.88 10.00
6 3 4 30.06 28.03 10.00
6 3 5 29.22 29.50 10.00
