1 1 1 16.000 16.000 362.039 362.039 
1 1 2 16.000 16.000 362.039 362.039 
1 1 3 16.000 16.000 362.039 362.039 
1 1 4 16.000 16.000 362.039 362.039 
1 1 5 16.000 16.000 362.039 362.039 
1 1 6 16.000 16.000 362.039 362.039 
1 1 7 16.000 16.000 362.039 362.039 
1 1 8 16.000 16.000 362.039 362.039 
1 1 9 16.000 16.000 362.039 362.039 
1 1 10 16.000 16.000 362.039 362.039 
1 1 11 16.000 16.000 362.039 362.039 
1 1 12 16.000 16.000 362.039 362.039 
1 1 13 16.000 16.000 362.039 362.039 
1 1 14 16.000 16.000 362.039 362.039 
1 1 15 16.000 16.000 362.039 362.039 
1 1 16 16.000 16.000 362.039 362.039 
1 1 17 16.000 16.000 362.039 362.039 
1 1 18 16.000 16.000 362.039 362.039 
1 1 19 16.000 16.000 362.039 362.039 
1 1 20 16.000 16.000 362.039 362.039 
1 1 21 16.000 16.000 362.039 362.039 
1 1 22 16.000 16.000 362.039 362.039 
1 1 23 16.000 16.000 362.039 362.039 
1 2 1 16.000 16.000 362.039 362.039 
1 2 2 16.000 16.000 362.039 362.039 
1 2 3 16.000 16.000 362.039 362.039 
1 2 4 16.000 16.000 362.039 362.039 
1 2 5 16.000 16.000 362.039 362.039 
1 2 6 16.000 16.000 362.039 362.039 
1 2 7 16.000 16.000 362.039 362.039 
1 2 8 16.000 16.000 362.039 362.039 
1 2 9 16.000 16.000 362.039 362.039 
1 2 10 16.000 16.000 362.039 362.039 
1 2 11 16.000 16.000 362.039 362.039 
1 2 12 16.000 16.000 362.039 362.039 
1 2 13 16.000 16.000 362.039 362.039 
1 2 14 16.000 16.000 362.039 362.039 
1 2 15 16.000 16.000 362.039 362.039 
1 2 16 16.000 16.000 362.039 362.039 
1 2 17 16.000 16.000 362.039 362.039 
1 2 18 16.000 16.000 362.039 362.039 
1 2 19 16.000 16.000 362.039 362.039 
1 2 20 16.000 16.000 362.039 362.039 
1 2 21 16.000 16.000 362.039 362.039 
1 2 22 16.000 16.000 362.039 362.039 
1 2 23 16.000 16.000 362.039 362.039 
1 2 24 16.000 16.000 362.039 362.039 
1 2 25 16.000 16.000 362.039 362.039 
1 2 26 16.000 16.000 362.039 362.039 
1 2 27 16.000 16.000 362.039 362.039 
1 2 28 16.000 16.000 362.039 362.039 
1 2 29 16.000 16.000 362.039 362.039 
1 2 30 16.000 16.000 362.039 362.039 
1 2 31 16.000 16.000 362.039 362.039 
1 2 32 16.000 16.000 362.039 362.039 
1 2 33 16.000 16.000 362.039 362.039 
1 2 34 16.000 16.000 362.039 362.039 
1 2 35 16.000 16.000 362.039 362.039 
1 2 36 16.000 16.000 362.039 362.039 
1 2 37 16.000 16.000 362.039 362.039 
1 2 38 16.000 16.000 362.039 362.039 
1 2 39 16.000 16.000 362.039 362.039 
1 2 40 16.000 16.000 362.039 362.039 
1 2 41 16.000 16.000 362.039 362.039 
1 2 42 16.000 16.000 362.039 362.039 
1 2 43 16.000 16.000 362.039 362.039 
1 2 44 16.000 16.000 362.039 362.039 
1 2 45 16.000 16.000 362.039 362.039 
1 2 46 16.000 16.000 362.039 362.039 
1 2 47 16.000 16.000 362.039 362.039 
1 2 48 16.000 16.000 362.039 362.039 
1 2 49 16.000 16.000 362.039 362.039 
1 2 50 16.000 16.000 362.039 362.039 
1 2 51 16.000 16.000 362.039 362.039 
1 2 52 16.000 16.000 362.039 362.039 
1 2 53 16.000 16.000 362.039 362.039 
1 2 54 16.000 16.000 362.039 362.039 
1 2 55 16.000 16.000 362.039 362.039 
1 2 56 16.000 16.000 362.039 362.039 
1 2 57 16.000 16.000 362.039 362.039 
1 2 58 16.000 16.000 362.039 362.039 
1 2 59 16.000 16.000 362.039 362.039 
1 2 60 16.000 16.000 362.039 362.039 
1 2 61 16.000 16.000 362.039 362.039 
1 2 62 16.000 16.000 362.039 362.039 
1 3 1 16.000 16.000 362.039 362.039 
1 3 2 16.000 16.000 362.039 362.039 
1 3 3 16.000 16.000 362.039 362.039 
1 3 4 16.000 16.000 362.039 362.039 
1 3 5 16.000 16.000 362.039 362.039 
2 1 1 16.000 16.000 362.039 362.039 
2 1 2 16.000 16.000 362.039 362.039 
2 1 3 16.000 16.000 362.039 362.039 
2 1 4 16.000 16.000 362.039 362.039 
2 1 5 16.000 16.000 362.039 362.039 
2 1 6 16.000 16.000 362.039 362.039 
2 1 7 16.000 16.000 362.039 362.039 
2 1 8 16.000 16.000 362.039 362.039 
2 1 9 16.000 16.000 362.039 362.039 
2 1 10 16.000 16.000 362.039 362.039 
2 1 11 16.000 16.000 362.039 362.039 
2 1 12 16.000 16.000 362.039 362.039 
2 1 13 16.000 16.000 362.039 362.039 
2 1 14 16.000 16.000 362.039 362.039 
2 1 15 16.000 16.000 362.039 362.039 
2 1 16 16.000 16.000 362.039 362.039 
2 1 17 16.000 16.000 362.039 362.039 
2 1 18 16.000 16.000 362.039 362.039 
2 1 19 16.000 16.000 362.039 362.039 
2 1 20 16.000 16.000 362.039 362.039 
2 1 21 16.000 16.000 362.039 362.039 
2 1 22 16.000 16.000 362.039 362.039 
2 1 23 16.000 16.000 362.039 362.039 
2 2 1 16.000 16.000 362.039 362.039 
2 2 2 16.000 16.000 362.039 362.039 
2 2 3 16.000 16.000 362.039 362.039 
2 2 4 16.000 16.000 362.039 362.039 
2 2 5 16.000 16.000 362.039 362.039 
2 2 6 16.000 16.000 362.039 362.039 
2 2 7 16.000 16.000 362.039 362.039 
2 2 8 16.000 16.000 362.039 362.039 
2 2 9 16.000 16.000 362.039 362.039 
2 2 10 16.000 16.000 362.039 362.039 
2 2 11 16.000 16.000 362.039 362.039 
2 2 12 16.000 16.000 362.039 362.039 
2 2 13 16.000 16.000 362.039 362.039 
2 2 14 16.000 16.000 362.039 362.039 
2 2 15 16.000 16.000 362.039 362.039 
2 2 16 16.000 16.000 362.039 362.039 
2 2 17 16.000 16.000 362.039 362.039 
2 2 18 16.000 16.000 362.039 362.039 
2 2 19 16.000 16.000 362.039 362.039 
2 2 20 16.000 16.000 362.039 362.039 
2 2 21 16.000 16.000 362.039 362.039 
2 2 22 16.000 16.000 362.039 362.039 
2 2 23 16.000 16.000 362.039 362.039 
2 2 24 16.000 16.000 362.039 362.039 
2 2 25 16.000 16.000 362.039 362.039 
2 2 26 16.000 16.000 362.039 362.039 
2 2 27 16.000 16.000 362.039 362.039 
2 2 28 16.000 16.000 362.039 362.039 
2 2 29 16.000 16.000 362.039 362.039 
2 2 30 16.000 16.000 362.039 362.039 
2 2 31 16.000 16.000 362.039 362.039 
2 2 32 16.000 16.000 362.039 362.039 
2 2 33 16.000 16.000 362.039 362.039 
2 2 34 16.000 16.000 362.039 362.039 
2 2 35 16.000 16.000 362.039 362.039 
2 2 36 16.000 16.000 362.039 362.039 
2 2 37 16.000 16.000 362.039 362.039 
2 2 38 16.000 16.000 362.039 362.039 
2 2 39 16.000 16.000 362.039 362.039 
2 2 40 16.000 16.000 362.039 362.039 
2 2 41 16.000 16.000 362.039 362.039 
2 2 42 16.000 16.000 362.039 362.039 
2 2 43 16.000 16.000 362.039 362.039 
2 2 44 16.000 16.000 362.039 362.039 
2 2 45 16.000 16.000 362.039 362.039 
2 2 46 16.000 16.000 362.039 362.039 
2 2 47 16.000 16.000 362.039 362.039 
2 2 48 16.000 16.000 362.039 362.039 
2 2 49 16.000 16.000 362.039 362.039 
2 2 50 16.000 16.000 362.039 362.039 
2 2 51 16.000 16.000 362.039 362.039 
2 2 52 16.000 16.000 362.039 362.039 
2 2 53 16.000 16.000 362.039 362.039 
2 2 54 16.000 16.000 362.039 362.039 
2 2 55 16.000 16.000 362.039 362.039 
2 2 56 16.000 16.000 362.039 362.039 
2 2 57 16.000 16.000 362.039 362.039 
2 2 58 16.000 16.000 362.039 362.039 
2 2 59 16.000 16.000 362.039 362.039 
2 2 60 16.000 16.000 362.039 362.039 
2 2 61 16.000 16.000 362.039 362.039 
2 2 62 16.000 16.000 362.039 362.039 
2 3 1 16.000 16.000 362.039 362.039 
2 3 2 16.000 16.000 362.039 362.039 
2 3 3 16.000 16.000 362.039 362.039 
2 3 4 16.000 16.000 362.039 362.039 
2 3 5 16.000 16.000 362.039 362.039 
3 1 1 16.000 16.000 362.039 362.039 
3 1 2 16.000 16.000 362.039 362.039 
3 1 3 16.000 16.000 362.039 362.039 
3 1 4 16.000 16.000 362.039 362.039 
3 1 5 16.000 16.000 362.039 362.039 
3 1 6 16.000 16.000 362.039 362.039 
3 1 7 16.000 16.000 362.039 362.039 
3 1 8 16.000 16.000 362.039 362.039 
3 1 9 16.000 16.000 362.039 362.039 
3 1 10 16.000 16.000 362.039 362.039 
3 1 11 16.000 16.000 362.039 362.039 
3 1 12 16.000 16.000 362.039 362.039 
3 1 13 16.000 16.000 362.039 362.039 
3 1 14 16.000 16.000 362.039 362.039 
3 1 15 16.000 16.000 362.039 362.039 
3 1 16 16.000 16.000 362.039 362.039 
3 1 17 16.000 16.000 362.039 362.039 
3 1 18 16.000 16.000 362.039 362.039 
3 1 19 16.000 16.000 362.039 362.039 
3 1 20 16.000 16.000 362.039 362.039 
3 1 21 16.000 16.000 362.039 362.039 
3 1 22 16.000 16.000 362.039 362.039 
3 1 23 16.000 16.000 362.039 362.039 
3 2 1 16.000 16.000 362.039 362.039 
3 2 2 16.000 16.000 362.039 362.039 
3 2 3 16.000 16.000 362.039 362.039 
3 2 4 16.000 16.000 362.039 362.039 
3 2 5 16.000 16.000 362.039 362.039 
3 2 6 16.000 16.000 362.039 362.039 
3 2 7 16.000 16.000 362.039 362.039 
3 2 8 16.000 16.000 362.039 362.039 
3 2 9 16.000 16.000 362.039 362.039 
3 2 10 16.000 16.000 362.039 362.039 
3 2 11 16.000 16.000 362.039 362.039 
3 2 12 16.000 16.000 362.039 362.039 
3 2 13 16.000 16.000 362.039 362.039 
3 2 14 16.000 16.000 362.039 362.039 
3 2 15 16.000 16.000 362.039 362.039 
3 2 16 16.000 16.000 362.039 362.039 
3 2 17 16.000 16.000 362.039 362.039 
3 2 18 16.000 16.000 362.039 362.039 
3 2 19 16.000 16.000 362.039 362.039 
3 2 20 16.000 16.000 362.039 362.039 
3 2 21 16.000 16.000 362.039 362.039 
3 2 22 16.000 16.000 362.039 362.039 
3 2 23 16.000 16.000 362.039 362.039 
3 2 24 16.000 16.000 362.039 362.039 
3 2 25 16.000 16.000 362.039 362.039 
3 2 26 16.000 16.000 362.039 362.039 
3 2 27 16.000 16.000 362.039 362.039 
3 2 28 16.000 16.000 362.039 362.039 
3 2 29 16.000 16.000 362.039 362.039 
3 2 30 16.000 16.000 362.039 362.039 
3 2 31 16.000 16.000 362.039 362.039 
3 2 32 16.000 16.000 362.039 362.039 
3 2 33 16.000 16.000 362.039 362.039 
3 2 34 16.000 16.000 362.039 362.039 
3 2 35 16.000 16.000 362.039 362.039 
3 2 36 16.000 16.000 362.039 362.039 
3 2 37 16.000 16.000 362.039 362.039 
3 2 38 16.000 16.000 362.039 362.039 
3 2 39 16.000 16.000 362.039 362.039 
3 2 40 16.000 16.000 362.039 362.039 
3 2 41 16.000 16.000 362.039 362.039 
3 2 42 16.000 16.000 362.039 362.039 
3 2 43 16.000 16.000 362.039 362.039 
3 2 44 16.000 16.000 362.039 362.039 
3 2 45 16.000 16.000 362.039 362.039 
3 2 46 16.000 16.000 362.039 362.039 
3 2 47 16.000 16.000 362.039 362.039 
3 2 48 16.000 16.000 362.039 362.039 
3 2 49 16.000 16.000 362.039 362.039 
3 2 50 16.000 16.000 362.039 362.039 
3 2 51 16.000 16.000 362.039 362.039 
3 2 52 16.000 16.000 362.039 362.039 
3 2 53 16.000 16.000 362.039 362.039 
3 2 54 16.000 16.000 362.039 362.039 
3 2 55 16.000 16.000 362.039 362.039 
3 2 56 16.000 16.000 362.039 362.039 
3 2 57 16.000 16.000 362.039 362.039 
3 2 58 16.000 16.000 362.039 362.039 
3 2 59 16.000 16.000 362.039 362.039 
3 2 60 16.000 16.000 362.039 362.039 
3 2 61 16.000 16.000 362.039 362.039 
3 2 62 16.000 16.000 362.039 362.039 
3 3 1 16.000 16.000 362.039 362.039 
3 3 2 16.000 16.000 362.039 362.039 
3 3 3 16.000 16.000 362.039 362.039 
3 3 4 16.000 16.000 362.039 362.039 
3 3 5 16.000 16.000 362.039 362.039 
4 1 1 16.000 16.000 362.039 362.039 
4 1 2 16.000 16.000 362.039 362.039 
4 1 3 16.000 16.000 362.039 362.039 
4 1 4 16.000 16.000 362.039 362.039 
4 1 5 16.000 16.000 362.039 362.039 
4 1 6 16.000 16.000 362.039 362.039 
4 1 7 16.000 16.000 362.039 362.039 
4 1 8 16.000 16.000 362.039 362.039 
4 1 9 16.000 16.000 362.039 362.039 
4 1 10 16.000 16.000 362.039 362.039 
4 1 11 16.000 16.000 362.039 362.039 
4 1 12 16.000 16.000 362.039 362.039 
4 1 13 16.000 16.000 362.039 362.039 
4 1 14 16.000 16.000 362.039 362.039 
4 1 15 16.000 16.000 362.039 362.039 
4 1 16 16.000 16.000 362.039 362.039 
4 1 17 16.000 16.000 362.039 362.039 
4 1 18 16.000 16.000 362.039 362.039 
4 1 19 16.000 16.000 362.039 362.039 
4 1 20 16.000 16.000 362.039 362.039 
4 1 21 16.000 16.000 362.039 362.039 
4 1 22 16.000 16.000 362.039 362.039 
4 1 23 16.000 16.000 362.039 362.039 
4 2 1 16.000 16.000 362.039 362.039 
4 2 2 16.000 16.000 362.039 362.039 
4 2 3 16.000 16.000 362.039 362.039 
4 2 4 16.000 16.000 362.039 362.039 
4 2 5 16.000 16.000 362.039 362.039 
4 2 6 16.000 16.000 362.039 362.039 
4 2 7 16.000 16.000 362.039 362.039 
4 2 8 16.000 16.000 362.039 362.039 
4 2 9 16.000 16.000 362.039 362.039 
4 2 10 16.000 16.000 362.039 362.039 
4 2 11 16.000 16.000 362.039 362.039 
4 2 12 16.000 16.000 362.039 362.039 
4 2 13 16.000 16.000 362.039 362.039 
4 2 14 16.000 16.000 362.039 362.039 
4 2 15 16.000 16.000 362.039 362.039 
4 2 16 16.000 16.000 362.039 362.039 
4 2 17 16.000 16.000 362.039 362.039 
4 2 18 16.000 16.000 362.039 362.039 
4 2 19 16.000 16.000 362.039 362.039 
4 2 20 16.000 16.000 362.039 362.039 
4 2 21 16.000 16.000 362.039 362.039 
4 2 22 16.000 16.000 362.039 362.039 
4 2 23 16.000 16.000 362.039 362.039 
4 2 24 16.000 16.000 362.039 362.039 
4 2 25 16.000 16.000 362.039 362.039 
4 2 26 16.000 16.000 362.039 362.039 
4 2 27 16.000 16.000 362.039 362.039 
4 2 28 16.000 16.000 362.039 362.039 
4 2 29 16.000 16.000 362.039 362.039 
4 2 30 16.000 16.000 362.039 362.039 
4 2 31 16.000 16.000 362.039 362.039 
4 2 32 16.000 16.000 362.039 362.039 
4 2 33 16.000 16.000 362.039 362.039 
4 2 34 16.000 16.000 362.039 362.039 
4 2 35 16.000 16.000 362.039 362.039 
4 2 36 16.000 16.000 362.039 362.039 
4 2 37 16.000 16.000 362.039 362.039 
4 2 38 16.000 16.000 362.039 362.039 
4 2 39 16.000 16.000 362.039 362.039 
4 2 40 16.000 16.000 362.039 362.039 
4 2 41 16.000 16.000 362.039 362.039 
4 2 42 16.000 16.000 362.039 362.039 
4 2 43 16.000 16.000 362.039 362.039 
4 2 44 16.000 16.000 362.039 362.039 
4 2 45 16.000 16.000 362.039 362.039 
4 2 46 16.000 16.000 362.039 362.039 
4 2 47 16.000 16.000 362.039 362.039 
4 2 48 16.000 16.000 362.039 362.039 
4 2 49 16.000 16.000 362.039 362.039 
4 2 50 16.000 16.000 362.039 362.039 
4 2 51 16.000 16.000 362.039 362.039 
4 2 52 16.000 16.000 362.039 362.039 
4 2 53 16.000 16.000 362.039 362.039 
4 2 54 16.000 16.000 362.039 362.039 
4 2 55 16.000 16.000 362.039 362.039 
4 2 56 16.000 16.000 362.039 362.039 
4 2 57 16.000 16.000 362.039 362.039 
4 2 58 16.000 16.000 362.039 362.039 
4 2 59 16.000 16.000 362.039 362.039 
4 2 60 16.000 16.000 362.039 362.039 
4 2 61 16.000 16.000 362.039 362.039 
4 2 62 16.000 16.000 362.039 362.039 
4 3 1 16.000 16.000 362.039 362.039 
4 3 2 16.000 16.000 362.039 362.039 
4 3 3 16.000 16.000 362.039 362.039 
4 3 4 16.000 16.000 362.039 362.039 
4 3 5 16.000 16.000 362.039 362.039 
5 1 1 16.000 16.000 362.039 362.039 
5 1 2 16.000 16.000 362.039 362.039 
5 1 3 16.000 16.000 362.039 362.039 
5 1 4 16.000 16.000 362.039 362.039 
5 1 5 16.000 16.000 362.039 362.039 
5 1 6 16.000 16.000 362.039 362.039 
5 1 7 16.000 16.000 362.039 362.039 
5 1 8 16.000 16.000 362.039 362.039 
5 1 9 16.000 16.000 362.039 362.039 
5 1 10 16.000 16.000 362.039 362.039 
5 1 11 16.000 16.000 362.039 362.039 
5 1 12 16.000 16.000 362.039 362.039 
5 1 13 16.000 16.000 362.039 362.039 
5 1 14 16.000 16.000 362.039 362.039 
5 1 15 16.000 16.000 362.039 362.039 
5 1 16 16.000 16.000 362.039 362.039 
5 1 17 16.000 16.000 362.039 362.039 
5 1 18 16.000 16.000 362.039 362.039 
5 1 19 16.000 16.000 362.039 362.039 
5 1 20 16.000 16.000 362.039 362.039 
5 1 21 16.000 16.000 362.039 362.039 
5 1 22 16.000 16.000 362.039 362.039 
5 1 23 16.000 16.000 362.039 362.039 
5 2 1 16.000 16.000 362.039 362.039 
5 2 2 16.000 16.000 362.039 362.039 
5 2 3 16.000 16.000 362.039 362.039 
5 2 4 16.000 16.000 362.039 362.039 
5 2 5 16.000 16.000 362.039 362.039 
5 2 6 16.000 16.000 362.039 362.039 
5 2 7 16.000 16.000 362.039 362.039 
5 2 8 16.000 16.000 362.039 362.039 
5 2 9 16.000 16.000 362.039 362.039 
5 2 10 16.000 16.000 362.039 362.039 
5 2 11 16.000 16.000 362.039 362.039 
5 2 12 16.000 16.000 362.039 362.039 
5 2 13 16.000 16.000 362.039 362.039 
5 2 14 16.000 16.000 362.039 362.039 
5 2 15 16.000 16.000 362.039 362.039 
5 2 16 16.000 16.000 362.039 362.039 
5 2 17 16.000 16.000 362.039 362.039 
5 2 18 16.000 16.000 362.039 362.039 
5 2 19 16.000 16.000 362.039 362.039 
5 2 20 16.000 16.000 362.039 362.039 
5 2 21 16.000 16.000 362.039 362.039 
5 2 22 16.000 16.000 362.039 362.039 
5 2 23 16.000 16.000 362.039 362.039 
5 2 24 16.000 16.000 362.039 362.039 
5 2 25 16.000 16.000 362.039 362.039 
5 2 26 16.000 16.000 362.039 362.039 
5 2 27 16.000 16.000 362.039 362.039 
5 2 28 16.000 16.000 362.039 362.039 
5 2 29 16.000 16.000 362.039 362.039 
5 2 30 16.000 16.000 362.039 362.039 
5 2 31 16.000 16.000 362.039 362.039 
5 2 32 16.000 16.000 362.039 362.039 
5 2 33 16.000 16.000 362.039 362.039 
5 2 34 16.000 16.000 362.039 362.039 
5 2 35 16.000 16.000 362.039 362.039 
5 2 36 16.000 16.000 362.039 362.039 
5 2 37 16.000 16.000 362.039 362.039 
5 2 38 16.000 16.000 362.039 362.039 
5 2 39 16.000 16.000 362.039 362.039 
5 2 40 16.000 16.000 362.039 362.039 
5 2 41 16.000 16.000 362.039 362.039 
5 2 42 16.000 16.000 362.039 362.039 
5 2 43 16.000 16.000 362.039 362.039 
5 2 44 16.000 16.000 362.039 362.039 
5 2 45 16.000 16.000 362.039 362.039 
5 2 46 16.000 16.000 362.039 362.039 
5 2 47 16.000 16.000 362.039 362.039 
5 2 48 16.000 16.000 362.039 362.039 
5 2 49 16.000 16.000 362.039 362.039 
5 2 50 16.000 16.000 362.039 362.039 
5 2 51 16.000 16.000 362.039 362.039 
5 2 52 16.000 16.000 362.039 362.039 
5 2 53 16.000 16.000 362.039 362.039 
5 2 54 16.000 16.000 362.039 362.039 
5 2 55 16.000 16.000 362.039 362.039 
5 2 56 16.000 16.000 362.039 362.039 
5 2 57 16.000 16.000 362.039 362.039 
5 2 58 16.000 16.000 362.039 362.039 
5 2 59 16.000 16.000 362.039 362.039 
5 2 60 16.000 16.000 362.039 362.039 
5 2 61 16.000 16.000 362.039 362.039 
5 2 62 16.000 16.000 362.039 362.039 
5 3 1 16.000 16.000 362.039 362.039 
5 3 2 16.000 16.000 362.039 362.039 
5 3 3 16.000 16.000 362.039 362.039 
5 3 4 16.000 16.000 362.039 362.039 
5 3 5 16.000 16.000 362.039 362.039 
6 1 1 16.000 16.000 362.039 362.039 
6 1 2 16.000 16.000 362.039 362.039 
6 1 3 16.000 16.000 362.039 362.039 
6 1 4 16.000 16.000 362.039 362.039 
6 1 5 16.000 16.000 362.039 362.039 
6 1 6 16.000 16.000 362.039 362.039 
6 1 7 16.000 16.000 362.039 362.039 
6 1 8 16.000 16.000 362.039 362.039 
6 1 9 16.000 16.000 362.039 362.039 
6 1 10 16.000 16.000 362.039 362.039 
6 1 11 16.000 16.000 362.039 362.039 
6 1 12 16.000 16.000 362.039 362.039 
6 1 13 16.000 16.000 362.039 362.039 
6 1 14 16.000 16.000 362.039 362.039 
6 1 15 16.000 16.000 362.039 362.039 
6 1 16 16.000 16.000 362.039 362.039 
6 1 17 16.000 16.000 362.039 362.039 
6 1 18 16.000 16.000 362.039 362.039 
6 1 19 16.000 16.000 362.039 362.039 
6 1 20 16.000 16.000 362.039 362.039 
6 1 21 16.000 16.000 362.039 362.039 
6 1 22 16.000 16.000 362.039 362.039 
6 1 23 16.000 16.000 362.039 362.039 
6 2 1 16.000 16.000 362.039 362.039 
6 2 2 16.000 16.000 362.039 362.039 
6 2 3 16.000 16.000 362.039 362.039 
6 2 4 16.000 16.000 362.039 362.039 
6 2 5 16.000 16.000 362.039 362.039 
6 2 6 16.000 16.000 362.039 362.039 
6 2 7 16.000 16.000 362.039 362.039 
6 2 8 16.000 16.000 362.039 362.039 
6 2 9 16.000 16.000 362.039 362.039 
6 2 10 16.000 16.000 362.039 362.039 
6 2 11 16.000 16.000 362.039 362.039 
6 2 12 16.000 16.000 362.039 362.039 
6 2 13 16.000 16.000 362.039 362.039 
6 2 14 16.000 16.000 362.039 362.039 
6 2 15 16.000 16.000 362.039 362.039 
6 2 16 16.000 16.000 362.039 362.039 
6 2 17 16.000 16.000 362.039 362.039 
6 2 18 16.000 16.000 362.039 362.039 
6 2 19 16.000 16.000 362.039 362.039 
6 2 20 16.000 16.000 362.039 362.039 
6 2 21 16.000 16.000 362.039 362.039 
6 2 22 16.000 16.000 362.039 362.039 
6 2 23 16.000 16.000 362.039 362.039 
6 2 24 16.000 16.000 362.039 362.039 
6 2 25 16.000 16.000 362.039 362.039 
6 2 26 16.000 16.000 362.039 362.039 
6 2 27 16.000 16.000 362.039 362.039 
6 2 28 16.000 16.000 362.039 362.039 
6 2 29 16.000 16.000 362.039 362.039 
6 2 30 16.000 16.000 362.039 362.039 
6 2 31 16.000 16.000 362.039 362.039 
6 2 32 16.000 16.000 362.039 362.039 
6 2 33 16.000 16.000 362.039 362.039 
6 2 34 16.000 16.000 362.039 362.039 
6 2 35 16.000 16.000 362.039 362.039 
6 2 36 16.000 16.000 362.039 362.039 
6 2 37 16.000 16.000 362.039 362.039 
6 2 38 16.000 16.000 362.039 362.039 
6 2 39 16.000 16.000 362.039 362.039 
6 2 40 16.000 16.000 362.039 362.039 
6 2 41 16.000 16.000 362.039 362.039 
6 2 42 16.000 16.000 362.039 362.039 
6 2 43 16.000 16.000 362.039 362.039 
6 2 44 16.000 16.000 362.039 362.039 
6 2 45 16.000 16.000 362.039 362.039 
6 2 46 16.000 16.000 362.039 362.039 
6 2 47 16.000 16.000 362.039 362.039 
6 2 48 16.000 16.000 362.039 362.039 
6 2 49 16.000 16.000 362.039 362.039 
6 2 50 16.000 16.000 362.039 362.039 
6 2 51 16.000 16.000 362.039 362.039 
6 2 52 16.000 16.000 362.039 362.039 
6 2 53 16.000 16.000 362.039 362.039 
6 2 54 16.000 16.000 362.039 362.039 
6 2 55 16.000 16.000 362.039 362.039 
6 2 56 16.000 16.000 362.039 362.039 
6 2 57 16.000 16.000 362.039 362.039 
6 2 58 16.000 16.000 362.039 362.039 
6 2 59 16.000 16.000 362.039 362.039 
6 2 60 16.000 16.000 362.039 362.039 
6 2 61 16.000 16.000 362.039 362.039 
6 2 62 16.000 16.000 362.039 362.039 
6 3 1 16.000 16.000 362.039 362.039 
6 3 2 16.000 16.000 362.039 362.039 
6 3 3 16.000 16.000 362.039 362.039 
6 3 4 16.000 16.000 362.039 362.039 
6 3 5 16.000 16.000 362.039 362.039 
