1 1 1 581.193 581.193 2.506 2.506 0.212 0.003
1 1 2 569.914 569.914 2.467 2.467 -0.007 0.004
1 1 3 567.609 567.609 2.782 2.782 0.032 0.006
1 1 4 594.990 594.990 2.733 2.733 0.182 0.006
1 1 5 608.312 608.312 3.164 3.164 0.111 0.006
1 1 6 669.496 669.496 8.554 8.554 0.118 0.010
1 1 7 581.873 581.873 3.462 3.462 -0.046 0.009
1 1 8 602.416 602.416 3.890 3.890 0.030 0.011
1 1 9 694.011 694.011 5.696 5.696 0.086 0.010
1 1 10 620.185 620.185 4.682 4.682 0.098 0.012
1 1 11 791.171 791.171 63.606 63.606 0.171 0.012
1 1 12 651.756 651.756 5.039 5.039 0.079 0.012
1 1 13 638.626 638.626 4.837 4.837 0.020 0.015
1 1 14 641.067 641.067 4.500 4.500 0.011 0.013
1 1 15 746.699 746.699 7.240 7.240 0.128 0.012
1 1 16 -190.199 -190.199 29103.954 29103.954 -0.253 0.014
1 1 17 613.095 613.095 5.190 5.190 -0.102 0.015
1 1 18 616.196 616.196 5.314 5.314 -0.002 0.013
1 1 19 591.101 591.101 5.874 5.874 -0.094 0.018
1 1 20 645.225 645.225 5.523 5.523 -0.114 0.014
1 1 21 388.846 388.846 5.892 5.892 -0.092 0.015
1 1 22 -648.677 -648.677 1.414 1.414 -0.215 0.018
1 1 23 505.538 505.538 5.678 5.678 -0.212 0.019
1 2 1 956.485 956.485 186.517 186.517 0.021 0.007
1 2 2 883.914 883.914 15.086 15.086 0.019 0.003
1 2 3 828.070 828.070 9.173 9.173 -0.032 0.003
1 2 4 879.459 879.459 8.298 8.298 -0.001 0.003
1 2 5 802.009 802.009 6.040 6.040 -0.020 0.004
1 2 6 783.200 783.200 5.532 5.532 0.015 0.005
1 2 7 784.029 784.029 5.812 5.812 -0.022 0.004
1 2 8 816.385 816.385 6.039 6.039 0.042 0.005
1 2 9 790.891 790.891 5.404 5.404 0.005 0.005
1 2 10 791.983 791.983 5.011 5.011 0.053 0.006
1 2 11 761.646 761.646 4.354 4.354 0.013 0.006
1 2 12 772.982 772.982 5.631 5.631 -0.000 0.005
1 2 13 706.016 706.016 4.441 4.441 -0.067 0.009
1 2 14 772.519 772.519 6.268 6.268 0.023 0.008
1 2 15 776.843 776.843 5.616 5.616 0.066 0.008
1 2 16 720.394 720.394 5.866 5.866 -0.033 0.009
1 2 17 777.645 777.645 5.111 5.111 0.049 0.009
1 2 18 777.475 777.475 5.618 5.618 0.063 0.014
1 2 19 733.041 733.041 5.785 5.785 0.071 0.012
1 2 20 762.143 762.143 5.496 5.496 0.005 0.013
1 2 21 762.119 762.119 7.790 7.790 0.063 0.017
1 2 22 737.019 737.019 6.253 6.253 0.025 0.013
1 2 23 -2190.930 -2190.930 33589.641 33589.641 0.108 0.016
1 2 24 743.423 743.423 5.176 5.176 0.016 0.013
1 2 25 -44.533 -44.533 52.337 52.337 0.049 0.013
1 2 26 712.577 712.577 57.110 57.110 0.021 0.014
1 2 27 669.451 669.451 52.412 52.412 0.043 0.012
1 2 28 766.205 766.205 8.266 8.266 0.044 0.015
1 2 29 758.129 758.129 8.539 8.539 0.034 0.017
1 2 30 786.565 786.565 6.853 6.853 0.075 0.016
1 2 31 694.796 694.796 7.425 7.425 0.079 0.021
1 2 32 9.022 9.022 1.414 1.414 0.029 0.009
1 2 33 763.091 763.091 8.357 8.357 0.020 0.014
1 2 34 773.071 773.071 6.809 6.809 0.043 0.011
1 2 35 756.591 756.591 6.734 6.734 0.047 0.013
1 2 36 773.330 773.330 7.513 7.513 0.014 0.013
1 2 37 771.093 771.093 6.657 6.657 -0.022 0.013
1 2 38 795.654 795.654 7.042 7.042 0.012 0.010
1 2 39 719.869 719.869 7.688 7.688 0.015 0.015
1 2 40 795.372 795.372 7.751 7.751 -0.003 0.014
1 2 41 777.251 777.251 6.061 6.061 0.005 0.012
1 2 42 757.783 757.783 110.913 110.913 0.033 0.017
1 2 43 723.068 723.068 7.167 7.167 0.001 0.017
1 2 44 700.673 700.673 8.102 8.102 -0.052 0.016
1 2 45 282.911 282.911 NaN NaN 0.017 0.015
1 2 46 791.937 791.937 6.833 6.833 -0.026 0.017
1 2 47 736.961 736.961 6.807 6.807 -0.026 0.016
1 2 48 768.702 768.702 7.902 7.902 0.008 0.014
1 2 49 772.747 772.747 7.453 7.453 0.088 0.018
1 2 50 793.054 793.054 8.085 8.085 0.016 0.014
1 2 51 750.118 750.118 9.468 9.468 0.040 0.012
1 2 52 781.191 781.191 8.002 8.002 -0.025 0.016
1 2 53 822.326 822.326 9.731 9.731 -0.057 0.015
1 2 54 -725.707 -725.707 1.414 1.414 -0.071 0.022
1 2 55 756.673 756.673 9.078 9.078 -0.066 0.020
1 2 56 774.099 774.099 6.629 6.629 -0.069 0.015
1 2 57 -1766.730 -1766.730 NaN NaN -0.051 0.021
1 2 58 775.246 775.246 10.490 10.490 -0.125 0.019
1 2 59 806.344 806.344 13.116 13.116 -0.065 0.020
1 2 60 735.886 735.886 8.372 8.372 -0.039 0.020
1 2 61 766.365 766.365 11.465 11.465 -0.058 0.020
1 2 62 757.588 757.588 11.785 11.785 -0.094 0.020
1 3 1 632.055 632.055 89.612 89.612 0.015 0.014
1 3 2 348.742 348.742 5.873 5.873 -0.052 0.013
1 3 3 344.229 344.229 6.985 6.985 -0.062 0.015
1 3 4 347.750 347.750 12.412 12.412 0.049 0.016
1 3 5 812.499 812.499 0.048 0.048 0.715 0.024
2 1 1 627.558 627.558 2.640 2.640 -0.063 0.003
2 1 2 684.122 684.122 2.736 2.736 0.100 0.004
2 1 3 765.628 765.628 3.671 3.671 -0.059 0.008
2 1 4 757.578 757.578 3.773 3.773 -0.142 0.006
2 1 5 672.592 672.592 3.520 3.520 -0.210 0.009
2 1 6 12.500 12.500 0.000 0.000 0.000 0.000
2 1 7 677.061 677.061 3.388 3.388 0.029 0.009
2 1 8 694.716 694.716 7.264 7.264 0.038 0.010
2 1 9 675.685 675.685 4.111 4.111 0.024 0.011
2 1 10 12.500 12.500 0.000 0.000 0.000 0.000
2 1 11 662.749 662.749 4.508 4.508 0.051 0.011
2 1 12 712.120 712.120 25.071 25.071 0.035 0.018
2 1 13 675.803 675.803 4.913 4.913 0.038 0.014
2 1 14 670.424 670.424 5.133 5.133 -0.042 0.014
2 1 15 665.957 665.957 5.461 5.461 0.070 0.016
2 1 16 627.625 627.625 5.085 5.085 0.008 0.016
2 1 17 611.069 611.069 5.318 5.318 0.154 0.016
2 1 18 628.342 628.342 5.306 5.306 0.056 0.013
2 1 19 12.500 12.500 0.000 0.000 0.000 0.000
2 1 20 674.803 674.803 5.825 5.825 -0.025 0.016
2 1 21 510.160 510.160 22.742 22.742 -0.144 0.017
2 1 22 564.876 564.876 5.379 5.379 -0.173 0.017
2 1 23 561.275 561.275 5.250 5.250 0.210 0.019
2 2 1 866.110 866.110 10.263 10.263 -0.032 0.004
2 2 2 929.341 929.341 6.433 6.433 0.029 0.003
2 2 3 895.029 895.029 5.257 5.257 -0.002 0.002
2 2 4 867.961 867.961 4.515 4.515 -0.054 0.004
2 2 5 881.837 881.837 4.737 4.737 -0.005 0.004
2 2 6 892.467 892.467 4.361 4.361 -0.006 0.003
2 2 7 888.829 888.829 4.944 4.944 -0.008 0.004
2 2 8 887.690 887.690 4.794 4.794 -0.049 0.006
2 2 9 880.574 880.574 4.728 4.728 -0.022 0.006
2 2 10 913.320 913.320 4.626 4.626 0.013 0.005
2 2 11 895.805 895.805 5.160 5.160 0.023 0.005
2 2 12 885.528 885.528 5.077 5.077 -0.011 0.006
2 2 13 893.049 893.049 5.111 5.111 -0.048 0.007
2 2 14 847.086 847.086 5.197 5.197 -0.027 0.010
2 2 15 896.689 896.689 5.638 5.638 -0.048 0.010
2 2 16 859.518 859.518 5.449 5.449 0.008 0.009
2 2 17 877.026 877.026 5.213 5.213 -0.062 0.009
2 2 18 852.284 852.284 6.185 6.185 -0.041 0.013
2 2 19 913.694 913.694 5.888 5.888 -0.028 0.013
2 2 20 869.335 869.335 5.766 5.766 -0.014 0.011
2 2 21 901.992 901.992 5.442 5.442 -0.030 0.015
2 2 22 899.435 899.435 6.336 6.336 0.008 0.011
2 2 23 1464.595 1464.595 1.414 1.414 -0.028 0.013
2 2 24 882.453 882.453 6.131 6.131 -0.042 0.016
2 2 25 901.448 901.448 7.730 7.730 -0.075 0.014
2 2 26 883.349 883.349 7.401 7.401 -0.037 0.014
2 2 27 896.073 896.073 6.753 6.753 0.002 0.012
2 2 28 898.845 898.845 7.282 7.282 -0.056 0.013
2 2 29 866.955 866.955 7.635 7.635 -0.053 0.016
2 2 30 863.781 863.781 6.971 6.971 0.037 0.016
2 2 31 890.548 890.548 8.979 8.979 -0.020 0.021
2 2 32 907.831 907.831 7.145 7.145 0.071 0.011
2 2 33 872.128 872.128 6.454 6.454 -0.032 0.013
2 2 34 888.989 888.989 7.898 7.898 0.007 0.010
2 2 35 897.906 897.906 7.889 7.889 -0.001 0.012
2 2 36 889.423 889.423 7.872 7.872 0.036 0.013
2 2 37 898.638 898.638 11.239 11.239 -0.005 0.014
2 2 38 913.130 913.130 8.663 8.663 -0.008 0.011
2 2 39 887.197 887.197 8.056 8.056 0.015 0.016
2 2 40 869.836 869.836 7.622 7.622 0.045 0.015
2 2 41 855.547 855.547 7.792 7.792 0.101 0.014
2 2 42 869.725 869.725 6.942 6.942 0.011 0.016
2 2 43 856.633 856.633 9.154 9.154 0.007 0.017
2 2 44 893.624 893.624 9.500 9.500 -0.007 0.013
2 2 45 886.638 886.638 7.592 7.592 0.091 0.016
2 2 46 884.880 884.880 8.475 8.475 0.013 0.016
2 2 47 877.873 877.873 8.388 8.388 0.003 0.015
2 2 48 835.888 835.888 9.619 9.619 0.081 0.014
2 2 49 858.213 858.213 10.371 10.371 -0.015 0.015
2 2 50 869.560 869.560 9.433 9.433 0.061 0.014
2 2 51 878.315 878.315 8.686 8.686 -0.042 0.013
2 2 52 845.967 845.967 14.578 14.578 -0.008 0.014
2 2 53 887.995 887.995 11.909 11.909 -0.010 0.015
2 2 54 859.546 859.546 9.976 9.976 -0.035 0.016
2 2 55 907.421 907.421 12.106 12.106 -0.010 0.020
2 2 56 904.730 904.730 10.673 10.673 0.046 0.015
2 2 57 913.647 913.647 11.797 11.797 0.012 0.017
2 2 58 886.847 886.847 11.126 11.126 0.099 0.023
2 2 59 856.091 856.091 13.381 13.381 0.169 0.023
2 2 60 780.743 780.743 33.143 33.143 0.039 0.020
2 2 61 722.274 722.274 125.147 125.147 0.120 0.019
2 2 62 813.021 813.021 11.455 11.455 0.074 0.018
2 3 1 449.055 449.055 4.272 4.272 0.218 0.013
2 3 2 444.427 444.427 2.622 2.622 0.004 0.012
2 3 3 420.111 420.111 3.203 3.203 -0.087 0.015
2 3 4 218.602 218.602 1.414 1.414 -0.087 0.019
2 3 5 407.971 407.971 8.272 8.272 -0.157 0.018
3 1 1 672.902 672.902 3.856 3.856 0.056 0.002
3 1 2 716.069 716.069 3.825 3.825 0.094 0.003
3 1 3 758.419 758.419 4.504 4.504 -0.044 0.005
3 1 4 751.068 751.068 3.623 3.623 0.108 0.005
3 1 5 696.754 696.754 4.883 4.883 0.038 0.009
3 1 6 779.751 779.751 5.478 5.478 0.203 0.011
3 1 7 710.892 710.892 4.435 4.435 0.061 0.009
3 1 8 704.847 704.847 4.620 4.620 0.007 0.008
3 1 9 652.284 652.284 4.483 4.483 -0.106 0.010
3 1 10 660.600 660.600 4.731 4.731 0.078 0.011
3 1 11 694.732 694.732 6.311 6.311 0.031 0.016
3 1 12 710.707 710.707 5.139 5.139 0.129 0.012
3 1 13 656.818 656.818 4.832 4.832 -0.016 0.013
3 1 14 588.355 588.355 4.502 4.502 0.140 0.014
3 1 15 605.583 605.583 4.594 4.594 0.180 0.012
3 1 16 605.291 605.291 16.992 16.992 0.182 0.014
3 1 17 609.533 609.533 4.788 4.788 0.094 0.015
3 1 18 648.637 648.637 5.420 5.420 0.078 0.012
3 1 19 611.335 611.335 5.530 5.530 0.078 0.014
3 1 20 649.224 649.224 6.342 6.342 0.060 0.016
3 1 21 482.171 482.171 4.421 4.421 0.085 0.016
3 1 22 615.848 615.848 5.541 5.541 0.048 0.015
3 1 23 546.365 546.365 5.182 5.182 -0.161 0.019
3 2 1 1595.840 1595.840 50.723 50.723 -0.076 0.004
3 2 2 927.397 927.397 11.299 11.299 0.000 0.003
3 2 3 776.664 776.664 419.922 419.922 -0.019 0.002
3 2 4 852.918 852.918 14.837 14.837 -0.051 0.002
3 2 5 854.725 854.725 7.690 7.690 -0.019 0.002
3 2 6 859.552 859.552 5.272 5.272 -0.057 0.003
3 2 7 868.585 868.585 4.536 4.536 -0.050 0.003
3 2 8 865.210 865.210 4.966 4.966 -0.049 0.003
3 2 9 854.688 854.688 5.279 5.279 -0.017 0.005
3 2 10 866.109 866.109 4.609 4.609 -0.024 0.004
3 2 11 881.455 881.455 6.037 6.037 -0.018 0.004
3 2 12 886.391 886.391 5.247 5.247 0.004 0.004
3 2 13 867.350 867.350 5.016 5.016 0.006 0.006
3 2 14 845.717 845.717 6.076 6.076 -0.005 0.006
3 2 15 888.973 888.973 6.161 6.161 0.047 0.006
3 2 16 845.239 845.239 6.603 6.603 0.005 0.010
3 2 17 879.348 879.348 5.874 5.874 0.019 0.008
3 2 18 896.083 896.083 5.423 5.423 0.034 0.010
3 2 19 879.178 879.178 6.090 6.090 0.007 0.008
3 2 20 874.532 874.532 5.883 5.883 0.022 0.009
3 2 21 890.549 890.549 7.367 7.367 0.060 0.014
3 2 22 121.873 121.873 302.581 302.581 0.032 0.010
3 2 23 871.256 871.256 6.647 6.647 0.075 0.013
3 2 24 871.077 871.077 7.193 7.193 0.116 0.013
3 2 25 871.172 871.172 6.771 6.771 0.096 0.014
3 2 26 874.737 874.737 7.388 7.388 0.030 0.013
3 2 27 890.080 890.080 7.092 7.092 0.040 0.014
3 2 28 882.919 882.919 8.805 8.805 0.091 0.015
3 2 29 905.731 905.731 7.469 7.469 0.119 0.018
3 2 30 851.989 851.989 7.221 7.221 0.007 0.015
3 2 31 881.952 881.952 8.327 8.327 0.082 0.016
3 2 32 875.939 875.939 6.755 6.755 0.041 0.010
3 2 33 980.808 980.808 36.960 36.960 0.077 0.014
3 2 34 907.447 907.447 9.426 9.426 0.054 0.011
3 2 35 897.808 897.808 7.404 7.404 0.090 0.014
3 2 36 866.253 866.253 6.561 6.561 0.058 0.013
3 2 37 886.660 886.660 7.276 7.276 0.074 0.013
3 2 38 893.657 893.657 8.368 8.368 0.071 0.011
3 2 39 902.285 902.285 6.767 6.767 0.111 0.013
3 2 40 912.850 912.850 8.042 8.042 0.096 0.011
3 2 41 860.614 860.614 6.355 6.355 0.136 0.015
3 2 42 914.048 914.048 14.642 14.642 0.144 0.015
3 2 43 881.986 881.986 7.340 7.340 0.093 0.014
3 2 44 850.171 850.171 7.983 7.983 0.164 0.013
3 2 45 945.708 945.708 27.719 27.719 0.117 0.015
3 2 46 857.682 857.682 7.962 7.962 0.115 0.019
3 2 47 880.660 880.660 9.070 9.070 0.090 0.014
3 2 48 880.978 880.978 10.626 10.626 0.094 0.019
3 2 49 830.392 830.392 9.825 9.825 0.050 0.020
3 2 50 877.533 877.533 9.217 9.217 0.061 0.021
3 2 51 882.519 882.519 14.706 14.706 0.032 0.021
3 2 52 896.758 896.758 16.540 16.540 0.035 0.013
3 2 53 847.292 847.292 10.575 10.575 0.071 0.021
3 2 54 890.341 890.341 12.712 12.712 -0.062 0.017
3 2 55 871.655 871.655 10.893 10.893 0.023 0.017
3 2 56 840.007 840.007 83.880 83.880 -0.016 0.013
3 2 57 901.237 901.237 10.554 10.554 -0.049 0.019
3 2 58 854.309 854.309 12.834 12.834 -0.071 0.023
3 2 59 842.199 842.199 9.784 9.784 -0.107 0.020
3 2 60 817.381 817.381 12.366 12.366 -0.088 0.020
3 2 61 825.302 825.302 23.379 23.379 -0.114 0.021
3 2 62 857.704 857.704 12.679 12.679 -0.073 0.020
3 3 1 466.542 466.542 10.305 10.305 0.940 0.020
3 3 2 -282.897 -282.897 14519.048 14519.048 0.216 0.011
3 3 3 465.617 465.617 11.468 11.468 0.133 0.015
3 3 4 418.523 418.523 6.083 6.083 0.184 0.017
3 3 5 416.185 416.185 6.378 6.378 0.150 0.019
4 1 1 133.716 133.716 174.551 174.551 0.101 0.003
4 1 2 -351.053 -351.053 450.428 450.428 -0.001 0.003
4 1 3 528.133 528.133 4.410 4.410 -0.063 0.005
4 1 4 -1519.024 -1519.024 16187.919 16187.919 -0.015 0.006
4 1 5 525.497 525.497 6.053 6.053 0.052 0.011
4 1 6 649.041 649.041 7.948 7.948 0.545 0.010
4 1 7 396.289 396.289 22.913 22.913 -0.045 0.009
4 1 8 509.583 509.583 3.228 3.228 -0.052 0.010
4 1 9 -98.757 -98.757 13.979 13.979 0.009 0.010
4 1 10 472.523 472.523 3.596 3.596 -0.049 0.011
4 1 11 322.820 322.820 8.009 8.009 0.146 0.019
4 1 12 360.312 360.312 10.110 10.110 0.018 0.011
4 1 13 393.772 393.772 3.714 3.714 0.057 0.013
4 1 14 412.304 412.304 3.180 3.180 0.042 0.015
4 1 15 550.645 550.645 35.257 35.257 0.006 0.015
4 1 16 367.567 367.567 4.477 4.477 -0.183 0.015
4 1 17 353.315 353.315 6.063 6.063 -0.090 0.014
4 1 18 -197.337 -197.337 3305.541 3305.541 -0.020 0.013
4 1 19 255.103 255.103 39.965 39.965 -0.114 0.015
4 1 20 334.668 334.668 11.912 11.912 0.009 0.020
4 1 21 326.657 326.657 20.370 20.370 -0.028 0.018
4 1 22 -212.767 -212.767 1.414 1.414 0.030 0.016
4 1 23 -184.313 -184.313 NaN NaN 0.051 0.016
4 2 1 143.836 143.836 1303.556 1303.556 -0.009 0.005
4 2 2 879.408 879.408 24.496 24.496 -0.018 0.002
4 2 3 848.435 848.435 16.018 16.018 -0.023 0.002
4 2 4 835.435 835.435 19.946 19.946 -0.002 0.003
4 2 5 718.777 718.777 11.806 11.806 -0.016 0.003
4 2 6 762.500 762.500 20.907 20.907 -0.026 0.004
4 2 7 765.045 765.045 10.198 10.198 -0.037 0.003
4 2 8 745.615 745.615 12.023 12.023 -0.034 0.005
4 2 9 692.139 692.139 8.359 8.359 0.023 0.005
4 2 10 753.681 753.681 8.526 8.526 -0.015 0.004
4 2 11 684.783 684.783 10.715 10.715 -0.006 0.006
4 2 12 684.916 684.916 8.469 8.469 -0.025 0.005
4 2 13 733.507 733.507 9.286 9.286 0.027 0.006
4 2 14 740.411 740.411 11.655 11.655 0.024 0.008
4 2 15 -7553.407 -7553.407 1.414 1.414 -0.023 0.007
4 2 16 718.844 718.844 10.123 10.123 0.004 0.009
4 2 17 -100.455 -100.455 101.878 101.878 0.014 0.008
4 2 18 -321.448 -321.448 33547.747 33547.747 0.074 0.010
4 2 19 680.883 680.883 50.625 50.625 0.029 0.008
4 2 20 722.136 722.136 11.352 11.352 0.129 0.011
4 2 21 729.476 729.476 7.147 7.147 0.008 0.014
4 2 22 727.411 727.411 6.892 6.892 0.044 0.011
4 2 23 655.677 655.677 83.245 83.245 0.023 0.010
4 2 24 704.682 704.682 6.397 6.397 0.004 0.012
4 2 25 748.873 748.873 6.330 6.330 0.024 0.014
4 2 26 568.383 568.383 274.717 274.717 0.059 0.013
4 2 27 706.011 706.011 7.562 7.562 0.052 0.013
4 2 28 714.390 714.390 7.129 7.129 0.058 0.013
4 2 29 709.936 709.936 6.681 6.681 0.040 0.016
4 2 30 245.628 245.628 41.395 41.395 0.022 0.017
4 2 31 677.132 677.132 8.072 8.072 0.009 0.018
4 2 32 734.815 734.815 0.000 0.000 -0.036 0.009
4 2 33 712.285 712.285 8.419 8.419 0.002 0.014
4 2 34 -831.483 -831.483 1.414 1.414 -0.009 0.011
4 2 35 744.724 744.724 5.740 5.740 0.022 0.010
4 2 36 694.579 694.579 18.349 18.349 0.034 0.011
4 2 37 742.087 742.087 7.145 7.145 -0.009 0.010
4 2 38 760.952 760.952 6.288 6.288 -0.020 0.010
4 2 39 743.819 743.819 6.305 6.305 -0.023 0.012
4 2 40 757.182 757.182 6.943 6.943 -0.009 0.012
4 2 41 737.183 737.183 18.547 18.547 0.027 0.012
4 2 42 773.395 773.395 6.583 6.583 0.032 0.011
4 2 43 750.841 750.841 6.878 6.878 0.008 0.014
4 2 44 774.465 774.465 7.826 7.826 0.006 0.013
4 2 45 696.391 696.391 57.073 57.073 0.005 0.014
4 2 46 750.668 750.668 14.975 14.975 0.013 0.016
4 2 47 721.270 721.270 8.051 8.051 0.044 0.016
4 2 48 736.415 736.415 6.462 6.462 -0.004 0.013
4 2 49 741.077 741.077 15.999 15.999 0.074 0.020
4 2 50 760.834 760.834 7.049 7.049 -0.002 0.016
4 2 51 678.527 678.527 8.037 8.037 0.029 0.014
4 2 52 768.864 768.864 6.736 6.736 0.011 0.016
4 2 53 721.737 721.737 9.105 9.105 0.030 0.016
4 2 54 752.955 752.955 9.317 9.317 0.040 0.017
4 2 55 709.387 709.387 9.413 9.413 -0.014 0.021
4 2 56 766.758 766.758 7.138 7.138 0.036 0.015
4 2 57 741.836 741.836 10.732 10.732 0.009 0.021
4 2 58 -149.179 -149.179 4755.442 4755.442 0.024 0.020
4 2 59 713.656 713.656 12.835 12.835 0.069 0.022
4 2 60 763.492 763.492 10.721 10.721 -0.041 0.024
4 2 61 726.342 726.342 21.827 21.827 0.026 0.020
4 2 62 712.706 712.706 8.043 8.043 0.042 0.017
4 3 1 333.564 333.564 5.536 5.536 0.000 0.014
4 3 2 351.770 351.770 5.523 5.523 0.053 0.013
4 3 3 359.931 359.931 8.789 8.789 -0.024 0.015
4 3 4 358.218 358.218 6.877 6.877 0.096 0.016
4 3 5 385.227 385.227 8.059 8.059 0.012 0.017
5 1 1 662.510 662.510 3.397 3.397 -0.103 0.002
5 1 2 630.684 630.684 3.483 3.483 0.061 0.003
5 1 3 629.826 629.826 3.315 3.315 0.028 0.003
5 1 4 695.744 695.744 3.732 3.732 -0.033 0.004
5 1 5 675.119 675.119 3.739 3.739 -0.044 0.008
5 1 6 691.801 691.801 4.657 4.657 -0.230 0.009
5 1 7 690.302 690.302 4.581 4.581 -0.160 0.010
5 1 8 666.994 666.994 4.569 4.569 -0.118 0.011
5 1 9 679.958 679.958 4.352 4.352 0.057 0.010
5 1 10 734.100 734.100 5.066 5.066 -0.042 0.009
5 1 11 669.390 669.390 4.936 4.936 -0.057 0.011
5 1 12 641.623 641.623 5.571 5.571 -0.138 0.011
5 1 13 679.156 679.156 5.169 5.169 -0.059 0.010
5 1 14 670.673 670.673 5.447 5.447 -0.019 0.014
5 1 15 615.651 615.651 4.347 4.347 -0.107 0.011
5 1 16 653.922 653.922 5.096 5.096 -0.124 0.013
5 1 17 636.175 636.175 4.125 4.125 0.048 0.014
5 1 18 651.650 651.650 5.011 5.011 -0.063 0.012
5 1 19 635.247 635.247 4.910 4.910 -0.053 0.013
5 1 20 633.774 633.774 4.574 4.574 0.089 0.015
5 1 21 395.053 395.053 44.427 44.427 -0.099 0.015
5 1 22 615.446 615.446 5.534 5.534 -0.106 0.016
5 1 23 560.398 560.398 5.360 5.360 0.194 0.018
5 2 1 1719.944 1719.944 97.145 97.145 0.025 0.003
5 2 2 969.814 969.814 30.391 30.391 0.001 0.002
5 2 3 884.267 884.267 16.003 16.003 0.011 0.002
5 2 4 849.494 849.494 15.681 15.681 0.006 0.002
5 2 5 851.191 851.191 9.234 9.234 0.019 0.003
5 2 6 911.889 911.889 12.531 12.531 0.037 0.003
5 2 7 898.657 898.657 8.528 8.528 0.024 0.003
5 2 8 893.973 893.973 7.291 7.291 0.018 0.003
5 2 9 856.761 856.761 7.623 7.623 -0.023 0.005
5 2 10 915.956 915.956 8.355 8.355 -0.029 0.004
5 2 11 895.144 895.144 7.188 7.188 -0.065 0.004
5 2 12 906.552 906.552 7.136 7.136 -0.006 0.004
5 2 13 871.778 871.778 6.929 6.929 -0.057 0.005
5 2 14 864.648 864.648 6.969 6.969 -0.065 0.006
5 2 15 914.172 914.172 7.795 7.795 -0.046 0.007
5 2 16 846.205 846.205 6.065 6.065 -0.031 0.008
5 2 17 900.639 900.639 8.703 8.703 -0.062 0.009
5 2 18 -108.280 -108.280 1.414 1.414 -0.050 0.011
5 2 19 895.937 895.937 6.935 6.935 -0.091 0.010
5 2 20 906.089 906.089 6.104 6.104 -0.032 0.009
5 2 21 337.886 337.886 93.804 93.804 -0.022 0.015
5 2 22 877.303 877.303 6.301 6.301 -0.068 0.012
5 2 23 895.633 895.633 8.419 8.419 -0.052 0.011
5 2 24 876.482 876.482 7.342 7.342 -0.027 0.014
5 2 25 910.575 910.575 13.679 13.679 -0.059 0.013
5 2 26 897.858 897.858 7.631 7.631 -0.054 0.013
5 2 27 991.482 991.482 15.263 15.263 -0.038 0.012
5 2 28 870.947 870.947 8.120 8.120 -0.007 0.015
5 2 29 896.108 896.108 8.312 8.312 -0.057 0.018
5 2 30 883.713 883.713 8.410 8.410 -0.061 0.013
5 2 31 885.700 885.700 7.894 7.894 -0.087 0.019
5 2 32 876.137 876.137 8.609 8.609 -0.038 0.010
5 2 33 898.619 898.619 9.254 9.254 -0.042 0.013
5 2 34 908.583 908.583 9.111 9.111 -0.025 0.011
5 2 35 894.766 894.766 6.918 6.918 -0.059 0.011
5 2 36 905.187 905.187 7.941 7.941 -0.071 0.011
5 2 37 896.925 896.925 8.374 8.374 -0.026 0.012
5 2 38 922.980 922.980 10.429 10.429 -0.052 0.010
5 2 39 870.933 870.933 8.547 8.547 -0.090 0.017
5 2 40 913.998 913.998 8.027 8.027 -0.024 0.013
5 2 41 881.034 881.034 9.180 9.180 -0.019 0.014
5 2 42 914.307 914.307 8.385 8.385 -0.028 0.015
5 2 43 879.281 879.281 7.670 7.670 -0.057 0.016
5 2 44 904.602 904.602 7.120 7.120 -0.014 0.012
5 2 45 859.575 859.575 9.056 9.056 -0.037 0.014
5 2 46 910.305 910.305 8.256 8.256 -0.032 0.016
5 2 47 869.074 869.074 10.579 10.579 0.021 0.016
5 2 48 871.516 871.516 8.518 8.518 -0.046 0.014
5 2 49 864.131 864.131 8.604 8.604 -0.099 0.018
5 2 50 873.614 873.614 8.878 8.878 -0.036 0.014
5 2 51 867.173 867.173 8.567 8.567 -0.020 0.014
5 2 52 883.874 883.874 10.236 10.236 -0.034 0.014
5 2 53 849.306 849.306 8.163 8.163 -0.080 0.016
5 2 54 865.702 865.702 9.896 9.896 -0.051 0.018
5 2 55 886.583 886.583 10.480 10.480 -0.053 0.017
5 2 56 893.115 893.115 10.866 10.866 0.004 0.022
5 2 57 905.108 905.108 10.841 10.841 -0.007 0.023
5 2 58 932.133 932.133 20.584 20.584 0.152 0.020
5 2 59 847.636 847.636 10.388 10.388 0.109 0.022
5 2 60 866.400 866.400 13.083 13.083 0.100 0.020
5 2 61 809.680 809.680 9.075 9.075 0.164 0.022
5 2 62 835.709 835.709 15.814 15.814 0.094 0.020
5 3 1 -581.670 -581.670 1.414 1.414 0.024 0.014
5 3 2 -152.940 -152.940 NaN NaN -0.083 0.013
5 3 3 421.535 421.535 14.260 14.260 0.003 0.014
5 3 4 455.749 455.749 5.591 5.591 -0.094 0.018
5 3 5 440.125 440.125 6.301 6.301 -0.092 0.021
6 1 1 735.530 735.530 3.284 3.284 0.153 0.003
6 1 2 690.646 690.646 3.348 3.348 0.019 0.003
6 1 3 690.629 690.629 3.120 3.120 -0.073 0.004
6 1 4 666.959 666.959 3.227 3.227 0.050 0.006
6 1 5 605.477 605.477 2.854 2.854 0.170 0.007
6 1 6 681.153 681.153 3.962 3.962 0.265 0.010
6 1 7 660.754 660.754 3.990 3.990 0.069 0.010
6 1 8 749.734 749.734 4.842 4.842 0.098 0.008
6 1 9 719.455 719.455 5.226 5.226 0.044 0.011
6 1 10 719.725 719.725 5.012 5.012 0.122 0.011
6 1 11 699.310 699.310 5.754 5.754 0.107 0.012
6 1 12 672.050 672.050 6.050 6.050 0.007 0.012
6 1 13 654.781 654.781 4.742 4.742 0.118 0.014
6 1 14 665.610 665.610 4.728 4.728 0.041 0.014
6 1 15 609.368 609.368 4.414 4.414 -0.003 0.013
6 1 16 566.936 566.936 4.605 4.605 0.119 0.014
6 1 17 610.259 610.259 4.821 4.821 0.298 0.013
6 1 18 596.413 596.413 4.458 4.458 0.191 0.012
6 1 19 687.236 687.236 6.135 6.135 0.169 0.013
6 1 20 611.564 611.564 4.755 4.755 0.204 0.014
6 1 21 12.500 12.500 0.000 0.000 0.000 0.000
6 1 22 613.411 613.411 6.316 6.316 0.058 0.018
6 1 23 572.467 572.467 4.991 4.991 -0.169 0.018
6 2 1 867.946 867.946 248.140 248.140 -0.027 0.003
6 2 2 921.796 921.796 10.898 10.898 -0.064 0.003
6 2 3 952.834 952.834 9.766 9.766 -0.036 0.003
6 2 4 938.326 938.326 7.179 7.179 -0.039 0.002
6 2 5 894.271 894.271 7.415 7.415 -0.022 0.004
6 2 6 908.620 908.620 7.412 7.412 -0.002 0.004
6 2 7 903.377 903.377 7.768 7.768 0.003 0.004
6 2 8 903.661 903.661 5.930 5.930 -0.024 0.005
6 2 9 879.699 879.699 6.284 6.284 0.013 0.005
6 2 10 925.701 925.701 7.082 7.082 0.012 0.005
6 2 11 900.526 900.526 6.413 6.413 0.058 0.006
6 2 12 898.698 898.698 6.981 6.981 0.102 0.005
6 2 13 903.833 903.833 6.297 6.297 0.043 0.007
6 2 14 894.617 894.617 6.118 6.118 0.083 0.009
6 2 15 885.891 885.891 6.272 6.272 0.052 0.008
6 2 16 881.483 881.483 6.846 6.846 0.040 0.010
6 2 17 892.533 892.533 6.263 6.263 0.057 0.010
6 2 18 883.920 883.920 6.837 6.837 0.085 0.013
6 2 19 841.214 841.214 6.596 6.596 0.060 0.012
6 2 20 899.331 899.331 6.732 6.732 0.127 0.012
6 2 21 884.545 884.545 7.261 7.261 0.123 0.015
6 2 22 892.738 892.738 6.219 6.219 0.125 0.011
6 2 23 901.225 901.225 7.420 7.420 0.090 0.013
6 2 24 873.586 873.586 7.323 7.323 0.128 0.015
6 2 25 878.967 878.967 7.369 7.369 0.124 0.014
6 2 26 883.443 883.443 6.880 6.880 0.094 0.014
6 2 27 890.950 890.950 6.878 6.878 0.105 0.012
6 2 28 898.366 898.366 7.529 7.529 0.109 0.018
6 2 29 873.094 873.094 8.458 8.458 0.183 0.019
6 2 30 884.200 884.200 9.470 9.470 0.138 0.015
6 2 31 878.030 878.030 7.713 7.713 0.169 0.021
6 2 32 860.650 860.650 7.813 7.813 0.100 0.009
6 2 33 875.252 875.252 6.896 6.896 0.058 0.015
6 2 34 897.463 897.463 8.465 8.465 0.098 0.011
6 2 35 939.375 939.375 8.249 8.249 0.113 0.013
6 2 36 889.687 889.687 8.107 8.107 0.108 0.013
6 2 37 864.830 864.830 7.464 7.464 0.094 0.015
6 2 38 883.727 883.727 7.320 7.320 0.068 0.011
6 2 39 906.788 906.788 8.040 8.040 0.059 0.011
6 2 40 877.031 877.031 8.997 8.997 0.133 0.013
6 2 41 864.847 864.847 7.328 7.328 0.164 0.016
6 2 42 891.684 891.684 7.902 7.902 0.142 0.017
6 2 43 871.277 871.277 7.253 7.253 0.102 0.018
6 2 44 894.415 894.415 7.643 7.643 0.026 0.017
6 2 45 860.505 860.505 8.162 8.162 0.148 0.020
6 2 46 873.442 873.442 9.324 9.324 0.100 0.019
6 2 47 862.596 862.596 8.182 8.182 0.063 0.020
6 2 48 930.099 930.099 22.608 22.608 0.073 0.013
6 2 49 907.504 907.504 36.484 36.484 0.085 0.015
6 2 50 840.906 840.906 8.044 8.044 0.135 0.016
6 2 51 900.605 900.605 10.028 10.028 -0.004 0.013
6 2 52 892.268 892.268 9.055 9.055 -0.031 0.014
6 2 53 877.581 877.581 9.066 9.066 0.005 0.014
6 2 54 903.689 903.689 9.933 9.933 0.016 0.019
6 2 55 891.846 891.846 10.085 10.085 0.006 0.017
6 2 56 923.849 923.849 11.669 11.669 -0.016 0.020
6 2 57 900.573 900.573 11.561 11.561 -0.092 0.023
6 2 58 850.934 850.934 16.883 16.883 -0.065 0.021
6 2 59 845.944 845.944 14.454 14.454 -0.017 0.019
6 2 60 858.361 858.361 9.462 9.462 -0.009 0.020
6 2 61 860.301 860.301 12.502 12.502 -0.019 0.021
6 2 62 846.464 846.464 12.002 12.002 -0.017 0.016
6 3 1 484.192 484.192 3.644 3.644 0.085 0.014
6 3 2 493.545 493.545 3.008 3.008 0.266 0.012
6 3 3 12.500 12.500 0.000 0.000 0.000 0.000
6 3 4 172.957 172.957 22322.489 22322.489 0.157 0.019
6 3 5 403.823 403.823 6.516 6.516 0.143 0.016
