1 1 1 0.232 0.129
1 1 2 -0.148 0.142
1 1 3 0.995 0.130
1 1 4 0.001 0.140
1 1 5 0.981 0.143
1 1 6 0.961 0.213
1 1 7 -0.623 0.171
1 1 8 0.064 0.175
1 1 9 0.419 0.244
1 1 10 -0.966 0.180
1 1 11 -0.533 0.168
1 1 12 -0.357 0.184
1 1 13 -0.729 0.187
1 1 14 -0.879 0.179
1 1 15 0.407 0.210
1 1 16 0.296 0.281
1 1 17 0.180 0.257
1 1 18 0.284 0.240
1 1 19 0.363 0.194
1 1 20 -0.051 0.234
1 1 21 -0.629 0.237
1 1 22 1.039 0.319
1 1 23 -0.392 0.321
1 2 1 0.399 0.135
1 2 2 -0.409 0.127
1 2 3 0.740 0.117
1 2 4 0.024 0.120
1 2 5 -0.103 0.122
1 2 6 0.368 0.115
1 2 7 0.938 0.104
1 2 8 0.349 0.096
1 2 9 -0.864 0.117
1 2 10 0.259 0.095
1 2 11 0.434 0.092
1 2 12 0.798 0.092
1 2 13 0.057 0.109
1 2 14 -0.536 0.092
1 2 15 -0.102 0.096
1 2 16 -0.585 0.106
1 2 17 -0.334 0.089
1 2 18 0.269 0.110
1 2 19 -0.640 0.101
1 2 20 0.658 0.106
1 2 21 -0.719 0.117
1 2 22 -0.479 0.099
1 2 23 -0.395 0.110
1 2 24 -0.069 0.100
1 2 25 -0.148 0.097
1 2 26 0.315 0.096
1 2 27 0.392 0.094
1 2 28 0.737 0.100
1 2 29 0.725 0.109
1 2 30 -0.780 0.108
1 2 31 0.521 0.117
1 2 32 0.421 0.110
1 2 33 0.938 0.108
1 2 34 0.632 0.111
1 2 35 0.704 0.122
1 2 36 0.052 0.119
1 2 37 0.758 0.119
1 2 38 0.985 0.115
1 2 39 0.436 0.131
1 2 40 -0.862 0.128
1 2 41 0.616 0.126
1 2 42 -0.006 0.143
1 2 43 -0.424 0.139
1 2 44 0.992 0.146
1 2 45 -0.268 0.138
1 2 46 0.842 0.145
1 2 47 0.763 0.100
1 2 48 -0.073 0.147
1 2 49 0.632 0.168
1 2 50 0.762 0.147
1 2 51 -0.742 0.155
1 2 52 0.878 0.172
1 2 53 0.209 0.167
1 2 54 -0.188 0.168
1 2 55 0.477 0.188
1 2 56 0.929 0.194
1 2 57 0.498 0.214
1 2 58 -0.965 0.216
1 2 59 -0.040 0.197
1 2 60 -0.771 0.195
1 2 61 0.710 0.134
1 2 62 -0.414 0.217
1 3 1 -1.205 0.150
1 3 2 -0.894 0.454
1 3 3 -0.062 0.160
1 3 4 0.000 0.100
1 3 5 0.000 0.100
2 1 1 -0.377 0.102
2 1 2 -0.162 0.130
2 1 3 -0.119 0.140
2 1 4 0.985 0.145
2 1 5 -0.434 0.164
2 1 6 0.000 0.100
2 1 7 0.335 0.149
2 1 8 -0.829 0.186
2 1 9 -0.815 0.169
2 1 10 0.000 0.100
2 1 11 0.331 0.168
2 1 12 0.813 0.188
2 1 13 -1.001 0.200
2 1 14 0.594 0.207
2 1 15 0.873 0.228
2 1 16 -0.410 0.232
2 1 17 0.349 0.238
2 1 18 -0.105 0.266
2 1 19 -0.063 0.258
2 1 20 0.611 0.229
2 1 21 -0.262 0.244
2 1 22 -0.835 0.254
2 1 23 0.626 0.269
2 2 1 -0.862 0.311
2 2 2 0.561 0.265
2 2 3 0.460 0.303
2 2 4 0.474 0.140
2 2 5 0.342 0.114
2 2 6 0.011 0.118
2 2 7 0.450 0.104
2 2 8 -0.803 0.113
2 2 9 -0.523 0.099
2 2 10 0.133 0.101
2 2 11 0.451 0.099
2 2 12 -0.768 0.092
2 2 13 0.879 0.098
2 2 14 0.260 0.100
2 2 15 -0.870 0.097
2 2 16 -0.129 0.091
2 2 17 0.595 0.087
2 2 18 0.752 0.099
2 2 19 0.606 0.101
2 2 20 0.327 0.087
2 2 21 0.854 0.102
2 2 22 -0.913 0.089
2 2 23 -0.592 0.118
2 2 24 -0.049 0.109
2 2 25 0.058 0.099
2 2 26 -0.441 0.094
2 2 27 -0.795 0.101
2 2 28 0.188 0.093
2 2 29 -0.084 0.103
2 2 30 -0.230 0.103
2 2 31 -0.294 0.116
2 2 32 -0.637 0.108
2 2 33 0.015 0.120
2 2 34 -0.049 0.109
2 2 35 0.381 0.116
2 2 36 0.896 0.124
2 2 37 -0.135 0.124
2 2 38 -0.057 0.116
2 2 39 0.303 0.135
2 2 40 -0.067 0.135
2 2 41 -0.971 0.126
2 2 42 -0.595 0.145
2 2 43 0.000 0.100
2 2 44 0.997 0.135
2 2 45 -0.283 0.147
2 2 46 -0.023 0.146
2 2 47 -0.900 0.147
2 2 48 0.432 0.154
2 2 49 0.763 0.100
2 2 50 0.699 0.151
2 2 51 0.360 0.146
2 2 52 -0.153 0.153
2 2 53 -0.409 0.151
2 2 54 -0.522 0.150
2 2 55 -0.694 0.172
2 2 56 0.387 0.155
2 2 57 0.677 0.172
2 2 58 -0.436 0.165
2 2 59 0.269 0.179
2 2 60 0.472 0.183
2 2 61 0.629 0.120
2 2 62 1.356 0.085
2 3 1 -0.959 0.579
2 3 2 -0.589 0.791
2 3 3 0.000 0.100
2 3 4 0.000 0.100
2 3 5 0.000 0.100
3 1 1 -0.694 0.109
3 1 2 0.840 0.139
3 1 3 0.538 0.141
3 1 4 -0.675 0.138
3 1 5 -0.510 0.160
3 1 6 -0.216 0.148
3 1 7 -0.800 0.139
3 1 8 -0.885 0.203
3 1 9 0.231 0.169
3 1 10 -0.568 0.166
3 1 11 -0.710 0.354
3 1 12 0.209 0.174
3 1 13 0.706 0.185
3 1 14 -0.973 0.238
3 1 15 -0.155 0.287
3 1 16 -0.942 0.252
3 1 17 0.777 0.282
3 1 18 0.923 0.244
3 1 19 0.058 0.257
3 1 20 -0.084 0.260
3 1 21 -0.021 0.231
3 1 22 -0.812 0.245
3 1 23 -0.533 0.352
3 2 1 0.674 0.423
3 2 2 -0.431 0.158
3 2 3 0.439 0.124
3 2 4 0.239 0.128
3 2 5 -0.470 0.124
3 2 6 0.306 0.137
3 2 7 0.045 0.115
3 2 8 -0.236 0.106
3 2 9 0.410 0.108
3 2 10 -0.380 0.107
3 2 11 0.136 0.101
3 2 12 0.808 0.105
3 2 13 0.292 0.104
3 2 14 0.426 0.103
3 2 15 -0.599 0.088
3 2 16 0.483 0.102
3 2 17 0.021 0.097
3 2 18 -0.747 0.097
3 2 19 -0.075 0.096
3 2 20 -0.106 0.092
3 2 21 0.091 0.113
3 2 22 -0.033 0.097
3 2 23 0.203 0.104
3 2 24 0.135 0.094
3 2 25 -0.634 0.109
3 2 26 0.362 0.099
3 2 27 0.230 0.102
3 2 28 0.976 0.102
3 2 29 0.848 0.106
3 2 30 0.896 0.115
3 2 31 -0.215 0.100
3 2 32 0.893 0.109
3 2 33 -0.581 0.118
3 2 34 0.063 0.109
3 2 35 0.250 0.121
3 2 36 -0.951 0.125
3 2 37 -0.689 0.127
3 2 38 -0.080 0.123
3 2 39 -0.607 0.120
3 2 40 0.408 0.120
3 2 41 0.714 0.128
3 2 42 -0.407 0.138
3 2 43 -0.507 0.133
3 2 44 0.911 0.138
3 2 45 0.698 0.151
3 2 46 0.913 0.100
3 2 47 0.883 0.138
3 2 48 0.352 0.160
3 2 49 0.751 0.154
3 2 50 0.929 0.149
3 2 51 -0.767 0.156
3 2 52 0.507 0.147
3 2 53 -0.316 0.166
3 2 54 -0.489 0.159
3 2 55 -0.839 0.161
3 2 56 -0.422 0.162
3 2 57 -0.145 0.175
3 2 58 -0.835 0.191
3 2 59 -0.132 0.177
3 2 60 -0.176 0.191
3 2 61 -0.039 0.210
3 2 62 0.020 0.191
3 3 1 -1.364 0.150
3 3 2 -0.193 0.155
3 3 3 0.000 0.100
3 3 4 0.000 0.100
3 3 5 0.000 0.100
4 1 1 0.931 0.290
4 1 2 -0.160 0.320
4 1 3 0.823 0.241
4 1 4 0.105 0.219
4 1 5 -0.267 0.217
4 1 6 0.040 0.107
4 1 7 0.989 0.132
4 1 8 -0.707 0.169
4 1 9 0.446 0.170
4 1 10 0.214 0.167
4 1 11 0.421 0.217
4 1 12 -0.794 0.192
4 1 13 0.478 0.205
4 1 14 0.385 0.209
4 1 15 -0.115 0.229
4 1 16 -0.400 0.232
4 1 17 0.529 0.254
4 1 18 -0.501 0.219
4 1 19 -0.753 0.257
4 1 20 0.211 0.251
4 1 21 -0.791 0.243
4 1 22 -0.848 0.245
4 1 23 -0.910 0.233
4 2 1 -0.883 0.186
4 2 2 0.121 0.153
4 2 3 -0.586 0.144
4 2 4 0.760 0.141
4 2 5 0.185 0.135
4 2 6 0.365 0.133
4 2 7 -0.792 0.127
4 2 8 0.202 0.137
4 2 9 -0.246 0.133
4 2 10 -0.815 0.130
4 2 11 0.889 0.147
4 2 12 -0.432 0.127
4 2 13 -0.393 0.122
4 2 14 0.883 0.131
4 2 15 0.133 0.141
4 2 16 -0.175 0.138
4 2 17 -0.448 0.120
4 2 18 -0.369 0.128
4 2 19 -0.786 0.133
4 2 20 0.691 0.126
4 2 21 -0.328 0.119
4 2 22 -0.288 0.100
4 2 23 0.320 0.100
4 2 24 -0.639 0.105
4 2 25 -0.691 0.105
4 2 26 0.381 0.105
4 2 27 0.145 0.103
4 2 28 0.453 0.104
4 2 29 -0.109 0.110
4 2 30 -0.777 0.107
4 2 31 0.861 0.112
4 2 32 0.494 0.106
4 2 33 0.721 0.123
4 2 34 0.986 0.116
4 2 35 -0.951 0.113
4 2 36 0.178 0.120
4 2 37 -0.819 0.116
4 2 38 -0.858 0.120
4 2 39 -0.331 0.118
4 2 40 -0.139 0.125
4 2 41 -0.060 0.127
4 2 42 -0.952 0.133
4 2 43 0.393 0.135
4 2 44 0.092 0.137
4 2 45 -0.424 0.145
4 2 46 0.388 0.154
4 2 47 -0.949 0.161
4 2 48 0.261 0.145
4 2 49 -0.428 0.157
4 2 50 -0.585 0.161
4 2 51 0.033 0.151
4 2 52 -0.398 0.156
4 2 53 0.704 0.155
4 2 54 0.240 0.155
4 2 55 -0.121 0.160
4 2 56 0.609 0.156
4 2 57 0.534 0.175
4 2 58 0.744 0.178
4 2 59 -0.320 0.171
4 2 60 0.085 0.182
4 2 61 -0.869 0.189
4 2 62 0.881 0.176
4 3 1 -0.867 0.150
4 3 2 1.055 0.155
4 3 3 -0.143 0.252
4 3 4 0.000 0.100
4 3 5 0.000 0.100
5 1 1 -0.772 0.108
5 1 2 0.081 0.145
5 1 3 0.827 0.124
5 1 4 -0.997 0.134
5 1 5 0.502 0.163
5 1 6 -0.931 0.154
5 1 7 0.326 0.186
5 1 8 0.442 0.193
5 1 9 0.347 0.167
5 1 10 0.366 0.168
5 1 11 -0.837 0.168
5 1 12 -0.608 0.196
5 1 13 0.565 0.181
5 1 14 -0.307 0.184
5 1 15 0.369 0.229
5 1 16 0.679 0.211
5 1 17 0.057 0.249
5 1 18 0.252 0.287
5 1 19 -0.110 0.233
5 1 20 -0.387 0.281
5 1 21 -0.591 0.280
5 1 22 0.534 0.303
5 1 23 -0.249 0.471
5 2 1 0.629 0.351
5 2 2 0.711 0.147
5 2 3 0.078 0.260
5 2 4 -0.239 0.173
5 2 5 -0.704 0.125
5 2 6 -0.288 0.128
5 2 7 -0.029 0.125
5 2 8 0.125 0.124
5 2 9 0.794 0.120
5 2 10 0.505 0.100
5 2 11 0.264 0.107
5 2 12 0.813 0.107
5 2 13 0.257 0.107
5 2 14 0.930 0.095
5 2 15 -0.659 0.105
5 2 16 -0.505 0.105
5 2 17 0.301 0.105
5 2 18 0.086 0.111
5 2 19 0.442 0.096
5 2 20 -0.056 0.090
5 2 21 0.700 0.112
5 2 22 0.144 0.096
5 2 23 -0.864 0.094
5 2 24 0.013 0.102
5 2 25 0.352 0.104
5 2 26 -0.810 0.098
5 2 27 -0.733 0.098
5 2 28 -0.726 0.103
5 2 29 -0.340 0.110
5 2 30 -0.175 0.108
5 2 31 -0.113 0.115
5 2 32 0.892 0.110
5 2 33 0.581 0.117
5 2 34 -0.769 0.119
5 2 35 0.485 0.116
5 2 36 -0.151 0.122
5 2 37 0.301 0.123
5 2 38 0.415 0.119
5 2 39 0.050 0.130
5 2 40 0.934 0.132
5 2 41 0.999 0.138
5 2 42 -0.007 0.144
5 2 43 -0.788 0.158
5 2 44 -0.439 0.146
5 2 45 -0.889 0.160
5 2 46 -0.234 0.157
5 2 47 -0.690 0.175
5 2 48 0.944 0.168
5 2 49 -0.605 0.210
5 2 50 -0.782 0.182
5 2 51 0.667 0.169
5 2 52 -0.984 0.195
5 2 53 -0.911 0.214
5 2 54 0.354 0.215
5 2 55 -0.350 0.224
5 2 56 -0.473 0.217
5 2 57 -0.276 0.307
5 2 58 0.238 0.371
5 2 59 -0.538 0.210
5 2 60 -0.553 0.263
5 2 61 -0.742 0.385
5 2 62 0.034 0.369
5 3 1 -0.831 0.596
5 3 2 -0.036 0.991
5 3 3 0.163 0.160
5 3 4 -0.287 0.165
5 3 5 0.000 0.100
6 1 1 0.115 0.097
6 1 2 -0.243 0.122
6 1 3 0.820 0.128
6 1 4 0.328 0.134
6 1 5 0.672 0.129
6 1 6 -0.335 0.152
6 1 7 0.215 0.163
6 1 8 0.285 0.149
6 1 9 -0.389 0.176
6 1 10 -0.507 0.173
6 1 11 -0.683 0.175
6 1 12 0.618 0.184
6 1 13 -0.227 0.172
6 1 14 0.433 0.201
6 1 15 0.531 0.219
6 1 16 0.428 0.215
6 1 17 -0.370 0.220
6 1 18 0.073 0.201
6 1 19 0.229 0.229
6 1 20 -0.830 0.294
6 1 21 0.000 0.100
6 1 22 -0.442 0.196
6 1 23 0.270 0.283
6 2 1 -0.231 0.303
6 2 2 -0.114 0.151
6 2 3 -0.289 0.300
6 2 4 0.628 0.150
6 2 5 0.889 0.120
6 2 6 -0.859 0.127
6 2 7 -0.378 0.107
6 2 8 -0.916 0.114
6 2 9 0.977 0.115
6 2 10 -0.253 0.098
6 2 11 -0.569 0.106
6 2 12 0.541 0.094
6 2 13 0.387 0.098
6 2 14 0.369 0.097
6 2 15 0.793 0.097
6 2 16 0.411 0.100
6 2 17 -0.108 0.104
6 2 18 -0.225 0.108
6 2 19 -0.870 0.105
6 2 20 -0.770 0.095
6 2 21 -0.709 0.101
6 2 22 0.222 0.091
6 2 23 0.826 0.097
6 2 24 0.337 0.099
6 2 25 -0.084 0.101
6 2 26 0.873 0.095
6 2 27 -0.777 0.091
6 2 28 0.847 0.107
6 2 29 0.266 0.111
6 2 30 -0.420 0.104
6 2 31 0.892 0.115
6 2 32 -0.853 0.101
6 2 33 -0.103 0.117
6 2 34 -0.845 0.117
6 2 35 -0.750 0.126
6 2 36 0.756 0.124
6 2 37 -0.262 0.130
6 2 38 -0.698 0.125
6 2 39 0.959 0.123
6 2 40 0.127 0.126
6 2 41 0.655 0.140
6 2 42 -0.570 0.145
6 2 43 0.495 0.159
6 2 44 0.477 0.148
6 2 45 -0.987 0.100
6 2 46 -0.477 0.159
6 2 47 0.102 0.165
6 2 48 -0.676 0.163
6 2 49 0.508 0.173
6 2 50 0.082 0.174
6 2 51 0.383 0.181
6 2 52 0.589 0.193
6 2 53 0.013 0.208
6 2 54 0.723 0.198
6 2 55 -0.390 0.238
6 2 56 0.431 0.221
6 2 57 0.467 0.387
6 2 58 0.222 0.289
6 2 59 -0.913 0.100
6 2 60 -0.672 0.384
6 2 61 1.113 0.273
6 2 62 1.042 0.258
6 3 1 1.109 0.762
6 3 2 -0.796 0.291
6 3 3 0.000 0.100
6 3 4 -0.612 0.165
6 3 5 0.000 0.100
