1 1 1 -0.00630 0.00489 -0.00180 -0.01555
1 1 2 -0.00045 0.01923 -0.00024 -0.01741
1 1 3 -0.00022 0.01422 0.00067 -0.00282
1 1 4 -0.00038 0.00818 0.00003 -0.01322
1 1 5 -0.00013 0.01475 -0.00006 -0.00855
1 1 6 -0.00014 0.01468 0.00002 -0.00544
1 1 7 -0.00033 -0.00926 -0.00013 -0.00780
1 1 8 -0.00010 0.00275 -0.00024 -0.00268
1 1 9 0.00002 0.00416 -0.00019 0.00461
1 1 10 0.00005 0.01135 -0.00001 -0.00370
1 1 11 0.00006 0.00578 -0.00006 -0.00135
1 1 12 0.00010 0.00575 0.00013 0.02216
1 1 13 0.00011 -0.02210 -0.00007 0.00314
1 1 14 -0.00004 0.00544 -0.00003 -0.00188
1 1 15 -0.00001 0.00027 0.00018 0.01773
1 1 16 0.00001 0.00533 0.00011 0.01292
1 1 17 -0.00003 0.00048 0.00003 -0.00490
1 1 18 0.00002 0.00125 0.00008 -0.00674
1 1 19 0.00030 -0.00301 -0.00005 -0.00165
1 1 20 -0.00002 0.00004 -0.00001 -0.00271
1 1 21 -0.00001 0.00262 0.00001 -0.00249
1 1 22 -0.00002 0.00138 -0.00005 -0.00064
1 1 23 -0.00003 0.00035 -0.00005 0.00582
1 2 1 0.01158 0.03261 -0.02393 0.04383
1 2 2 0.00074 0.01464 0.00142 -0.02075
1 2 3 0.00011 0.01204 -0.00048 -0.00640
1 2 4 -0.00151 0.01431 -0.00077 -0.01035
1 2 5 -0.00401 -0.02611 0.00006 -0.01013
1 2 6 0.00036 -0.00418 -0.00020 -0.01598
1 2 7 0.00015 0.00829 -0.00030 -0.01061
1 2 8 0.00000 0.01278 -0.00008 -0.00883
1 2 9 0.00010 0.00472 -0.00008 -0.01300
1 2 10 -0.00002 0.00712 -0.00010 -0.01007
1 2 11 -0.00006 0.00649 0.00002 -0.00573
1 2 12 -0.00018 0.00593 -0.00002 -0.00626
1 2 13 -0.00003 0.01114 -0.00013 -0.01217
1 2 14 -0.00005 0.00466 -0.00009 -0.00635
1 2 15 -0.00002 0.00530 -0.00002 -0.00660
1 2 16 -0.00005 0.00452 -0.00012 -0.00893
1 2 17 -0.00004 0.00577 -0.00004 -0.00455
1 2 18 -0.00004 0.00603 0.00001 -0.00546
1 2 19 -0.00009 0.00268 -0.00002 -0.00419
1 2 20 -0.00001 0.00474 -0.00006 -0.00375
1 2 21 -0.00009 0.00526 -0.00004 -0.00496
1 2 22 0.00001 0.00379 -0.00003 -0.00478
1 2 23 -0.00001 0.00387 -0.00003 -0.00341
1 2 24 -0.00006 0.00186 -0.00001 -0.00225
1 2 25 -0.00010 0.00462 -0.00004 -0.00171
1 2 26 -0.00005 0.00340 -0.00005 -0.00265
1 2 27 -0.00006 0.00247 0.00048 0.02769
1 2 28 -0.00003 0.00399 -0.00004 -0.00206
1 2 29 0.00166 -0.05317 0.00084 0.01579
1 2 30 -0.00003 0.00095 -0.00007 -0.00746
1 2 31 -0.00003 0.00181 0.00029 0.01398
1 2 32 -0.00005 0.00143 0.00086 0.01064
1 2 33 -0.00002 0.00327 -0.00006 -0.00079
1 2 34 -0.00003 0.00015 -0.00003 -0.00282
1 2 35 -0.00003 -0.00018 -0.00004 -0.00359
1 2 36 0.00003 0.00071 -0.00007 -0.00282
1 2 37 -0.00002 0.00182 -0.00006 -0.00303
1 2 38 0.00010 -0.00075 0.00004 -0.00237
1 2 39 -0.00002 0.00114 0.00001 -0.00342
1 2 40 -0.00003 0.00060 -0.00002 -0.00215
1 2 41 -0.00003 0.00037 0.00001 -0.00131
1 2 42 -0.00001 0.00120 -0.00002 -0.00211
1 2 43 0.00001 0.00057 -0.00004 -0.00173
1 2 44 -0.00005 0.00135 -0.00001 -0.00211
1 2 45 -0.00002 0.00101 0.00001 -0.00219
1 2 46 0.00046 -0.01199 -0.00095 -0.02716
1 2 47 -0.00001 0.00146 -0.00001 -0.00030
1 2 48 0.00002 -0.00123 -0.00003 0.00143
1 2 49 -0.00004 0.00041 -0.00004 0.00202
1 2 50 -0.00002 0.00146 -0.00005 -0.00181
1 2 51 0.00038 -0.00550 -0.00000 -0.00246
1 2 52 -0.00005 -0.00347 -0.00008 -0.00122
1 2 53 0.00001 -0.00096 0.00001 -0.00217
1 2 54 -0.00005 -0.00000 -0.00002 0.00127
1 2 55 -0.00002 -0.00074 -0.00000 -0.00029
1 2 56 -0.00001 -0.00103 0.00001 -0.00121
1 2 57 -0.00005 -0.00541 -0.00001 -0.00041
1 2 58 -0.00000 -0.00072 0.00000 -0.00299
1 2 59 -0.00000 -0.00099 -0.00004 0.00365
1 2 60 -0.00002 -0.00145 0.00000 -0.00177
1 2 61 -0.00003 0.00118 -0.00001 -0.00075
1 2 62 -0.00001 0.00063 -0.00003 0.00166
1 3 1 -0.00003 0.00239 -0.00003 0.00037
1 3 2 0.00001 0.00488 0.00002 -0.00371
1 3 3 -0.00004 -0.00383 -0.00008 -0.00700
1 3 4 0.00002 -0.00257 -0.00001 -0.00546
1 3 5 0.00000 0.00000 0.00000 0.00000
2 1 1 -0.00253 0.01408 -0.00200 -0.01682
2 1 2 -0.00046 0.01553 0.00016 0.02391
2 1 3 -0.00023 0.00981 0.00016 -0.00851
2 1 4 -0.00036 0.01108 -0.00011 -0.01040
2 1 5 -0.00012 0.00774 -0.00004 -0.01202
2 1 6 0.00000 0.00000 0.00000 0.00000
2 1 7 0.00006 0.00496 0.00005 -0.00806
2 1 8 -0.00015 0.00704 0.00040 0.02369
2 1 9 -0.00032 -0.02120 -0.00013 0.00992
2 1 10 0.00000 0.00000 0.00000 0.00000
2 1 11 0.00013 -0.00430 0.00020 0.01548
2 1 12 -0.00005 0.00417 0.00005 -0.00296
2 1 13 0.00006 -0.02171 -0.00025 0.01128
2 1 14 -0.00006 -0.00531 -0.00002 -0.00181
2 1 15 0.00006 0.00570 -0.00008 -0.00414
2 1 16 -0.00009 -0.00284 -0.00022 0.00909
2 1 17 -0.00003 -0.00059 -0.00003 -0.00268
2 1 18 -0.00001 0.00272 0.00003 -0.00171
2 1 19 0.00036 0.05888 -0.00072 -0.03316
2 1 20 0.00002 0.00172 0.00004 0.00022
2 1 21 0.00002 0.00259 -0.00002 0.00306
2 1 22 -0.00011 -0.01517 -0.00007 0.00180
2 1 23 -0.00005 0.00196 0.00001 -0.00352
2 2 1 -0.00565 0.02823 -0.00572 0.02607
2 2 2 -0.00177 0.00527 0.02818 0.15887
2 2 3 0.00042 -0.00399 0.00203 -0.01803
2 2 4 -0.00533 0.02169 -0.00682 -0.01474
2 2 5 -0.00446 0.00554 -0.00427 -0.00760
2 2 6 -0.00169 0.00666 -0.00415 -0.00841
2 2 7 -0.00190 0.00863 -0.00166 -0.00900
2 2 8 -0.00200 0.00697 0.00018 0.08937
2 2 9 0.00024 0.00952 -0.00065 -0.00531
2 2 10 -0.00052 0.00285 -0.00026 -0.00087
2 2 11 -0.00036 0.00454 -0.00030 -0.00528
2 2 12 -0.00018 0.00525 -0.00002 -0.00551
2 2 13 -0.00019 0.00617 -0.00025 -0.00893
2 2 14 -0.00014 0.00736 -0.00019 -0.00711
2 2 15 -0.00005 0.00747 -0.00008 -0.00680
2 2 16 -0.00010 0.00678 0.00002 -0.00628
2 2 17 -0.00013 0.00352 -0.00002 -0.00535
2 2 18 0.00013 0.00140 -0.00069 0.02901
2 2 19 -0.00005 0.00443 0.00000 -0.00527
2 2 20 -0.00006 0.00499 -0.00002 -0.00294
2 2 21 0.00002 0.00508 0.00003 -0.00425
2 2 22 -0.00001 0.00282 0.00006 -0.00366
2 2 23 -0.00004 0.00251 -0.00003 -0.00762
2 2 24 -0.00011 0.00312 -0.00011 -0.00297
2 2 25 0.00007 0.00182 -0.00006 -0.00319
2 2 26 -0.00003 0.00140 0.00001 -0.00388
2 2 27 -0.00000 0.00302 -0.00002 -0.00249
2 2 28 -0.00001 0.00156 -0.00002 -0.00296
2 2 29 -0.00001 0.00430 -0.00048 0.03814
2 2 30 -0.00012 0.00388 -0.00021 0.03620
2 2 31 -0.00007 0.00368 0.00000 -0.00381
2 2 32 0.00007 0.00278 0.00041 0.00310
2 2 33 -0.00002 0.00258 -0.00004 0.00096
2 2 34 -0.00004 0.00257 0.00003 0.00114
2 2 35 0.00000 0.00087 -0.00005 -0.00061
2 2 36 -0.00006 -0.02445 -0.00031 0.03093
2 2 37 -0.00004 0.00103 -0.00001 -0.00328
2 2 38 -0.00001 0.00021 0.00000 -0.00222
2 2 39 -0.00005 0.00619 -0.00002 -0.00308
2 2 40 -0.00003 -0.00134 -0.00002 -0.00425
2 2 41 -0.00002 0.00158 -0.00004 -0.00241
2 2 42 -0.00006 -0.00059 -0.00002 -0.00132
2 2 43 -0.00001 0.00021 -0.00003 -0.00268
2 2 44 0.00001 0.00109 -0.00002 -0.00266
2 2 45 -0.00020 -0.00337 -0.00002 -0.00197
2 2 46 -0.00001 0.00063 -0.00002 -0.00075
2 2 47 -0.00002 -0.00008 -0.00000 -0.00227
2 2 48 -0.00004 0.00121 -0.00003 -0.00160
2 2 49 -0.00001 -0.00128 0.00002 -0.00164
2 2 50 -0.00011 -0.00764 -0.00002 0.00033
2 2 51 -0.00001 0.00074 0.00002 -0.00015
2 2 52 -0.00002 -0.00149 -0.00001 -0.00110
2 2 53 0.00000 -0.00045 0.00000 0.00003
2 2 54 0.00001 0.00108 -0.00002 0.00041
2 2 55 -0.00000 0.00126 -0.00003 -0.00096
2 2 56 0.00001 0.00108 -0.00001 -0.00028
2 2 57 -0.00000 -0.00149 0.00012 0.01637
2 2 58 0.00003 0.00003 -0.00000 0.00009
2 2 59 -0.00000 -0.00290 -0.00002 0.01194
2 2 60 -0.00003 -0.00204 -0.00003 0.00397
2 2 61 -0.00001 -0.00085 -0.00013 -0.01070
2 2 62 -0.00000 -0.00126 -0.00000 -0.00009
2 3 1 -0.00002 -0.00813 0.00004 0.00421
2 3 2 0.00009 -0.01343 -0.00006 -0.00080
2 3 3 0.00000 0.00000 0.00000 0.00000
2 3 4 0.00065 -0.02987 -0.00633 0.52491
2 3 5 0.00000 0.00000 0.00000 0.00000
3 1 1 -0.00460 0.01740 0.00188 0.02521
3 1 2 -0.00159 0.01140 -0.00025 -0.00746
3 1 3 -0.00033 0.00783 0.00111 0.09592
3 1 4 0.00019 -0.08761 0.00003 -0.01061
3 1 5 0.00130 -0.02931 -0.00003 -0.00697
3 1 6 0.00006 0.00844 -0.00021 -0.00537
3 1 7 0.00000 0.00715 0.00003 -0.01062
3 1 8 0.00004 0.00512 -0.00003 -0.00461
3 1 9 -0.00005 0.00509 0.00043 0.02834
3 1 10 -0.00035 -0.01723 -0.00003 -0.00427
3 1 11 -0.00008 0.00052 0.00034 0.01593
3 1 12 -0.00015 -0.00167 0.00001 -0.00384
3 1 13 -0.00001 0.00499 -0.00021 0.00148
3 1 14 0.00028 -0.01201 -0.00023 0.00205
3 1 15 -0.00001 0.00441 -0.00008 -0.00177
3 1 16 -0.00002 0.00345 -0.00002 0.00183
3 1 17 0.00003 0.00529 -0.00005 -0.00167
3 1 18 -0.00009 0.00077 0.00001 -0.00353
3 1 19 0.00000 0.00012 0.00001 -0.00395
3 1 20 -0.00004 0.00060 -0.00009 0.01002
3 1 21 0.00026 -0.00716 -0.00001 -0.00113
3 1 22 -0.00027 -0.00769 -0.00004 0.00208
3 1 23 0.00025 -0.01454 -0.00006 -0.00192
3 2 1 0.10195 -0.35820 -0.01281 0.00157
3 2 2 -0.00282 0.01457 -0.00235 0.00277
3 2 3 -0.00476 -0.00340 -0.00321 0.00212
3 2 4 0.00631 -0.02233 -0.00527 -0.01815
3 2 5 0.00440 0.00946 -0.00350 -0.00528
3 2 6 -0.00016 0.00465 -0.00042 -0.00759
3 2 7 -0.00221 0.00796 -0.00236 0.00879
3 2 8 -0.00159 0.00743 -0.00200 0.00362
3 2 9 -0.00089 0.01070 -0.00483 0.05600
3 2 10 -0.00059 0.00607 0.00008 -0.00420
3 2 11 -0.00016 0.00426 -0.00021 -0.00375
3 2 12 -0.00024 0.00732 -0.00012 -0.00527
3 2 13 -0.00029 0.00966 -0.00008 -0.00707
3 2 14 -0.00007 0.00575 0.00004 -0.00872
3 2 15 -0.00001 0.00595 -0.00003 -0.00364
3 2 16 -0.00007 0.00779 -0.00009 -0.00613
3 2 17 -0.00010 0.00520 -0.00015 -0.00236
3 2 18 0.00001 0.00543 -0.00006 -0.00639
3 2 19 -0.00005 0.00792 -0.00016 -0.00210
3 2 20 -0.00001 0.00416 0.00002 -0.00431
3 2 21 -0.00013 0.00757 -0.00003 -0.00340
3 2 22 -0.00002 0.00114 -0.00001 -0.00501
3 2 23 -0.00006 0.00204 -0.00001 -0.00442
3 2 24 -0.00004 0.00392 0.00003 -0.00251
3 2 25 0.00029 -0.03204 -0.00003 -0.00280
3 2 26 -0.00003 0.00075 -0.00000 -0.00223
3 2 27 -0.00006 0.00568 -0.00000 -0.00374
3 2 28 -0.00006 0.00060 -0.00001 -0.00424
3 2 29 -0.00005 0.00317 -0.00002 -0.00166
3 2 30 -0.00003 0.00113 -0.00007 -0.00402
3 2 31 0.00003 0.00322 0.00001 -0.00003
3 2 32 -0.00005 0.00200 0.00005 -0.00296
3 2 33 -0.00004 0.00126 -0.00005 -0.00127
3 2 34 0.00007 0.00290 0.00009 -0.00249
3 2 35 -0.00003 0.00084 0.00004 -0.00010
3 2 36 0.00001 0.00245 0.00002 -0.00191
3 2 37 0.00000 0.00250 0.00013 0.02854
3 2 38 -0.00004 -0.00070 -0.00008 -0.00482
3 2 39 -0.00004 0.00006 0.00001 -0.00122
3 2 40 -0.00008 -0.00396 -0.00004 -0.00259
3 2 41 -0.00005 0.00201 0.00001 -0.00270
3 2 42 0.00031 -0.00391 -0.00001 -0.00101
3 2 43 -0.00003 0.00177 -0.00029 0.01155
3 2 44 -0.00001 0.00174 -0.00003 -0.00022
3 2 45 0.00000 0.00214 0.00006 -0.00242
3 2 46 -0.00003 0.00236 -0.00002 0.00117
3 2 47 -0.00011 0.00004 0.00002 -0.00043
3 2 48 0.00000 0.00218 -0.00002 -0.00120
3 2 49 -0.00019 -0.03203 0.00000 -0.00027
3 2 50 -0.00002 0.00131 -0.00002 -0.00052
3 2 51 -0.00018 -0.01093 -0.00000 0.00077
3 2 52 0.00002 0.00062 0.00001 0.00087
3 2 53 0.00014 -0.01435 -0.00001 0.00112
3 2 54 -0.00002 -0.00145 -0.00003 0.00023
3 2 55 -0.00001 0.00016 0.00000 -0.00256
3 2 56 0.00001 0.00026 -0.00000 0.00155
3 2 57 0.00001 0.00224 -0.00001 0.00110
3 2 58 -0.00003 -0.00057 -0.00001 0.00063
3 2 59 -0.00003 0.00180 -0.00001 0.00087
3 2 60 -0.00001 -0.00035 0.00002 -0.00084
3 2 61 -0.00002 0.00119 -0.00000 -0.00224
3 2 62 0.00001 0.00035 -0.00002 0.00064
3 3 1 -0.00003 -0.00102 -0.00009 -0.00663
3 3 2 -0.00001 -0.00225 -0.00003 -0.00298
3 3 3 -0.01025 0.91222 0.00002 -0.00069
3 3 4 -0.01393 -0.09478 -0.00068 -0.00460
3 3 5 0.00000 0.00000 0.00000 0.00000
4 1 1 0.00018 0.02171 0.00037 -0.00290
4 1 2 -0.00067 0.00747 0.00002 -0.00707
4 1 3 -0.00042 0.01287 -0.00004 -0.01463
4 1 4 0.00222 -0.06037 0.00011 -0.01371
4 1 5 0.00000 0.01182 -0.00037 0.00422
4 1 6 -0.00029 -0.02467 -0.00046 0.01006
4 1 7 -0.00021 -0.03355 -0.00093 0.01534
4 1 8 -0.00005 0.00495 0.00032 0.03067
4 1 9 -0.00000 0.00529 0.00013 -0.01324
4 1 10 0.00006 0.00052 -0.00004 -0.00792
4 1 11 -0.00006 0.00343 -0.00005 0.00351
4 1 12 0.00004 0.00627 -0.00005 -0.00618
4 1 13 0.00003 0.00534 -0.00002 -0.00194
4 1 14 -0.00003 0.00160 -0.00010 0.00237
4 1 15 0.00004 -0.00072 -0.00001 -0.00483
4 1 16 -0.00035 -0.00737 -0.00004 0.00103
4 1 17 -0.00002 0.00054 -0.00002 -0.00470
4 1 18 -0.00004 0.00153 0.00005 -0.00185
4 1 19 -0.00000 -0.00083 0.00023 0.00867
4 1 20 0.00001 0.00135 -0.00001 -0.00121
4 1 21 -0.00006 -0.00094 0.00031 0.03610
4 1 22 -0.00005 0.00234 -0.00001 -0.00115
4 1 23 0.00011 -0.01071 -0.00000 -0.00323
4 2 1 0.02036 -0.02581 -0.02112 0.02748
4 2 2 0.00393 0.01985 0.00219 -0.03616
4 2 3 -0.00051 0.00356 -0.00104 -0.01314
4 2 4 0.00087 0.01579 -0.00077 -0.01783
4 2 5 -0.00023 0.01592 -0.00143 -0.00746
4 2 6 -0.00114 -0.03022 -0.00040 -0.01681
4 2 7 0.00010 0.00527 -0.00081 0.01552
4 2 8 -0.00029 0.00912 -0.00032 -0.01130
4 2 9 -0.00013 0.01026 0.00093 0.01453
4 2 10 0.00007 -0.00817 -0.00023 -0.00649
4 2 11 -0.00012 0.00905 -0.00029 -0.00352
4 2 12 -0.00126 -0.05165 0.00001 -0.00421
4 2 13 -0.00020 0.00796 0.00005 -0.00608
4 2 14 0.00156 -0.04187 -0.00068 0.01338
4 2 15 0.00008 0.00499 -0.00013 -0.00364
4 2 16 -0.00006 0.00491 -0.00044 -0.00554
4 2 17 0.00002 0.00511 -0.00002 -0.00546
4 2 18 -0.00004 0.00703 -0.00003 -0.00563
4 2 19 -0.00068 -0.00935 -0.00035 0.00185
4 2 20 -0.00003 0.00332 -0.00004 -0.00255
4 2 21 -0.00003 0.00174 0.00000 -0.00677
4 2 22 -0.00010 0.00397 -0.00001 -0.00223
4 2 23 -0.00005 0.00059 0.00002 -0.00211
4 2 24 0.00002 0.00335 -0.00006 -0.00655
4 2 25 -0.00015 -0.03387 0.00014 -0.00362
4 2 26 -0.00007 0.00208 0.00006 -0.00209
4 2 27 -0.00001 0.00660 -0.00001 -0.00014
4 2 28 -0.00003 0.00270 0.00004 -0.00399
4 2 29 -0.00005 0.00236 -0.00005 -0.00298
4 2 30 0.00001 0.00302 -0.00003 -0.00189
4 2 31 0.00002 0.00142 -0.00004 -0.00005
4 2 32 0.00001 0.00170 -0.00005 0.00053
4 2 33 -0.00009 -0.01345 0.00002 -0.00015
4 2 34 0.00006 -0.00121 -0.00004 -0.00166
4 2 35 -0.00001 0.00174 0.00003 -0.00379
4 2 36 -0.00002 0.00150 -0.00021 0.03642
4 2 37 -0.00032 -0.04624 -0.00001 0.00043
4 2 38 0.00022 -0.02135 -0.00001 -0.00099
4 2 39 -0.00002 0.00093 -0.00000 -0.00236
4 2 40 0.00003 0.00198 -0.00055 0.02190
4 2 41 -0.00001 0.00038 -0.00001 -0.00246
4 2 42 -0.00001 0.00166 -0.00001 -0.00292
4 2 43 -0.00002 0.00090 -0.00006 0.00063
4 2 44 0.00000 0.00047 0.00002 -0.00102
4 2 45 0.00002 0.00015 -0.00001 0.00025
4 2 46 -0.00001 0.00122 0.00000 0.00042
4 2 47 0.00030 -0.02012 -0.00006 0.00226
4 2 48 -0.00001 -0.00003 -0.00002 -0.00254
4 2 49 -0.00001 0.00089 -0.00001 -0.00051
4 2 50 -0.00003 0.00026 0.00028 0.01173
4 2 51 0.00001 0.00163 -0.00001 0.00058
4 2 52 -0.00002 -0.00045 0.00002 -0.00149
4 2 53 -0.00003 0.00198 -0.00002 -0.00073
4 2 54 -0.00001 0.00246 -0.00000 -0.00042
4 2 55 -0.00000 0.00029 -0.00001 -0.00215
4 2 56 -0.00002 0.00042 -0.00005 0.00380
4 2 57 -0.00001 0.00043 -0.00004 -0.00009
4 2 58 0.00000 0.00036 -0.00004 0.00619
4 2 59 -0.00001 -0.00018 -0.00002 -0.00072
4 2 60 0.00016 -0.01852 -0.00006 0.00746
4 2 61 0.00002 0.00060 0.00000 -0.00010
4 2 62 0.00003 0.00209 -0.00011 0.00475
4 3 1 0.00002 0.00099 -0.00004 0.00066
4 3 2 -0.00006 0.00067 0.00002 -0.00286
4 3 3 -0.00007 -0.00355 -0.00001 -0.00764
4 3 4 0.00000 0.00000 0.00000 0.00000
4 3 5 0.00000 0.00000 0.00000 0.00000
5 1 1 -0.00096 0.00489 -0.00531 -0.01159
5 1 2 -0.00086 0.01247 -0.00213 0.00728
5 1 3 -0.00023 0.01204 -0.00009 -0.00681
5 1 4 -0.00004 0.00621 0.00023 -0.00527
5 1 5 -0.00022 0.00889 -0.00004 -0.00746
5 1 6 -0.00023 0.00734 0.00081 0.04554
5 1 7 -0.00001 0.00742 -0.00044 0.00240
5 1 8 -0.00006 0.00330 -0.00006 -0.01078
5 1 9 0.00005 0.00615 -0.00060 0.02779
5 1 10 0.00010 0.00745 -0.00002 -0.00360
5 1 11 -0.00010 0.00562 0.00023 0.02220
5 1 12 0.00001 0.00519 0.00001 0.01874
5 1 13 -0.00017 -0.00221 -0.00004 -0.00356
5 1 14 -0.00004 0.00079 -0.00002 -0.00109
5 1 15 0.00002 -0.00171 -0.00011 0.00330
5 1 16 -0.00011 0.00376 -0.00003 -0.00085
5 1 17 -0.00003 0.00084 -0.00000 -0.00342
5 1 18 0.00001 0.00081 -0.00001 -0.00170
5 1 19 0.00001 0.00207 -0.00021 0.00936
5 1 20 -0.00018 -0.01207 0.00002 -0.00344
5 1 21 0.00001 0.00249 0.00001 -0.00470
5 1 22 -0.00018 -0.01295 0.00004 -0.00113
5 1 23 -0.00006 -0.00627 -0.00001 -0.00289
5 2 1 -0.00295 0.03912 -0.00100 0.00495
5 2 2 -0.00819 0.03936 0.00130 0.00267
5 2 3 0.00053 -0.00217 -0.00084 -0.00178
5 2 4 -0.00556 0.01114 0.00039 0.02876
5 2 5 -0.00839 -0.00862 -0.00853 -0.00787
5 2 6 -0.00465 -0.03743 -0.00264 0.00220
5 2 7 -0.00283 0.01830 -0.00178 -0.00836
5 2 8 -0.00095 0.01391 -0.00074 0.00025
5 2 9 0.00116 0.01105 -0.00199 0.04578
5 2 10 -0.00041 0.00703 -0.00035 -0.00558
5 2 11 -0.00010 0.00501 -0.00023 -0.00548
5 2 12 -0.00022 0.00407 0.00005 -0.00830
5 2 13 0.00008 0.00495 -0.00021 -0.00413
5 2 14 -0.00003 0.00627 -0.00015 -0.00690
5 2 15 -0.00014 0.00527 0.00001 -0.00680
5 2 16 -0.00022 0.00755 0.00009 -0.00223
5 2 17 0.00006 0.00487 -0.00009 -0.00765
5 2 18 -0.00006 0.00622 -0.00003 -0.00709
5 2 19 -0.00006 0.00551 -0.00001 -0.00422
5 2 20 -0.00009 0.00238 -0.00002 -0.00327
5 2 21 -0.00004 0.00580 -0.00003 -0.00601
5 2 22 -0.00004 0.00376 -0.00007 -0.00386
5 2 23 -0.00001 0.00402 0.00001 -0.00300
5 2 24 -0.00012 0.00186 0.00001 -0.00210
5 2 25 -0.00004 0.00288 -0.00004 -0.00456
5 2 26 -0.00005 0.00319 0.00003 -0.00272
5 2 27 -0.00006 0.00204 -0.00005 -0.00323
5 2 28 -0.00009 0.00458 -0.00005 -0.00164
5 2 29 -0.00006 0.00124 0.00029 0.00540
5 2 30 -0.00001 0.00197 -0.00006 -0.00162
5 2 31 -0.00003 0.00584 -0.00002 -0.00083
5 2 32 0.00002 0.00184 -0.00008 -0.00271
5 2 33 -0.00008 -0.00022 0.00001 -0.00142
5 2 34 -0.00001 -0.00010 -0.00001 -0.00585
5 2 35 -0.00006 0.00329 -0.00005 -0.00260
5 2 36 0.00002 0.00206 -0.00002 -0.00326
5 2 37 0.00001 0.00161 -0.00003 -0.00357
5 2 38 -0.00005 0.00302 0.00002 -0.00317
5 2 39 -0.00009 0.00242 -0.00006 -0.00081
5 2 40 -0.00002 -0.00075 -0.00004 -0.00220
5 2 41 0.00010 -0.00179 -0.00001 -0.00111
5 2 42 0.00001 0.00010 -0.00001 -0.00144
5 2 43 -0.00004 -0.00096 0.00000 0.00444
5 2 44 -0.00003 -0.00048 -0.00002 -0.00018
5 2 45 -0.00005 -0.00068 -0.00000 -0.00230
5 2 46 -0.00005 0.00035 -0.00001 -0.00059
5 2 47 -0.00001 0.00048 -0.00001 -0.00115
5 2 48 -0.00005 0.00489 -0.00000 0.00033
5 2 49 -0.00003 -0.00100 0.00005 -0.00211
5 2 50 -0.00012 -0.00248 0.00002 0.00182
5 2 51 -0.00004 0.00179 -0.00002 -0.00025
5 2 52 -0.00001 -0.00195 -0.00004 0.00010
5 2 53 -0.00001 0.00147 -0.00000 -0.00100
5 2 54 0.00005 -0.00639 0.00008 -0.00101
5 2 55 -0.00005 0.00255 -0.00005 0.00221
5 2 56 0.00000 -0.00275 -0.00003 0.00155
5 2 57 -0.00001 0.00005 0.00001 -0.00164
5 2 58 -0.00003 -0.00084 -0.00001 -0.00412
5 2 59 -0.00002 -0.00119 -0.00002 -0.00062
5 2 60 0.00001 -0.00034 0.00001 -0.00267
5 2 61 -0.00004 -0.00004 -0.00002 -0.00359
5 2 62 -0.00003 -0.00007 -0.00003 -0.00013
5 3 1 -0.00009 -0.00366 -0.00012 -0.00476
5 3 2 0.00001 0.00199 0.00002 -0.00336
5 3 3 0.00003 -0.00285 -0.00013 -0.00079
5 3 4 0.00000 0.00000 0.00000 0.00000
5 3 5 0.00000 0.00000 0.00000 0.00000
6 1 1 -0.00544 0.02159 -0.00648 -0.00424
6 1 2 -0.00078 0.00895 -0.00091 -0.01684
6 1 3 0.00007 0.01228 -0.00016 -0.01368
6 1 4 -0.00031 0.01051 -0.00097 0.01276
6 1 5 -0.00001 0.00979 -0.00002 -0.00992
6 1 6 0.00003 0.00923 0.00073 0.01728
6 1 7 -0.00003 0.00780 -0.00003 -0.00722
6 1 8 -0.00024 -0.01778 -0.00004 -0.00587
6 1 9 0.00008 0.00617 0.00013 0.00111
6 1 10 0.00009 0.00513 -0.00007 -0.00409
6 1 11 0.00003 0.00374 -0.00013 -0.00815
6 1 12 0.00019 -0.01621 0.00026 0.02192
6 1 13 0.00007 0.00060 0.00026 0.01795
6 1 14 -0.00008 -0.00012 -0.00004 -0.00292
6 1 15 -0.00003 0.00159 -0.00003 0.01843
6 1 16 0.00029 -0.01572 0.00031 0.01566
6 1 17 -0.00004 0.00291 -0.00007 -0.00327
6 1 18 -0.00001 0.00280 0.00013 0.00111
6 1 19 -0.00001 0.00359 -0.00002 -0.00154
6 1 20 -0.00024 -0.01027 0.00010 0.04851
6 1 21 0.00000 0.00000 0.00000 0.00000
6 1 22 0.00005 0.00263 -0.00001 -0.00527
6 1 23 -0.00003 0.00086 -0.00013 0.00985
6 2 1 0.00040 -0.00760 -0.03096 0.01452
6 2 2 -0.00826 0.04285 -0.01057 -0.02965
6 2 3 -0.00682 0.04140 -0.00998 -0.04915
6 2 4 -0.00460 0.01245 -0.00298 -0.00022
6 2 5 -0.00399 0.01579 -0.00335 0.00350
6 2 6 -0.00231 0.01887 -0.00093 0.00058
6 2 7 -0.00142 0.00777 -0.00162 -0.00493
6 2 8 -0.00110 0.00327 -0.00098 -0.00902
6 2 9 -0.00063 0.01230 -0.00108 -0.01080
6 2 10 -0.00053 0.00863 -0.00030 -0.00708
6 2 11 -0.00010 0.00632 -0.00043 -0.00519
6 2 12 -0.00020 0.00458 -0.00211 0.03031
6 2 13 -0.00025 0.00566 0.00007 -0.00615
6 2 14 -0.00005 0.00599 -0.00003 -0.00784
6 2 15 0.00107 -0.03156 0.00106 0.04104
6 2 16 -0.00070 -0.05876 -0.00009 -0.00525
6 2 17 -0.00006 0.00219 -0.00001 -0.00880
6 2 18 -0.00002 0.00670 -0.00011 -0.00906
6 2 19 -0.00003 0.00590 0.00004 -0.00423
6 2 20 -0.00004 0.00183 -0.00003 -0.00571
6 2 21 0.00048 -0.03492 -0.00008 -0.00373
6 2 22 0.00003 0.00198 0.00000 -0.00270
6 2 23 -0.00017 -0.04100 0.00054 0.02519
6 2 24 -0.00006 0.00619 -0.00026 0.03542
6 2 25 0.00001 0.00302 0.00003 -0.00347
6 2 26 -0.00085 -0.03985 0.00023 0.02115
6 2 27 -0.00017 -0.03494 0.00000 -0.00066
6 2 28 -0.00027 -0.03027 0.00029 0.03329
6 2 29 -0.00000 0.00335 0.00025 0.00406
6 2 30 0.00001 0.00413 0.00001 -0.00218
6 2 31 0.00023 -0.02267 -0.00032 0.00598
6 2 32 0.00001 0.00025 -0.00000 -0.00183
6 2 33 0.00006 0.00401 0.00007 0.00150
6 2 34 -0.00011 0.00205 -0.00002 -0.00069
6 2 35 0.00003 0.00149 0.00000 -0.00257
6 2 36 -0.00002 0.00013 -0.00000 -0.00344
6 2 37 -0.00002 0.00053 -0.00006 -0.00010
6 2 38 -0.00002 0.00019 0.00001 -0.00197
6 2 39 0.00004 -0.00033 -0.00002 -0.00211
6 2 40 0.00004 0.00141 0.00003 -0.00088
6 2 41 0.00003 0.00330 -0.00002 -0.00349
6 2 42 -0.00003 -0.00026 -0.00002 -0.00210
6 2 43 -0.00005 0.00083 -0.00004 -0.00360
6 2 44 0.00045 0.00935 0.00001 -0.00188
6 2 45 -0.00023 0.00628 0.00001 -0.00259
6 2 46 -0.00004 -0.00525 -0.00007 0.00073
6 2 47 -0.00002 0.00132 -0.00004 0.00040
6 2 48 -0.00003 -0.00131 0.00003 -0.00135
6 2 49 -0.00002 0.00012 -0.00004 -0.00104
6 2 50 0.00021 -0.00807 0.00001 0.00008
6 2 51 -0.00003 0.00087 -0.00000 -0.00067
6 2 52 -0.00002 0.00133 -0.00005 -0.00134
6 2 53 0.00001 -0.00023 -0.00001 0.00181
6 2 54 -0.00001 0.00177 0.00027 -0.01051
6 2 55 -0.00001 0.00227 -0.00000 0.00011
6 2 56 -0.00003 -0.00376 -0.00004 0.00118
6 2 57 -0.00002 0.00073 -0.00001 0.00086
6 2 58 0.00007 0.00451 -0.00001 -0.00065
6 2 59 -0.00004 0.00068 -0.00000 -0.00076
6 2 60 0.00001 0.00214 0.00001 -0.00083
6 2 61 -0.00000 0.00029 0.00002 -0.00162
6 2 62 0.00024 0.02899 -0.00002 0.00165
6 3 1 0.00004 -0.00056 0.00002 0.00413
6 3 2 -0.00002 0.00071 -0.00015 0.01819
6 3 3 0.00000 0.00000 0.00000 0.00000
6 3 4 0.00000 0.00000 0.00000 0.00000
6 3 5 0.00000 0.00000 0.00000 0.00000
