1 1 1 204.366 204.366 243.580 243.580 0.041
1 1 2 113.042 113.042 64.952 64.952 0.044
1 1 3 97.828 97.828 33.870 33.870 -0.355
1 1 4 115.180 115.180 39.408 39.408 -0.012
1 1 5 128.870 128.870 37.215 37.215 0.056
1 1 6 83.133 83.133 15.289 15.289 -0.953
1 1 7 114.276 114.276 24.797 24.797 -0.076
1 1 8 116.572 116.572 23.152 23.152 0.052
1 1 9 137.398 137.398 25.522 25.522 0.215
1 1 10 120.687 120.687 19.579 19.579 -0.140
1 1 11 125.484 125.484 15.852 15.852 -0.994
1 1 12 131.680 131.680 18.506 18.506 -0.274
1 1 13 118.835 118.835 14.290 14.290 0.603
1 1 14 150.292 150.292 19.566 19.566 -0.087
1 1 15 160.682 160.682 20.371 20.371 -0.208
1 1 16 163.283 163.283 19.058 19.058 -0.414
1 1 17 145.573 145.573 15.495 15.495 0.286
1 1 18 173.831 173.831 19.235 19.235 -0.236
1 1 19 142.150 142.150 13.542 13.542 0.033
1 1 20 183.107 183.107 18.894 18.894 -0.112
1 1 21 190.174 190.174 18.971 18.971 -0.056
1 1 22 169.646 169.646 15.308 15.308 -0.150
1 1 23 168.791 168.791 14.500 14.500 -0.035
1 2 1 129.939 129.939 233.398 233.398 -0.058
1 2 2 111.231 111.231 106.900 106.900 -0.112
1 2 3 102.190 102.190 87.494 87.494 -0.184
1 2 4 118.351 118.351 81.181 81.181 -0.076
1 2 5 112.164 112.164 71.903 71.903 -0.070
1 2 6 126.538 126.538 70.302 70.302 0.146
1 2 7 180.084 180.084 100.237 100.237 0.108
1 2 8 144.476 144.476 67.482 67.482 0.120
1 2 9 154.444 154.444 68.953 68.953 0.120
1 2 10 137.613 137.613 52.337 52.337 -0.101
1 2 11 166.077 166.077 65.422 65.422 -0.095
1 2 12 197.773 197.773 77.603 77.603 -0.161
1 2 13 133.166 133.166 39.285 39.285 -0.179
1 2 14 150.964 150.964 46.114 46.114 0.048
1 2 15 161.375 161.375 48.328 48.328 -0.082
1 2 16 160.231 160.231 44.700 44.700 0.010
1 2 17 169.054 169.054 46.355 46.355 -0.046
1 2 18 123.263 123.263 26.398 26.398 -0.173
1 2 19 140.623 140.623 31.348 31.348 -0.006
1 2 20 145.816 145.816 31.943 31.943 -0.006
1 2 21 119.178 119.178 22.025 22.025 0.028
1 2 22 156.409 156.409 32.408 32.408 -0.017
1 2 23 138.616 138.616 25.883 25.883 0.191
1 2 24 162.340 162.340 31.119 31.119 -0.081
1 2 25 177.156 177.156 34.558 34.558 -0.060
1 2 26 166.815 166.815 30.650 30.650 -0.065
1 2 27 208.999 208.999 40.864 40.864 -0.010
1 2 28 150.751 150.751 24.316 24.316 0.056
1 2 29 146.882 146.882 22.418 22.418 0.063
1 2 30 163.040 163.040 25.601 25.601 0.040
1 2 31 128.166 128.166 17.415 17.415 -0.079
1 2 32 303.471 303.471 59.913 59.913 -0.124
1 2 33 209.328 209.328 33.816 33.816 -0.105
1 2 34 277.179 277.179 50.675 50.675 0.016
1 2 35 237.614 237.614 38.841 38.841 0.032
1 2 36 237.533 237.533 38.021 38.021 -0.037
1 2 37 249.101 249.101 39.974 39.974 0.051
1 2 38 314.340 314.340 54.428 54.428 0.071
1 2 39 221.823 221.823 31.650 31.650 0.090
1 2 40 226.941 226.941 32.046 32.046 0.130
1 2 41 274.490 274.490 41.558 41.558 -0.055
1 2 42 197.960 197.960 25.002 25.002 0.070
1 2 43 200.716 200.716 24.681 24.681 -0.020
1 2 44 215.428 215.428 26.988 26.988 0.008
1 2 45 249.073 249.073 32.646 32.646 0.189
1 2 46 209.491 209.491 24.607 24.607 -0.069
1 2 47 227.217 227.217 27.540 27.540 -0.021
1 2 48 285.582 285.582 38.325 38.325 0.019
1 2 49 220.036 220.036 25.078 25.078 -0.011
1 2 50 305.072 305.072 40.136 40.136 0.114
1 2 51 344.765 344.765 47.675 47.675 0.070
1 2 52 266.708 266.708 31.432 31.432 0.129
1 2 53 288.488 288.488 34.985 34.985 -0.025
1 2 54 196.395 196.395 19.403 19.403 0.172
1 2 55 229.061 229.061 23.853 23.853 0.058
1 2 56 312.597 312.597 37.491 37.491 0.088
1 2 57 226.339 226.339 22.493 22.493 0.082
1 2 58 251.623 251.623 26.420 26.420 0.021
1 2 59 252.451 252.451 25.967 25.967 0.122
1 2 60 267.159 267.159 27.577 27.577 0.036
1 2 61 242.327 242.327 23.496 23.496 -0.105
1 2 62 249.515 249.515 24.279 24.279 0.064
1 3 1 178.304 178.304 18.077 18.077 -0.722
1 3 2 202.552 202.552 18.438 18.438 0.380
1 3 3 242.330 242.330 23.649 23.649 0.601
1 3 4 209.891 209.891 18.637 18.637 0.668
1 3 5 214.026 214.026 18.484 18.484 0.464
2 1 1 139.440 139.440 1034.493 1034.493 0.706
2 1 2 95.033 95.033 46.248 46.248 -0.298
2 1 3 62.938 62.938 18.906 18.906 -0.132
2 1 4 101.080 101.080 30.737 30.737 0.276
2 1 5 84.448 84.448 18.740 18.740 0.393
2 1 6 151.704 151.704 1323.614 1323.614 0.000
2 1 7 115.227 115.227 25.004 25.004 0.179
2 1 8 125.692 125.692 24.824 24.824 0.331
2 1 9 124.349 124.349 22.037 22.037 0.206
2 1 10 167.617 167.617 1642.694 1642.694 0.000
2 1 11 134.964 134.964 21.116 21.116 0.074
2 1 12 89.262 89.262 10.346 10.346 -0.400
2 1 13 126.252 126.252 16.442 16.442 0.073
2 1 14 129.110 129.110 15.471 15.471 -0.227
2 1 15 122.320 122.320 13.650 13.650 0.007
2 1 16 136.696 136.696 14.923 14.923 -0.064
2 1 17 133.961 133.961 13.194 13.194 -0.630
2 1 18 181.720 181.720 20.708 20.708 0.120
2 1 19 164.819 164.819 45.394 45.394 2.114
2 1 20 161.359 161.359 15.410 15.410 -0.373
2 1 21 165.637 165.637 15.002 15.002 0.537
2 1 22 172.536 172.536 15.679 15.679 -0.211
2 1 23 164.970 164.970 13.794 13.794 0.425
2 2 1 42.884 42.884 56.593 56.593 0.209
2 2 2 155.604 155.604 200.653 200.653 -0.109
2 2 3 142.276 142.276 138.866 138.866 -0.004
2 2 4 141.158 141.158 109.405 109.405 -0.106
2 2 5 123.538 123.538 78.679 78.679 0.072
2 2 6 149.062 149.062 89.625 89.625 0.143
2 2 7 140.665 140.665 69.478 69.478 -0.130
2 2 8 112.801 112.801 46.912 46.912 0.100
2 2 9 141.380 141.380 63.692 63.692 0.065
2 2 10 175.299 175.299 71.441 71.441 -0.189
2 2 11 154.629 154.629 59.036 59.036 -0.076
2 2 12 180.496 180.496 68.748 68.748 -0.149
2 2 13 153.364 153.364 49.553 49.553 0.054
2 2 14 121.922 121.922 33.336 33.336 0.098
2 2 15 134.987 134.987 37.056 37.056 -0.090
2 2 16 157.372 157.372 43.499 43.499 -0.016
2 2 17 162.073 162.073 43.606 43.606 -0.011
2 2 18 116.852 116.852 24.573 24.573 0.087
2 2 19 117.546 117.546 23.932 23.932 0.071
2 2 20 158.444 158.444 35.721 35.721 0.145
2 2 21 124.056 124.056 23.309 23.309 0.093
2 2 22 169.406 169.406 36.512 36.512 0.083
2 2 23 155.246 155.246 31.053 31.053 -0.015
2 2 24 128.759 128.759 22.002 22.002 0.082
2 2 25 151.645 151.645 27.427 27.427 0.005
2 2 26 159.751 159.751 28.792 28.792 0.014
2 2 27 194.075 194.075 36.494 36.494 -0.009
2 2 28 172.053 172.053 29.488 29.488 -0.136
2 2 29 146.913 146.913 22.423 22.423 -0.082
2 2 30 151.221 151.221 22.823 22.823 -0.139
2 2 31 261.366 261.366 3627.203 3627.203 0.000
2 2 32 226.286 226.286 38.911 38.911 -0.095
2 2 33 215.875 215.875 35.596 35.596 0.001
2 2 34 260.091 260.091 46.005 46.005 0.051
2 2 35 245.714 245.714 40.864 40.864 0.012
2 2 36 213.354 213.354 32.330 32.330 -0.053
2 2 37 228.902 228.902 34.889 34.889 0.170
2 2 38 288.036 288.036 47.692 47.692 0.082
2 2 39 191.626 191.626 25.456 25.456 -0.070
2 2 40 207.746 207.746 27.971 27.971 -0.177
2 2 41 236.002 236.002 32.765 32.765 -0.184
2 2 42 212.900 212.900 27.882 27.882 0.065
2 2 43 195.701 195.701 23.754 23.754 0.027
2 2 44 258.080 258.080 35.199 35.199 -0.119
2 2 45 209.984 209.984 25.515 25.515 -0.063
2 2 46 233.003 233.003 28.885 28.885 -0.049
2 2 47 243.837 243.837 30.210 30.210 -0.205
2 2 48 251.497 251.497 31.285 31.285 -0.186
2 2 49 250.504 250.504 30.457 30.457 -0.047
2 2 50 271.251 271.251 33.763 33.763 -0.052
2 2 51 313.380 313.380 41.295 41.295 0.057
2 2 52 289.129 289.129 35.551 35.551 -0.095
2 2 53 288.440 288.440 34.981 34.981 -0.034
2 2 54 274.633 274.633 31.897 31.897 0.122
2 2 55 228.515 228.515 23.718 23.718 0.114
2 2 56 312.596 312.596 37.340 37.340 0.133
2 2 57 266.281 266.281 28.721 28.721 0.064
2 2 58 200.348 200.348 18.531 18.531 0.035
2 2 59 212.229 212.229 19.941 19.941 -0.036
2 2 60 244.806 244.806 24.064 24.064 0.172
2 2 61 267.149 267.149 27.231 27.231 -0.055
2 2 62 272.373 272.373 27.611 27.611 0.144
2 3 1 183.190 183.190 16.943 16.943 -0.784
2 3 2 231.010 231.010 22.574 22.574 -0.163
2 3 3 191.776 191.776 16.679 16.679 -0.093
2 3 4 228.116 228.116 22.459 22.459 0.602
2 3 5 195.644 195.644 16.736 16.736 -0.481
3 1 1 136.872 136.872 128.744 128.744 0.217
3 1 2 129.205 129.205 76.197 76.197 -0.180
3 1 3 83.410 83.410 28.738 28.738 -0.140
3 1 4 114.509 114.509 38.384 38.384 -0.137
3 1 5 76.107 76.107 15.338 15.338 -0.706
3 1 6 77.619 77.619 16.122 16.122 0.094
3 1 7 126.623 126.623 47.412 47.412 -1.116
3 1 8 136.268 136.268 28.836 28.836 -0.170
3 1 9 126.766 126.766 22.878 22.878 -0.101
3 1 10 122.128 122.128 19.939 19.939 -0.145
3 1 11 94.855 94.855 12.460 12.460 0.057
3 1 12 125.076 125.076 17.415 17.415 -0.067
3 1 13 128.454 128.454 16.697 16.697 -0.255
3 1 14 140.119 140.119 17.134 17.134 0.419
3 1 15 153.499 153.499 18.122 18.122 -1.006
3 1 16 154.203 154.203 17.889 17.889 -0.017
3 1 17 149.822 149.822 17.342 17.342 0.759
3 1 18 194.566 194.566 22.749 22.749 0.239
3 1 19 171.533 171.533 17.884 17.884 0.155
3 1 20 155.035 155.035 14.646 14.646 -0.238
3 1 21 171.865 171.865 15.564 15.564 0.627
3 1 22 184.840 184.840 16.589 16.589 0.694
3 1 23 169.638 169.638 14.599 14.599 -0.104
3 2 1 121.738 121.738 905.620 905.620 -0.017
3 2 2 143.139 143.139 1166.603 1166.603 0.000
3 2 3 137.001 137.001 311.912 311.912 -0.235
3 2 4 179.955 179.955 152.229 152.229 0.060
3 2 5 115.364 115.364 68.764 68.764 -0.296
3 2 6 125.710 125.710 70.928 70.928 0.113
3 2 7 162.344 162.344 88.563 88.563 -0.076
3 2 8 175.040 175.040 91.697 91.697 -0.034
3 2 9 120.302 120.302 47.381 47.381 -0.172
3 2 10 156.480 156.480 64.206 64.206 -0.049
3 2 11 173.354 173.354 70.059 70.059 -0.071
3 2 12 193.218 193.218 77.066 77.066 -0.101
3 2 13 143.545 143.545 41.639 41.639 -0.297
3 2 14 159.656 159.656 49.752 49.752 -0.100
3 2 15 178.914 178.914 56.821 56.821 0.021
3 2 16 125.361 125.361 30.912 30.912 0.044
3 2 17 175.201 175.201 48.679 48.679 -0.085
3 2 18 139.303 139.303 32.099 32.099 0.010
3 2 19 189.499 189.499 49.008 49.008 0.019
3 2 20 179.419 179.419 43.004 43.004 -0.141
3 2 21 123.491 123.491 22.782 22.782 -0.265
3 2 22 166.751 166.751 34.572 34.572 -0.250
3 2 23 149.411 149.411 29.265 29.265 -0.072
3 2 24 160.560 160.560 28.978 28.978 -0.393
3 2 25 157.135 157.135 28.836 28.836 -0.069
3 2 26 172.311 172.311 31.020 31.020 -0.318
3 2 27 162.517 162.517 27.975 27.975 -0.004
3 2 28 151.239 151.239 24.360 24.360 -0.126
3 2 29 128.872 128.872 18.091 18.091 -0.317
3 2 30 164.080 164.080 25.871 25.871 0.031
3 2 31 156.626 156.626 23.537 23.537 0.101
3 2 32 254.542 254.542 46.093 46.093 -0.146
3 2 33 192.387 192.387 29.926 29.926 0.049
3 2 34 243.567 243.567 41.764 41.764 -0.029
3 2 35 206.957 206.957 31.495 31.495 -0.092
3 2 36 223.115 223.115 34.571 34.571 0.056
3 2 37 221.295 221.295 33.516 33.516 0.009
3 2 38 284.444 284.444 46.933 46.933 -0.035
3 2 39 244.002 244.002 36.453 36.453 0.118
3 2 40 289.023 289.023 46.340 46.340 -0.006
3 2 41 207.018 207.018 27.239 27.239 -0.017
3 2 42 214.625 214.625 28.267 28.267 -0.039
3 2 43 237.920 237.920 31.794 31.794 0.103
3 2 44 252.115 252.115 34.177 34.177 -0.000
3 2 45 227.709 227.709 28.743 28.743 -0.114
3 2 46 192.744 192.744 21.716 21.716 0.086
3 2 47 268.306 268.306 35.358 35.358 0.036
3 2 48 212.121 212.121 24.464 24.464 0.024
3 2 49 188.163 188.163 19.818 19.818 0.025
3 2 50 180.714 180.714 18.091 18.091 0.332
3 2 51 195.396 195.396 20.272 20.272 0.164
3 2 52 326.240 326.240 42.640 42.640 0.054
3 2 53 198.379 198.379 19.851 19.851 -0.181
3 2 54 248.691 248.691 27.187 27.187 0.252
3 2 55 249.935 249.935 27.180 27.180 0.093
3 2 56 334.221 334.221 41.534 41.534 0.015
3 2 57 222.681 222.681 22.120 22.120 0.065
3 2 58 207.172 207.172 19.476 19.476 0.065
3 2 59 224.598 224.598 21.562 21.562 0.205
3 2 60 252.915 252.915 25.395 25.395 0.065
3 2 61 231.186 231.186 21.592 21.592 0.322
3 2 62 261.598 261.598 25.596 25.596 0.310
3 3 1 203.657 203.657 18.662 18.662 0.777
3 3 2 241.499 241.499 24.244 24.244 -0.078
3 3 3 210.987 210.987 18.208 18.208 0.643
3 3 4 290.671 290.671 30.056 30.056 0.133
3 3 5 231.936 231.936 3300.752 3300.752 0.000
4 1 1 82.394 82.394 51.614 51.614 0.221
4 1 2 97.857 97.857 67.566 67.566 -0.502
4 1 3 109.844 109.844 41.362 41.362 -0.252
4 1 4 110.766 110.766 35.933 35.933 0.232
4 1 5 74.205 74.205 15.850 15.850 0.315
4 1 6 86.612 86.612 19.070 19.070 -0.027
4 1 7 125.716 125.716 28.138 28.138 -0.214
4 1 8 116.368 116.368 22.986 22.986 0.118
4 1 9 135.586 135.586 25.375 25.375 0.033
4 1 10 133.198 133.198 21.832 21.832 -0.409
4 1 11 92.852 92.852 11.721 11.721 -0.525
4 1 12 161.547 161.547 25.325 25.325 0.203
4 1 13 151.347 151.347 21.572 21.572 -0.069
4 1 14 126.713 126.713 15.135 15.135 0.137
4 1 15 126.408 126.408 13.721 13.721 -0.585
4 1 16 150.496 150.496 15.420 15.420 -0.899
4 1 17 164.862 164.862 18.826 18.826 0.132
4 1 18 185.696 185.696 21.294 21.294 -0.192
4 1 19 179.204 179.204 18.982 18.982 -0.271
4 1 20 137.634 137.634 12.336 12.336 -0.108
4 1 21 156.322 156.322 14.146 14.146 -0.031
4 1 22 191.405 191.405 18.191 18.191 -0.270
4 1 23 197.900 197.900 18.306 18.306 0.222
4 2 1 142.133 142.133 307.516 307.516 0.106
4 2 2 94.680 94.680 85.087 85.087 0.157
4 2 3 101.245 101.245 101.101 101.101 0.222
4 2 4 111.042 111.042 73.754 73.754 0.122
4 2 5 129.938 129.938 85.569 85.569 0.002
4 2 6 129.729 129.729 73.143 73.143 0.141
4 2 7 159.478 159.478 86.200 86.200 -0.057
4 2 8 109.116 109.116 45.222 45.222 -0.030
4 2 9 120.851 120.851 46.673 46.673 -0.235
4 2 10 164.461 164.461 67.290 67.290 -0.133
4 2 11 143.699 143.699 53.161 53.161 -0.051
4 2 12 171.917 171.917 62.515 62.515 -0.210
4 2 13 166.617 166.617 56.114 56.114 -0.063
4 2 14 141.747 141.747 42.005 42.005 0.085
4 2 15 169.502 169.502 52.361 52.361 0.057
4 2 16 142.165 142.165 37.259 37.259 0.057
4 2 17 162.745 162.745 43.451 43.451 -0.103
4 2 18 143.849 143.849 33.035 33.035 0.187
4 2 19 186.161 186.161 47.693 47.693 -0.062
4 2 20 145.177 145.177 31.402 31.402 -0.138
4 2 21 127.305 127.305 24.296 24.296 0.044
4 2 22 170.085 170.085 36.599 36.599 -0.080
4 2 23 192.091 192.091 42.236 42.236 -0.141
4 2 24 181.021 181.021 36.740 36.740 0.038
4 2 25 159.501 159.501 29.472 29.472 -0.067
4 2 26 176.838 176.838 33.496 33.496 -0.037
4 2 27 185.086 185.086 33.870 33.870 -0.110
4 2 28 192.961 192.961 35.224 35.224 -0.036
4 2 29 149.215 149.215 22.937 22.937 -0.075
4 2 30 154.506 154.506 23.606 23.606 0.076
4 2 31 146.611 146.611 21.332 21.332 -0.031
4 2 32 317.344 317.344 64.857 64.857 0.006
4 2 33 187.186 187.186 28.758 28.758 0.020
4 2 34 248.844 248.844 42.898 42.898 -0.111
4 2 35 296.199 296.199 54.031 54.031 -0.009
4 2 36 241.100 241.100 38.621 38.621 -0.130
4 2 37 303.563 303.563 53.777 53.777 -0.047
4 2 38 310.153 310.153 53.261 53.261 -0.068
4 2 39 263.079 263.079 40.962 40.962 -0.073
4 2 40 260.453 260.453 39.395 39.395 0.127
4 2 41 266.681 266.681 39.790 39.790 -0.072
4 2 42 278.351 278.351 41.709 41.709 -0.045
4 2 43 236.780 236.780 31.639 31.639 -0.011
4 2 44 269.593 269.593 37.773 37.773 -0.036
4 2 45 265.306 265.306 36.295 36.295 0.027
4 2 46 231.263 231.263 28.426 28.426 0.141
4 2 47 235.525 235.525 29.028 29.028 -0.090
4 2 48 299.052 299.052 40.944 40.944 0.013
4 2 49 180.525 180.525 18.619 18.619 -0.078
4 2 50 258.823 258.823 31.503 31.503 0.012
4 2 51 305.422 305.422 39.596 39.596 -0.132
4 2 52 258.869 258.869 30.177 30.177 0.035
4 2 53 277.223 277.223 32.885 32.885 -0.081
4 2 54 246.519 246.519 27.219 27.219 0.043
4 2 55 222.650 222.650 22.524 22.524 -0.282
4 2 56 312.946 312.946 37.562 37.562 -0.088
4 2 57 194.952 194.952 18.010 18.010 0.009
4 2 58 223.051 223.051 21.759 21.759 -0.010
4 2 59 208.075 208.075 19.354 19.354 0.041
4 2 60 212.763 212.763 19.543 19.543 -0.139
4 2 61 231.999 231.999 21.922 21.922 -0.182
4 2 62 299.645 299.645 31.968 31.968 0.057
4 3 1 185.327 185.327 16.985 16.985 -0.119
4 3 2 211.646 211.646 19.804 19.804 -0.145
4 3 3 225.936 225.936 20.282 20.282 0.711
4 3 4 226.696 226.696 21.079 21.079 -0.611
4 3 5 236.207 236.207 21.335 21.335 0.026
5 1 1 124.678 124.678 101.709 101.709 0.137
5 1 2 106.857 106.857 53.315 53.315 -0.271
5 1 3 159.270 159.270 73.568 73.568 0.135
5 1 4 134.558 134.558 49.378 49.378 -0.116
5 1 5 85.846 85.846 20.308 20.308 -0.042
5 1 6 94.124 94.124 19.157 19.157 -0.599
5 1 7 95.733 95.733 18.490 18.490 0.334
5 1 8 104.794 104.794 19.252 19.252 -0.305
5 1 9 135.634 135.634 25.147 25.147 -0.161
5 1 10 137.734 137.734 23.390 23.390 -0.296
5 1 11 141.394 141.394 22.649 22.649 -0.026
5 1 12 152.318 152.318 23.314 23.314 -0.131
5 1 13 166.915 166.915 24.494 24.494 -0.283
5 1 14 130.690 130.690 15.693 15.693 -0.270
5 1 15 177.259 177.259 23.560 23.560 0.231
5 1 16 167.715 167.715 20.092 20.092 -1.059
5 1 17 162.819 162.819 18.529 18.529 -0.043
5 1 18 195.692 195.692 23.227 23.227 -0.012
5 1 19 199.162 199.162 22.260 22.260 0.225
5 1 20 179.575 179.575 17.988 17.988 0.362
5 1 21 182.371 182.371 17.826 17.826 -0.032
5 1 22 174.639 174.639 16.000 16.000 0.143
5 1 23 169.111 169.111 14.466 14.466 0.250
5 2 1 47.743 47.743 72.668 72.668 -0.239
5 2 2 109.239 109.239 106.889 106.889 0.139
5 2 3 152.470 152.470 153.828 153.828 -0.023
5 2 4 134.134 134.134 94.977 94.977 -0.197
5 2 5 116.799 116.799 72.848 72.848 0.001
5 2 6 132.431 132.431 75.775 75.775 -0.137
5 2 7 136.531 136.531 67.248 67.248 -0.104
5 2 8 147.285 147.285 71.043 71.043 0.008
5 2 9 135.005 135.005 57.854 57.854 -0.012
5 2 10 169.813 169.813 71.988 71.988 -0.077
5 2 11 196.928 196.928 85.873 85.873 -0.041
5 2 12 213.750 213.750 91.016 91.016 -0.024
5 2 13 177.928 177.928 62.101 62.101 -0.017
5 2 14 165.141 165.141 52.851 52.851 -0.016
5 2 15 157.556 157.556 46.977 46.977 -0.014
5 2 16 176.260 176.260 46.077 46.077 -0.374
5 2 17 152.252 152.252 39.706 39.706 -0.010
5 2 18 131.459 131.459 29.391 29.391 0.039
5 2 19 162.461 162.461 37.803 37.803 -0.216
5 2 20 175.859 175.859 42.215 42.215 0.073
5 2 21 118.735 118.735 21.864 21.864 0.093
5 2 22 142.534 142.534 28.030 28.030 0.118
5 2 23 182.337 182.337 39.445 39.445 -0.052
5 2 24 143.063 143.063 25.774 25.774 -0.069
5 2 25 158.089 158.089 28.958 28.958 -0.157
5 2 26 162.384 162.384 29.372 29.372 -0.095
5 2 27 193.191 193.191 36.005 36.005 -0.131
5 2 28 148.964 148.964 23.569 23.569 -0.213
5 2 29 134.140 134.140 19.560 19.560 -0.074
5 2 30 204.296 204.296 35.309 35.309 -0.205
5 2 31 131.691 131.691 18.141 18.141 -0.072
5 2 32 267.952 267.952 50.164 50.164 -0.083
5 2 33 209.348 209.348 33.863 33.863 -0.094
5 2 34 260.903 260.903 45.993 45.993 -0.102
5 2 35 251.621 251.621 42.312 42.312 0.008
5 2 36 252.408 252.408 41.582 41.582 0.069
5 2 37 254.875 254.875 41.420 41.420 0.045
5 2 38 332.976 332.976 59.456 59.456 0.005
5 2 39 189.239 189.239 24.929 24.929 0.108
5 2 40 245.878 245.878 36.332 36.332 -0.035
5 2 41 241.898 241.898 34.232 34.232 -0.130
5 2 42 224.025 224.025 29.981 29.981 -0.124
5 2 43 222.970 222.970 28.545 28.545 -0.217
5 2 44 285.434 285.434 41.129 41.129 -0.046
5 2 45 244.302 244.302 31.726 31.726 -0.178
5 2 46 221.450 221.450 26.777 26.777 0.009
5 2 47 223.597 223.597 26.891 26.891 0.011
5 2 48 272.104 272.104 35.545 35.545 0.068
5 2 49 213.275 213.275 23.880 23.880 0.091
5 2 50 282.534 282.534 35.652 35.652 0.164
5 2 51 302.870 302.870 38.988 38.988 -0.145
5 2 52 307.076 307.076 38.986 38.986 0.041
5 2 53 261.289 261.289 30.153 30.153 -0.045
5 2 54 242.630 242.630 26.412 26.412 -0.158
5 2 55 245.507 245.507 26.450 26.450 0.082
5 2 56 201.495 201.495 19.277 19.277 -0.233
5 2 57 187.387 187.387 16.956 16.956 0.082
5 2 58 219.851 219.851 21.293 21.293 0.003
5 2 59 186.292 186.292 16.401 16.401 0.035
5 2 60 257.592 257.592 25.996 25.996 0.140
5 2 61 220.390 220.390 20.208 20.208 -0.252
5 2 62 255.327 255.327 25.047 25.047 0.153
5 3 1 194.123 194.123 18.140 18.140 0.204
5 3 2 212.694 212.694 19.975 19.975 -0.111
5 3 3 236.559 236.559 22.720 22.720 -0.233
5 3 4 237.228 237.228 21.246 21.246 0.631
5 3 5 322.149 322.149 37.474 37.474 0.505
6 1 1 45.792 45.792 45.054 45.054 -1.097
6 1 2 117.946 117.946 69.179 69.179 -0.044
6 1 3 138.094 138.094 57.631 57.631 0.271
6 1 4 123.034 123.034 42.850 42.850 -0.120
6 1 5 115.915 115.915 31.834 31.834 -0.015
6 1 6 94.107 94.107 20.287 20.287 0.471
6 1 7 111.694 111.694 24.017 24.017 -0.018
6 1 8 157.457 157.457 33.778 33.778 -0.390
6 1 9 127.879 127.879 22.121 22.121 -0.383
6 1 10 126.543 126.543 20.973 20.973 0.191
6 1 11 129.426 129.426 19.830 19.830 -0.042
6 1 12 139.198 139.198 20.433 20.433 0.044
6 1 13 138.718 138.718 18.838 18.838 -0.174
6 1 14 173.377 173.377 24.962 24.962 0.534
6 1 15 150.944 150.944 18.665 18.665 0.104
6 1 16 164.480 164.480 19.668 19.668 0.114
6 1 17 162.902 162.902 18.464 18.464 -0.188
6 1 18 196.714 196.714 23.064 23.064 0.249
6 1 19 178.005 178.005 18.799 18.799 0.227
6 1 20 185.568 185.568 19.206 19.206 0.197
6 1 21 211.379 211.379 2705.928 2705.928 0.000
6 1 22 159.210 159.210 13.545 13.545 0.561
6 1 23 169.762 169.762 14.578 14.578 0.197
6 2 1 68.113 68.113 248.809 248.809 0.046
6 2 2 112.267 112.267 116.098 116.098 -0.025
6 2 3 124.964 124.964 109.995 109.995 -0.096
6 2 4 139.947 139.947 131.724 131.724 -0.080
6 2 5 182.685 182.685 144.984 144.984 -0.084
6 2 6 153.603 153.603 96.485 96.485 -0.090
6 2 7 180.040 180.040 103.791 103.791 0.029
6 2 8 121.716 121.716 50.495 50.495 0.210
6 2 9 157.395 157.395 72.783 72.783 -0.030
6 2 10 178.373 178.373 78.241 78.241 -0.025
6 2 11 154.270 154.270 58.497 58.497 -0.089
6 2 12 203.314 203.314 80.729 80.729 -0.160
6 2 13 171.941 171.941 58.984 58.984 0.020
6 2 14 136.937 136.937 39.057 39.057 -0.158
6 2 15 158.542 158.542 47.329 47.329 0.049
6 2 16 146.211 146.211 38.934 38.934 0.039
6 2 17 139.923 139.923 34.897 34.897 0.059
6 2 18 125.725 125.725 27.471 27.471 -0.050
6 2 19 146.351 146.351 32.261 32.261 -0.244
6 2 20 150.331 150.331 33.441 33.441 0.042
6 2 21 126.714 126.714 24.134 24.134 -0.026
6 2 22 162.242 162.242 34.086 34.086 -0.087
6 2 23 157.103 157.103 31.540 31.540 0.061
6 2 24 138.029 138.029 24.441 24.441 -0.078
6 2 25 153.165 153.165 27.726 27.726 -0.081
6 2 26 155.081 155.081 27.527 27.527 -0.022
6 2 27 187.048 187.048 34.590 34.590 -0.022
6 2 28 133.792 133.792 20.105 20.105 -0.249
6 2 29 126.615 126.615 17.968 17.968 0.050
6 2 30 176.504 176.504 28.657 28.657 -0.134
6 2 31 117.168 117.168 15.171 15.171 -0.176
6 2 32 288.376 288.376 56.184 56.184 -0.033
6 2 33 200.487 200.487 31.804 31.804 0.091
6 2 34 262.298 262.298 46.588 46.588 -0.049
6 2 35 224.303 224.303 35.623 35.623 -0.046
6 2 36 243.802 243.802 39.465 39.465 -0.073
6 2 37 215.804 215.804 32.271 32.271 0.041
6 2 38 280.413 280.413 45.336 45.336 0.165
6 2 39 302.803 302.803 50.580 50.580 0.053
6 2 40 262.198 262.198 39.957 39.957 -0.058
6 2 41 202.652 202.652 26.287 26.287 -0.119
6 2 42 211.308 211.308 27.434 27.434 -0.167
6 2 43 190.334 190.334 22.722 22.722 0.152
6 2 44 212.919 212.919 26.374 26.374 -0.175
6 2 45 178.391 178.391 19.994 19.994 0.043
6 2 46 203.269 203.269 23.413 23.413 -0.181
6 2 47 189.648 189.648 21.005 21.005 0.022
6 2 48 317.560 317.560 44.788 44.788 0.052
6 2 49 252.234 252.234 30.733 30.733 -0.056
6 2 50 254.266 254.266 30.676 30.676 0.018
6 2 51 301.696 301.696 39.072 39.072 -0.002
6 2 52 281.499 281.499 34.115 34.115 0.092
6 2 53 304.560 304.560 37.964 37.964 -0.019
6 2 54 227.692 227.692 24.148 24.148 0.063
6 2 55 273.604 273.604 31.077 31.077 0.105
6 2 56 223.507 223.507 22.700 22.700 -0.042
6 2 57 191.941 191.941 17.588 17.588 0.078
6 2 58 219.736 219.736 21.225 21.225 0.147
6 2 59 233.791 233.791 22.956 22.956 0.180
6 2 60 248.255 248.255 24.689 24.689 0.063
6 2 61 246.227 246.227 24.088 24.088 0.088
6 2 62 291.049 291.049 30.436 30.436 0.154
6 3 1 187.078 187.078 17.271 17.271 0.081
6 3 2 212.942 212.942 20.030 20.030 -0.134
6 3 3 249.682 249.682 31.143 31.143 -1.359
6 3 4 240.469 240.469 24.073 24.073 0.345
6 3 5 247.668 247.668 22.782 22.782 -0.162
