1 1 1 -1.431 0.160
1 1 2 0.156 0.140
1 1 3 -0.474 0.187
1 1 4 -1.597 0.214
1 1 5 -0.528 0.134
1 1 6 1.185 0.200
1 1 7 1.874 0.157
1 1 8 -1.673 0.192
1 1 9 -0.777 0.206
1 1 10 -0.243 0.210
1 1 11 -1.918 0.220
1 1 12 0.196 0.245
1 1 13 -0.069 0.195
1 1 14 -0.458 0.247
1 1 15 1.205 0.194
1 1 16 0.455 0.279
1 1 17 -1.178 0.231
1 1 18 0.881 0.249
1 1 19 0.715 0.320
1 1 20 0.764 0.184
1 1 21 -1.555 0.579
1 1 22 -0.754 0.579
1 1 23 1.833 0.561
1 2 1 0.919 0.032
1 2 2 0.238 0.050
1 2 3 1.282 0.052
1 2 4 0.661 0.059
1 2 5 -1.429 0.070
1 2 6 1.140 0.059
1 2 7 -0.638 0.062
1 2 8 -1.096 0.062
1 2 9 1.782 0.094
1 2 10 -1.063 0.069
1 2 11 -1.041 0.063
1 2 12 -0.734 0.065
1 2 13 -1.546 0.069
1 2 14 -0.134 0.070
1 2 15 0.378 0.070
1 2 16 0.001 0.090
1 2 17 0.296 0.071
1 2 18 -1.274 0.075
1 2 19 -0.194 0.080
1 2 20 -0.885 0.081
1 2 21 -0.097 0.078
1 2 22 0.145 0.080
1 2 23 0.213 0.073
1 2 24 0.407 0.085
1 2 25 0.352 0.076
1 2 26 0.730 0.083
1 2 27 0.864 0.076
1 2 28 1.198 0.083
1 2 29 1.337 0.084
1 2 30 1.700 0.089
1 2 31 0.880 0.084
1 2 32 0.867 0.092
1 2 33 -0.630 0.082
1 2 34 -0.918 0.083
1 2 35 -0.814 0.084
1 2 36 -1.577 0.091
1 2 37 -0.915 0.086
1 2 38 -0.659 0.086
1 2 39 -1.332 0.105
1 2 40 -0.471 0.097
1 2 41 -0.950 0.098
1 2 42 -1.693 0.093
1 2 43 1.723 0.087
1 2 44 -0.771 0.103
1 2 45 1.888 0.111
1 2 46 1.187 0.103
1 2 47 -0.864 0.109
1 2 48 0.337 0.107
1 2 49 0.814 0.116
1 2 50 -0.521 0.104
1 2 51 1.842 0.100
1 2 52 1.391 0.109
1 2 53 -1.016 0.094
1 2 54 -1.700 0.104
1 2 55 -0.899 0.100
1 2 56 -0.433 0.101
1 2 57 -0.825 0.101
1 2 58 -0.378 0.100
1 2 59 0.771 0.113
1 2 60 -0.229 0.128
1 2 61 -0.837 0.090
1 2 62 0.255 0.112
1 3 1 0.063 0.183
1 3 2 1.492 0.381
1 3 3 -0.263 0.395
1 3 4 1.702 0.448
1 3 5 0.086 0.170
2 1 1 -1.231 0.209
2 1 2 1.148 0.120
2 1 3 -0.498 0.095
2 1 4 -1.319 0.113
2 1 5 0.910 0.160
2 1 6 0.000 0.100
2 1 7 -0.295 0.133
2 1 8 -1.433 0.155
2 1 9 -1.624 0.156
2 1 10 0.000 0.100
2 1 11 1.945 0.221
2 1 12 0.106 0.258
2 1 13 -1.564 0.194
2 1 14 -0.180 0.217
2 1 15 -0.012 0.186
2 1 16 -1.283 0.235
2 1 17 1.615 0.263
2 1 18 -0.922 0.256
2 1 19 0.000 0.100
2 1 20 -1.911 0.247
2 1 21 0.076 0.269
2 1 22 -1.785 0.400
2 1 23 0.275 0.232
2 2 1 -1.752 0.054
2 2 2 1.476 0.053
2 2 3 1.565 0.058
2 2 4 1.376 0.061
2 2 5 -0.437 0.060
2 2 6 -0.702 0.067
2 2 7 -0.290 0.063
2 2 8 -1.594 0.059
2 2 9 -1.187 0.072
2 2 10 -0.557 0.067
2 2 11 -0.193 0.067
2 2 12 0.644 0.065
2 2 13 0.208 0.067
2 2 14 -0.413 0.068
2 2 15 0.431 0.064
2 2 16 1.239 0.067
2 2 17 0.011 0.071
2 2 18 -1.856 0.066
2 2 19 -0.031 0.075
2 2 20 -0.180 0.075
2 2 21 0.253 0.078
2 2 22 0.473 0.074
2 2 23 0.946 0.080
2 2 24 -0.678 0.077
2 2 25 -0.590 0.077
2 2 26 1.092 0.078
2 2 27 0.547 0.068
2 2 28 1.567 0.070
2 2 29 1.326 0.077
2 2 30 1.255 0.082
2 2 31 1.135 0.084
2 2 32 0.769 0.093
2 2 33 -0.707 0.090
2 2 34 -0.802 0.084
2 2 35 -0.312 0.089
2 2 36 -1.886 0.085
2 2 37 -0.997 0.092
2 2 38 -0.871 0.091
2 2 39 -0.555 0.092
2 2 40 -0.948 0.088
2 2 41 -1.869 0.089
2 2 42 -1.546 0.109
2 2 43 -1.532 0.104
2 2 44 0.270 0.095
2 2 45 -1.208 0.115
2 2 46 1.236 0.105
2 2 47 0.334 0.124
2 2 48 -0.497 0.097
2 2 49 0.024 0.119
2 2 50 0.018 0.124
2 2 51 -0.451 0.131
2 2 52 -1.045 0.118
2 2 53 0.922 0.101
2 2 54 0.751 0.119
2 2 55 0.494 0.110
2 2 56 1.919 0.112
2 2 57 -1.824 0.134
2 2 58 0.954 0.127
2 2 59 1.702 0.122
2 2 60 1.808 0.095
2 2 61 1.784 0.120
2 2 62 1.474 0.111
2 3 1 1.255 0.276
2 3 2 -0.004 0.448
2 3 3 1.230 0.342
2 3 4 2.320 0.315
2 3 5 -0.011 0.425
3 1 1 -1.440 0.211
3 1 2 0.254 0.130
3 1 3 2.012 0.101
3 1 4 -1.220 0.105
3 1 5 -1.262 0.130
3 1 6 -0.688 0.140
3 1 7 0.520 0.136
3 1 8 0.388 0.143
3 1 9 1.501 0.165
3 1 10 -1.062 0.153
3 1 11 -1.315 0.193
3 1 12 -0.426 0.168
3 1 13 -1.922 0.180
3 1 14 -0.038 0.243
3 1 15 0.978 0.327
3 1 16 -1.874 0.248
3 1 17 0.017 0.215
3 1 18 -1.705 0.255
3 1 19 1.152 0.317
3 1 20 1.142 0.405
3 1 21 0.193 0.288
3 1 22 0.277 0.313
3 1 23 -1.541 0.474
3 2 1 0.857 0.060
3 2 2 -1.676 0.079
3 2 3 1.334 0.190
3 2 4 1.213 0.094
3 2 5 -1.333 0.092
3 2 6 1.460 0.077
3 2 7 -0.784 0.083
3 2 8 -1.108 0.084
3 2 9 1.648 0.073
3 2 10 -1.128 0.079
3 2 11 -0.558 0.080
3 2 12 0.041 0.078
3 2 13 -0.408 0.079
3 2 14 -0.302 0.129
3 2 15 0.671 0.078
3 2 16 -0.325 0.070
3 2 17 -0.722 0.072
3 2 18 -1.353 0.076
3 2 19 -0.863 0.064
3 2 20 -0.579 0.078
3 2 21 -0.760 0.076
3 2 22 -0.865 0.072
3 2 23 -0.499 0.077
3 2 24 -0.805 0.070
3 2 25 -1.428 0.079
3 2 26 -0.406 0.073
3 2 27 -0.464 0.085
3 2 28 0.465 0.077
3 2 29 0.218 0.088
3 2 30 0.138 0.239
3 2 31 1.102 0.086
3 2 32 0.135 0.089
3 2 33 -1.266 0.090
3 2 34 -0.612 0.084
3 2 35 -0.497 0.092
3 2 36 -1.731 0.082
3 2 37 -1.512 0.085
3 2 38 -0.768 0.090
3 2 39 0.691 0.093
3 2 40 -0.594 0.101
3 2 41 1.828 0.089
3 2 42 -1.220 0.112
3 2 43 -1.482 0.103
3 2 44 0.160 0.087
3 2 45 1.684 0.092
3 2 46 0.075 0.109
3 2 47 0.044 0.110
3 2 48 -0.590 0.118
3 2 49 1.885 0.111
3 2 50 0.134 0.096
3 2 51 -1.677 0.102
3 2 52 -0.114 0.099
3 2 53 -1.209 0.105
3 2 54 0.665 0.126
3 2 55 0.273 0.119
3 2 56 0.919 0.095
3 2 57 1.221 0.096
3 2 58 0.368 0.098
3 2 59 1.168 0.112
3 2 60 1.135 0.123
3 2 61 0.860 0.128
3 2 62 0.902 0.121
3 3 1 1.238 0.431
3 3 2 -1.957 0.311
3 3 3 -1.066 0.250
3 3 4 -0.195 0.297
3 3 5 0.907 0.632
4 1 1 -0.966 0.156
4 1 2 -1.666 0.124
4 1 3 -0.683 0.162
4 1 4 0.740 0.150
4 1 5 -1.631 0.132
4 1 6 -0.628 0.217
4 1 7 1.065 0.282
4 1 8 1.789 0.149
4 1 9 -0.806 0.163
4 1 10 -1.253 0.149
4 1 11 -0.594 0.750
4 1 12 -1.163 0.247
4 1 13 -1.433 0.238
4 1 14 -1.927 0.364
4 1 15 -1.760 0.259
4 1 16 0.387 0.414
4 1 17 0.219 0.269
4 1 18 1.941 0.226
4 1 19 0.966 0.521
4 1 20 1.214 0.364
4 1 21 0.531 0.296
4 1 22 -0.194 0.298
4 1 23 -2.057 0.323
4 2 1 -0.070 0.076
4 2 2 -0.802 0.065
4 2 3 0.607 0.075
4 2 4 -0.221 0.061
4 2 5 1.000 0.066
4 2 6 1.337 0.077
4 2 7 -1.833 0.077
4 2 8 1.217 0.072
4 2 9 0.584 0.076
4 2 10 -1.962 0.086
4 2 11 1.841 0.087
4 2 12 -1.564 0.088
4 2 13 -1.393 0.084
4 2 14 1.816 0.084
4 2 15 -0.928 0.081
4 2 16 -1.318 0.087
4 2 17 -1.294 0.091
4 2 18 0.371 0.087
4 2 19 1.989 0.084
4 2 20 1.581 0.092
4 2 21 -1.268 0.085
4 2 22 -1.233 0.076
4 2 23 -0.787 0.079
4 2 24 -1.709 0.080
4 2 25 -1.791 0.076
4 2 26 -0.802 0.087
4 2 27 -0.915 0.072
4 2 28 -0.707 0.081
4 2 29 -1.345 0.080
4 2 30 0.062 0.080
4 2 31 -0.388 0.085
4 2 32 -0.634 0.084
4 2 33 1.519 0.091
4 2 34 1.954 0.088
4 2 35 -1.964 0.091
4 2 36 0.979 0.087
4 2 37 1.951 0.090
4 2 38 -1.962 0.087
4 2 39 -1.340 0.103
4 2 40 -1.274 0.092
4 2 41 0.886 0.090
4 2 42 -1.990 0.101
4 2 43 1.310 0.111
4 2 44 -0.909 0.090
4 2 45 0.312 0.101
4 2 46 -0.815 0.094
4 2 47 1.814 0.099
4 2 48 -0.923 0.106
4 2 49 -0.011 0.108
4 2 50 1.951 0.094
4 2 51 0.754 0.105
4 2 52 -1.347 0.108
4 2 53 1.055 0.123
4 2 54 -1.065 0.107
4 2 55 -1.116 0.089
4 2 56 -0.233 0.109
4 2 57 -0.356 0.126
4 2 58 -0.077 0.098
4 2 59 -1.251 0.120
4 2 60 -0.764 0.100
4 2 61 0.360 0.102
4 2 62 0.158 0.096
4 3 1 0.566 0.553
4 3 2 -0.596 0.336
4 3 3 0.327 0.289
4 3 4 0.079 0.172
4 3 5 -0.718 0.319
5 1 1 -1.753 0.158
5 1 2 -0.698 0.122
5 1 3 -2.028 0.233
5 1 4 -0.779 0.124
5 1 5 1.772 0.119
5 1 6 -1.707 0.191
5 1 7 1.591 0.161
5 1 8 1.761 0.152
5 1 9 -0.372 0.172
5 1 10 1.734 0.151
5 1 11 0.394 0.187
5 1 12 0.682 0.195
5 1 13 1.733 0.206
5 1 14 -1.033 0.151
5 1 15 -0.549 0.216
5 1 16 1.890 0.245
5 1 17 -0.581 0.252
5 1 18 1.382 0.265
5 1 19 1.130 0.305
5 1 20 0.739 0.231
5 1 21 1.580 0.428
5 1 22 -0.468 0.297
5 1 23 1.009 0.293
5 2 1 -0.462 0.072
5 2 2 -0.397 0.071
5 2 3 -0.980 0.100
5 2 4 -1.200 0.107
5 2 5 0.490 0.079
5 2 6 0.830 0.083
5 2 7 0.974 0.078
5 2 8 1.366 0.078
5 2 9 -0.118 0.078
5 2 10 1.694 0.089
5 2 11 1.341 0.084
5 2 12 1.968 0.081
5 2 13 1.307 0.089
5 2 14 -1.612 0.078
5 2 15 -1.535 0.074
5 2 16 -1.553 0.078
5 2 17 1.626 0.083
5 2 18 -0.784 0.082
5 2 19 1.840 0.077
5 2 20 1.201 0.078
5 2 21 2.048 0.075
5 2 22 1.407 0.078
5 2 23 -1.579 0.080
5 2 24 1.149 0.072
5 2 25 1.849 0.084
5 2 26 -1.505 0.080
5 2 27 -1.435 0.077
5 2 28 -1.323 0.087
5 2 29 -1.044 0.085
5 2 30 -1.127 0.082
5 2 31 -0.578 0.095
5 2 32 -2.017 0.087
5 2 33 1.833 0.105
5 2 34 0.349 0.085
5 2 35 1.758 0.086
5 2 36 0.866 0.076
5 2 37 1.456 0.100
5 2 38 1.518 0.098
5 2 39 1.192 0.090
5 2 40 -1.843 0.089
5 2 41 0.227 0.093
5 2 42 1.188 0.101
5 2 43 0.435 0.100
5 2 44 -1.136 0.107
5 2 45 0.205 0.093
5 2 46 -0.878 0.104
5 2 47 -1.467 0.088
5 2 48 -1.851 0.106
5 2 49 0.570 0.121
5 2 50 -1.796 0.115
5 2 51 1.903 0.110
5 2 52 -1.661 0.086
5 2 53 -1.697 0.127
5 2 54 -0.334 0.124
5 2 55 -1.018 0.125
5 2 56 -1.278 0.120
5 2 57 -0.855 0.123
5 2 58 -0.486 0.116
5 2 59 -1.271 0.116
5 2 60 -1.240 0.111
5 2 61 -1.490 0.100
5 2 62 -0.407 0.111
5 3 1 -0.066 0.348
5 3 2 -1.769 0.418
5 3 3 1.674 0.422
5 3 4 -1.417 0.556
5 3 5 1.264 0.529
6 1 1 1.345 0.121
6 1 2 1.073 0.140
6 1 3 -1.961 0.151
6 1 4 1.500 0.139
6 1 5 1.831 0.176
6 1 6 -1.194 0.168
6 1 7 -0.559 0.134
6 1 8 -0.277 0.139
6 1 9 0.989 0.137
6 1 10 0.759 0.147
6 1 11 0.888 0.162
6 1 12 1.931 0.221
6 1 13 1.236 0.192
6 1 14 -0.119 0.209
6 1 15 -0.033 0.166
6 1 16 1.621 0.314
6 1 17 -0.911 0.274
6 1 18 1.312 0.319
6 1 19 1.539 0.244
6 1 20 0.480 0.313
6 1 21 0.000 0.100
6 1 22 0.667 0.311
6 1 23 -0.390 0.335
6 2 1 -1.196 0.056
6 2 2 -1.057 0.053
6 2 3 -1.332 0.056
6 2 4 -0.156 0.077
6 2 5 0.111 0.072
6 2 6 0.427 0.071
6 2 7 0.800 0.066
6 2 8 0.280 0.071
6 2 9 0.236 0.085
6 2 10 1.069 0.066
6 2 11 0.727 0.068
6 2 12 1.582 0.071
6 2 13 1.689 0.071
6 2 14 1.631 0.074
6 2 15 1.965 0.065
6 2 16 1.699 0.075
6 2 17 1.099 0.085
6 2 18 -0.900 0.081
6 2 19 0.400 0.089
6 2 20 0.630 0.081
6 2 21 -1.384 0.081
6 2 22 1.610 0.077
6 2 23 -1.870 0.083
6 2 24 1.674 0.088
6 2 25 1.117 0.082
6 2 26 -1.882 0.078
6 2 27 -1.317 0.081
6 2 28 -1.664 0.085
6 2 29 1.542 0.082
6 2 30 -1.134 0.088
6 2 31 -1.691 0.092
6 2 32 -1.479 0.093
6 2 33 1.148 0.089
6 2 34 0.339 0.089
6 2 35 0.650 0.097
6 2 36 -0.002 0.085
6 2 37 0.990 0.095
6 2 38 0.377 0.084
6 2 39 -1.666 0.090
6 2 40 1.234 0.077
6 2 41 -0.148 0.093
6 2 42 0.672 0.091
6 2 43 -0.439 0.111
6 2 44 1.519 0.109
6 2 45 0.093 0.100
6 2 46 -1.180 0.112
6 2 47 1.271 0.107
6 2 48 -1.476 0.117
6 2 49 0.043 0.104
6 2 50 -0.660 0.116
6 2 51 0.215 0.109
6 2 52 -0.118 0.121
6 2 53 1.307 0.093
6 2 54 1.958 0.134
6 2 55 0.568 0.112
6 2 56 -1.941 0.093
6 2 57 1.841 0.100
6 2 58 1.696 0.127
6 2 59 -1.688 0.094
6 2 60 0.588 0.124
6 2 61 -1.399 0.100
6 2 62 -1.390 0.123
6 3 1 -0.768 0.290
6 3 2 1.407 0.246
6 3 3 0.000 0.100
6 3 4 -2.345 0.364
6 3 5 -0.777 0.186
