1 1 1 1.641
1 1 2 0.118
1 1 3 2.794
1 1 4 1.468
1 1 5 -0.060
1 1 6 4.375
1 1 7 0.231
1 1 8 0.068
1 1 9 -1.260
1 1 10 1.363
1 1 11 5.245
1 1 12 2.535
1 1 13 -2.901
1 1 14 0.715
1 1 15 1.254
1 1 16 2.276
1 1 17 -2.844
1 1 18 2.408
1 1 19 -0.045
1 1 20 1.198
1 1 21 1.015
1 1 22 -0.796
1 1 23 0.252
1 2 1 0.021
1 2 2 0.543
1 2 3 1.223
1 2 4 0.956
1 2 5 1.461
1 2 6 -0.579
1 2 7 -0.963
1 2 8 -0.593
1 2 9 -1.515
1 2 10 0.792
1 2 11 0.811
1 2 12 1.582
1 2 13 0.309
1 2 14 -0.247
1 2 15 0.734
1 2 16 -0.737
1 2 17 0.525
1 2 18 1.274
1 2 19 -0.081
1 2 20 0.212
1 2 21 0.217
1 2 22 -0.170
1 2 23 -0.646
1 2 24 0.567
1 2 25 1.063
1 2 26 0.581
1 2 27 0.961
1 2 28 1.697
1 2 29 0.026
1 2 30 0.289
1 2 31 0.662
1 2 32 0.899
1 2 33 1.695
1 2 34 0.451
1 2 35 -0.267
1 2 36 -0.493
1 2 37 -0.827
1 2 38 -0.240
1 2 39 -1.178
1 2 40 -1.280
1 2 41 1.098
1 2 42 0.395
1 2 43 0.702
1 2 44 0.157
1 2 45 -3.212
1 2 46 0.284
1 2 47 0.567
1 2 48 1.813
1 2 49 2.269
1 2 50 0.147
1 2 51 0.770
1 2 52 -0.059
1 2 53 0.193
1 2 54 -4.584
1 2 55 0.102
1 2 56 0.682
1 2 57 0.103
1 2 58 0.166
1 2 59 -3.548
1 2 60 0.321
1 2 61 1.662
1 2 62 0.687
1 3 1 11.421
1 3 2 -6.625
1 3 3 -7.444
1 3 4 -8.037
1 3 5 -5.042
2 1 1 -3.743
2 1 2 1.657
2 1 3 1.072
2 1 4 -1.864
2 1 5 -0.366
2 1 6 0.000
2 1 7 -0.317
2 1 8 -1.319
2 1 9 0.055
2 1 10 0.000
2 1 11 0.050
2 1 12 1.808
2 1 13 0.386
2 1 14 2.056
2 1 15 0.408
2 1 16 0.447
2 1 17 3.896
2 1 18 -0.912
2 1 19 -17.264
2 1 20 2.022
2 1 21 -4.623
2 1 22 0.609
2 1 23 -2.121
2 2 1 -1.621
2 2 2 0.159
2 2 3 0.325
2 2 4 1.284
2 2 5 -0.361
2 2 6 -1.592
2 2 7 0.815
2 2 8 -0.842
2 2 9 2.022
2 2 10 1.513
2 2 11 1.760
2 2 12 1.005
2 2 13 -0.518
2 2 14 0.278
2 2 15 -0.169
2 2 16 0.678
2 2 17 0.665
2 2 18 0.341
2 2 19 -0.020
2 2 20 -0.078
2 2 21 -0.510
2 2 22 -0.068
2 2 23 0.177
2 2 24 -0.237
2 2 25 0.154
2 2 26 0.488
2 2 27 1.461
2 2 28 0.318
2 2 29 1.310
2 2 30 1.594
2 2 31 0.201
2 2 32 2.386
2 2 33 -0.027
2 2 34 0.250
2 2 35 0.571
2 2 36 0.439
2 2 37 -0.748
2 2 38 0.567
2 2 39 0.012
2 2 40 0.867
2 2 41 2.026
2 2 42 0.497
2 2 43 0.000
2 2 44 1.236
2 2 45 1.257
2 2 46 0.385
2 2 47 0.156
2 2 48 2.183
2 2 49 1.330
2 2 50 1.564
2 2 51 -0.279
2 2 52 1.225
2 2 53 1.517
2 2 54 -0.566
2 2 55 -2.423
2 2 56 -0.165
2 2 57 0.244
2 2 58 -0.221
2 2 59 1.341
2 2 60 -0.048
2 2 61 1.631
2 2 62 -0.455
2 3 1 8.906
2 3 2 -0.469
2 3 3 -0.534
2 3 4 -10.962
2 3 5 6.899
3 1 1 -0.719
3 1 2 1.666
3 1 3 0.773
3 1 4 0.830
3 1 5 1.754
3 1 6 -0.390
3 1 7 6.955
3 1 8 0.083
3 1 9 0.823
3 1 10 0.393
3 1 11 -1.535
3 1 12 0.934
3 1 13 1.333
3 1 14 -2.866
3 1 15 7.140
3 1 16 0.985
3 1 17 -8.274
3 1 18 -1.627
3 1 19 -0.722
3 1 20 1.887
3 1 21 -2.220
3 1 22 -4.271
3 1 23 0.995
3 2 1 -1.603
3 2 2 5.127
3 2 3 2.360
3 2 4 -1.351
3 2 5 1.412
3 2 6 0.113
3 2 7 0.367
3 2 8 0.295
3 2 9 1.131
3 2 10 0.284
3 2 11 0.629
3 2 12 0.979
3 2 13 1.511
3 2 14 0.070
3 2 15 0.519
3 2 16 -0.184
3 2 17 0.396
3 2 18 -1.603
3 2 19 -0.559
3 2 20 0.200
3 2 21 1.028
3 2 22 -0.130
3 2 23 -0.012
3 2 24 0.998
3 2 25 1.036
3 2 26 1.037
3 2 27 -0.571
3 2 28 -0.024
3 2 29 2.279
3 2 30 -1.061
3 2 31 -0.607
3 2 32 0.812
3 2 33 0.148
3 2 34 1.163
3 2 35 1.203
3 2 36 -0.932
3 2 37 -0.953
3 2 38 0.648
3 2 39 -1.120
3 2 40 -0.524
3 2 41 1.198
3 2 42 1.202
3 2 43 -0.868
3 2 44 1.175
3 2 45 0.802
3 2 46 0.183
3 2 47 0.586
3 2 48 0.597
3 2 49 -0.457
3 2 50 -2.929
3 2 51 -0.049
3 2 52 0.278
3 2 53 1.388
3 2 54 -1.090
3 2 55 0.812
3 2 56 0.207
3 2 57 -2.514
3 2 58 -0.410
3 2 59 -4.737
3 2 60 -0.366
3 2 61 -0.238
3 2 62 -0.808
3 3 1 -5.579
3 3 2 0.809
3 3 3 -5.672
3 3 4 -2.272
3 3 5 -2.305
4 1 1 1.644
4 1 2 3.177
4 1 3 1.317
4 1 4 -1.380
4 1 5 -0.792
4 1 6 2.202
4 1 7 0.822
4 1 8 -0.913
4 1 9 -0.912
4 1 10 0.469
4 1 11 2.542
4 1 12 -1.282
4 1 13 -0.027
4 1 14 -0.788
4 1 15 3.251
4 1 16 1.927
4 1 17 -2.902
4 1 18 -0.220
4 1 19 -0.663
4 1 20 0.542
4 1 21 -0.282
4 1 22 1.118
4 1 23 0.237
4 2 1 -0.541
4 2 2 -1.128
4 2 3 -1.730
4 2 4 0.046
4 2 5 0.335
4 2 6 -1.351
4 2 7 -0.168
4 2 8 0.323
4 2 9 1.755
4 2 10 1.085
4 2 11 0.860
4 2 12 1.088
4 2 13 0.526
4 2 14 0.336
4 2 15 0.320
4 2 16 -0.719
4 2 17 0.582
4 2 18 -1.129
4 2 19 0.163
4 2 20 1.876
4 2 21 -0.334
4 2 22 0.243
4 2 23 0.167
4 2 24 -0.133
4 2 25 0.673
4 2 26 0.767
4 2 27 1.168
4 2 28 0.461
4 2 29 1.126
4 2 30 0.414
4 2 31 0.035
4 2 32 -0.197
4 2 33 -0.588
4 2 34 0.553
4 2 35 0.657
4 2 36 1.332
4 2 37 0.354
4 2 38 0.800
4 2 39 -0.476
4 2 40 -1.804
4 2 41 0.252
4 2 42 0.836
4 2 43 0.489
4 2 44 0.569
4 2 45 0.744
4 2 46 -1.205
4 2 47 0.312
4 2 48 -0.347
4 2 49 0.489
4 2 50 -0.646
4 2 51 0.428
4 2 52 -0.391
4 2 53 0.690
4 2 54 0.004
4 2 55 0.451
4 2 56 0.008
4 2 57 -0.853
4 2 58 -0.536
4 2 59 -2.879
4 2 60 0.847
4 2 61 1.067
4 2 62 -1.239
4 3 1 1.578
4 3 2 1.000
4 3 3 -5.713
4 3 4 10.161
4 3 5 0.544
5 1 1 -0.928
5 1 2 2.350
5 1 3 -0.507
5 1 4 0.093
5 1 5 0.112
5 1 6 3.574
5 1 7 -1.642
5 1 8 1.382
5 1 9 1.417
5 1 10 1.624
5 1 11 -0.466
5 1 12 -0.921
5 1 13 2.324
5 1 14 1.162
5 1 15 -3.251
5 1 16 8.663
5 1 17 2.655
5 1 18 0.029
5 1 19 -1.527
5 1 20 -0.256
5 1 21 0.047
5 1 22 -0.959
5 1 23 -0.468
5 2 1 1.553
5 2 2 -0.913
5 2 3 0.082
5 2 4 0.846
5 2 5 -0.058
5 2 6 1.314
5 2 7 0.739
5 2 8 0.175
5 2 9 0.594
5 2 10 1.283
5 2 11 0.110
5 2 12 0.693
5 2 13 0.416
5 2 14 0.589
5 2 15 0.584
5 2 16 2.297
5 2 17 0.050
5 2 18 0.382
5 2 19 1.226
5 2 20 0.360
5 2 21 0.331
5 2 22 -0.383
5 2 23 -0.132
5 2 24 0.520
5 2 25 1.309
5 2 26 0.392
5 2 27 1.215
5 2 28 1.648
5 2 29 0.794
5 2 30 0.778
5 2 31 1.087
5 2 32 0.355
5 2 33 1.168
5 2 34 0.063
5 2 35 0.239
5 2 36 0.147
5 2 37 0.106
5 2 38 -1.369
5 2 39 -0.889
5 2 40 -0.025
5 2 41 0.733
5 2 42 1.262
5 2 43 0.490
5 2 44 0.811
5 2 45 1.417
5 2 46 0.176
5 2 47 0.779
5 2 48 -0.309
5 2 49 -1.053
5 2 50 0.816
5 2 51 0.777
5 2 52 -0.097
5 2 53 -0.032
5 2 54 0.689
5 2 55 -1.068
5 2 56 1.527
5 2 57 -0.558
5 2 58 0.294
5 2 59 -0.967
5 2 60 -0.018
5 2 61 1.698
5 2 62 -1.003
5 3 1 0.257
5 3 2 1.122
5 3 3 3.228
5 3 4 -1.639
5 3 5 -8.894
6 1 1 3.588
6 1 2 0.015
6 1 3 -2.446
6 1 4 2.046
6 1 5 2.331
6 1 6 -2.174
6 1 7 0.070
6 1 8 2.718
6 1 9 1.708
6 1 10 0.326
6 1 11 -0.050
6 1 12 0.470
6 1 13 1.821
6 1 14 -5.370
6 1 15 -2.398
6 1 16 -0.334
6 1 17 3.803
6 1 18 0.698
6 1 19 0.497
6 1 20 2.496
6 1 21 0.000
6 1 22 -5.617
6 1 23 -0.649
6 2 1 -1.559
6 2 2 -0.104
6 2 3 -0.062
6 2 4 1.994
6 2 5 0.843
6 2 6 1.409
6 2 7 -0.629
6 2 8 -1.706
6 2 9 -0.502
6 2 10 0.410
6 2 11 0.676
6 2 12 1.056
6 2 13 0.145
6 2 14 0.367
6 2 15 0.213
6 2 16 -0.695
6 2 17 -1.035
6 2 18 -0.023
6 2 19 1.296
6 2 20 -0.374
6 2 21 0.917
6 2 22 0.462
6 2 23 -0.185
6 2 24 1.119
6 2 25 0.946
6 2 26 0.345
6 2 27 0.894
6 2 28 0.413
6 2 29 0.964
6 2 30 0.301
6 2 31 0.569
6 2 32 0.537
6 2 33 -0.916
6 2 34 0.070
6 2 35 0.403
6 2 36 0.790
6 2 37 0.163
6 2 38 -1.243
6 2 39 -0.437
6 2 40 0.692
6 2 41 2.288
6 2 42 1.246
6 2 43 0.129
6 2 44 -0.186
6 2 45 0.675
6 2 46 0.353
6 2 47 0.285
6 2 48 0.363
6 2 49 0.596
6 2 50 1.842
6 2 51 1.072
6 2 52 -0.062
6 2 53 1.208
6 2 54 0.994
6 2 55 1.024
6 2 56 0.732
6 2 57 0.279
6 2 58 -0.338
6 2 59 0.040
6 2 60 -0.021
6 2 61 0.703
6 2 62 -0.400
6 3 1 -0.938
6 3 2 2.120
6 3 3 13.799
6 3 4 -7.631
6 3 5 4.017
