1 1 1 -28.056
1 1 2 -26.052
1 1 3 -28.056
1 1 4 -28.056
1 1 5 -24.048
1 1 6 -4.008
1 1 7 -0.000
1 1 8 -20.040
1 1 9 -2.004
1 1 10 2.004
1 1 11 -4.008
1 1 12 -2.004
1 1 13 -2.004
1 1 14 -2.004
1 1 15 2.004
1 1 16 -2.004
1 1 17 -0.000
1 1 18 2.004
1 1 19 2.004
1 1 20 6.012
1 1 21 6.012
1 1 22 6.012
1 1 23 4.008
1 2 1 -10.020
1 2 2 10.020
1 2 3 -10.020
1 2 4 -10.020
1 2 5 -8.016
1 2 6 -10.020
1 2 7 -8.016
1 2 8 -8.016
1 2 9 -10.020
1 2 10 -8.016
1 2 11 -8.016
1 2 12 -8.016
1 2 13 -8.016
1 2 14 -2.004
1 2 15 -2.004
1 2 16 18.036
1 2 17 -2.004
1 2 18 -4.008
1 2 19 18.036
1 2 20 -4.008
1 2 21 18.036
1 2 22 18.036
1 2 23 -2.004
1 2 24 18.036
1 2 25 18.036
1 2 26 20.040
1 2 27 20.040
1 2 28 20.040
1 2 29 20.040
1 2 30 16.032
1 2 31 20.040
1 2 32 14.028
1 2 33 14.028
1 2 34 14.028
1 2 35 14.028
1 2 36 12.024
1 2 37 14.028
1 2 38 18.036
1 2 39 16.032
1 2 40 18.036
1 2 41 18.036
1 2 42 16.032
1 2 43 16.032
1 2 44 18.036
1 2 45 16.032
1 2 46 20.040
1 2 47 18.036
1 2 48 18.036
1 2 49 12.024
1 2 50 18.036
1 2 51 16.032
1 2 52 16.032
1 2 53 16.032
1 2 54 16.032
1 2 55 16.032
1 2 56 18.036
1 2 57 16.032
1 2 58 18.036
1 2 59 18.036
1 2 60 18.036
1 2 61 14.028
1 2 62 18.036
1 3 1 -4.008
1 3 2 -2.004
1 3 3 0.000
1 3 4 0.000
1 3 5 0.000
2 1 1 -6.012
2 1 2 -2.004
2 1 3 -2.004
2 1 4 -2.004
2 1 5 4.008
2 1 6 0.000
2 1 7 4.008
2 1 8 2.004
2 1 9 2.004
2 1 10 0.000
2 1 11 24.048
2 1 12 20.040
2 1 13 20.040
2 1 14 20.040
2 1 15 26.052
2 1 16 24.048
2 1 17 22.044
2 1 18 24.048
2 1 19 38.076
2 1 20 30.060
2 1 21 30.060
2 1 22 28.056
2 1 23 30.060
2 2 1 14.028
2 2 2 14.028
2 2 3 14.028
2 2 4 14.028
2 2 5 16.032
2 2 6 16.032
2 2 7 16.032
2 2 8 14.028
2 2 9 14.028
2 2 10 16.032
2 2 11 16.032
2 2 12 16.032
2 2 13 16.032
2 2 14 20.040
2 2 15 20.040
2 2 16 22.044
2 2 17 20.040
2 2 18 18.036
2 2 19 20.040
2 2 20 20.040
2 2 21 20.040
2 2 22 20.040
2 2 23 20.040
2 2 24 20.040
2 2 25 38.076
2 2 26 44.088
2 2 27 44.088
2 2 28 26.052
2 2 29 44.088
2 2 30 38.076
2 2 31 38.076
2 2 32 38.076
2 2 33 36.072
2 2 34 36.072
2 2 35 36.072
2 2 36 36.072
2 2 37 36.072
2 2 38 40.080
2 2 39 40.080
2 2 40 40.080
2 2 41 40.080
2 2 42 40.080
2 2 43 0.000
2 2 44 42.084
2 2 45 40.080
2 2 46 42.084
2 2 47 42.084
2 2 48 40.080
2 2 49 40.080
2 2 50 44.088
2 2 51 44.088
2 2 52 44.088
2 2 53 46.092
2 2 54 46.092
2 2 55 46.092
2 2 56 46.092
2 2 57 48.096
2 2 58 46.092
2 2 59 46.092
2 2 60 46.092
2 2 61 44.088
2 2 62 42.084
2 3 1 36.072
2 3 2 28.056
2 3 3 0.000
2 3 4 0.000
2 3 5 0.000
3 1 1 -34.068
3 1 2 -34.068
3 1 3 -32.064
3 1 4 -30.060
3 1 5 -26.052
3 1 6 -26.052
3 1 7 -28.056
3 1 8 -24.048
3 1 9 -28.056
3 1 10 -2.004
3 1 11 -22.044
3 1 12 -8.016
3 1 13 -10.020
3 1 14 -12.024
3 1 15 -6.012
3 1 16 -6.012
3 1 17 -0.000
3 1 18 -6.012
3 1 19 -6.012
3 1 20 2.004
3 1 21 2.004
3 1 22 -0.000
3 1 23 -2.004
3 2 1 -18.036
3 2 2 -14.028
3 2 3 -16.032
3 2 4 -16.032
3 2 5 -14.028
3 2 6 -16.032
3 2 7 -14.028
3 2 8 -14.028
3 2 9 -16.032
3 2 10 -14.028
3 2 11 -14.028
3 2 12 -14.028
3 2 13 -14.028
3 2 14 -10.020
3 2 15 -8.016
3 2 16 -10.020
3 2 17 -10.020
3 2 18 -10.020
3 2 19 -10.020
3 2 20 -10.020
3 2 21 -10.020
3 2 22 -10.020
3 2 23 -10.020
3 2 24 -10.020
3 2 25 -12.024
3 2 26 -4.008
3 2 27 14.028
3 2 28 -4.008
3 2 29 8.016
3 2 30 -4.008
3 2 31 10.020
3 2 32 8.016
3 2 33 6.012
3 2 34 8.016
3 2 35 8.016
3 2 36 6.012
3 2 37 6.012
3 2 38 12.024
3 2 39 12.024
3 2 40 12.024
3 2 41 10.020
3 2 42 12.024
3 2 43 10.020
3 2 44 12.024
3 2 45 10.020
3 2 46 12.024
3 2 47 12.024
3 2 48 12.024
3 2 49 10.020
3 2 50 16.032
3 2 51 14.028
3 2 52 16.032
3 2 53 16.032
3 2 54 18.036
3 2 55 16.032
3 2 56 18.036
3 2 57 18.036
3 2 58 16.032
3 2 59 18.036
3 2 60 18.036
3 2 61 18.036
3 2 62 18.036
3 3 1 -10.020
3 3 2 0.000
3 3 3 0.000
3 3 4 0.000
3 3 5 0.000
4 1 1 -40.080
4 1 2 -40.080
4 1 3 -40.080
4 1 4 -38.076
4 1 5 -32.064
4 1 6 -36.072
4 1 7 -34.068
4 1 8 -34.068
4 1 9 -36.072
4 1 10 -32.064
4 1 11 -16.032
4 1 12 -16.032
4 1 13 -14.028
4 1 14 -14.028
4 1 15 -10.020
4 1 16 -10.020
4 1 17 -10.020
4 1 18 -10.020
4 1 19 -10.020
4 1 20 -6.012
4 1 21 -6.012
4 1 22 -4.008
4 1 23 -6.012
4 2 1 -24.048
4 2 2 -24.048
4 2 3 -24.048
4 2 4 -24.048
4 2 5 -22.044
4 2 6 -22.044
4 2 7 -22.044
4 2 8 -22.044
4 2 9 -22.044
4 2 10 -22.044
4 2 11 -22.044
4 2 12 -20.040
4 2 13 -20.040
4 2 14 -18.036
4 2 15 -16.032
4 2 16 -16.032
4 2 17 -16.032
4 2 18 -18.036
4 2 19 -18.036
4 2 20 -18.036
4 2 21 -16.032
4 2 22 -16.032
4 2 23 -16.032
4 2 24 -16.032
4 2 25 -18.036
4 2 26 -12.024
4 2 27 -12.024
4 2 28 -12.024
4 2 29 2.004
4 2 30 4.008
4 2 31 2.004
4 2 32 2.004
4 2 33 2.004
4 2 34 2.004
4 2 35 2.004
4 2 36 -0.000
4 2 37 2.004
4 2 38 6.012
4 2 39 6.012
4 2 40 6.012
4 2 41 4.008
4 2 42 6.012
4 2 43 6.012
4 2 44 6.012
4 2 45 4.008
4 2 46 8.016
4 2 47 6.012
4 2 48 8.016
4 2 49 4.008
4 2 50 10.020
4 2 51 8.016
4 2 52 10.020
4 2 53 10.020
4 2 54 10.020
4 2 55 10.020
4 2 56 12.024
4 2 57 12.024
4 2 58 12.024
4 2 59 10.020
4 2 60 10.020
4 2 61 12.024
4 2 62 12.024
4 3 1 -10.020
4 3 2 -6.012
4 3 3 0.000
4 3 4 0.000
4 3 5 0.000
5 1 1 -36.072
5 1 2 -18.036
5 1 3 -36.072
5 1 4 -34.068
5 1 5 -24.048
5 1 6 -32.064
5 1 7 -24.048
5 1 8 -24.048
5 1 9 -26.052
5 1 10 -20.040
5 1 11 -18.036
5 1 12 -18.036
5 1 13 -36.072
5 1 14 -34.068
5 1 15 -34.068
5 1 16 -28.056
5 1 17 -34.068
5 1 18 -32.064
5 1 19 -32.064
5 1 20 -28.056
5 1 21 -26.052
5 1 22 -26.052
5 1 23 -28.056
5 2 1 -18.036
5 2 2 -18.036
5 2 3 -14.028
5 2 4 -4.008
5 2 5 -18.036
5 2 6 -18.036
5 2 7 -0.000
5 2 8 -12.024
5 2 9 -18.036
5 2 10 -12.024
5 2 11 -12.024
5 2 12 -16.032
5 2 13 -12.024
5 2 14 -12.024
5 2 15 -12.024
5 2 16 -12.024
5 2 17 -8.016
5 2 18 -10.020
5 2 19 -8.016
5 2 20 -14.028
5 2 21 -12.024
5 2 22 -8.016
5 2 23 -12.024
5 2 24 -8.016
5 2 25 -8.016
5 2 26 8.016
5 2 27 -8.016
5 2 28 -8.016
5 2 29 -18.036
5 2 30 -18.036
5 2 31 8.016
5 2 32 -0.000
5 2 33 -0.000
5 2 34 -2.004
5 2 35 -20.040
5 2 36 -20.040
5 2 37 -2.004
5 2 38 -16.032
5 2 39 2.004
5 2 40 12.024
5 2 41 2.004
5 2 42 -16.032
5 2 43 2.004
5 2 44 4.008
5 2 45 -18.036
5 2 46 10.020
5 2 47 4.008
5 2 48 4.008
5 2 49 2.004
5 2 50 8.016
5 2 51 -12.024
5 2 52 -12.024
5 2 53 -12.024
5 2 54 -10.020
5 2 55 -10.020
5 2 56 -10.020
5 2 57 -10.020
5 2 58 -10.020
5 2 59 -10.020
5 2 60 -10.020
5 2 61 8.016
5 2 62 -10.020
5 3 1 -42.084
5 3 2 0.000
5 3 3 98.196
5 3 4 0.000
5 3 5 0.000
6 1 1 -30.060
6 1 2 -30.060
6 1 3 -30.060
6 1 4 -30.060
6 1 5 -26.052
6 1 6 -24.048
6 1 7 -24.048
6 1 8 -24.048
6 1 9 -2.004
6 1 10 2.004
6 1 11 -6.012
6 1 12 -6.012
6 1 13 -6.012
6 1 14 -8.016
6 1 15 -4.008
6 1 16 -10.020
6 1 17 -8.016
6 1 18 -10.020
6 1 19 -6.012
6 1 20 -2.004
6 1 21 0.000
6 1 22 -2.004
6 1 23 -4.008
6 2 1 -12.024
6 2 2 -12.024
6 2 3 -12.024
6 2 4 -12.024
6 2 5 -12.024
6 2 6 10.020
6 2 7 -10.020
6 2 8 10.020
6 2 9 6.012
6 2 10 -10.020
6 2 11 -10.020
6 2 12 -10.020
6 2 13 -10.020
6 2 14 -6.012
6 2 15 -6.012
6 2 16 -6.012
6 2 17 -6.012
6 2 18 -8.016
6 2 19 -6.012
6 2 20 14.028
6 2 21 16.032
6 2 22 -6.012
6 2 23 16.032
6 2 24 -6.012
6 2 25 -6.012
6 2 26 -2.004
6 2 27 20.040
6 2 28 20.040
6 2 29 10.020
6 2 30 20.040
6 2 31 12.024
6 2 32 12.024
6 2 33 6.012
6 2 34 10.020
6 2 35 10.020
6 2 36 10.020
6 2 37 10.020
6 2 38 14.028
6 2 39 16.032
6 2 40 14.028
6 2 41 8.016
6 2 42 14.028
6 2 43 12.024
6 2 44 14.028
6 2 45 14.028
6 2 46 16.032
6 2 47 14.028
6 2 48 16.032
6 2 49 8.016
6 2 50 12.024
6 2 51 12.024
6 2 52 12.024
6 2 53 14.028
6 2 54 16.032
6 2 55 14.028
6 2 56 14.028
6 2 57 14.028
6 2 58 14.028
6 2 59 16.032
6 2 60 14.028
6 2 61 16.032
6 2 62 16.032
6 3 1 -16.032
6 3 2 0.000
6 3 3 0.000
6 3 4 -58.116
6 3 5 0.000
