1 1 1 13.700 13.700 2.620 2.620 
1 1 2 13.181 13.181 2.337 2.337 
1 1 3 13.530 13.530 2.184 2.184 
1 1 4 13.628 13.628 2.093 2.093 
1 1 5 13.413 13.413 1.679 1.679 
1 1 6 13.520 13.520 1.573 1.573 
1 1 7 13.898 13.898 1.444 1.444 
1 1 8 14.136 14.136 1.364 1.364 
1 1 9 14.063 14.063 1.176 1.176 
1 1 10 14.139 14.139 0.990 0.990 
1 1 11 14.297 14.297 0.931 0.931 
1 1 12 14.452 14.452 1.013 1.013 
1 1 13 14.381 14.381 0.703 0.703 
1 1 14 14.508 14.508 0.766 0.766 
1 1 15 15.001 15.001 0.762 0.762 
1 1 16 14.194 14.194 0.432 0.432 
1 1 17 14.861 14.861 0.410 0.410 
1 1 18 15.102 15.102 0.356 0.356 
1 1 19 15.028 15.028 0.380 0.380 
1 1 20 15.258 15.258 0.290 0.290 
1 1 21 15.327 15.327 0.204 0.204 
1 1 22 15.016 15.016 0.177 0.177 
1 1 23 14.871 14.871 0.140 0.140 
1 2 1 11.912 11.912 3.011 3.011 
1 2 2 13.948 13.948 3.207 3.207 
1 2 3 13.202 13.202 1.733 1.733 
1 2 4 13.146 13.146 1.431 1.431 
1 2 5 12.467 12.467 1.201 1.201 
1 2 6 12.436 12.436 1.337 1.337 
1 2 7 13.956 13.956 1.494 1.494 
1 2 8 14.111 14.111 1.642 1.642 
1 2 9 13.603 13.603 1.588 1.588 
1 2 10 14.260 14.260 1.431 1.431 
1 2 11 14.304 14.304 1.518 1.518 
1 2 12 14.696 14.696 1.566 1.566 
1 2 13 14.010 14.010 1.485 1.485 
1 2 14 14.537 14.537 1.421 1.421 
1 2 15 14.589 14.589 1.370 1.370 
1 2 16 14.428 14.428 1.371 1.371 
1 2 17 14.696 14.696 1.363 1.363 
1 2 18 14.373 14.373 1.392 1.392 
1 2 19 14.817 14.817 1.321 1.321 
1 2 20 14.726 14.726 1.207 1.207 
1 2 21 14.669 14.669 1.195 1.195 
1 2 22 14.891 14.891 1.247 1.247 
1 2 23 14.857 14.857 1.190 1.190 
1 2 24 15.085 15.085 1.144 1.144 
1 2 25 15.210 15.210 1.106 1.106 
1 2 26 15.272 15.272 1.167 1.167 
1 2 27 15.294 15.294 1.086 1.086 
1 2 28 15.035 15.035 0.889 0.889 
1 2 29 15.163 15.163 1.031 1.031 
1 2 30 15.297 15.297 0.937 0.937 
1 2 31 15.191 15.191 0.806 0.806 
1 2 32 15.361 15.361 0.765 0.765 
1 2 33 15.406 15.406 0.792 0.792 
1 2 34 15.378 15.378 0.601 0.601 
1 2 35 15.285 15.285 0.667 0.667 
1 2 36 15.438 15.438 0.671 0.671 
1 2 37 15.252 15.252 0.477 0.477 
1 2 38 15.659 15.659 0.748 0.748 
1 2 39 15.461 15.461 0.282 0.282 
1 2 40 15.524 15.524 0.534 0.534 
1 2 41 15.586 15.586 0.318 0.318 
1 2 42 15.478 15.478 0.228 0.228 
1 2 43 15.267 15.267 0.318 0.318 
1 2 44 15.634 15.634 0.175 0.175 
1 2 45 15.565 15.565 0.194 0.194 
1 2 46 15.862 15.862 0.256 0.256 
1 2 47 15.772 15.772 0.179 0.179 
1 2 48 15.850 15.850 0.126 0.126 
1 2 49 15.685 15.685 0.126 0.126 
1 2 50 15.842 15.842 0.120 0.120 
1 2 51 15.966 15.966 0.126 0.126 
1 2 52 15.795 15.795 0.099 0.099 
1 2 53 15.888 15.888 0.069 0.069 
1 2 54 15.934 15.934 0.084 0.084 
1 2 55 15.924 15.924 0.069 0.069 
1 2 56 15.978 15.978 0.066 0.066 
1 2 57 15.850 15.850 0.068 0.068 
1 2 58 15.878 15.878 0.066 0.066 
1 2 59 16.158 16.158 0.070 0.070 
1 2 60 16.024 16.024 0.061 0.061 
1 2 61 15.987 15.987 0.067 0.067 
1 2 62 16.020 16.020 0.058 0.058 
1 3 1 15.519 15.519 0.072 0.072 
1 3 2 14.893 14.893 0.078 0.078 
1 3 3 20.849 20.849 11.816 11.816 
1 3 4 15.586 15.586 1.218 1.218 
1 3 5 16.000 16.000 362.039 362.039 
2 1 1 12.767 12.767 2.590 2.590 
2 1 2 13.046 13.046 2.174 2.174 
2 1 3 13.106 13.106 1.925 1.925 
2 1 4 13.597 13.597 1.682 1.682 
2 1 5 13.792 13.792 1.742 1.742 
2 1 6 16.000 16.000 362.039 362.039 
2 1 7 14.008 14.008 1.567 1.567 
2 1 8 14.004 14.004 1.305 1.305 
2 1 9 14.249 14.249 1.100 1.100 
2 1 10 16.000 16.000 362.039 362.039 
2 1 11 14.130 14.130 0.900 0.900 
2 1 12 14.456 14.456 0.942 0.942 
2 1 13 14.325 14.325 0.845 0.845 
2 1 14 14.475 14.475 0.743 0.743 
2 1 15 14.572 14.572 0.725 0.725 
2 1 16 14.699 14.699 0.567 0.567 
2 1 17 14.849 14.849 0.592 0.592 
2 1 18 15.073 15.073 0.403 0.403 
2 1 19 14.779 14.779 0.473 0.473 
2 1 20 15.363 15.363 0.274 0.274 
2 1 21 15.450 15.450 0.192 0.192 
2 1 22 15.074 15.074 0.149 0.149 
2 1 23 14.774 14.774 0.124 0.124 
2 2 1 14.830 14.830 5.724 5.724 
2 2 2 11.686 11.686 3.125 3.125 
2 2 3 13.653 13.653 3.300 3.300 
2 2 4 12.609 12.609 2.103 2.103 
2 2 5 13.359 13.359 2.338 2.338 
2 2 6 13.700 13.700 2.313 2.313 
2 2 7 14.392 14.392 2.029 2.029 
2 2 8 13.707 13.707 1.828 1.828 
2 2 9 14.406 14.406 1.782 1.782 
2 2 10 14.428 14.428 1.607 1.607 
2 2 11 14.686 14.686 1.673 1.673 
2 2 12 14.764 14.764 1.541 1.541 
2 2 13 14.403 14.403 1.457 1.457 
2 2 14 14.182 14.182 1.328 1.328 
2 2 15 14.285 14.285 1.425 1.425 
2 2 16 14.756 14.756 1.411 1.411 
2 2 17 14.902 14.902 1.357 1.357 
2 2 18 14.483 14.483 1.182 1.182 
2 2 19 14.703 14.703 1.257 1.257 
2 2 20 14.947 14.947 1.379 1.379 
2 2 21 14.686 14.686 1.239 1.239 
2 2 22 14.953 14.953 1.315 1.315 
2 2 23 14.802 14.802 1.104 1.104 
2 2 24 14.868 14.868 1.039 1.039 
2 2 25 15.156 15.156 1.098 1.098 
2 2 26 15.193 15.193 1.079 1.079 
2 2 27 15.195 15.195 1.103 1.103 
2 2 28 15.312 15.312 1.013 1.013 
2 2 29 15.464 15.464 0.645 0.645 
2 2 30 15.073 15.073 0.836 0.836 
2 2 31 15.157 15.157 0.772 0.772 
2 2 32 15.303 15.303 0.969 0.969 
2 2 33 15.090 15.090 0.704 0.704 
2 2 34 15.499 15.499 0.908 0.908 
2 2 35 15.643 15.643 0.624 0.624 
2 2 36 15.325 15.325 0.572 0.572 
2 2 37 15.490 15.490 0.726 0.726 
2 2 38 15.561 15.561 0.606 0.606 
2 2 39 15.490 15.490 0.417 0.417 
2 2 40 15.397 15.397 0.325 0.325 
2 2 41 15.545 15.545 0.584 0.584 
2 2 42 15.506 15.506 0.412 0.412 
2 2 43 15.591 15.591 0.467 0.467 
2 2 44 15.785 15.785 0.333 0.333 
2 2 45 15.555 15.555 0.285 0.285 
2 2 46 16.044 16.044 0.248 0.248 
2 2 47 15.814 15.814 0.227 0.227 
2 2 48 15.627 15.627 0.139 0.139 
2 2 49 15.942 15.942 0.144 0.144 
2 2 50 15.781 15.781 0.125 0.125 
2 2 51 15.910 15.910 0.120 0.120 
2 2 52 15.888 15.888 0.101 0.101 
2 2 53 15.892 15.892 0.098 0.098 
2 2 54 16.041 16.041 0.089 0.089 
2 2 55 15.912 15.912 0.067 0.067 
2 2 56 15.978 15.978 0.073 0.073 
2 2 57 16.024 16.024 0.088 0.088 
2 2 58 16.050 16.050 0.089 0.089 
2 2 59 16.087 16.087 0.106 0.106 
2 2 60 16.109 16.109 0.107 0.107 
2 2 61 16.030 16.030 0.087 0.087 
2 2 62 16.091 16.091 0.080 0.080 
2 3 1 15.519 15.519 0.084 0.084 
2 3 2 15.415 15.415 0.080 0.080 
2 3 3 16.000 16.000 362.039 362.039 
2 3 4 15.467 15.467 0.499 0.499 
2 3 5 16.000 16.000 362.039 362.039 
3 1 1 13.264 13.264 2.699 2.699 
3 1 2 12.775 12.775 1.999 1.999 
3 1 3 12.930 12.930 1.945 1.945 
3 1 4 13.545 13.545 1.780 1.780 
3 1 5 13.460 13.460 1.628 1.628 
3 1 6 13.950 13.950 1.635 1.635 
3 1 7 14.300 14.300 1.501 1.501 
3 1 8 14.435 14.435 1.353 1.353 
3 1 9 14.130 14.130 1.189 1.189 
3 1 10 14.262 14.262 0.986 0.986 
3 1 11 14.110 14.110 0.947 0.947 
3 1 12 14.506 14.506 0.941 0.941 
3 1 13 14.337 14.337 0.781 0.781 
3 1 14 14.055 14.055 0.645 0.645 
3 1 15 14.786 14.786 0.600 0.600 
3 1 16 14.781 14.781 0.510 0.510 
3 1 17 15.135 15.135 0.569 0.569 
3 1 18 14.790 14.790 0.307 0.307 
3 1 19 15.077 15.077 0.309 0.309 
3 1 20 15.186 15.186 0.264 0.264 
3 1 21 15.399 15.399 0.216 0.216 
3 1 22 15.380 15.380 0.193 0.193 
3 1 23 15.045 15.045 0.124 0.124 
3 2 1 14.633 14.633 5.734 5.734 
3 2 2 12.976 12.976 3.389 3.389 
3 2 3 12.727 12.727 3.037 3.037 
3 2 4 13.303 13.303 2.342 2.342 
3 2 5 14.884 14.884 3.056 3.056 
3 2 6 13.583 13.583 2.231 2.231 
3 2 7 14.538 14.538 2.458 2.458 
3 2 8 14.455 14.455 1.976 1.976 
3 2 9 13.140 13.140 1.659 1.659 
3 2 10 14.048 14.048 1.488 1.488 
3 2 11 14.111 14.111 1.489 1.489 
3 2 12 14.473 14.473 1.558 1.558 
3 2 13 14.265 14.265 1.540 1.540 
3 2 14 14.422 14.422 1.467 1.467 
3 2 15 14.710 14.710 1.372 1.372 
3 2 16 14.352 14.352 1.352 1.352 
3 2 17 14.749 14.749 1.342 1.342 
3 2 18 14.619 14.619 1.308 1.308 
3 2 19 14.840 14.840 1.316 1.316 
3 2 20 14.877 14.877 1.211 1.211 
3 2 21 14.616 14.616 1.202 1.202 
3 2 22 14.992 14.992 1.254 1.254 
3 2 23 14.913 14.913 1.075 1.075 
3 2 24 15.048 15.048 1.203 1.203 
3 2 25 15.032 15.032 1.020 1.020 
3 2 26 15.036 15.036 1.124 1.124 
3 2 27 14.957 14.957 1.057 1.057 
3 2 28 15.102 15.102 0.808 0.808 
3 2 29 15.093 15.093 0.781 0.781 
3 2 30 14.956 14.956 0.792 0.792 
3 2 31 15.510 15.510 0.865 0.865 
3 2 32 15.414 15.414 0.938 0.938 
3 2 33 15.348 15.348 0.637 0.637 
3 2 34 15.530 15.530 0.816 0.816 
3 2 35 15.301 15.301 0.762 0.762 
3 2 36 15.377 15.377 0.709 0.709 
3 2 37 15.201 15.201 0.362 0.362 
3 2 38 15.765 15.765 0.410 0.410 
3 2 39 15.676 15.676 0.639 0.639 
3 2 40 15.671 15.671 0.529 0.529 
3 2 41 15.460 15.460 0.324 0.324 
3 2 42 15.695 15.695 0.274 0.274 
3 2 43 15.630 15.630 0.238 0.238 
3 2 44 15.757 15.757 0.286 0.286 
3 2 45 15.525 15.525 0.329 0.329 
3 2 46 15.760 15.760 0.203 0.203 
3 2 47 15.735 15.735 0.170 0.170 
3 2 48 15.612 15.612 0.166 0.166 
3 2 49 15.688 15.688 0.138 0.138 
3 2 50 15.789 15.789 0.104 0.104 
3 2 51 15.831 15.831 0.100 0.100 
3 2 52 15.794 15.794 0.098 0.098 
3 2 53 15.766 15.766 0.085 0.085 
3 2 54 15.839 15.839 0.088 0.088 
3 2 55 15.877 15.877 0.078 0.078 
3 2 56 16.171 16.171 0.076 0.076 
3 2 57 16.051 16.051 0.071 0.071 
3 2 58 15.906 15.906 0.075 0.075 
3 2 59 16.017 16.017 0.079 0.079 
3 2 60 16.054 16.054 0.073 0.073 
3 2 61 15.867 15.867 0.062 0.062 
3 2 62 15.925 15.925 0.057 0.057 
3 3 1 15.834 15.834 0.169 0.169 
3 3 2 15.857 15.857 0.074 0.074 
3 3 3 15.812 15.812 0.137 0.137 
3 3 4 14.690 14.690 11.329 11.329 
3 3 5 16.000 16.000 362.039 362.039 
4 1 1 13.766 13.766 2.976 2.976 
4 1 2 12.644 12.644 2.145 2.145 
4 1 3 13.399 13.399 2.106 2.106 
4 1 4 13.592 13.592 1.779 1.779 
4 1 5 13.402 13.402 1.656 1.656 
4 1 6 13.487 13.487 1.624 1.624 
4 1 7 13.903 13.903 1.268 1.268 
4 1 8 14.324 14.324 1.298 1.298 
4 1 9 14.055 14.055 1.095 1.095 
4 1 10 14.106 14.106 0.981 0.981 
4 1 11 13.979 13.979 0.907 0.907 
4 1 12 14.537 14.537 0.921 0.921 
4 1 13 14.848 14.848 0.924 0.924 
4 1 14 14.490 14.490 0.721 0.721 
4 1 15 14.649 14.649 0.778 0.778 
4 1 16 14.737 14.737 0.660 0.660 
4 1 17 14.850 14.850 0.563 0.563 
4 1 18 15.242 15.242 0.576 0.576 
4 1 19 15.040 15.040 0.335 0.335 
4 1 20 14.904 14.904 0.260 0.260 
4 1 21 14.924 14.924 0.201 0.201 
4 1 22 15.181 15.181 0.168 0.168 
4 1 23 15.229 15.229 0.133 0.133 
4 2 1 16.510 16.510 6.344 6.344 
4 2 2 11.893 11.893 2.317 2.317 
4 2 3 12.977 12.977 2.082 2.082 
4 2 4 12.234 12.234 1.393 1.393 
4 2 5 12.576 12.576 1.483 1.483 
4 2 6 13.714 13.714 1.570 1.570 
4 2 7 13.484 13.484 1.439 1.439 
4 2 8 13.057 13.057 1.577 1.577 
4 2 9 14.015 14.015 1.736 1.736 
4 2 10 14.451 14.451 1.694 1.694 
4 2 11 13.905 13.905 1.498 1.498 
4 2 12 14.410 14.410 1.519 1.519 
4 2 13 14.433 14.433 1.485 1.485 
4 2 14 14.091 14.091 1.301 1.301 
4 2 15 14.751 14.751 1.375 1.375 
4 2 16 14.418 14.418 1.304 1.304 
4 2 17 14.788 14.788 1.364 1.364 
4 2 18 14.574 14.574 1.339 1.339 
4 2 19 14.747 14.747 1.300 1.300 
4 2 20 14.687 14.687 1.167 1.167 
4 2 21 14.617 14.617 1.164 1.164 
4 2 22 15.046 15.046 1.331 1.331 
4 2 23 15.058 15.058 1.257 1.257 
4 2 24 15.016 15.016 1.086 1.086 
4 2 25 15.022 15.022 1.113 1.113 
4 2 26 15.226 15.226 1.072 1.072 
4 2 27 15.163 15.163 1.123 1.123 
4 2 28 15.245 15.245 1.042 1.042 
4 2 29 15.126 15.126 0.924 0.924 
4 2 30 15.207 15.207 0.885 0.885 
4 2 31 15.299 15.299 0.919 0.919 
4 2 32 15.402 15.402 0.896 0.896 
4 2 33 15.207 15.207 0.837 0.837 
4 2 34 15.430 15.430 0.829 0.829 
4 2 35 15.361 15.361 0.829 0.829 
4 2 36 15.426 15.426 0.687 0.687 
4 2 37 15.423 15.423 0.684 0.684 
4 2 38 15.519 15.519 0.659 0.659 
4 2 39 15.529 15.529 0.625 0.625 
4 2 40 15.491 15.491 0.509 0.509 
4 2 41 15.626 15.626 0.344 0.344 
4 2 42 15.616 15.616 0.461 0.461 
4 2 43 15.549 15.549 0.273 0.273 
4 2 44 15.553 15.553 0.245 0.245 
4 2 45 15.687 15.687 0.236 0.236 
4 2 46 15.752 15.752 0.337 0.337 
4 2 47 15.602 15.602 0.209 0.209 
4 2 48 15.635 15.635 0.159 0.159 
4 2 49 15.644 15.644 0.140 0.140 
4 2 50 15.874 15.874 0.120 0.120 
4 2 51 15.816 15.816 0.104 0.104 
4 2 52 15.855 15.855 0.082 0.082 
4 2 53 15.807 15.807 0.097 0.097 
4 2 54 15.852 15.852 0.088 0.088 
4 2 55 15.763 15.763 0.077 0.077 
4 2 56 15.928 15.928 0.082 0.082 
4 2 57 15.925 15.925 0.071 0.071 
4 2 58 15.922 15.922 0.075 0.075 
4 2 59 15.770 15.770 0.066 0.066 
4 2 60 15.902 15.902 0.088 0.088 
4 2 61 16.064 16.064 0.115 0.115 
4 2 62 15.995 15.995 0.095 0.095 
4 3 1 15.305 15.305 0.087 0.087 
4 3 2 15.685 15.685 0.076 0.076 
4 3 3 16.182 16.182 0.664 0.664 
4 3 4 16.000 16.000 362.039 362.039 
4 3 5 16.000 16.000 362.039 362.039 
5 1 1 12.272 12.272 2.096 2.096 
5 1 2 12.908 12.908 2.039 2.039 
5 1 3 13.170 13.170 1.813 1.813 
5 1 4 13.347 13.347 1.693 1.693 
5 1 5 13.983 13.983 1.619 1.619 
5 1 6 13.525 13.525 1.662 1.662 
5 1 7 13.904 13.904 1.378 1.378 
5 1 8 14.181 14.181 1.251 1.251 
5 1 9 14.107 14.107 1.130 1.130 
5 1 10 14.384 14.384 1.136 1.136 
5 1 11 14.312 14.312 0.977 0.977 
5 1 12 14.494 14.494 0.913 0.913 
5 1 13 14.700 14.700 0.882 0.882 
5 1 14 14.946 14.946 0.831 0.831 
5 1 15 14.734 14.734 0.668 0.668 
5 1 16 15.034 15.034 0.619 0.619 
5 1 17 14.437 14.437 0.475 0.475 
5 1 18 15.107 15.107 0.604 0.604 
5 1 19 15.060 15.060 0.451 0.451 
5 1 20 15.149 15.149 0.238 0.238 
5 1 21 15.265 15.265 0.187 0.187 
5 1 22 15.302 15.302 0.158 0.158 
5 1 23 15.052 15.052 0.111 0.111 
5 2 1 14.875 14.875 5.673 5.673 
5 2 2 12.930 12.930 3.676 3.676 
5 2 3 11.479 11.479 2.410 2.410 
5 2 4 11.934 11.934 1.957 1.957 
5 2 5 12.422 12.422 2.170 2.170 
5 2 6 13.598 13.598 2.135 2.135 
5 2 7 13.548 13.548 1.940 1.940 
5 2 8 14.053 14.053 1.963 1.963 
5 2 9 13.181 13.181 1.575 1.575 
5 2 10 14.444 14.444 1.606 1.606 
5 2 11 14.582 14.582 1.539 1.539 
5 2 12 14.530 14.530 1.521 1.521 
5 2 13 14.432 14.432 1.465 1.465 
5 2 14 14.379 14.379 1.255 1.255 
5 2 15 14.570 14.570 1.433 1.433 
5 2 16 14.536 14.536 1.382 1.382 
5 2 17 14.467 14.467 1.372 1.372 
5 2 18 14.291 14.291 1.398 1.398 
5 2 19 14.716 14.716 1.298 1.298 
5 2 20 14.957 14.957 1.278 1.278 
5 2 21 14.555 14.555 1.166 1.166 
5 2 22 14.933 14.933 1.241 1.241 
5 2 23 14.946 14.946 1.245 1.245 
5 2 24 14.760 14.760 1.102 1.102 
5 2 25 15.045 15.045 1.084 1.084 
5 2 26 15.191 15.191 1.144 1.144 
5 2 27 15.233 15.233 1.112 1.112 
5 2 28 15.137 15.137 0.823 0.823 
5 2 29 15.294 15.294 1.037 1.037 
5 2 30 15.149 15.149 0.987 0.987 
5 2 31 15.162 15.162 0.776 0.776 
5 2 32 15.529 15.529 0.784 0.784 
5 2 33 15.288 15.288 0.856 0.856 
5 2 34 15.361 15.361 0.890 0.890 
5 2 35 15.501 15.501 0.896 0.896 
5 2 36 15.336 15.336 0.912 0.912 
5 2 37 15.439 15.439 0.564 0.564 
5 2 38 15.454 15.454 0.707 0.707 
5 2 39 15.371 15.371 0.600 0.600 
5 2 40 15.661 15.661 0.589 0.589 
5 2 41 15.524 15.524 0.586 0.586 
5 2 42 15.442 15.442 0.619 0.619 
5 2 43 15.464 15.464 0.264 0.264 
5 2 44 15.801 15.801 0.515 0.515 
5 2 45 15.565 15.565 0.415 0.415 
5 2 46 15.757 15.757 0.271 0.271 
5 2 47 15.668 15.668 0.135 0.135 
5 2 48 15.755 15.755 0.166 0.166 
5 2 49 15.820 15.820 0.194 0.194 
5 2 50 15.728 15.728 0.264 0.264 
5 2 51 15.842 15.842 0.124 0.124 
5 2 52 15.900 15.900 0.083 0.083 
5 2 53 15.836 15.836 0.113 0.113 
5 2 54 15.964 15.964 0.100 0.100 
5 2 55 15.925 15.925 0.115 0.115 
5 2 56 15.978 15.978 0.096 0.096 
5 2 57 15.816 15.816 0.136 0.136 
5 2 58 15.800 15.800 0.077 0.077 
5 2 59 15.849 15.849 0.151 0.151 
5 2 60 15.903 15.903 0.179 0.179 
5 2 61 15.954 15.954 0.102 0.102 
5 2 62 16.097 16.097 0.091 0.091 
5 3 1 15.248 15.248 0.082 0.082 
5 3 2 15.405 15.405 0.152 0.152 
5 3 3 5.823 5.823 18.155 18.155 
5 3 4 16.000 16.000 362.039 362.039 
5 3 5 16.000 16.000 362.039 362.039 
6 1 1 13.809 13.809 2.914 2.914 
6 1 2 12.936 12.936 2.077 2.077 
6 1 3 12.990 12.990 1.870 1.870 
6 1 4 13.284 13.284 1.680 1.680 
6 1 5 13.402 13.402 1.522 1.522 
6 1 6 13.545 13.545 1.638 1.638 
6 1 7 14.003 14.003 1.445 1.445 
6 1 8 14.483 14.483 1.451 1.451 
6 1 9 14.209 14.209 1.221 1.221 
6 1 10 14.158 14.158 1.092 1.092 
6 1 11 14.219 14.219 0.937 0.937 
6 1 12 14.409 14.409 0.912 0.912 
6 1 13 14.286 14.286 0.739 0.739 
6 1 14 14.469 14.469 0.733 0.733 
6 1 15 14.670 14.670 0.622 0.622 
6 1 16 14.416 14.416 0.458 0.458 
6 1 17 15.055 15.055 0.453 0.453 
6 1 18 14.773 14.773 0.358 0.358 
6 1 19 15.318 15.318 0.447 0.447 
6 1 20 15.034 15.034 0.210 0.210 
6 1 21 16.000 16.000 362.039 362.039 
6 1 22 15.049 15.049 0.133 0.133 
6 1 23 15.149 15.149 0.116 0.116 
6 2 1 14.640 14.640 5.391 5.391 
6 2 2 12.772 12.772 3.712 3.712 
6 2 3 13.059 13.059 3.273 3.273 
6 2 4 13.907 13.907 2.558 2.558 
6 2 5 12.537 12.537 2.259 2.259 
6 2 6 13.512 13.512 2.127 2.127 
6 2 7 14.216 14.216 1.934 1.934 
6 2 8 13.656 13.656 1.879 1.879 
6 2 9 13.725 13.725 1.694 1.694 
6 2 10 14.050 14.050 1.563 1.563 
6 2 11 14.073 14.073 1.536 1.536 
6 2 12 14.374 14.374 1.542 1.542 
6 2 13 14.396 14.396 1.458 1.458 
6 2 14 14.470 14.470 1.367 1.367 
6 2 15 14.514 14.514 1.404 1.404 
6 2 16 14.407 14.407 1.315 1.315 
6 2 17 14.580 14.580 1.457 1.457 
6 2 18 14.304 14.304 1.235 1.235 
6 2 19 14.556 14.556 1.224 1.224 
6 2 20 14.739 14.739 1.255 1.255 
6 2 21 14.767 14.767 1.311 1.311 
6 2 22 15.003 15.003 1.267 1.267 
6 2 23 14.980 14.980 1.271 1.271 
6 2 24 15.050 15.050 1.073 1.073 
6 2 25 15.143 15.143 1.153 1.153 
6 2 26 15.134 15.134 1.102 1.102 
6 2 27 15.292 15.292 1.103 1.103 
6 2 28 14.971 14.971 0.901 0.901 
6 2 29 15.107 15.107 1.019 1.019 
6 2 30 15.349 15.349 0.918 0.918 
6 2 31 15.119 15.119 0.716 0.716 
6 2 32 15.379 15.379 0.634 0.634 
6 2 33 15.483 15.483 0.834 0.834 
6 2 34 15.553 15.553 0.817 0.817 
6 2 35 15.243 15.243 0.580 0.580 
6 2 36 15.465 15.465 0.635 0.635 
6 2 37 15.382 15.382 0.576 0.576 
6 2 38 15.565 15.565 0.759 0.759 
6 2 39 15.489 15.489 0.571 0.571 
6 2 40 15.586 15.586 0.488 0.488 
6 2 41 15.595 15.595 0.293 0.293 
6 2 42 15.562 15.562 0.300 0.300 
6 2 43 15.637 15.637 0.295 0.295 
6 2 44 15.550 15.550 0.237 0.237 
6 2 45 15.564 15.564 0.178 0.178 
6 2 46 15.805 15.805 0.199 0.199 
6 2 47 15.660 15.660 0.134 0.134 
6 2 48 15.851 15.851 0.132 0.132 
6 2 49 15.797 15.797 0.116 0.116 
6 2 50 15.752 15.752 0.126 0.126 
6 2 51 15.929 15.929 0.111 0.111 
6 2 52 15.912 15.912 0.111 0.111 
6 2 53 15.930 15.930 0.087 0.087 
6 2 54 15.977 15.977 0.081 0.081 
6 2 55 15.944 15.944 0.067 0.067 
6 2 56 15.967 15.967 0.070 0.070 
6 2 57 15.878 15.878 0.083 0.083 
6 2 58 16.038 16.038 0.098 0.098 
6 2 59 15.955 15.955 0.073 0.073 
6 2 60 16.066 16.066 0.098 0.098 
6 2 61 16.091 16.091 0.083 0.083 
6 2 62 15.994 15.994 0.126 0.126 
6 3 1 15.548 15.548 0.069 0.069 
6 3 2 15.701 15.701 0.073 0.073 
6 3 3 16.000 16.000 362.039 362.039 
6 3 4 16.000 16.000 362.039 362.039 
6 3 5 16.000 16.000 362.039 362.039 
