1 1 1 -0.00064 0.01553 0.00001 -0.00705
1 1 2 0.00083 -0.03711 -0.00308 0.04745
1 1 3 0.00041 -0.00082 -0.00012 -0.01071
1 1 4 0.00004 0.01003 -0.00013 -0.00567
1 1 5 -0.00012 0.01148 -0.00016 -0.00385
1 1 6 0.00009 0.01396 -0.00002 -0.00449
1 1 7 0.00000 0.00580 -0.00006 -0.00915
1 1 8 -0.00054 -0.00650 0.00002 0.00238
1 1 9 -0.00009 0.00336 0.00024 -0.00344
1 1 10 0.00000 0.00122 0.00036 0.01154
1 1 11 0.00011 0.00141 -0.00037 0.01096
1 1 12 -0.00002 0.00482 0.00004 -0.01014
1 1 13 -0.00005 0.00853 0.00000 0.01486
1 1 14 -0.00014 0.00607 0.00016 0.00741
1 1 15 0.00010 -0.00994 -0.00002 -0.00626
1 1 16 0.00005 -0.00052 -0.00007 -0.00234
1 1 17 -0.00005 -0.00114 -0.00008 -0.00615
1 1 18 0.00000 0.00234 -0.00003 -0.00181
1 1 19 -0.00005 0.00034 -0.00008 0.00248
1 1 20 -0.00005 0.00126 -0.00002 -0.00040
1 1 21 -0.00001 0.00003 0.00008 -0.00617
1 1 22 -0.00007 -0.00123 -0.00005 0.00399
1 1 23 -0.00016 0.01664 -0.00004 -0.00123
1 2 1 0.00000 0.00000 0.00000 0.00000
1 2 2 -0.01729 -0.01938 -0.03481 -0.16511
1 2 3 -0.00116 0.02740 0.00076 -0.00903
1 2 4 -0.00129 0.02038 0.00003 -0.01797
1 2 5 0.00004 0.02226 0.00103 -0.00872
1 2 6 0.00026 0.01773 -0.00542 0.02811
1 2 7 0.00048 0.00561 0.00002 -0.01432
1 2 8 0.00010 0.00999 -0.00244 0.02654
1 2 9 -0.00191 -0.03646 -0.00019 -0.01188
1 2 10 0.00118 -0.04650 -0.00023 -0.01312
1 2 11 -0.00006 0.00534 -0.00010 -0.00542
1 2 12 -0.00016 0.00541 0.00006 -0.00699
1 2 13 -0.00118 -0.03369 -0.00100 0.00960
1 2 14 -0.00017 0.00571 -0.00003 -0.00816
1 2 15 0.00002 0.00346 -0.00012 -0.00434
1 2 16 -0.00041 -0.01238 -0.00012 -0.00703
1 2 17 -0.00008 0.00388 -0.00111 0.04382
1 2 18 0.00091 -0.01850 -0.00002 -0.00827
1 2 19 -0.00007 0.00368 -0.00010 -0.00626
1 2 20 -0.00004 0.00587 -0.00002 -0.00191
1 2 21 -0.00006 0.00515 -0.00004 -0.00589
1 2 22 0.00014 -0.02156 -0.00007 -0.00492
1 2 23 -0.00046 -0.02164 -0.00005 -0.00523
1 2 24 0.00032 -0.01019 0.00004 -0.00264
1 2 25 0.00000 0.00300 -0.00006 -0.00160
1 2 26 -0.00003 0.00255 0.00000 -0.00275
1 2 27 0.00054 0.00716 0.00001 -0.00225
1 2 28 0.00006 -0.01788 0.00041 0.01088
1 2 29 -0.00024 0.02292 -0.00006 -0.00263
1 2 30 -0.00016 0.00415 -0.00005 -0.00075
1 2 31 -0.00006 0.00419 -0.00009 -0.00398
1 2 32 -0.00020 -0.00201 -0.00003 -0.00166
1 2 33 -0.00008 -0.00034 0.00015 0.00388
1 2 34 -0.00001 0.00277 0.00002 -0.00327
1 2 35 -0.00006 0.00414 -0.00005 -0.00121
1 2 36 -0.00002 0.00265 0.00002 -0.00330
1 2 37 -0.00001 0.00216 -0.00034 0.00194
1 2 38 0.00005 -0.00383 -0.00042 0.01159
1 2 39 -0.00015 0.00614 -0.00001 -0.00256
1 2 40 -0.00003 -0.00014 0.00001 -0.00214
1 2 41 -0.00004 0.00019 -0.00004 -0.00143
1 2 42 0.00009 -0.01721 0.00000 -0.00143
1 2 43 -0.00004 0.00365 0.00014 0.00563
1 2 44 -0.00004 0.00245 0.00001 -0.00173
1 2 45 -0.00002 -0.01131 -0.00004 -0.00080
1 2 46 -0.00003 0.00082 -0.00001 -0.00197
1 2 47 -0.00008 0.00453 -0.00000 0.00329
1 2 48 -0.00000 0.00095 -0.00001 -0.00067
1 2 49 0.00002 0.00204 0.00004 -0.00066
1 2 50 0.00010 0.00349 0.00000 0.00202
1 2 51 0.00001 -0.00037 0.00000 -0.00123
1 2 52 -0.00004 0.00017 0.00010 -0.00363
1 2 53 0.00009 -0.00435 -0.00025 0.00972
1 2 54 -0.00002 0.00104 -0.00004 -0.00285
1 2 55 -0.00023 0.00285 -0.00013 0.00605
1 2 56 -0.00001 -0.00234 0.00003 -0.00370
1 2 57 0.00005 -0.00288 0.00002 0.01178
1 2 58 -0.00000 -0.00059 -0.00000 -0.00298
1 2 59 -0.00003 -0.00170 0.00008 0.00079
1 2 60 -0.00049 0.00320 -0.00599 0.03901
1 2 61 0.00000 0.00000 0.00000 0.00000
1 2 62 -0.00002 -0.00249 -0.00002 -0.00211
1 3 1 -0.00001 0.00253 0.00003 0.00306
1 3 2 0.00012 0.00093 0.00018 -0.00689
1 3 3 0.00000 0.00000 0.00000 0.00000
1 3 4 0.00000 0.00000 0.00000 0.00000
1 3 5 0.00000 0.00000 0.00000 0.00000
2 1 1 -0.00388 0.03773 0.00205 -0.02194
2 1 2 -0.00136 0.01503 -0.00154 -0.01054
2 1 3 -0.00011 0.00783 -0.00045 -0.00057
2 1 4 -0.00114 -0.02128 0.00006 0.01355
2 1 5 0.00055 -0.01952 -0.00019 -0.00750
2 1 6 0.00000 0.00000 0.00000 0.00000
2 1 7 -0.00022 0.00146 0.00003 -0.00541
2 1 8 0.00024 -0.01770 -0.00011 -0.00044
2 1 9 0.00039 -0.00630 -0.00002 -0.00565
2 1 10 0.00000 0.00000 0.00000 0.00000
2 1 11 -0.00006 0.00946 0.00002 -0.00335
2 1 12 0.00015 -0.00824 0.00006 0.01075
2 1 13 -0.00004 0.00407 -0.00003 -0.00464
2 1 14 -0.00010 -0.00227 -0.00001 0.00195
2 1 15 0.00001 0.00354 0.00004 -0.00404
2 1 16 0.00007 -0.01278 0.00009 0.00346
2 1 17 -0.00007 -0.00320 -0.00003 -0.00087
2 1 18 0.00005 -0.00079 0.00001 -0.00265
2 1 19 0.00037 0.05363 0.00014 0.01442
2 1 20 -0.00002 0.00020 -0.00003 -0.00272
2 1 21 -0.00007 -0.00739 0.00009 0.00497
2 1 22 0.00011 -0.00210 -0.00004 -0.00256
2 1 23 0.00003 -0.00700 -0.00008 0.01012
2 2 1 0.00237 0.00288 -0.01913 0.00317
2 2 2 -0.01627 0.02377 -0.00099 -0.04140
2 2 3 -0.00122 -0.01255 -0.00014 0.00450
2 2 4 0.00112 -0.04746 0.00430 0.08048
2 2 5 -0.00265 -0.00177 -0.00500 -0.01174
2 2 6 0.00009 -0.00565 -0.00152 -0.00521
2 2 7 -0.00219 0.01946 -0.00180 -0.00682
2 2 8 0.00243 -0.01882 -0.00087 -0.01218
2 2 9 -0.00040 0.01216 -0.00078 -0.00745
2 2 10 -0.00023 0.00812 -0.00089 0.00204
2 2 11 0.00003 0.00992 0.00005 -0.00421
2 2 12 -0.00010 0.00634 0.00128 0.02732
2 2 13 -0.00009 0.00613 -0.00019 -0.00738
2 2 14 -0.00007 0.00542 -0.00027 -0.00576
2 2 15 0.00003 0.00783 -0.00005 -0.00762
2 2 16 -0.00013 0.00556 0.00000 -0.00567
2 2 17 -0.00011 0.00466 -0.00004 -0.00388
2 2 18 -0.00005 0.00678 -0.00003 -0.00629
2 2 19 -0.00004 0.00547 -0.00005 -0.00702
2 2 20 -0.00002 0.00343 0.00003 -0.00568
2 2 21 -0.00005 0.00440 -0.00008 -0.00429
2 2 22 -0.00004 0.00509 -0.00004 -0.00338
2 2 23 -0.00005 0.00335 -0.00006 -0.00739
2 2 24 -0.00017 0.00368 -0.00027 0.01155
2 2 25 -0.00006 0.00118 -0.00035 -0.00414
2 2 26 -0.00002 -0.00011 -0.00032 0.01442
2 2 27 -0.00002 0.00267 -0.00022 0.00382
2 2 28 -0.00021 -0.02080 0.00002 -0.00159
2 2 29 -0.00000 0.00425 -0.00001 -0.00266
2 2 30 -0.00006 0.00428 -0.00002 -0.00209
2 2 31 -0.00003 0.00287 -0.00005 0.01203
2 2 32 -0.00022 -0.01568 0.00006 -0.00450
2 2 33 0.00011 -0.01805 -0.00004 -0.00343
2 2 34 0.00011 -0.01280 -0.00005 -0.00128
2 2 35 -0.00001 0.00247 0.00001 -0.00333
2 2 36 -0.00008 0.00027 -0.00001 -0.00191
2 2 37 -0.00006 0.00097 -0.00011 -0.00303
2 2 38 0.00006 -0.01340 -0.00001 -0.00111
2 2 39 -0.00002 0.00222 -0.00003 0.00007
2 2 40 0.00009 -0.00144 -0.00004 0.00106
2 2 41 -0.00023 0.00992 -0.00009 0.00624
2 2 42 -0.00004 0.00307 -0.00002 -0.00118
2 2 43 -0.00000 0.00051 -0.00003 -0.00169
2 2 44 0.00001 0.00038 0.00028 0.00020
2 2 45 0.00001 0.00311 -0.00002 0.00060
2 2 46 0.00019 0.00051 -0.00003 0.00031
2 2 47 -0.00002 -0.00086 -0.00003 -0.00354
2 2 48 -0.00002 0.00322 0.00001 0.00034
2 2 49 -0.00007 -0.00565 0.00008 -0.01327
2 2 50 0.00007 -0.00658 -0.00003 0.00031
2 2 51 -0.00001 0.00080 0.00020 -0.00637
2 2 52 -0.00002 -0.00258 0.00033 0.02019
2 2 53 -0.00004 -0.00136 0.00000 -0.00014
2 2 54 0.00006 0.00430 0.00005 -0.00008
2 2 55 -0.00003 -0.00066 -0.00002 0.00193
2 2 56 -0.00027 0.00217 -0.00008 -0.00060
2 2 57 0.00003 -0.00426 0.00002 -0.00365
2 2 58 -0.00022 0.00305 -0.00030 0.00860
2 2 59 -0.00031 0.01001 -0.00031 0.01001
2 2 60 -0.00046 -0.08704 -0.00031 -0.04733
2 2 61 0.00001 -0.00105 -0.00002 0.00231
2 2 62 0.00000 0.00000 0.00000 0.00000
2 3 1 -0.00004 0.00095 -0.00005 -0.00545
2 3 2 -0.00024 -0.00459 -0.00081 -0.01552
2 3 3 0.00000 0.00000 0.00000 0.00000
2 3 4 -0.00065 -0.01326 -0.00059 -0.01204
2 3 5 0.00000 0.00000 0.00000 0.00000
3 1 1 -0.00552 -0.08107 -0.00363 -0.00576
3 1 2 -0.00295 -0.00978 0.00102 -0.01143
3 1 3 -0.00252 0.00263 0.00018 -0.00905
3 1 4 -0.00022 0.00766 0.00098 0.02035
3 1 5 -0.00049 0.01012 -0.00015 -0.00533
3 1 6 0.00011 -0.01825 0.00022 0.00152
3 1 7 0.00058 -0.01429 -0.00016 -0.00267
3 1 8 -0.00005 0.00467 -0.00016 -0.00436
3 1 9 -0.00059 -0.01833 -0.00003 -0.00300
3 1 10 -0.00017 0.00218 0.00021 0.01082
3 1 11 -0.00008 -0.00102 -0.00013 -0.00794
3 1 12 0.00017 -0.00977 -0.00001 -0.00405
3 1 13 -0.00019 -0.00500 -0.00010 0.00508
3 1 14 -0.00013 0.00457 0.00012 -0.00196
3 1 15 -0.00012 -0.00415 0.00000 -0.00278
3 1 16 0.00002 -0.00164 0.00012 0.00601
3 1 17 -0.00002 0.00177 -0.00000 -0.00209
3 1 18 0.00016 -0.00841 0.00003 0.00344
3 1 19 -0.00015 -0.00330 0.00013 0.00053
3 1 20 0.00000 0.00470 -0.00003 -0.00067
3 1 21 -0.00008 0.00640 -0.00012 0.00355
3 1 22 -0.00001 0.00335 0.00004 -0.00324
3 1 23 -0.00008 0.00172 0.00000 -0.00026
3 2 1 -0.01216 -0.00942 -0.01023 0.10853
3 2 2 0.01635 -0.04459 -0.01172 -0.00145
3 2 3 -0.00416 0.02329 -0.00018 0.02238
3 2 4 -0.00781 0.01789 0.00495 -0.06940
3 2 5 0.00051 -0.01945 -0.00296 -0.00008
3 2 6 -0.00171 -0.00001 -0.00069 -0.01821
3 2 7 0.00542 0.01396 -0.00286 -0.00377
3 2 8 0.00097 0.00634 -0.00081 -0.00516
3 2 9 0.00276 -0.06747 -0.00013 -0.01289
3 2 10 -0.00010 0.00626 0.00115 0.05640
3 2 11 0.00015 -0.04376 -0.00039 -0.00732
3 2 12 -0.00029 0.00732 -0.00025 -0.00486
3 2 13 -0.00011 0.01182 0.00010 -0.00518
3 2 14 -0.00011 0.00471 -0.00016 -0.01172
3 2 15 -0.00007 0.00672 -0.00002 -0.00456
3 2 16 -0.00013 0.00627 -0.00011 -0.00755
3 2 17 0.00049 -0.03555 -0.00002 -0.00398
3 2 18 -0.00004 0.00197 -0.00010 -0.00634
3 2 19 -0.00001 0.00655 -0.00004 -0.00345
3 2 20 0.00049 -0.02354 -0.00014 0.00775
3 2 21 0.00101 -0.00641 0.00005 -0.00795
3 2 22 -0.00042 0.00367 -0.00049 0.02340
3 2 23 -0.00007 0.00032 -0.00009 -0.00500
3 2 24 0.00034 -0.01136 -0.00004 -0.00531
3 2 25 -0.00008 0.00739 0.00033 0.02581
3 2 26 0.00042 -0.02493 0.00003 -0.00284
3 2 27 -0.00001 0.00348 0.00034 0.01427
3 2 28 -0.00002 0.00317 -0.00004 -0.00306
3 2 29 0.00035 -0.00288 0.00009 0.01273
3 2 30 0.00000 0.00336 -0.00011 -0.00240
3 2 31 -0.00024 -0.01323 -0.00024 0.00787
3 2 32 -0.00003 0.00136 -0.00004 -0.00160
3 2 33 -0.00004 0.00592 -0.00030 -0.01288
3 2 34 0.00003 0.00229 0.00004 -0.00154
3 2 35 -0.00003 0.00352 0.00001 -0.00027
3 2 36 0.00002 0.00118 -0.00002 -0.00288
3 2 37 0.00034 -0.01188 -0.00014 0.00390
3 2 38 -0.00003 -0.00005 -0.00001 -0.00205
3 2 39 -0.00032 -0.02485 -0.00001 0.00008
3 2 40 -0.00003 0.00077 -0.00002 -0.00483
3 2 41 -0.00012 -0.01470 -0.00003 -0.00180
3 2 42 -0.00003 0.00311 0.00001 -0.00070
3 2 43 0.00022 0.02977 0.00000 0.00005
3 2 44 0.00020 -0.00110 0.00013 0.00660
3 2 45 0.00009 0.00361 -0.00002 0.00071
3 2 46 0.00001 0.00029 0.00001 0.00171
3 2 47 0.00000 0.00225 -0.00000 0.00012
3 2 48 0.00010 -0.00364 -0.00001 0.00123
3 2 49 -0.00001 -0.00008 -0.00006 -0.00380
3 2 50 -0.00002 0.00069 0.00000 -0.00064
3 2 51 0.00008 -0.00121 -0.00002 -0.00211
3 2 52 -0.00000 0.00011 0.00001 -0.00063
3 2 53 0.00004 0.00027 -0.00001 0.00058
3 2 54 -0.00006 0.00493 -0.00004 0.00412
3 2 55 -0.00004 0.00362 -0.00021 0.00566
3 2 56 -0.00003 -0.00122 0.00001 -0.00118
3 2 57 -0.00293 -0.00605 -0.03417 -0.07059
3 2 58 0.00005 -0.00489 -0.00001 0.00040
3 2 59 0.05569 0.11897 -0.00003 0.00285
3 2 60 -0.00017 0.01882 -0.00017 0.01820
3 2 61 -0.00121 -0.02651 0.00007 0.01231
3 2 62 0.00003 -0.00228 -0.00003 0.00239
3 3 1 -0.00017 0.00531 0.00000 0.00000
3 3 2 0.00008 -0.00453 0.00036 -0.01788
3 3 3 0.00000 0.00000 0.00000 0.00000
3 3 4 0.00000 0.00000 0.00000 0.00000
3 3 5 0.00000 0.00000 0.00000 0.00000
4 1 1 -0.00071 -0.00570 -0.00280 -0.00866
4 1 2 -0.00207 0.00781 0.00035 0.00248
4 1 3 -0.00093 0.00652 0.00063 0.00681
4 1 4 -0.00022 0.00992 -0.00014 -0.00042
4 1 5 -0.00054 -0.01329 0.00009 0.00057
4 1 6 0.00005 0.00482 0.00041 0.00106
4 1 7 0.00002 0.00737 0.00008 -0.00129
4 1 8 0.00020 -0.01752 -0.00001 -0.00418
4 1 9 0.00000 0.00633 -0.00007 0.02279
4 1 10 0.00003 0.00201 -0.00014 -0.00104
4 1 11 -0.00003 0.00082 -0.00024 0.01033
4 1 12 0.00003 -0.01034 -0.00002 -0.00617
4 1 13 -0.00006 0.00450 -0.00003 -0.00014
4 1 14 -0.00010 0.00175 -0.00016 0.00037
4 1 15 -0.00018 -0.00766 0.00011 0.00228
4 1 16 -0.00005 0.00378 -0.00013 0.01100
4 1 17 0.00003 -0.00759 0.00004 -0.00485
4 1 18 0.00005 0.00494 -0.00001 -0.00350
4 1 19 -0.00006 -0.00075 -0.00006 -0.00136
4 1 20 0.00002 -0.00312 -0.00002 -0.00196
4 1 21 0.00004 -0.00457 -0.00005 -0.00152
4 1 22 -0.00002 0.00258 0.00000 -0.00164
4 1 23 0.00019 0.00386 0.00006 -0.00230
4 2 1 -0.00448 0.04490 -0.00101 0.02036
4 2 2 -0.00193 -0.01768 0.00863 0.01494
4 2 3 0.00063 0.00197 -0.00180 -0.02480
4 2 4 0.00001 0.01659 0.00106 -0.02047
4 2 5 -0.00741 -0.15396 -0.00011 -0.00288
4 2 6 -0.00045 0.01232 0.00576 0.03150
4 2 7 -0.00064 0.00155 -0.00017 -0.01254
4 2 8 -0.00119 -0.02975 -0.00062 -0.01371
4 2 9 -0.00014 0.01422 -0.00010 -0.01222
4 2 10 -0.00025 0.00487 0.00026 0.00101
4 2 11 -0.00003 0.01039 -0.00002 -0.01046
4 2 12 0.00016 0.00610 0.00020 -0.00857
4 2 13 -0.00018 0.00571 -0.00093 0.02274
4 2 14 -0.00025 0.01234 -0.00005 -0.00263
4 2 15 -0.00044 -0.03100 -0.00018 -0.00367
4 2 16 -0.00008 0.00420 0.00051 0.00739
4 2 17 -0.00010 0.00577 0.00140 0.00451
4 2 18 0.00005 0.00676 -0.00013 -0.00506
4 2 19 -0.00004 0.00586 -0.00000 -0.00444
4 2 20 0.00026 -0.00875 0.00067 0.01807
4 2 21 -0.00014 -0.02350 -0.00006 -0.00535
4 2 22 -0.00015 0.00408 -0.00032 0.02033
4 2 23 0.00004 0.00224 -0.00001 -0.00441
4 2 24 0.00008 0.00608 -0.00006 -0.00401
4 2 25 -0.00004 0.00293 -0.00012 -0.00345
4 2 26 0.00044 -0.00473 -0.00005 -0.00317
4 2 27 -0.00001 0.00444 0.00002 -0.00408
4 2 28 -0.00021 -0.00644 0.00002 -0.00300
4 2 29 -0.00005 0.00258 0.00006 -0.00264
4 2 30 -0.00004 0.00416 -0.00001 -0.00247
4 2 31 -0.00002 0.00332 -0.00001 -0.00179
4 2 32 0.00015 -0.00924 -0.00001 -0.00314
4 2 33 0.00005 0.00236 -0.00021 -0.00727
4 2 34 -0.00007 -0.00253 0.00001 -0.00166
4 2 35 -0.00006 0.00266 -0.00004 -0.00263
4 2 36 -0.00003 0.00233 -0.00005 -0.00332
4 2 37 -0.00000 0.00168 -0.00004 -0.00317
4 2 38 -0.00000 0.00127 0.00017 0.00139
4 2 39 -0.00016 -0.02027 -0.00003 -0.00362
4 2 40 -0.00000 0.00214 -0.00003 0.00021
4 2 41 0.00008 -0.00960 0.00010 -0.00130
4 2 42 -0.00002 0.00131 -0.00002 -0.00099
4 2 43 -0.00012 -0.01246 0.00001 -0.00107
4 2 44 -0.00002 0.00090 -0.00002 -0.00262
4 2 45 -0.00004 -0.00156 0.00002 0.00045
4 2 46 -0.00002 0.00018 0.00010 0.01120
4 2 47 0.00002 -0.00123 -0.00003 0.00081
4 2 48 -0.00010 -0.00258 0.00004 -0.00165
4 2 49 -0.00000 0.00299 -0.00005 0.00819
4 2 50 0.00014 -0.00780 -0.00002 -0.00073
4 2 51 -0.00003 0.00031 0.00004 0.00029
4 2 52 0.00002 0.00513 0.00002 -0.00066
4 2 53 0.00009 -0.00759 0.00006 -0.00005
4 2 54 0.00001 0.00539 -0.00015 0.00737
4 2 55 -0.00003 -0.00130 0.00006 -0.00747
4 2 56 0.00008 0.00586 0.00007 0.00586
4 2 57 0.00001 -0.00090 -0.00003 0.00339
4 2 58 -0.00001 0.00525 -0.00005 0.00187
4 2 59 0.00007 -0.00483 -0.00006 -0.00360
4 2 60 0.00000 0.00000 0.00000 0.00000
4 2 61 0.00000 0.00000 0.00000 0.00000
4 2 62 0.00000 0.00000 0.00000 0.00000
4 3 1 0.00001 -0.00343 0.00011 -0.00514
4 3 2 -0.00003 0.00243 -0.00003 0.00316
4 3 3 0.00000 0.00000 0.00000 0.00000
4 3 4 0.00000 0.00000 0.00000 0.00000
4 3 5 0.00000 0.00000 0.00000 0.00000
5 1 1 0.00292 0.00714 -0.00532 -0.01025
5 1 2 -0.00042 0.00660 -0.00035 -0.00428
5 1 3 0.00070 0.01229 0.00068 -0.01160
5 1 4 -0.00010 0.00918 -0.00005 -0.00677
5 1 5 0.00000 0.00762 -0.00026 -0.00337
5 1 6 0.00018 0.00306 0.00001 -0.01001
5 1 7 -0.00009 0.00532 0.00013 -0.00334
5 1 8 -0.00011 -0.01230 -0.00001 -0.00321
5 1 9 -0.00012 -0.02253 -0.00003 -0.00858
5 1 10 0.00015 -0.01571 0.00006 -0.00342
5 1 11 0.00008 -0.00819 0.00007 -0.00681
5 1 12 -0.00012 0.00289 0.00001 -0.00228
5 1 13 0.00018 -0.00042 0.00013 0.00866
5 1 14 -0.00001 0.00421 -0.00007 -0.00450
5 1 15 -0.00017 -0.00849 -0.00009 0.00150
5 1 16 0.00019 0.00090 -0.00001 -0.00213
5 1 17 -0.00006 -0.00083 -0.00009 0.00409
5 1 18 -0.00003 -0.00431 -0.00006 0.00741
5 1 19 -0.00004 -0.00035 -0.00003 -0.00397
5 1 20 0.00016 -0.01967 -0.00004 0.01381
5 1 21 0.00006 -0.00108 0.00003 -0.00731
5 1 22 0.00006 -0.00180 -0.00009 0.02143
5 1 23 -0.00006 0.00131 -0.00008 0.00237
5 2 1 0.00759 -0.12125 -0.01494 0.18571
5 2 2 0.01346 -0.04871 -0.01061 -0.00745
5 2 3 -0.00731 0.05842 -0.00798 -0.02770
5 2 4 0.00707 -0.02587 -0.00415 -0.00280
5 2 5 -0.00197 0.01622 -0.00084 0.00038
5 2 6 -0.00160 -0.00527 -0.00209 -0.01069
5 2 7 -0.00207 0.06756 -0.00201 0.00122
5 2 8 -0.00165 0.00383 -0.00109 -0.00190
5 2 9 -0.00145 0.01322 -0.00059 -0.00429
5 2 10 0.00079 -0.06574 -0.00018 -0.00636
5 2 11 -0.00036 0.01066 -0.00036 -0.00568
5 2 12 -0.00010 0.00754 0.00003 -0.00813
5 2 13 -0.00037 0.00627 -0.00017 -0.00634
5 2 14 -0.00003 0.00702 -0.00020 -0.00710
5 2 15 -0.00018 0.00736 -0.00012 -0.00840
5 2 16 -0.00023 0.00830 -0.00000 -0.00568
5 2 17 0.00001 0.00355 -0.00002 -0.00694
5 2 18 0.00034 -0.02443 -0.00015 -0.00234
5 2 19 -0.00004 -0.00816 0.00003 -0.00352
5 2 20 0.00050 -0.02347 -0.00006 -0.00274
5 2 21 -0.00000 0.00449 -0.00009 -0.00597
5 2 22 0.00003 0.00270 0.00005 0.02208
5 2 23 -0.00004 0.00453 -0.00005 -0.00570
5 2 24 0.00047 -0.01731 -0.00007 -0.00511
5 2 25 0.00051 -0.01094 -0.00007 -0.00608
5 2 26 -0.00014 0.00385 0.00001 -0.00276
5 2 27 -0.00009 0.00616 0.00029 0.00244
5 2 28 -0.00008 0.00510 -0.00004 -0.00457
5 2 29 -0.00003 0.00132 -0.00004 -0.00419
5 2 30 -0.00006 0.00474 -0.00007 -0.00458
5 2 31 -0.00002 0.00419 -0.00001 -0.00126
5 2 32 -0.00007 0.00312 0.00031 -0.00223
5 2 33 -0.00002 -0.01407 -0.00003 -0.00029
5 2 34 0.00002 -0.00019 -0.00002 -0.00209
5 2 35 -0.00004 -0.00027 -0.00002 -0.00226
5 2 36 -0.00004 0.00007 -0.00001 -0.00441
5 2 37 -0.00015 0.00005 -0.00003 -0.00155
5 2 38 0.00002 0.00266 -0.00001 -0.00136
5 2 39 0.00002 0.00111 -0.00002 -0.00151
5 2 40 0.00006 0.00202 0.00000 -0.00173
5 2 41 -0.00000 0.00134 0.00002 -0.00124
5 2 42 0.00001 0.00021 0.00002 -0.00148
5 2 43 -0.00004 0.00047 -0.00009 -0.00476
5 2 44 -0.00004 0.00123 0.00010 0.00213
5 2 45 -0.00014 0.00498 0.00021 0.01745
5 2 46 0.00004 -0.00025 -0.00003 0.00505
5 2 47 -0.00003 0.00101 -0.00002 0.00039
5 2 48 -0.00001 0.00045 -0.00002 0.00069
5 2 49 0.00020 0.00947 -0.00001 -0.00250
5 2 50 0.00001 0.00250 -0.00000 -0.00617
5 2 51 -0.00028 0.04078 0.00047 -0.06110
5 2 52 -0.00005 0.00894 -0.00002 0.00528
5 2 53 -0.00006 -0.00052 -0.00006 -0.00305
5 2 54 0.00028 0.00599 0.00035 0.00754
5 2 55 -0.00005 0.00382 -0.00004 0.00362
5 2 56 0.00002 0.00172 0.00005 0.00360
5 2 57 0.00001 0.00133 -0.00001 -0.00126
5 2 58 0.00000 0.00000 0.00000 0.00000
5 2 59 -0.00013 -0.00585 -0.00013 -0.00567
5 2 60 -0.00015 -0.00667 -0.00003 -0.00137
5 2 61 0.00001 -0.00162 0.00004 0.00697
5 2 62 -0.00014 -0.01348 0.00007 0.00283
5 3 1 0.00002 0.00166 0.00002 0.00138
5 3 2 -0.00001 -0.00114 -0.00003 -0.00270
5 3 3 0.00000 0.00000 0.00000 0.00000
5 3 4 0.00000 0.00000 0.00000 0.00000
5 3 5 0.00000 0.00000 0.00000 0.00000
6 1 1 -0.00598 0.01741 -0.01040 0.05863
6 1 2 0.00005 -0.03035 0.00299 0.00805
6 1 3 -0.00053 0.00325 -0.00054 -0.00546
6 1 4 0.00034 0.00464 0.00003 -0.00893
6 1 5 0.00032 -0.00670 -0.00068 0.01894
6 1 6 0.00002 0.01293 -0.00025 -0.00339
6 1 7 -0.00037 0.00194 -0.00005 0.00509
6 1 8 -0.00000 0.00402 0.00005 0.00106
6 1 9 0.00012 0.00056 -0.00014 -0.00315
6 1 10 0.00009 0.00462 0.00011 0.00878
6 1 11 0.00001 -0.01324 -0.00006 -0.00352
6 1 12 -0.00004 0.00452 0.00009 -0.00925
6 1 13 0.00002 0.00293 -0.00005 -0.00420
6 1 14 0.00002 0.00145 0.00020 -0.00108
6 1 15 0.00015 -0.01034 -0.00005 -0.00482
6 1 16 -0.00031 0.00389 -0.00004 0.00049
6 1 17 0.00006 -0.00173 -0.00000 -0.00403
6 1 18 0.00005 -0.00377 -0.00005 0.00295
6 1 19 -0.00006 -0.00789 -0.00003 0.00211
6 1 20 -0.00000 0.00212 -0.00005 -0.00316
6 1 21 0.00000 0.00000 0.00000 0.00000
6 1 22 0.00009 -0.00834 0.00026 0.00173
6 1 23 -0.00002 -0.00105 -0.00007 0.00279
6 2 1 0.03343 0.09240 -0.09151 -0.22593
6 2 2 -0.00144 0.02953 0.00363 0.08987
6 2 3 0.00793 0.00935 0.01259 -0.00379
6 2 4 0.00470 -0.01348 0.00717 -0.02824
6 2 5 -0.00428 0.02120 -0.00121 0.00062
6 2 6 -0.00264 0.02235 -0.00569 0.02438
6 2 7 -0.00199 0.00291 -0.00116 0.00100
6 2 8 -0.00454 0.01201 -0.00211 -0.01970
6 2 9 0.00004 0.00679 -0.00019 -0.01420
6 2 10 0.00017 0.00613 -0.00191 0.05045
6 2 11 -0.00022 0.00239 0.00143 0.02477
6 2 12 -0.00027 0.00537 -0.00011 -0.00292
6 2 13 -0.00033 0.00491 -0.00021 -0.00679
6 2 14 -0.00020 0.00775 -0.00022 -0.00742
6 2 15 -0.00008 0.00624 -0.00023 -0.00742
6 2 16 -0.00010 0.00603 0.00044 0.02309
6 2 17 -0.00006 0.00444 -0.00010 -0.00760
6 2 18 -0.00065 -0.04114 -0.00009 -0.00670
6 2 19 -0.00019 0.00698 0.00063 0.00707
6 2 20 0.00050 -0.00952 -0.00005 -0.00572
6 2 21 -0.00010 0.00418 0.00001 -0.00031
6 2 22 -0.00003 0.00385 -0.00004 -0.00320
6 2 23 -0.00003 0.00434 -0.00004 -0.00156
6 2 24 0.00023 -0.00875 -0.00004 -0.00200
6 2 25 -0.00003 0.00328 -0.00011 -0.00334
6 2 26 -0.00004 0.00429 -0.00004 -0.00285
6 2 27 0.00006 0.00184 -0.00004 -0.00872
6 2 28 -0.00047 -0.00474 0.00001 -0.00383
6 2 29 -0.00015 -0.01643 -0.00002 -0.00181
6 2 30 -0.00003 0.00508 0.00003 0.00423
6 2 31 -0.00025 -0.00447 -0.00012 -0.00511
6 2 32 -0.00000 0.00334 -0.00001 -0.00235
6 2 33 -0.00001 0.00182 -0.00011 -0.00139
6 2 34 -0.00006 0.00175 -0.00002 -0.00110
6 2 35 -0.00004 0.00142 -0.00008 -0.00520
6 2 36 0.00005 0.00500 0.00001 0.00071
6 2 37 0.00020 -0.00914 -0.00010 -0.00052
6 2 38 -0.00003 -0.00068 -0.00002 -0.00424
6 2 39 -0.00007 0.00180 -0.00007 -0.00077
6 2 40 -0.00005 -0.00678 -0.00005 -0.00211
6 2 41 -0.00001 0.00196 -0.00010 -0.00345
6 2 42 -0.00001 0.00218 -0.00004 0.00793
6 2 43 -0.00001 0.00223 -0.00000 -0.00032
6 2 44 -0.00007 -0.00299 0.00017 0.00642
6 2 45 0.00006 -0.00411 -0.00006 0.00432
6 2 46 -0.00019 0.00429 0.00000 -0.00177
6 2 47 0.00023 0.00327 0.00010 0.01036
6 2 48 -0.00000 0.00025 -0.00002 -0.00093
6 2 49 0.00002 -0.00020 -0.00015 0.00735
6 2 50 0.00015 -0.00066 0.00007 -0.00158
6 2 51 0.00015 -0.01261 -0.00001 -0.00365
6 2 52 -0.00002 0.00049 -0.00019 0.01078
6 2 53 -0.00002 0.00337 -0.00002 0.00466
6 2 54 -0.00139 0.02367 0.00656 -0.01321
6 2 55 -0.00001 0.00209 -0.00001 0.00527
6 2 56 -0.00003 -0.00367 -0.00006 -0.00552
6 2 57 0.00003 0.00201 -0.00016 0.00470
6 2 58 -0.00001 -0.00040 -0.00004 -0.00312
6 2 59 -0.00000 -0.00067 -0.00001 -0.00032
6 2 60 -0.00002 -0.00081 0.00004 0.00574
6 2 61 0.00041 -0.00323 0.00002 0.00367
6 2 62 -0.00002 -0.00160 -0.00000 -0.00004
6 3 1 -0.00002 -0.00235 -0.00003 -0.00315
6 3 2 0.00056 0.00482 0.00055 0.00391
6 3 3 0.00000 0.00000 0.00000 0.00000
6 3 4 0.00000 0.00000 0.00000 0.00000
6 3 5 0.00000 0.00000 0.00000 0.00000
