1 1 1 435.33 435.38 10.00
1 1 2 432.23 427.53 10.00
1 1 3 423.83 423.38 10.00
1 1 4 444.38 423.42 10.00
1 1 5 422.78 427.67 10.00
1 1 6 423.53 439.33 10.00
1 1 7 433.88 439.23 10.00
1 1 8 439.42 423.33 10.00
1 1 9 435.48 442.73 10.00
1 1 10 422.83 438.08 10.00
1 1 11 435.58 429.42 10.00
1 1 12 441.78 425.13 10.00
1 1 13 429.17 433.23 10.00
1 1 14 433.73 421.38 10.00
1 1 15 429.92 430.08 10.00
1 1 16 421.67 422.08 10.00
1 1 17 421.67 437.38 10.00
1 1 18 442.03 429.28 10.00
1 1 19 426.33 433.63 10.00
1 1 20 421.92 436.17 10.00
1 1 21 426.17 436.78 10.00
1 1 22 420.67 421.17 10.00
1 1 23 426.92 441.78 10.00
1 2 1 427.63 422.88 10.00
1 2 2 440.13 444.23 10.00
1 2 3 436.08 427.17 10.00
1 2 4 428.73 427.28 10.00
1 2 5 422.42 435.13 10.00
1 2 6 431.38 423.42 10.00
1 2 7 438.58 431.38 10.00
1 2 8 422.98 424.23 10.00
1 2 9 423.92 438.42 10.00
1 2 10 439.73 438.48 10.00
1 2 11 423.28 422.53 10.00
1 2 12 423.17 442.88 10.00
1 2 13 434.63 434.58 10.00
1 2 14 426.08 442.58 10.00
1 2 15 427.33 442.42 10.00
1 2 16 427.23 425.73 10.00
1 2 17 435.28 422.58 10.00
1 2 18 423.53 422.58 10.00
1 2 19 427.23 425.98 10.00
1 2 20 427.03 426.42 10.00
1 2 21 422.17 422.08 10.00
1 2 22 422.67 422.48 10.00
1 2 23 425.98 426.42 10.00
1 2 24 438.08 426.73 10.00
1 2 25 430.92 421.42 10.00
1 2 26 438.28 429.83 10.00
1 2 27 437.98 429.42 10.00
1 2 28 429.42 429.98 10.00
1 2 29 433.92 437.53 10.00
1 2 30 420.98 440.92 10.00
1 2 31 438.03 429.67 10.00
1 2 32 433.17 420.83 10.00
1 2 33 430.13 434.08 10.00
1 2 34 427.28 434.38 10.00
1 2 35 426.23 429.67 10.00
1 2 36 438.98 421.98 10.00
1 2 37 437.83 441.83 10.00
1 2 38 422.13 422.42 10.00
1 2 39 425.67 422.67 10.00
1 2 40 441.88 438.28 10.00
1 2 41 435.17 421.63 10.00
1 2 42 426.13 421.03 10.00
1 2 43 441.98 433.33 10.00
1 2 44 421.73 432.92 10.00
1 2 45 437.08 425.13 10.00
1 2 46 437.58 437.28 10.00
1 2 47 436.98 425.17 10.00
1 2 48 440.92 429.08 10.00
1 2 49 436.67 448.78 10.00
1 2 50 444.42 428.58 10.00
1 2 51 441.13 428.53 10.00
1 2 52 436.33 443.98 10.00
1 2 53 448.03 439.28 10.00
1 2 54 443.28 443.28 10.00
1 2 55 447.42 428.08 10.00
1 2 56 427.38 447.83 10.00
1 2 57 434.58 434.42 10.00
1 2 58 438.67 426.63 10.00
1 2 59 435.08 434.63 10.00
1 2 60 427.08 426.63 10.00
1 2 61 442.13 426.08 10.00
1 2 62 446.08 434.73 10.00
1 3 1 432.23 427.83 10.00
1 3 2 437.28 420.08 10.00
1 3 3 421.58 428.78 10.00
1 3 4 424.13 423.88 10.00
1 3 5 421.08 427.63 10.00
2 1 1 403.23 383.28 10.00
2 1 2 395.58 382.98 10.00
2 1 3 403.13 390.42 10.00
2 1 4 396.13 387.03 10.00
2 1 5 381.48 395.03 10.00
2 1 6 0.00 0.00 10.00
2 1 7 394.28 402.78 10.00
2 1 8 399.08 403.67 10.00
2 1 9 383.42 382.17 10.00
2 1 10 0.00 0.00 10.00
2 1 11 399.28 390.53 10.00
2 1 12 398.67 392.92 10.00
2 1 13 382.42 389.88 10.00
2 1 14 389.92 392.98 10.00
2 1 15 386.58 393.42 10.00
2 1 16 381.38 382.03 10.00
2 1 17 382.63 381.23 10.00
2 1 18 386.23 398.23 10.00
2 1 19 0.00 0.00 10.00
2 1 20 400.92 392.48 10.00
2 1 21 389.23 393.58 10.00
2 1 22 385.13 397.33 10.00
2 1 23 390.33 381.58 10.00
2 2 1 382.88 394.08 10.00
2 2 2 392.17 399.23 10.00
2 2 3 399.13 390.78 10.00
2 2 4 399.92 398.53 10.00
2 2 5 402.73 386.92 10.00
2 2 6 383.17 390.33 10.00
2 2 7 387.08 399.23 10.00
2 2 8 386.92 395.42 10.00
2 2 9 383.83 391.13 10.00
2 2 10 383.42 398.42 10.00
2 2 11 391.78 381.92 10.00
2 2 12 403.23 401.98 10.00
2 2 13 390.33 394.13 10.00
2 2 14 386.48 381.08 10.00
2 2 15 385.98 385.98 10.00
2 2 16 397.98 401.78 10.00
2 2 17 403.98 386.73 10.00
2 2 18 395.67 395.38 10.00
2 2 19 383.03 382.38 10.00
2 2 20 399.98 383.42 10.00
2 2 21 398.67 386.53 10.00
2 2 22 387.63 382.58 10.00
2 2 23 398.42 398.78 10.00
2 2 24 394.53 395.78 10.00
2 2 25 383.42 390.73 10.00
2 2 26 383.48 389.38 10.00
2 2 27 383.03 382.38 10.00
2 2 28 402.53 394.13 10.00
2 2 29 390.83 381.63 10.00
2 2 30 381.88 381.92 10.00
2 2 31 393.73 402.03 10.00
2 2 32 381.42 393.23 10.00
2 2 33 382.58 382.23 10.00
2 2 34 399.58 399.17 10.00
2 2 35 394.83 398.42 10.00
2 2 36 382.88 398.78 10.00
2 2 37 401.73 397.92 10.00
2 2 38 382.28 382.92 10.00
2 2 39 385.78 390.17 10.00
2 2 40 397.92 394.73 10.00
2 2 41 382.17 386.03 10.00
2 2 42 402.03 393.08 10.00
2 2 43 390.08 385.13 10.00
2 2 44 381.98 401.23 10.00
2 2 45 401.42 385.33 10.00
2 2 46 385.48 384.98 10.00
2 2 47 385.88 381.13 10.00
2 2 48 389.17 384.67 10.00
2 2 49 395.53 382.73 10.00
2 2 50 390.48 390.73 10.00
2 2 51 382.88 390.28 10.00
2 2 52 398.98 394.42 10.00
2 2 53 389.92 393.98 10.00
2 2 54 381.92 381.78 10.00
2 2 55 402.98 393.38 10.00
2 2 56 382.42 402.17 10.00
2 2 57 397.23 396.78 10.00
2 2 58 381.28 384.63 10.00
2 2 59 385.63 384.88 10.00
2 2 60 381.03 381.38 10.00
2 2 61 388.53 392.48 10.00
2 2 62 388.73 384.92 10.00
2 3 1 380.98 389.38 10.00
2 3 2 389.58 392.33 10.00
2 3 3 384.38 380.17 10.00
2 3 4 400.78 383.73 10.00
2 3 5 380.33 389.48 10.00
3 1 1 434.73 426.28 10.00
3 1 2 431.28 426.33 10.00
3 1 3 438.03 426.03 10.00
3 1 4 426.83 441.92 10.00
3 1 5 429.17 422.28 10.00
3 1 6 430.17 430.08 10.00
3 1 7 435.38 430.58 10.00
3 1 8 434.78 426.58 10.00
3 1 9 438.48 430.53 10.00
3 1 10 429.42 424.67 10.00
3 1 11 431.63 421.78 10.00
3 1 12 437.17 436.28 10.00
3 1 13 432.78 441.48 10.00
3 1 14 421.33 421.28 10.00
3 1 15 422.48 437.17 10.00
3 1 16 429.67 432.63 10.00
3 1 17 421.42 436.92 10.00
3 1 18 436.42 428.67 10.00
3 1 19 426.13 420.83 10.00
3 1 20 432.08 440.13 10.00
3 1 21 420.13 436.42 10.00
3 1 22 420.78 424.23 10.00
3 1 23 441.23 424.67 10.00
3 2 1 423.08 437.83 10.00
3 2 2 423.13 436.13 10.00
3 2 3 426.83 437.98 10.00
3 2 4 427.83 434.78 10.00
3 2 5 430.78 422.17 10.00
3 2 6 426.33 443.13 10.00
3 2 7 430.28 422.38 10.00
3 2 8 422.67 431.03 10.00
3 2 9 427.83 430.53 10.00
3 2 10 438.67 426.08 10.00
3 2 11 427.17 421.83 10.00
3 2 12 430.38 441.13 10.00
3 2 13 425.92 421.28 10.00
3 2 14 425.33 421.73 10.00
3 2 15 433.92 421.83 10.00
3 2 16 429.38 437.42 10.00
3 2 17 431.03 422.42 10.00
3 2 18 426.63 439.03 10.00
3 2 19 427.28 426.48 10.00
3 2 20 423.28 437.98 10.00
3 2 21 441.92 422.23 10.00
3 2 22 422.67 426.17 10.00
3 2 23 437.48 442.28 10.00
3 2 24 422.88 422.83 10.00
3 2 25 439.08 421.78 10.00
3 2 26 434.88 422.13 10.00
3 2 27 427.08 425.48 10.00
3 2 28 438.33 425.17 10.00
3 2 29 429.48 420.63 10.00
3 2 30 425.48 420.92 10.00
3 2 31 437.38 424.78 10.00
3 2 32 428.92 432.42 10.00
3 2 33 421.83 429.23 10.00
3 2 34 422.42 425.98 10.00
3 2 35 429.33 441.42 10.00
3 2 36 441.88 421.42 10.00
3 2 37 433.08 424.48 10.00
3 2 38 437.78 437.42 10.00
3 2 39 424.48 437.28 10.00
3 2 40 438.08 429.88 10.00
3 2 41 421.48 428.83 10.00
3 2 42 441.23 436.28 10.00
3 2 43 441.63 419.88 10.00
3 2 44 428.98 428.42 10.00
3 2 45 424.42 423.67 10.00
3 2 46 420.78 420.28 10.00
3 2 47 436.28 432.23 10.00
3 2 48 420.08 419.08 10.00
3 2 49 438.63 425.58 10.00
3 2 50 441.67 441.08 10.00
3 2 51 433.92 422.08 10.00
3 2 52 429.88 421.13 10.00
3 2 53 429.08 429.13 10.00
3 2 54 433.17 436.78 10.00
3 2 55 433.92 429.17 10.00
3 2 56 421.67 425.73 10.00
3 2 57 440.28 427.98 10.00
3 2 58 436.63 428.17 10.00
3 2 59 436.53 431.83 10.00
3 2 60 428.67 432.63 10.00
3 2 61 439.53 419.38 10.00
3 2 62 419.92 435.83 10.00
3 3 1 436.88 427.73 10.00
3 3 2 420.03 432.03 10.00
3 3 3 439.73 419.38 10.00
3 3 4 428.03 431.53 10.00
3 3 5 422.67 426.63 10.00
4 1 1 431.03 430.53 10.00
4 1 2 427.83 419.03 10.00
4 1 3 438.98 422.13 10.00
4 1 4 426.38 418.38 10.00
4 1 5 426.58 418.03 10.00
4 1 6 438.33 425.17 10.00
4 1 7 434.17 434.48 10.00
4 1 8 421.23 425.78 10.00
4 1 9 434.83 425.58 10.00
4 1 10 422.83 433.63 10.00
4 1 11 439.48 422.17 10.00
4 1 12 438.13 424.92 10.00
4 1 13 417.78 421.53 10.00
4 1 14 433.53 425.28 10.00
4 1 15 417.42 428.92 10.00
4 1 16 430.53 424.03 10.00
4 1 17 429.88 425.92 10.00
4 1 18 430.38 424.58 10.00
4 1 19 430.28 418.17 10.00
4 1 20 425.48 428.63 10.00
4 1 21 425.67 421.63 10.00
4 1 22 437.63 425.03 10.00
4 1 23 417.33 417.78 10.00
4 2 1 423.38 422.53 10.00
4 2 2 435.48 427.03 10.00
4 2 3 419.92 430.92 10.00
4 2 4 419.63 419.23 10.00
4 2 5 418.78 438.92 10.00
4 2 6 418.92 439.28 10.00
4 2 7 423.48 418.88 10.00
4 2 8 419.33 435.33 10.00
4 2 9 424.03 418.23 10.00
4 2 10 427.03 425.98 10.00
4 2 11 423.58 417.78 10.00
4 2 12 430.98 429.42 10.00
4 2 13 418.78 434.08 10.00
4 2 14 425.38 438.03 10.00
4 2 15 421.73 434.42 10.00
4 2 16 421.63 417.67 10.00
4 2 17 423.17 426.73 10.00
4 2 18 419.28 422.63 10.00
4 2 19 419.17 438.53 10.00
4 2 20 426.73 426.63 10.00
4 2 21 434.53 437.98 10.00
4 2 22 426.67 427.23 10.00
4 2 23 434.48 430.63 10.00
4 2 24 418.73 419.33 10.00
4 2 25 431.73 426.23 10.00
4 2 26 418.92 418.28 10.00
4 2 27 426.33 417.78 10.00
4 2 28 430.13 421.73 10.00
4 2 29 434.88 433.98 10.00
4 2 30 417.88 421.83 10.00
4 2 31 438.17 426.08 10.00
4 2 32 437.28 436.92 10.00
4 2 33 418.83 426.38 10.00
4 2 34 439.13 431.03 10.00
4 2 35 433.88 418.92 10.00
4 2 36 430.67 422.03 10.00
4 2 37 433.53 426.28 10.00
4 2 38 429.63 430.58 10.00
4 2 39 433.78 430.42 10.00
4 2 40 434.13 418.63 10.00
4 2 41 422.67 417.83 10.00
4 2 42 422.28 420.58 10.00
4 2 43 430.03 429.88 10.00
4 2 44 425.58 429.28 10.00
4 2 45 425.58 421.48 10.00
4 2 46 425.03 428.67 10.00
4 2 47 425.13 416.83 10.00
4 2 48 421.03 417.17 10.00
4 2 49 430.83 419.17 10.00
4 2 50 434.28 426.48 10.00
4 2 51 434.83 422.67 10.00
4 2 52 438.78 418.17 10.00
4 2 53 433.28 434.63 10.00
4 2 54 421.73 422.28 10.00
4 2 55 433.98 417.83 10.00
4 2 56 430.03 433.98 10.00
4 2 57 417.13 417.48 10.00
4 2 58 429.33 417.03 10.00
4 2 59 425.63 428.92 10.00
4 2 60 417.08 419.42 10.00
4 2 61 436.92 436.67 10.00
4 2 62 420.42 433.03 10.00
4 3 1 424.48 416.38 10.00
4 3 2 431.98 420.88 10.00
4 3 3 429.28 421.03 10.00
4 3 4 428.08 416.78 10.00
4 3 5 428.98 436.23 10.00
5 1 1 425.13 440.83 10.00
5 1 2 444.58 440.83 10.00
5 1 3 429.08 428.98 10.00
5 1 4 428.73 432.78 10.00
5 1 5 427.28 424.42 10.00
5 1 6 444.73 444.98 10.00
5 1 7 423.78 440.23 10.00
5 1 8 443.53 433.63 10.00
5 1 9 440.88 436.08 10.00
5 1 10 424.33 435.17 10.00
5 1 11 424.03 435.03 10.00
5 1 12 436.48 435.78 10.00
5 1 13 435.28 435.03 10.00
5 1 14 431.17 426.08 10.00
5 1 15 439.33 431.98 10.00
5 1 16 423.63 423.17 10.00
5 1 17 424.53 427.78 10.00
5 1 18 430.53 430.98 10.00
5 1 19 442.98 431.78 10.00
5 1 20 435.03 423.33 10.00
5 1 21 431.03 438.88 10.00
5 1 22 430.03 422.63 10.00
5 1 23 431.03 430.53 10.00
5 2 1 432.92 424.98 10.00
5 2 2 424.63 441.78 10.00
5 2 3 428.92 440.33 10.00
5 2 4 436.53 428.33 10.00
5 2 5 431.88 431.53 10.00
5 2 6 432.17 431.98 10.00
5 2 7 427.92 436.53 10.00
5 2 8 431.92 441.08 10.00
5 2 9 428.83 428.03 10.00
5 2 10 424.73 423.48 10.00
5 2 11 437.17 443.78 10.00
5 2 12 424.42 424.08 10.00
5 2 13 444.38 444.08 10.00
5 2 14 432.28 427.28 10.00
5 2 15 444.08 435.38 10.00
5 2 16 427.42 423.73 10.00
5 2 17 437.03 424.42 10.00
5 2 18 425.73 425.08 10.00
5 2 19 432.38 439.78 10.00
5 2 20 429.28 424.92 10.00
5 2 21 423.78 444.38 10.00
5 2 22 440.48 432.92 10.00
5 2 23 424.48 428.23 10.00
5 2 24 440.63 445.38 10.00
5 2 25 440.98 428.38 10.00
5 2 26 444.83 439.83 10.00
5 2 27 444.48 427.92 10.00
5 2 28 439.92 431.23 10.00
5 2 29 423.28 423.13 10.00
5 2 30 423.38 439.17 10.00
5 2 31 443.58 440.03 10.00
5 2 32 434.78 423.38 10.00
5 2 33 428.08 436.13 10.00
5 2 34 432.88 424.53 10.00
5 2 35 424.42 431.88 10.00
5 2 36 424.08 440.13 10.00
5 2 37 439.17 427.63 10.00
5 2 38 431.28 428.33 10.00
5 2 39 423.23 435.28 10.00
5 2 40 424.03 428.08 10.00
5 2 41 443.83 431.83 10.00
5 2 42 427.33 431.13 10.00
5 2 43 439.23 431.13 10.00
5 2 44 423.58 431.08 10.00
5 2 45 431.28 442.83 10.00
5 2 46 426.67 426.78 10.00
5 2 47 422.53 438.78 10.00
5 2 48 422.48 426.63 10.00
5 2 49 424.42 435.92 10.00
5 2 50 432.58 423.17 10.00
5 2 51 424.58 436.23 10.00
5 2 52 428.33 427.83 10.00
5 2 53 423.23 422.67 10.00
5 2 54 443.17 435.78 10.00
5 2 55 443.58 423.48 10.00
5 2 56 427.23 427.08 10.00
5 2 57 422.83 441.78 10.00
5 2 58 426.28 426.23 10.00
5 2 59 426.53 425.83 10.00
5 2 60 443.33 425.98 10.00
5 2 61 429.03 422.08 10.00
5 2 62 425.98 442.28 10.00
5 3 1 426.38 438.23 10.00
5 3 2 425.78 436.63 10.00
5 3 3 438.98 437.88 10.00
5 3 4 433.73 433.53 10.00
5 3 5 430.92 425.13 10.00
6 1 1 423.58 423.53 10.00
6 1 2 423.33 435.67 10.00
6 1 3 423.28 431.33 10.00
6 1 4 431.58 434.83 10.00
6 1 5 426.83 431.03 10.00
6 1 6 426.73 426.83 10.00
6 1 7 438.33 422.92 10.00
6 1 8 426.73 443.23 10.00
6 1 9 423.53 430.17 10.00
6 1 10 434.03 421.58 10.00
6 1 11 422.73 425.98 10.00
6 1 12 433.63 425.08 10.00
6 1 13 437.88 429.78 10.00
6 1 14 441.38 425.67 10.00
6 1 15 437.63 442.17 10.00
6 1 16 429.78 437.67 10.00
6 1 17 435.63 446.63 10.00
6 1 18 427.28 426.73 10.00
6 1 19 426.53 431.67 10.00
6 1 20 426.83 438.63 10.00
6 1 21 0.00 0.00 10.00
6 1 22 425.67 430.28 10.00
6 1 23 442.58 426.92 10.00
6 2 1 430.98 438.92 10.00
6 2 2 435.42 426.48 10.00
6 2 3 423.78 434.78 10.00
6 2 4 439.48 439.17 10.00
6 2 5 422.17 439.17 10.00
6 2 6 426.83 439.03 10.00
6 2 7 438.63 423.28 10.00
6 2 8 426.58 427.08 10.00
6 2 9 435.28 422.73 10.00
6 2 10 443.28 425.88 10.00
6 2 11 443.42 442.58 10.00
6 2 12 426.78 429.53 10.00
6 2 13 422.88 422.23 10.00
6 2 14 438.42 441.83 10.00
6 2 15 426.67 437.67 10.00
6 2 16 430.42 437.53 10.00
6 2 17 423.53 426.48 10.00
6 2 18 423.42 423.33 10.00
6 2 19 422.63 442.83 10.00
6 2 20 423.67 426.28 10.00
6 2 21 425.63 425.08 10.00
6 2 22 426.78 422.98 10.00
6 2 23 421.88 422.98 10.00
6 2 24 422.48 430.63 10.00
6 2 25 439.53 423.13 10.00
6 2 26 438.88 429.78 10.00
6 2 27 423.63 422.58 10.00
6 2 28 438.63 421.53 10.00
6 2 29 429.92 422.03 10.00
6 2 30 433.08 429.92 10.00
6 2 31 422.17 441.92 10.00
6 2 32 425.78 425.03 10.00
6 2 33 430.17 429.88 10.00
6 2 34 442.53 426.92 10.00
6 2 35 430.48 421.63 10.00
6 2 36 423.58 430.28 10.00
6 2 37 441.17 421.53 10.00
6 2 38 421.83 430.58 10.00
6 2 39 421.88 430.23 10.00
6 2 40 430.38 434.63 10.00
6 2 41 430.17 441.38 10.00
6 2 42 429.63 428.92 10.00
6 2 43 422.08 425.13 10.00
6 2 44 429.33 420.92 10.00
6 2 45 425.13 420.67 10.00
6 2 46 441.17 420.88 10.00
6 2 47 433.42 421.17 10.00
6 2 48 428.28 420.88 10.00
6 2 49 448.03 443.53 10.00
6 2 50 435.92 443.67 10.00
6 2 51 428.13 428.23 10.00
6 2 52 440.08 444.03 10.00
6 2 53 427.13 447.42 10.00
6 2 54 431.08 431.58 10.00
6 2 55 443.63 427.83 10.00
6 2 56 435.88 432.03 10.00
6 2 57 443.17 425.78 10.00
6 2 58 434.67 441.78 10.00
6 2 59 426.23 425.58 10.00
6 2 60 434.92 442.03 10.00
6 2 61 429.92 442.03 10.00
6 2 62 434.03 425.98 10.00
6 3 1 434.13 433.42 10.00
6 3 2 428.23 432.48 10.00
6 3 3 427.63 430.17 10.00
6 3 4 425.98 424.03 10.00
6 3 5 428.78 425.33 10.00
