1 1 1 61.3970 0.0034 0.7950 64.0647 0.0034 0.7950
1 1 2 58.5923 0.0034 0.7950 46.7409 0.0034 0.7950
1 1 3 56.8881 0.0034 0.7950 61.8961 0.0034 0.7950
1 1 4 53.7628 0.0034 0.7950 49.2126 0.0034 0.7950
1 1 5 78.2671 0.0034 0.7950 67.0439 0.0034 0.7950
1 1 6 101.2528 0.0034 0.7950 53.5630 0.0034 0.7950
1 1 7 71.1539 0.0034 0.7950 80.4886 0.0034 0.7950
1 1 8 59.8856 0.0034 0.7950 52.0693 0.0034 0.7950
1 1 9 46.6246 0.0034 0.7950 108.7763 0.0034 0.7950
1 1 10 52.7608 0.0034 0.7950 64.3430 0.0034 0.7950
1 1 11 33.3996 0.0034 0.7950 60.4330 0.0034 0.7950
1 1 12 55.9938 0.0034 0.7950 48.4571 0.0034 0.7950
1 1 13 54.3503 0.0034 0.7950 70.4663 0.0034 0.7950
1 1 14 23.7890 0.0034 0.7950 72.6559 0.0034 0.7950
1 1 15 62.9475 0.0034 0.7950 57.3764 0.0034 0.7950
1 1 16 34.3081 0.0034 0.7950 55.9152 0.0034 0.7950
1 1 17 49.8652 0.0034 0.7950 41.9358 0.0034 0.7950
1 1 18 50.7376 0.0034 0.7950 47.3162 0.0034 0.7950
1 1 19 5.5972 0.0034 0.7950 28.0453 0.0034 0.7950
1 1 20 27.0777 0.0034 0.7950 74.6420 0.0034 0.7950
1 1 21 32.2006 0.0034 0.7950 0.0000 0.0034 0.7950
1 1 22 0.0000 0.0034 0.7950 62.0987 0.0034 0.7950
1 1 23 37.2826 0.0034 0.7950 6.8000 0.0034 0.7950
1 2 1 40.0000 0.0034 0.7950 40.0000 0.0034 0.7950
1 2 2 40.0000 0.0034 0.7950 40.0000 0.0034 0.7950
1 2 3 77.4058 0.0034 0.7950 49.0896 0.0034 0.7950
1 2 4 50.4490 0.0034 0.7950 54.2877 0.0034 0.7950
1 2 5 53.1035 0.0034 0.7950 48.9054 0.0034 0.7950
1 2 6 50.7449 0.0034 0.7950 53.7668 0.0034 0.7950
1 2 7 48.3755 0.0034 0.7950 47.2831 0.0034 0.7950
1 2 8 51.8315 0.0034 0.7950 47.5607 0.0034 0.7950
1 2 9 43.4630 0.0034 0.7950 58.1289 0.0034 0.7950
1 2 10 49.9540 0.0034 0.7950 45.3318 0.0034 0.7950
1 2 11 49.8046 0.0034 0.7950 47.1549 0.0034 0.7950
1 2 12 44.6679 0.0034 0.7950 45.2479 0.0034 0.7950
1 2 13 53.7448 0.0034 0.7950 51.1093 0.0034 0.7950
1 2 14 46.2000 0.0034 0.7950 42.5331 0.0034 0.7950
1 2 15 56.0298 0.0034 0.7950 46.1754 0.0034 0.7950
1 2 16 44.8109 0.0034 0.7950 46.1527 0.0034 0.7950
1 2 17 46.1512 0.0034 0.7950 49.6311 0.0034 0.7950
1 2 18 30.2252 0.0034 0.7950 52.4695 0.0034 0.7950
1 2 19 106.7247 0.0034 0.7950 37.7491 0.0034 0.7950
1 2 20 101.8405 0.0034 0.7950 4.8334 0.0034 0.7950
1 2 21 82.5936 0.0034 0.7950 44.4738 0.0034 0.7950
1 2 22 69.2885 0.0034 0.7950 67.4396 0.0034 0.7950
1 2 23 66.2150 0.0034 0.7950 41.6109 0.0034 0.7950
1 2 24 76.0989 0.0034 0.7950 37.4759 0.0034 0.7950
1 2 25 93.8011 0.0034 0.7950 46.2939 0.0034 0.7950
1 2 26 74.0710 0.0034 0.7950 36.7731 0.0034 0.7950
1 2 27 67.5765 0.0034 0.7950 32.7599 0.0034 0.7950
1 2 28 89.3161 0.0034 0.7950 52.7924 0.0034 0.7950
1 2 29 53.2067 0.0034 0.7950 48.4075 0.0034 0.7950
1 2 30 56.0493 0.0034 0.7950 70.6862 0.0034 0.7950
1 2 31 49.4844 0.0034 0.7950 61.8408 0.0034 0.7950
1 2 32 44.8685 0.0034 0.7950 53.1877 0.0034 0.7950
1 2 33 67.1270 0.0034 0.7950 33.8632 0.0034 0.7950
1 2 34 43.6528 0.0034 0.7950 36.6030 0.0034 0.7950
1 2 35 52.1399 0.0034 0.7950 34.2715 0.0034 0.7950
1 2 36 45.9087 0.0034 0.7950 33.0616 0.0034 0.7950
1 2 37 40.2656 0.0034 0.7950 51.5069 0.0034 0.7950
1 2 38 37.8444 0.0034 0.7950 56.9745 0.0034 0.7950
1 2 39 53.0603 0.0034 0.7950 36.3586 0.0034 0.7950
1 2 40 45.1198 0.0034 0.7950 36.8647 0.0034 0.7950
1 2 41 48.1758 0.0034 0.7950 46.3104 0.0034 0.7950
1 2 42 42.5587 0.0034 0.7950 42.0780 0.0034 0.7950
1 2 43 48.3925 0.0034 0.7950 55.5096 0.0034 0.7950
1 2 44 40.5733 0.0034 0.7950 36.9641 0.0034 0.7950
1 2 45 24.0147 0.0034 0.7950 38.7317 0.0034 0.7950
1 2 46 33.7007 0.0034 0.7950 58.0322 0.0034 0.7950
1 2 47 97.3404 0.0034 0.7950 68.2583 0.0034 0.7950
1 2 48 55.3124 0.0034 0.7950 90.2543 0.0034 0.7950
1 2 49 79.3804 0.0034 0.7950 47.8603 0.0034 0.7950
1 2 50 66.7534 0.0034 0.7950 199.9998 0.0034 0.7950
1 2 51 37.3565 0.0034 0.7950 1.0795 0.0034 0.7950
1 2 52 0.0011 0.0034 0.7950 34.4971 0.0034 0.7950
1 2 53 56.9247 0.0034 0.7950 0.0001 0.0034 0.7950
1 2 54 72.7194 0.0034 0.7950 0.0000 0.0034 0.7950
1 2 55 0.9954 0.0034 0.7950 39.1353 0.0034 0.7950
1 2 56 36.9362 0.0034 0.7950 0.0000 0.0034 0.7950
1 2 57 40.0000 0.0034 0.7950 199.9999 0.0034 0.7950
1 2 58 40.0000 0.0034 0.7950 96.6402 0.0034 0.7950
1 2 59 43.5627 0.0034 0.7950 36.1458 0.0034 0.7950
1 2 60 40.0000 0.0034 0.7950 43.0440 0.0034 0.7950
1 2 61 40.0000 0.0034 0.7950 40.0000 0.0034 0.7950
1 2 62 40.0000 0.0034 0.7950 40.0000 0.0034 0.7950
1 3 1 40.0000 0.0034 0.7950 108.3613 0.0034 0.7950
1 3 2 40.0000 0.0034 0.7950 40.0000 0.0034 0.7950
1 3 3 40.0000 0.0034 0.7950 40.0000 0.0034 0.7950
1 3 4 40.0000 0.0034 0.7950 40.0000 0.0034 0.7950
1 3 5 40.0000 0.0034 0.7950 40.0000 0.0034 0.7950
2 1 1 40.3492 0.0034 0.7950 41.1639 0.0034 0.7950
2 1 2 67.4576 0.0034 0.7950 71.0956 0.0034 0.7950
2 1 3 45.3907 0.0034 0.7950 25.7306 0.0034 0.7950
2 1 4 69.1691 0.0034 0.7950 75.1687 0.0034 0.7950
2 1 5 40.7391 0.0034 0.7950 22.7680 0.0034 0.7950
2 1 6 40.0000 0.0034 0.7950 40.0000 0.0034 0.7950
2 1 7 45.4082 0.0034 0.7950 93.0914 0.0034 0.7950
2 1 8 62.0217 0.0034 0.7950 88.5958 0.0034 0.7950
2 1 9 58.3760 0.0034 0.7950 89.1322 0.0034 0.7950
2 1 10 40.0000 0.0034 0.7950 40.0000 0.0034 0.7950
2 1 11 72.9006 0.0034 0.7950 90.7524 0.0034 0.7950
2 1 12 14.6952 0.0034 0.7950 31.4882 0.0034 0.7950
2 1 13 64.6190 0.0034 0.7950 32.9817 0.0034 0.7950
2 1 14 73.1346 0.0034 0.7950 65.6419 0.0034 0.7950
2 1 15 47.3745 0.0034 0.7950 62.3923 0.0034 0.7950
2 1 16 35.0362 0.0034 0.7950 37.7037 0.0034 0.7950
2 1 17 12.5110 0.0034 0.7950 42.2960 0.0034 0.7950
2 1 18 56.5084 0.0034 0.7950 75.2476 0.0034 0.7950
2 1 19 38.3386 0.0034 0.7950 20.7521 0.0034 0.7950
2 1 20 61.9609 0.0034 0.7950 41.4836 0.0034 0.7950
2 1 21 51.1631 0.0034 0.7950 8.4606 0.0034 0.7950
2 1 22 41.2892 0.0034 0.7950 55.2321 0.0034 0.7950
2 1 23 40.0000 0.0034 0.7950 34.5789 0.0034 0.7950
2 2 1 40.0000 0.0034 0.7950 40.0000 0.0034 0.7950
2 2 2 40.0000 0.0034 0.7950 40.0000 0.0034 0.7950
2 2 3 40.0000 0.0034 0.7950 40.0000 0.0034 0.7950
2 2 4 40.0000 0.0034 0.7950 40.0000 0.0034 0.7950
2 2 5 40.0000 0.0034 0.7950 40.0000 0.0034 0.7950
2 2 6 36.3252 0.0034 0.7950 40.0000 0.0034 0.7950
2 2 7 36.4742 0.0034 0.7950 35.1551 0.0034 0.7950
2 2 8 142.4873 0.0034 0.7950 40.5516 0.0034 0.7950
2 2 9 153.7752 0.0034 0.7950 40.0000 0.0034 0.7950
2 2 10 38.6707 0.0034 0.7950 41.1788 0.0034 0.7950
2 2 11 46.9460 0.0034 0.7950 110.1166 0.0034 0.7950
2 2 12 46.8980 0.0034 0.7950 45.5601 0.0034 0.7950
2 2 13 0.0005 0.0034 0.7950 199.9897 0.0034 0.7950
2 2 14 39.4233 0.0034 0.7950 108.4501 0.0034 0.7950
2 2 15 16.2020 0.0034 0.7950 38.2349 0.0034 0.7950
2 2 16 44.9684 0.0034 0.7950 20.5615 0.0034 0.7950
2 2 17 59.8260 0.0034 0.7950 117.2871 0.0034 0.7950
2 2 18 180.3682 0.0034 0.7950 58.4555 0.0034 0.7950
2 2 19 93.4968 0.0034 0.7950 90.7212 0.0034 0.7950
2 2 20 39.9909 0.0034 0.7950 34.0177 0.0034 0.7950
2 2 21 39.7240 0.0034 0.7950 199.0041 0.0034 0.7950
2 2 22 57.0186 0.0034 0.7950 85.5429 0.0034 0.7950
2 2 23 73.2751 0.0034 0.7950 34.4046 0.0034 0.7950
2 2 24 56.1602 0.0034 0.7950 111.3099 0.0034 0.7950
2 2 25 58.1493 0.0034 0.7950 11.8444 0.0034 0.7950
2 2 26 70.7563 0.0034 0.7950 53.2221 0.0034 0.7950
2 2 27 43.9147 0.0034 0.7950 79.0197 0.0034 0.7950
2 2 28 86.6367 0.0034 0.7950 58.5830 0.0034 0.7950
2 2 29 48.0868 0.0034 0.7950 75.5978 0.0034 0.7950
2 2 30 83.5041 0.0034 0.7950 70.0042 0.0034 0.7950
2 2 31 42.1853 0.0034 0.7950 67.9085 0.0034 0.7950
2 2 32 63.0901 0.0034 0.7950 38.2587 0.0034 0.7950
2 2 33 69.3787 0.0034 0.7950 81.1848 0.0034 0.7950
2 2 34 35.6095 0.0034 0.7950 35.6433 0.0034 0.7950
2 2 35 48.4662 0.0034 0.7950 47.7706 0.0034 0.7950
2 2 36 39.7074 0.0034 0.7950 42.9781 0.0034 0.7950
2 2 37 35.2796 0.0034 0.7950 41.9549 0.0034 0.7950
2 2 38 39.5086 0.0034 0.7950 38.9280 0.0034 0.7950
2 2 39 39.3729 0.0034 0.7950 43.7673 0.0034 0.7950
2 2 40 45.6827 0.0034 0.7950 39.3889 0.0034 0.7950
2 2 41 46.4518 0.0034 0.7950 54.7497 0.0034 0.7950
2 2 42 40.4349 0.0034 0.7950 57.7337 0.0034 0.7950
2 2 43 42.1106 0.0034 0.7950 37.3686 0.0034 0.7950
2 2 44 38.4314 0.0034 0.7950 40.8843 0.0034 0.7950
2 2 45 30.1891 0.0034 0.7950 53.8808 0.0034 0.7950
2 2 46 62.7803 0.0034 0.7950 41.7866 0.0034 0.7950
2 2 47 59.7129 0.0034 0.7950 35.5872 0.0034 0.7950
2 2 48 32.4263 0.0034 0.7950 47.3858 0.0034 0.7950
2 2 49 66.0447 0.0034 0.7950 40.8034 0.0034 0.7950
2 2 50 56.2403 0.0034 0.7950 61.6179 0.0034 0.7950
2 2 51 86.1635 0.0034 0.7950 56.0070 0.0034 0.7950
2 2 52 147.7484 0.0034 0.7950 97.8071 0.0034 0.7950
2 2 53 41.4292 0.0034 0.7950 0.0009 0.0034 0.7950
2 2 54 0.0000 0.0034 0.7950 42.6022 0.0034 0.7950
2 2 55 37.6864 0.0034 0.7950 40.0000 0.0034 0.7950
2 2 56 40.0000 0.0034 0.7950 40.0000 0.0034 0.7950
2 2 57 40.0000 0.0034 0.7950 40.0000 0.0034 0.7950
2 2 58 40.0000 0.0034 0.7950 40.0000 0.0034 0.7950
2 2 59 40.0000 0.0034 0.7950 40.0000 0.0034 0.7950
2 2 60 40.0000 0.0034 0.7950 40.0000 0.0034 0.7950
2 2 61 40.0000 0.0034 0.7950 40.0000 0.0034 0.7950
2 2 62 40.0000 0.0034 0.7950 40.0000 0.0034 0.7950
2 3 1 40.0000 0.0034 0.7950 40.0000 0.0034 0.7950
2 3 2 40.0000 0.0034 0.7950 40.0000 0.0034 0.7950
2 3 3 40.0000 0.0034 0.7950 40.0000 0.0034 0.7950
2 3 4 40.0000 0.0034 0.7950 40.0000 0.0034 0.7950
2 3 5 40.0000 0.0034 0.7950 40.0000 0.0034 0.7950
3 1 1 111.5082 0.0034 0.7950 72.2237 0.0034 0.7950
3 1 2 64.8153 0.0034 0.7950 55.6497 0.0034 0.7950
3 1 3 46.3661 0.0034 0.7950 45.8514 0.0034 0.7950
3 1 4 53.9411 0.0034 0.7950 53.6862 0.0034 0.7950
3 1 5 70.2823 0.0034 0.7950 49.3076 0.0034 0.7950
3 1 6 46.0353 0.0034 0.7950 44.9740 0.0034 0.7950
3 1 7 64.3337 0.0034 0.7950 64.9206 0.0034 0.7950
3 1 8 75.5956 0.0034 0.7950 50.1934 0.0034 0.7950
3 1 9 47.1598 0.0034 0.7950 67.3653 0.0034 0.7950
3 1 10 61.4233 0.0034 0.7950 60.9293 0.0034 0.7950
3 1 11 34.7003 0.0034 0.7950 36.6812 0.0034 0.7950
3 1 12 67.6891 0.0034 0.7950 50.6401 0.0034 0.7950
3 1 13 69.1503 0.0034 0.7950 67.6187 0.0034 0.7950
3 1 14 48.1451 0.0034 0.7950 43.8979 0.0034 0.7950
3 1 15 45.5038 0.0034 0.7950 45.9149 0.0034 0.7950
3 1 16 49.9205 0.0034 0.7950 54.7769 0.0034 0.7950
3 1 17 48.0122 0.0034 0.7950 45.3023 0.0034 0.7950
3 1 18 52.5055 0.0034 0.7950 57.3058 0.0034 0.7950
3 1 19 47.8174 0.0034 0.7950 57.0823 0.0034 0.7950
3 1 20 14.1745 0.0034 0.7950 48.8236 0.0034 0.7950
3 1 21 22.5726 0.0034 0.7950 0.0000 0.0034 0.7950
3 1 22 34.7214 0.0034 0.7950 40.0000 0.0034 0.7950
3 1 23 0.0000 0.0034 0.7950 40.0000 0.0034 0.7950
3 2 1 40.0000 0.0034 0.7950 40.0000 0.0034 0.7950
3 2 2 40.0000 0.0034 0.7950 40.0000 0.0034 0.7950
3 2 3 49.4779 0.0034 0.7950 47.6578 0.0034 0.7950
3 2 4 51.1452 0.0034 0.7950 48.4346 0.0034 0.7950
3 2 5 34.7578 0.0034 0.7950 30.6235 0.0034 0.7950
3 2 6 50.7883 0.0034 0.7950 48.6446 0.0034 0.7950
3 2 7 49.2102 0.0034 0.7950 44.6400 0.0034 0.7950
3 2 8 47.9988 0.0034 0.7950 44.3028 0.0034 0.7950
3 2 9 48.3478 0.0034 0.7950 39.9070 0.0034 0.7950
3 2 10 39.3999 0.0034 0.7950 43.6898 0.0034 0.7950
3 2 11 45.8292 0.0034 0.7950 49.9661 0.0034 0.7950
3 2 12 48.4357 0.0034 0.7950 49.0749 0.0034 0.7950
3 2 13 50.7633 0.0034 0.7950 42.2051 0.0034 0.7950
3 2 14 42.5949 0.0034 0.7950 53.9458 0.0034 0.7950
3 2 15 48.3098 0.0034 0.7950 38.9525 0.0034 0.7950
3 2 16 52.8409 0.0034 0.7950 46.6523 0.0034 0.7950
3 2 17 52.2210 0.0034 0.7950 41.8994 0.0034 0.7950
3 2 18 40.5668 0.0034 0.7950 50.2999 0.0034 0.7950
3 2 19 42.5518 0.0034 0.7950 44.9610 0.0034 0.7950
3 2 20 46.8183 0.0034 0.7950 44.6417 0.0034 0.7950
3 2 21 62.0531 0.0034 0.7950 53.5359 0.0034 0.7950
3 2 22 45.8643 0.0034 0.7950 45.2250 0.0034 0.7950
3 2 23 47.9352 0.0034 0.7950 44.6163 0.0034 0.7950
3 2 24 49.9302 0.0034 0.7950 42.2215 0.0034 0.7950
3 2 25 62.0360 0.0034 0.7950 54.4624 0.0034 0.7950
3 2 26 92.5321 0.0034 0.7950 90.0223 0.0034 0.7950
3 2 27 75.3733 0.0034 0.7950 75.8496 0.0034 0.7950
3 2 28 60.0907 0.0034 0.7950 57.9543 0.0034 0.7950
3 2 29 76.9085 0.0034 0.7950 51.1286 0.0034 0.7950
3 2 30 69.6952 0.0034 0.7950 78.7149 0.0034 0.7950
3 2 31 99.3015 0.0034 0.7950 65.0200 0.0034 0.7950
3 2 32 65.9223 0.0034 0.7950 48.7811 0.0034 0.7950
3 2 33 100.4304 0.0034 0.7950 63.7045 0.0034 0.7950
3 2 34 40.2711 0.0034 0.7950 47.9597 0.0034 0.7950
3 2 35 69.3401 0.0034 0.7950 52.8440 0.0034 0.7950
3 2 36 41.7853 0.0034 0.7950 38.2136 0.0034 0.7950
3 2 37 50.3890 0.0034 0.7950 42.2418 0.0034 0.7950
3 2 38 45.9090 0.0034 0.7950 56.6312 0.0034 0.7950
3 2 39 45.9216 0.0034 0.7950 44.2837 0.0034 0.7950
3 2 40 48.1526 0.0034 0.7950 51.6499 0.0034 0.7950
3 2 41 37.2670 0.0034 0.7950 52.9559 0.0034 0.7950
3 2 42 51.1725 0.0034 0.7950 34.8958 0.0034 0.7950
3 2 43 36.5127 0.0034 0.7950 42.3422 0.0034 0.7950
3 2 44 37.0600 0.0034 0.7950 54.5326 0.0034 0.7950
3 2 45 75.8241 0.0034 0.7950 39.0391 0.0034 0.7950
3 2 46 66.4669 0.0034 0.7950 34.9866 0.0034 0.7950
3 2 47 38.4765 0.0034 0.7950 54.3527 0.0034 0.7950
3 2 48 71.0171 0.0034 0.7950 70.7921 0.0034 0.7950
3 2 49 52.1137 0.0034 0.7950 54.9318 0.0034 0.7950
3 2 50 30.5924 0.0034 0.7950 73.1265 0.0034 0.7950
3 2 51 75.4660 0.0034 0.7950 23.3406 0.0034 0.7950
3 2 52 46.9936 0.0034 0.7950 70.2091 0.0034 0.7950
3 2 53 118.6602 0.0034 0.7950 130.2331 0.0034 0.7950
3 2 54 199.9987 0.0034 0.7950 45.3560 0.0034 0.7950
3 2 55 151.2918 0.0034 0.7950 64.7197 0.0034 0.7950
3 2 56 200.0000 0.0034 0.7950 40.0000 0.0034 0.7950
3 2 57 40.0000 0.0034 0.7950 40.0000 0.0034 0.7950
3 2 58 40.0000 0.0034 0.7950 40.0000 0.0034 0.7950
3 2 59 40.0000 0.0034 0.7950 40.0000 0.0034 0.7950
3 2 60 40.0000 0.0034 0.7950 40.0000 0.0034 0.7950
3 2 61 40.0000 0.0034 0.7950 40.0000 0.0034 0.7950
3 2 62 40.0000 0.0034 0.7950 40.0000 0.0034 0.7950
3 3 1 118.1322 0.0034 0.7950 31.1275 0.0034 0.7950
3 3 2 92.2271 0.0034 0.7950 40.0000 0.0034 0.7950
3 3 3 40.0000 0.0034 0.7950 40.0000 0.0034 0.7950
3 3 4 40.0000 0.0034 0.7950 40.0000 0.0034 0.7950
3 3 5 40.0000 0.0034 0.7950 40.0000 0.0034 0.7950
4 1 1 64.6339 0.0034 0.7950 46.6724 0.0034 0.7950
4 1 2 110.2059 0.0034 0.7950 72.5729 0.0034 0.7950
4 1 3 102.7376 0.0034 0.7950 115.7199 0.0034 0.7950
4 1 4 74.1895 0.0034 0.7950 77.8948 0.0034 0.7950
4 1 5 51.2927 0.0034 0.7950 67.7174 0.0034 0.7950
4 1 6 67.7910 0.0034 0.7950 64.5325 0.0034 0.7950
4 1 7 86.4564 0.0034 0.7950 75.7445 0.0034 0.7950
4 1 8 65.4070 0.0034 0.7950 67.2314 0.0034 0.7950
4 1 9 106.3113 0.0034 0.7950 80.8341 0.0034 0.7950
4 1 10 83.5246 0.0034 0.7950 52.9148 0.0034 0.7950
4 1 11 49.5119 0.0034 0.7950 0.0000 0.0034 0.7950
4 1 12 69.5311 0.0034 0.7950 83.5327 0.0034 0.7950
4 1 13 43.1200 0.0034 0.7950 51.6906 0.0034 0.7950
4 1 14 62.1368 0.0034 0.7950 42.9261 0.0034 0.7950
4 1 15 62.2741 0.0034 0.7950 54.5933 0.0034 0.7950
4 1 16 37.9346 0.0034 0.7950 45.8621 0.0034 0.7950
4 1 17 53.7930 0.0034 0.7950 36.7532 0.0034 0.7950
4 1 18 40.0000 0.0034 0.7950 40.0000 0.0034 0.7950
4 1 19 7.0445 0.0034 0.7950 42.9813 0.0034 0.7950
4 1 20 26.6911 0.0034 0.7950 14.1313 0.0034 0.7950
4 1 21 28.1804 0.0034 0.7950 10.2776 0.0034 0.7950
4 1 22 0.0008 0.0034 0.7950 0.0000 0.0034 0.7950
4 1 23 54.4485 0.0034 0.7950 0.0012 0.0034 0.7950
4 2 1 45.2155 0.0034 0.7950 50.0889 0.0034 0.7950
4 2 2 53.2053 0.0034 0.7950 54.6825 0.0034 0.7950
4 2 3 48.3801 0.0034 0.7950 52.4590 0.0034 0.7950
4 2 4 50.8220 0.0034 0.7950 45.8045 0.0034 0.7950
4 2 5 54.7920 0.0034 0.7950 47.0739 0.0034 0.7950
4 2 6 42.8228 0.0034 0.7950 48.2271 0.0034 0.7950
4 2 7 43.9267 0.0034 0.7950 49.9818 0.0034 0.7950
4 2 8 45.1889 0.0034 0.7950 40.6230 0.0034 0.7950
4 2 9 40.3206 0.0034 0.7950 30.7311 0.0034 0.7950
4 2 10 80.9942 0.0034 0.7950 38.0999 0.0034 0.7950
4 2 11 46.7417 0.0034 0.7950 199.9977 0.0034 0.7950
4 2 12 42.9631 0.0034 0.7950 29.8994 0.0034 0.7950
4 2 13 41.9708 0.0034 0.7950 11.4517 0.0034 0.7950
4 2 14 19.7352 0.0034 0.7950 77.1743 0.0034 0.7950
4 2 15 39.5786 0.0034 0.7950 43.5234 0.0034 0.7950
4 2 16 35.7696 0.0034 0.7950 71.1722 0.0034 0.7950
4 2 17 48.8270 0.0034 0.7950 48.2631 0.0034 0.7950
4 2 18 66.9879 0.0034 0.7950 42.7045 0.0034 0.7950
4 2 19 111.1025 0.0034 0.7950 44.6615 0.0034 0.7950
4 2 20 132.3109 0.0034 0.7950 47.1476 0.0034 0.7950
4 2 21 50.5075 0.0034 0.7950 38.1733 0.0034 0.7950
4 2 22 43.2973 0.0034 0.7950 97.5021 0.0034 0.7950
4 2 23 46.3963 0.0034 0.7950 70.4539 0.0034 0.7950
4 2 24 13.9477 0.0034 0.7950 92.9120 0.0034 0.7950
4 2 25 40.5585 0.0034 0.7950 67.2374 0.0034 0.7950
4 2 26 40.4778 0.0034 0.7950 45.2375 0.0034 0.7950
4 2 27 54.3772 0.0034 0.7950 45.1253 0.0034 0.7950
4 2 28 41.5396 0.0034 0.7950 34.4770 0.0034 0.7950
4 2 29 25.5129 0.0034 0.7950 46.6496 0.0034 0.7950
4 2 30 42.5519 0.0034 0.7950 50.6745 0.0034 0.7950
4 2 31 28.5014 0.0034 0.7950 67.4330 0.0034 0.7950
4 2 32 47.5202 0.0034 0.7950 32.9396 0.0034 0.7950
4 2 33 48.2789 0.0034 0.7950 56.3392 0.0034 0.7950
4 2 34 35.1593 0.0034 0.7950 46.7639 0.0034 0.7950
4 2 35 62.4539 0.0034 0.7950 43.8560 0.0034 0.7950
4 2 36 41.0877 0.0034 0.7950 47.5590 0.0034 0.7950
4 2 37 60.9408 0.0034 0.7950 46.4614 0.0034 0.7950
4 2 38 61.5309 0.0034 0.7950 38.8859 0.0034 0.7950
4 2 39 26.4738 0.0034 0.7950 53.0809 0.0034 0.7950
4 2 40 45.3722 0.0034 0.7950 39.5392 0.0034 0.7950
4 2 41 47.0819 0.0034 0.7950 39.9047 0.0034 0.7950
4 2 42 38.6295 0.0034 0.7950 45.2851 0.0034 0.7950
4 2 43 56.1824 0.0034 0.7950 46.1227 0.0034 0.7950
4 2 44 39.5321 0.0034 0.7950 34.3748 0.0034 0.7950
4 2 45 34.5699 0.0034 0.7950 47.1679 0.0034 0.7950
4 2 46 25.9671 0.0034 0.7950 40.5616 0.0034 0.7950
4 2 47 39.8901 0.0034 0.7950 40.7046 0.0034 0.7950
4 2 48 52.2194 0.0034 0.7950 32.2433 0.0034 0.7950
4 2 49 69.2429 0.0034 0.7950 52.9655 0.0034 0.7950
4 2 50 67.5476 0.0034 0.7950 46.9185 0.0034 0.7950
4 2 51 43.4800 0.0034 0.7950 15.4622 0.0034 0.7950
4 2 52 41.5146 0.0034 0.7950 72.6609 0.0034 0.7950
4 2 53 58.7631 0.0034 0.7950 41.9328 0.0034 0.7950
4 2 54 114.5620 0.0034 0.7950 22.2532 0.0034 0.7950
4 2 55 40.0000 0.0034 0.7950 36.8388 0.0034 0.7950
4 2 56 40.0000 0.0034 0.7950 19.0815 0.0034 0.7950
4 2 57 40.0000 0.0034 0.7950 108.9153 0.0034 0.7950
4 2 58 50.1949 0.0034 0.7950 40.0000 0.0034 0.7950
4 2 59 26.5925 0.0034 0.7950 40.0000 0.0034 0.7950
4 2 60 40.0000 0.0034 0.7950 40.0000 0.0034 0.7950
4 2 61 40.0000 0.0034 0.7950 40.0000 0.0034 0.7950
4 2 62 40.0000 0.0034 0.7950 40.0000 0.0034 0.7950
4 3 1 131.0183 0.0034 0.7950 40.0000 0.0034 0.7950
4 3 2 40.0000 0.0034 0.7950 40.0000 0.0034 0.7950
4 3 3 40.0000 0.0034 0.7950 40.0000 0.0034 0.7950
4 3 4 40.0000 0.0034 0.7950 40.0000 0.0034 0.7950
4 3 5 40.0000 0.0034 0.7950 40.0000 0.0034 0.7950
5 1 1 40.0000 0.0034 0.7950 40.0000 0.0034 0.7950
5 1 2 40.0000 0.0034 0.7950 40.0000 0.0034 0.7950
5 1 3 40.0000 0.0034 0.7950 40.0000 0.0034 0.7950
5 1 4 40.0000 0.0034 0.7950 40.0000 0.0034 0.7950
5 1 5 40.0000 0.0034 0.7950 40.0000 0.0034 0.7950
5 1 6 40.0000 0.0034 0.7950 40.0000 0.0034 0.7950
5 1 7 40.0000 0.0034 0.7950 40.0000 0.0034 0.7950
5 1 8 39.6810 0.0034 0.7950 0.0000 0.0034 0.7950
5 1 9 46.3801 0.0034 0.7950 82.4643 0.0034 0.7950
5 1 10 71.8680 0.0034 0.7950 82.4148 0.0034 0.7950
5 1 11 60.4898 0.0034 0.7950 34.9122 0.0034 0.7950
5 1 12 63.9599 0.0034 0.7950 75.0185 0.0034 0.7950
5 1 13 50.7429 0.0034 0.7950 92.7495 0.0034 0.7950
5 1 14 48.2144 0.0034 0.7950 49.3774 0.0034 0.7950
5 1 15 67.8219 0.0034 0.7950 50.4901 0.0034 0.7950
5 1 16 16.9897 0.0034 0.7950 65.8779 0.0034 0.7950
5 1 17 31.3842 0.0034 0.7950 7.0628 0.0034 0.7950
5 1 18 70.5011 0.0034 0.7950 10.1952 0.0034 0.7950
5 1 19 60.8291 0.0034 0.7950 18.0832 0.0034 0.7950
5 1 20 93.7843 0.0034 0.7950 58.3208 0.0034 0.7950
5 1 21 121.3681 0.0034 0.7950 75.8229 0.0034 0.7950
5 1 22 40.0000 0.0034 0.7950 40.0000 0.0034 0.7950
5 1 23 40.0000 0.0034 0.7950 40.0000 0.0034 0.7950
5 2 1 40.0000 0.0034 0.7950 40.0000 0.0034 0.7950
5 2 2 40.0000 0.0034 0.7950 40.0000 0.0034 0.7950
5 2 3 40.0000 0.0034 0.7950 40.0000 0.0034 0.7950
5 2 4 40.0000 0.0034 0.7950 40.0000 0.0034 0.7950
5 2 5 40.0000 0.0034 0.7950 40.0000 0.0034 0.7950
5 2 6 40.0000 0.0034 0.7950 40.0000 0.0034 0.7950
5 2 7 40.0000 0.0034 0.7950 40.0000 0.0034 0.7950
5 2 8 40.0000 0.0034 0.7950 40.0000 0.0034 0.7950
5 2 9 40.0000 0.0034 0.7950 40.0000 0.0034 0.7950
5 2 10 40.0000 0.0034 0.7950 40.0000 0.0034 0.7950
5 2 11 40.0000 0.0034 0.7950 40.0000 0.0034 0.7950
5 2 12 40.0000 0.0034 0.7950 40.0000 0.0034 0.7950
5 2 13 40.0000 0.0034 0.7950 40.0000 0.0034 0.7950
5 2 14 40.0000 0.0034 0.7950 40.0000 0.0034 0.7950
5 2 15 40.0000 0.0034 0.7950 40.0000 0.0034 0.7950
5 2 16 40.0000 0.0034 0.7950 40.0000 0.0034 0.7950
5 2 17 40.0000 0.0034 0.7950 40.0000 0.0034 0.7950
5 2 18 40.0000 0.0034 0.7950 40.0000 0.0034 0.7950
5 2 19 40.0000 0.0034 0.7950 40.0000 0.0034 0.7950
5 2 20 40.0000 0.0034 0.7950 40.0000 0.0034 0.7950
5 2 21 40.0000 0.0034 0.7950 40.0000 0.0034 0.7950
5 2 22 40.0000 0.0034 0.7950 40.0000 0.0034 0.7950
5 2 23 42.8348 0.0034 0.7950 40.0000 0.0034 0.7950
5 2 24 40.0000 0.0034 0.7950 40.0000 0.0034 0.7950
5 2 25 26.1026 0.0034 0.7950 40.0000 0.0034 0.7950
5 2 26 40.0000 0.0034 0.7950 39.5397 0.0034 0.7950
5 2 27 44.4230 0.0034 0.7950 83.8429 0.0034 0.7950
5 2 28 92.1057 0.0034 0.7950 151.8585 0.0034 0.7950
5 2 29 87.0782 0.0034 0.7950 82.7147 0.0034 0.7950
5 2 30 84.6531 0.0034 0.7950 53.3680 0.0034 0.7950
5 2 31 2.9172 0.0034 0.7950 11.3355 0.0034 0.7950
5 2 32 101.5088 0.0034 0.7950 73.2052 0.0034 0.7950
5 2 33 63.6762 0.0034 0.7950 73.8776 0.0034 0.7950
5 2 34 92.7203 0.0034 0.7950 62.7202 0.0034 0.7950
5 2 35 79.9954 0.0034 0.7950 98.2431 0.0034 0.7950
5 2 36 54.6924 0.0034 0.7950 36.9781 0.0034 0.7950
5 2 37 63.6364 0.0034 0.7950 55.9373 0.0034 0.7950
5 2 38 51.4590 0.0034 0.7950 67.5311 0.0034 0.7950
5 2 39 81.9335 0.0034 0.7950 66.8708 0.0034 0.7950
5 2 40 194.1446 0.0034 0.7950 66.0976 0.0034 0.7950
5 2 41 199.9995 0.0034 0.7950 111.2359 0.0034 0.7950
5 2 42 0.0006 0.0034 0.7950 116.3461 0.0034 0.7950
5 2 43 0.0000 0.0034 0.7950 85.7711 0.0034 0.7950
5 2 44 0.0000 0.0034 0.7950 191.6627 0.0034 0.7950
5 2 45 199.9994 0.0034 0.7950 77.8457 0.0034 0.7950
5 2 46 40.0000 0.0034 0.7950 65.5215 0.0034 0.7950
5 2 47 199.9589 0.0034 0.7950 126.6003 0.0034 0.7950
5 2 48 40.0000 0.0034 0.7950 70.9098 0.0034 0.7950
5 2 49 65.9006 0.0034 0.7950 200.0000 0.0034 0.7950
5 2 50 0.0002 0.0034 0.7950 119.3460 0.0034 0.7950
5 2 51 39.4890 0.0034 0.7950 199.9993 0.0034 0.7950
5 2 52 199.9995 0.0034 0.7950 103.2040 0.0034 0.7950
5 2 53 40.5281 0.0034 0.7950 39.5397 0.0034 0.7950
5 2 54 40.0000 0.0034 0.7950 40.0000 0.0034 0.7950
5 2 55 40.0000 0.0034 0.7950 40.0000 0.0034 0.7950
5 2 56 40.0000 0.0034 0.7950 40.0000 0.0034 0.7950
5 2 57 40.0000 0.0034 0.7950 40.0000 0.0034 0.7950
5 2 58 40.0000 0.0034 0.7950 40.0000 0.0034 0.7950
5 2 59 40.0000 0.0034 0.7950 40.0000 0.0034 0.7950
5 2 60 40.0000 0.0034 0.7950 40.0000 0.0034 0.7950
5 2 61 40.0000 0.0034 0.7950 40.0000 0.0034 0.7950
5 2 62 40.0000 0.0034 0.7950 40.0000 0.0034 0.7950
5 3 1 40.0000 0.0034 0.7950 40.0000 0.0034 0.7950
5 3 2 40.0000 0.0034 0.7950 40.0000 0.0034 0.7950
5 3 3 40.0000 0.0034 0.7950 40.0000 0.0034 0.7950
5 3 4 40.0000 0.0034 0.7950 40.0000 0.0034 0.7950
5 3 5 40.0000 0.0034 0.7950 40.0000 0.0034 0.7950
6 1 1 63.0063 0.0034 0.7950 44.0184 0.0034 0.7950
6 1 2 51.0624 0.0034 0.7950 55.5327 0.0034 0.7950
6 1 3 45.4334 0.0034 0.7950 50.0064 0.0034 0.7950
6 1 4 56.2785 0.0034 0.7950 50.4528 0.0034 0.7950
6 1 5 43.8703 0.0034 0.7950 64.2681 0.0034 0.7950
6 1 6 59.5669 0.0034 0.7950 52.5743 0.0034 0.7950
6 1 7 52.6885 0.0034 0.7950 51.2234 0.0034 0.7950
6 1 8 51.2636 0.0034 0.7950 73.1466 0.0034 0.7950
6 1 9 50.4272 0.0034 0.7950 56.3554 0.0034 0.7950
6 1 10 53.9877 0.0034 0.7950 63.6057 0.0034 0.7950
6 1 11 52.5899 0.0034 0.7950 45.2326 0.0034 0.7950
6 1 12 53.6852 0.0034 0.7950 66.1280 0.0034 0.7950
6 1 13 55.3124 0.0034 0.7950 66.0151 0.0034 0.7950
6 1 14 49.0053 0.0034 0.7950 80.4883 0.0034 0.7950
6 1 15 46.4609 0.0034 0.7950 39.8953 0.0034 0.7950
6 1 16 54.7614 0.0034 0.7950 71.1536 0.0034 0.7950
6 1 17 61.7469 0.0034 0.7950 48.2956 0.0034 0.7950
6 1 18 71.5347 0.0034 0.7950 62.4821 0.0034 0.7950
6 1 19 44.1436 0.0034 0.7950 46.9419 0.0034 0.7950
6 1 20 100.1237 0.0034 0.7950 34.7644 0.0034 0.7950
6 1 21 40.0000 0.0034 0.7950 40.0000 0.0034 0.7950
6 1 22 40.0000 0.0034 0.7950 40.0000 0.0034 0.7950
6 1 23 40.0000 0.0034 0.7950 40.0000 0.0034 0.7950
6 2 1 40.0000 0.0034 0.7950 40.0000 0.0034 0.7950
6 2 2 51.0546 0.0034 0.7950 49.3938 0.0034 0.7950
6 2 3 50.0233 0.0034 0.7950 49.8711 0.0034 0.7950
6 2 4 48.6752 0.0034 0.7950 45.2467 0.0034 0.7950
6 2 5 50.1110 0.0034 0.7950 44.7605 0.0034 0.7950
6 2 6 51.8501 0.0034 0.7950 44.9843 0.0034 0.7950
6 2 7 46.2943 0.0034 0.7950 47.2621 0.0034 0.7950
6 2 8 41.5997 0.0034 0.7950 42.7524 0.0034 0.7950
6 2 9 50.5869 0.0034 0.7950 54.7457 0.0034 0.7950
6 2 10 50.2702 0.0034 0.7950 47.3013 0.0034 0.7950
6 2 11 43.8742 0.0034 0.7950 48.5518 0.0034 0.7950
6 2 12 41.9373 0.0034 0.7950 43.5743 0.0034 0.7950
6 2 13 44.6951 0.0034 0.7950 53.2990 0.0034 0.7950
6 2 14 45.8782 0.0034 0.7950 44.4582 0.0034 0.7950
6 2 15 48.6792 0.0034 0.7950 49.2899 0.0034 0.7950
6 2 16 43.3738 0.0034 0.7950 55.2847 0.0034 0.7950
6 2 17 42.8934 0.0034 0.7950 48.5764 0.0034 0.7950
6 2 18 53.9821 0.0034 0.7950 49.7606 0.0034 0.7950
6 2 19 49.4341 0.0034 0.7950 51.8528 0.0034 0.7950
6 2 20 39.8714 0.0034 0.7950 61.3267 0.0034 0.7950
6 2 21 46.7699 0.0034 0.7950 52.7882 0.0034 0.7950
6 2 22 42.6293 0.0034 0.7950 46.4502 0.0034 0.7950
6 2 23 55.8231 0.0034 0.7950 35.4790 0.0034 0.7950
6 2 24 45.8803 0.0034 0.7950 54.8731 0.0034 0.7950
6 2 25 48.8201 0.0034 0.7950 58.2356 0.0034 0.7950
6 2 26 28.4646 0.0034 0.7950 65.5877 0.0034 0.7950
6 2 27 39.6460 0.0034 0.7950 61.3883 0.0034 0.7950
6 2 28 44.7204 0.0034 0.7950 75.9088 0.0034 0.7950
6 2 29 59.5284 0.0034 0.7950 56.8204 0.0034 0.7950
6 2 30 54.2168 0.0034 0.7950 43.1007 0.0034 0.7950
6 2 31 43.9692 0.0034 0.7950 72.4583 0.0034 0.7950
6 2 32 40.1826 0.0034 0.7950 28.1139 0.0034 0.7950
6 2 33 37.1568 0.0034 0.7950 35.5225 0.0034 0.7950
6 2 34 37.6049 0.0034 0.7950 31.1316 0.0034 0.7950
6 2 35 38.2848 0.0034 0.7950 54.2734 0.0034 0.7950
6 2 36 35.6466 0.0034 0.7950 42.7342 0.0034 0.7950
6 2 37 52.1791 0.0034 0.7950 53.2240 0.0034 0.7950
6 2 38 56.0618 0.0034 0.7950 58.4487 0.0034 0.7950
6 2 39 41.5408 0.0034 0.7950 39.9930 0.0034 0.7950
6 2 40 29.5821 0.0034 0.7950 49.3658 0.0034 0.7950
6 2 41 51.5092 0.0034 0.7950 46.3789 0.0034 0.7950
6 2 42 32.9677 0.0034 0.7950 31.8819 0.0034 0.7950
6 2 43 57.3637 0.0034 0.7950 44.0902 0.0034 0.7950
6 2 44 38.2918 0.0034 0.7950 52.2155 0.0034 0.7950
6 2 45 28.9741 0.0034 0.7950 45.2255 0.0034 0.7950
6 2 46 37.2771 0.0034 0.7950 29.5558 0.0034 0.7950
6 2 47 34.4009 0.0034 0.7950 26.9762 0.0034 0.7950
6 2 48 67.3236 0.0034 0.7950 81.3636 0.0034 0.7950
6 2 49 40.9775 0.0034 0.7950 22.5964 0.0034 0.7950
6 2 50 16.2739 0.0034 0.7950 192.8697 0.0034 0.7950
6 2 51 29.0708 0.0034 0.7950 139.4204 0.0034 0.7950
6 2 52 97.8630 0.0034 0.7950 0.0001 0.0034 0.7950
6 2 53 33.5931 0.0034 0.7950 40.0000 0.0034 0.7950
6 2 54 40.0000 0.0034 0.7950 40.0000 0.0034 0.7950
6 2 55 40.0000 0.0034 0.7950 40.0000 0.0034 0.7950
6 2 56 40.0000 0.0034 0.7950 40.0000 0.0034 0.7950
6 2 57 40.0000 0.0034 0.7950 40.0000 0.0034 0.7950
6 2 58 40.0000 0.0034 0.7950 40.0000 0.0034 0.7950
6 2 59 40.0000 0.0034 0.7950 40.0000 0.0034 0.7950
6 2 60 40.0000 0.0034 0.7950 40.0000 0.0034 0.7950
6 2 61 40.0000 0.0034 0.7950 40.0000 0.0034 0.7950
6 2 62 40.0000 0.0034 0.7950 40.0000 0.0034 0.7950
6 3 1 40.0000 0.0034 0.7950 40.0000 0.0034 0.7950
6 3 2 40.0000 0.0034 0.7950 40.0000 0.0034 0.7950
6 3 3 40.0000 0.0034 0.7950 40.0000 0.0034 0.7950
6 3 4 40.0000 0.0034 0.7950 40.0000 0.0034 0.7950
6 3 5 40.0000 0.0034 0.7950 40.0000 0.0034 0.7950
