1 1 1 -1.545 0.170
1 1 2 0.214 0.132
1 1 3 -0.487 0.180
1 1 4 -1.651 0.182
1 1 5 0.043 0.181
1 1 6 1.305 0.244
1 1 7 1.904 0.150
1 1 8 -1.747 0.174
1 1 9 -0.728 0.180
1 1 10 -0.151 0.185
1 1 11 -2.055 0.198
1 1 12 0.095 0.190
1 1 13 -0.221 0.215
1 1 14 -0.489 0.225
1 1 15 0.960 0.168
1 1 16 0.571 0.307
1 1 17 -1.053 0.292
1 1 18 0.730 0.237
1 1 19 0.575 0.403
1 1 20 0.734 0.315
1 1 21 -0.801 0.729
1 1 22 -0.652 0.445
1 1 23 -1.867 0.219
1 2 1 1.481 0.048
1 2 2 0.656 0.051
1 2 3 1.834 0.058
1 2 4 1.046 0.053
1 2 5 -1.062 0.071
1 2 6 1.501 0.058
1 2 7 -0.190 0.069
1 2 8 -0.736 0.071
1 2 9 -1.866 0.093
1 2 10 -0.762 0.075
1 2 11 -0.646 0.067
1 2 12 -0.439 0.073
1 2 13 -1.158 0.069
1 2 14 0.195 0.075
1 2 15 0.723 0.076
1 2 16 0.344 0.087
1 2 17 0.629 0.075
1 2 18 -0.932 0.068
1 2 19 0.230 0.082
1 2 20 -0.555 0.077
1 2 21 0.355 0.073
1 2 22 0.491 0.076
1 2 23 0.561 0.073
1 2 24 0.753 0.080
1 2 25 0.724 0.077
1 2 26 1.126 0.082
1 2 27 1.381 0.074
1 2 28 1.536 0.078
1 2 29 1.686 0.081
1 2 30 -1.983 0.076
1 2 31 1.237 0.081
1 2 32 1.113 0.085
1 2 33 -0.150 0.084
1 2 34 -0.631 0.083
1 2 35 -0.360 0.104
1 2 36 -1.235 0.097
1 2 37 -0.538 0.097
1 2 38 -0.310 0.096
1 2 39 -0.876 0.104
1 2 40 -0.135 0.108
1 2 41 -0.578 0.092
1 2 42 -1.289 0.100
1 2 43 -1.892 0.105
1 2 44 -0.170 0.115
1 2 45 -1.699 0.107
1 2 46 1.534 0.092
1 2 47 -0.445 0.110
1 2 48 0.700 0.111
1 2 49 1.238 0.112
1 2 50 -0.252 0.117
1 2 51 -1.741 0.114
1 2 52 1.852 0.123
1 2 53 -0.656 0.098
1 2 54 -1.235 0.097
1 2 55 -0.532 0.110
1 2 56 -0.066 0.093
1 2 57 -0.475 0.116
1 2 58 0.037 0.117
1 2 59 1.114 0.108
1 2 60 0.237 0.100
1 2 61 -0.356 0.107
1 2 62 0.592 0.112
1 3 1 0.137 0.355
1 3 2 -2.031 0.902
1 3 3 0.752 0.454
1 3 4 -2.034 0.604
1 3 5 -1.720 0.231
2 1 1 -0.933 0.144
2 1 2 1.111 0.113
2 1 3 -0.685 0.101
2 1 4 -1.391 0.115
2 1 5 0.961 0.142
2 1 6 0.000 0.100
2 1 7 -0.251 0.133
2 1 8 -1.421 0.152
2 1 9 -1.625 0.157
2 1 10 0.000 0.100
2 1 11 -1.722 0.163
2 1 12 0.014 0.200
2 1 13 -1.348 0.185
2 1 14 -0.108 0.166
2 1 15 0.113 0.171
2 1 16 -1.339 0.250
2 1 17 1.604 0.219
2 1 18 -0.739 0.189
2 1 19 0.369 0.990
2 1 20 -2.057 0.219
2 1 21 0.339 0.338
2 1 22 -1.481 0.425
2 1 23 -0.062 0.529
2 2 1 -1.214 0.050
2 2 2 1.979 0.058
2 2 3 -1.952 0.058
2 2 4 1.831 0.062
2 2 5 -0.052 0.066
2 2 6 -0.316 0.065
2 2 7 0.071 0.070
2 2 8 -1.207 0.064
2 2 9 -0.838 0.075
2 2 10 -0.181 0.067
2 2 11 0.184 0.067
2 2 12 1.012 0.073
2 2 13 0.584 0.078
2 2 14 0.018 0.069
2 2 15 0.796 0.066
2 2 16 1.600 0.070
2 2 17 0.385 0.072
2 2 18 -1.464 0.070
2 2 19 0.342 0.076
2 2 20 0.220 0.078
2 2 21 0.547 0.078
2 2 22 0.876 0.073
2 2 23 1.268 0.087
2 2 24 -0.276 0.080
2 2 25 -0.195 0.081
2 2 26 1.406 0.081
2 2 27 0.888 0.081
2 2 28 1.928 0.084
2 2 29 1.622 0.081
2 2 30 1.619 0.079
2 2 31 1.413 0.089
2 2 32 1.128 0.083
2 2 33 -0.346 0.096
2 2 34 -0.424 0.094
2 2 35 0.078 0.096
2 2 36 -1.454 0.086
2 2 37 -0.577 0.098
2 2 38 -0.485 0.091
2 2 39 -0.136 0.102
2 2 40 -0.515 0.104
2 2 41 -1.476 0.094
2 2 42 -1.153 0.103
2 2 43 -1.042 0.105
2 2 44 0.648 0.084
2 2 45 -0.876 0.100
2 2 46 1.579 0.098
2 2 47 0.691 0.117
2 2 48 -0.079 0.107
2 2 49 0.388 0.119
2 2 50 0.466 0.105
2 2 51 -0.005 0.114
2 2 52 -0.570 0.111
2 2 53 1.287 0.108
2 2 54 1.189 0.099
2 2 55 0.941 0.134
2 2 56 -1.736 0.113
2 2 57 -1.452 0.122
2 2 58 1.384 0.113
2 2 59 -1.896 0.107
2 2 60 -1.802 0.125
2 2 61 -1.775 0.114
2 2 62 1.927 0.146
2 3 1 1.309 0.398
2 3 2 0.624 0.501
2 3 3 1.599 0.317
2 3 4 -1.627 0.477
2 3 5 1.005 0.392
3 1 1 -1.125 0.172
3 1 2 0.166 0.131
3 1 3 1.855 0.105
3 1 4 -1.339 0.106
3 1 5 -1.131 0.119
3 1 6 -0.826 0.139
3 1 7 0.526 0.123
3 1 8 0.407 0.133
3 1 9 1.684 0.162
3 1 10 -0.833 0.143
3 1 11 -1.306 0.222
3 1 12 -0.554 0.167
3 1 13 -1.828 0.182
3 1 14 0.329 0.243
3 1 15 1.004 0.285
3 1 16 2.044 0.269
3 1 17 0.011 0.221
3 1 18 -1.397 0.203
3 1 19 0.996 0.266
3 1 20 1.116 0.234
3 1 21 0.472 0.311
3 1 22 0.654 0.312
3 1 23 -1.986 0.619
3 2 1 1.313 0.076
3 2 2 -1.203 0.073
3 2 3 1.764 0.249
3 2 4 1.678 0.105
3 2 5 -0.942 0.102
3 2 6 1.840 0.081
3 2 7 -0.405 0.086
3 2 8 -0.748 0.089
3 2 9 -1.995 0.077
3 2 10 -0.762 0.085
3 2 11 -0.239 0.083
3 2 12 0.453 0.081
3 2 13 -0.050 0.085
3 2 14 0.026 0.135
3 2 15 1.020 0.081
3 2 16 0.084 0.074
3 2 17 -0.377 0.079
3 2 18 -1.048 0.081
3 2 19 -0.490 0.071
3 2 20 -0.236 0.077
3 2 21 -0.387 0.073
3 2 22 -0.500 0.075
3 2 23 -0.155 0.082
3 2 24 -0.402 0.074
3 2 25 -1.047 0.077
3 2 26 -0.068 0.080
3 2 27 -0.112 0.082
3 2 28 0.799 0.076
3 2 29 0.565 0.074
3 2 30 0.457 0.168
3 2 31 1.437 0.081
3 2 32 0.437 0.088
3 2 33 -0.935 0.086
3 2 34 -0.290 0.099
3 2 35 -0.131 0.095
3 2 36 -1.349 0.096
3 2 37 -1.106 0.104
3 2 38 -0.384 0.095
3 2 39 1.053 0.105
3 2 40 -0.248 0.104
3 2 41 -1.808 0.103
3 2 42 -0.800 0.106
3 2 43 -1.035 0.099
3 2 44 0.520 0.112
3 2 45 -1.835 0.120
3 2 46 0.463 0.115
3 2 47 0.447 0.121
3 2 48 -0.198 0.124
3 2 49 -1.672 0.122
3 2 50 0.533 0.102
3 2 51 -1.180 0.105
3 2 52 0.234 0.110
3 2 53 -0.791 0.103
3 2 54 1.095 0.112
3 2 55 0.736 0.107
3 2 56 1.280 0.100
3 2 57 1.624 0.095
3 2 58 0.768 0.107
3 2 59 1.502 0.092
3 2 60 1.504 0.111
3 2 61 1.293 0.118
3 2 62 1.400 0.085
3 3 1 1.731 0.434
3 3 2 -1.525 0.278
3 3 3 -0.818 0.225
3 3 4 -1.446 0.555
3 3 5 0.019 0.548
4 1 1 -1.042 0.123
4 1 2 -1.717 0.114
4 1 3 -0.772 0.156
4 1 4 0.601 0.140
4 1 5 -1.723 0.137
4 1 6 -0.772 0.242
4 1 7 1.178 0.387
4 1 8 1.522 0.186
4 1 9 -0.888 0.144
4 1 10 -0.942 0.194
4 1 11 -0.289 0.378
4 1 12 -0.959 0.314
4 1 13 -1.438 0.244
4 1 14 -1.667 0.288
4 1 15 -1.978 0.263
4 1 16 0.874 0.308
4 1 17 0.260 0.333
4 1 18 1.805 0.225
4 1 19 1.057 0.296
4 1 20 1.336 0.424
4 1 21 0.610 0.507
4 1 22 -0.046 0.366
4 1 23 -1.816 0.299
4 2 1 0.270 0.071
4 2 2 -0.376 0.064
4 2 3 0.900 0.078
4 2 4 0.091 0.070
4 2 5 1.352 0.074
4 2 6 1.737 0.088
4 2 7 -1.598 0.083
4 2 8 1.587 0.078
4 2 9 0.846 0.079
4 2 10 -1.827 0.092
4 2 11 -1.779 0.095
4 2 12 -1.254 0.099
4 2 13 -1.033 0.098
4 2 14 -1.883 0.083
4 2 15 -0.543 0.095
4 2 16 -1.062 0.092
4 2 17 -1.006 0.099
4 2 18 0.668 0.090
4 2 19 -1.779 0.083
4 2 20 1.991 0.091
4 2 21 -0.993 0.083
4 2 22 -0.954 0.089
4 2 23 -0.397 0.079
4 2 24 -1.282 0.085
4 2 25 -1.631 0.079
4 2 26 -0.542 0.083
4 2 27 -0.486 0.082
4 2 28 -0.377 0.081
4 2 29 -1.160 0.084
4 2 30 0.356 0.087
4 2 31 0.083 0.086
4 2 32 -0.333 0.092
4 2 33 1.966 0.095
4 2 34 -1.807 0.095
4 2 35 -1.616 0.087
4 2 36 1.348 0.102
4 2 37 -1.668 0.089
4 2 38 -1.661 0.096
4 2 39 -0.958 0.090
4 2 40 -0.938 0.093
4 2 41 1.220 0.096
4 2 42 -1.635 0.094
4 2 43 1.687 0.098
4 2 44 -0.532 0.102
4 2 45 0.871 0.099
4 2 46 -0.472 0.094
4 2 47 -1.746 0.100
4 2 48 -0.603 0.106
4 2 49 0.197 0.121
4 2 50 -1.892 0.121
4 2 51 1.292 0.101
4 2 52 -0.934 0.105
4 2 53 1.462 0.138
4 2 54 -0.764 0.087
4 2 55 -0.697 0.124
4 2 56 0.172 0.116
4 2 57 0.011 0.113
4 2 58 0.334 0.108
4 2 59 -0.757 0.117
4 2 60 -0.300 0.097
4 2 61 0.830 0.119
4 2 62 0.461 0.097
4 3 1 0.775 0.843
4 3 2 -0.292 0.348
4 3 3 0.644 0.385
4 3 4 0.736 0.370
4 3 5 0.045 0.194
5 1 1 -1.742 0.143
5 1 2 -0.561 0.119
5 1 3 -1.705 0.162
5 1 4 -0.766 0.124
5 1 5 1.741 0.110
5 1 6 -1.472 0.178
5 1 7 1.637 0.149
5 1 8 1.695 0.143
5 1 9 -0.108 0.145
5 1 10 1.825 0.156
5 1 11 0.466 0.189
5 1 12 0.588 0.197
5 1 13 1.773 0.182
5 1 14 -1.079 0.174
5 1 15 -0.484 0.244
5 1 16 1.969 0.199
5 1 17 -0.440 0.213
5 1 18 1.467 0.229
5 1 19 1.430 0.230
5 1 20 1.071 0.329
5 1 21 1.648 0.261
5 1 22 -0.250 0.298
5 1 23 1.230 0.525
5 2 1 0.016 0.083
5 2 2 0.073 0.071
5 2 3 -0.554 0.096
5 2 4 -0.824 0.112
5 2 5 0.860 0.094
5 2 6 1.174 0.091
5 2 7 1.333 0.083
5 2 8 1.740 0.084
5 2 9 0.241 0.083
5 2 10 -1.979 0.097
5 2 11 1.706 0.099
5 2 12 -1.700 0.094
5 2 13 1.664 0.088
5 2 14 -1.258 0.083
5 2 15 -1.168 0.076
5 2 16 -1.155 0.084
5 2 17 1.952 0.093
5 2 18 -0.441 0.076
5 2 19 -1.860 0.082
5 2 20 1.552 0.077
5 2 21 -1.647 0.076
5 2 22 1.758 0.082
5 2 23 -1.228 0.082
5 2 24 1.501 0.075
5 2 25 -1.820 0.075
5 2 26 -1.175 0.091
5 2 27 -1.099 0.080
5 2 28 -0.977 0.084
5 2 29 -0.677 0.077
5 2 30 -0.756 0.085
5 2 31 -0.263 0.089
5 2 32 -1.684 0.087
5 2 33 -1.849 0.097
5 2 34 0.724 0.080
5 2 35 -1.929 0.089
5 2 36 1.304 0.107
5 2 37 1.881 0.101
5 2 38 1.901 0.084
5 2 39 1.665 0.099
5 2 40 -1.513 0.093
5 2 41 0.642 0.106
5 2 42 1.543 0.115
5 2 43 0.832 0.125
5 2 44 -0.788 0.097
5 2 45 0.614 0.099
5 2 46 -0.555 0.118
5 2 47 -1.108 0.107
5 2 48 -1.455 0.103
5 2 49 0.967 0.130
5 2 50 -1.422 0.120
5 2 51 -1.728 0.095
5 2 52 -1.292 0.102
5 2 53 -1.312 0.116
5 2 54 0.031 0.103
5 2 55 -0.618 0.130
5 2 56 -0.941 0.103
5 2 57 -0.484 0.117
5 2 58 -0.100 0.116
5 2 59 -0.820 0.127
5 2 60 -0.817 0.122
5 2 61 -1.029 0.119
5 2 62 -0.018 0.094
5 3 1 0.182 0.260
5 3 2 -1.621 0.427
5 3 3 -2.128 0.519
5 3 4 -1.108 0.384
5 3 5 1.140 0.391
6 1 1 1.485 0.109
6 1 2 1.343 0.123
6 1 3 -1.815 0.138
6 1 4 1.606 0.128
6 1 5 1.907 0.189
6 1 6 -1.051 0.152
6 1 7 -0.389 0.126
6 1 8 -0.090 0.137
6 1 9 1.170 0.148
6 1 10 0.882 0.149
6 1 11 1.021 0.164
6 1 12 1.864 0.163
6 1 13 1.373 0.185
6 1 14 0.180 0.216
6 1 15 0.083 0.207
6 1 16 1.679 0.255
6 1 17 -1.002 0.232
6 1 18 1.424 0.224
6 1 19 1.623 0.256
6 1 20 0.337 0.261
6 1 21 0.000 0.100
6 1 22 0.830 0.461
6 1 23 -0.118 0.447
6 2 1 -0.721 0.062
6 2 2 -0.558 0.054
6 2 3 -0.834 0.059
6 2 4 0.253 0.071
6 2 5 0.521 0.083
6 2 6 0.805 0.077
6 2 7 1.149 0.070
6 2 8 0.688 0.077
6 2 9 0.610 0.084
6 2 10 1.431 0.075
6 2 11 1.101 0.072
6 2 12 1.962 0.077
6 2 13 -1.961 0.077
6 2 14 2.036 0.072
6 2 15 -1.679 0.075
6 2 16 -1.915 0.077
6 2 17 1.495 0.092
6 2 18 -0.551 0.073
6 2 19 0.815 0.089
6 2 20 0.980 0.078
6 2 21 -1.049 0.078
6 2 22 -2.015 0.077
6 2 23 -1.521 0.083
6 2 24 2.013 0.080
6 2 25 1.512 0.079
6 2 26 -1.488 0.078
6 2 27 -0.976 0.083
6 2 28 -1.321 0.082
6 2 29 1.969 0.084
6 2 30 -0.761 0.088
6 2 31 -1.324 0.081
6 2 32 -1.101 0.079
6 2 33 1.517 0.089
6 2 34 0.725 0.098
6 2 35 0.987 0.098
6 2 36 0.388 0.104
6 2 37 1.391 0.092
6 2 38 0.790 0.098
6 2 39 -1.334 0.100
6 2 40 1.633 0.104
6 2 41 0.258 0.092
6 2 42 1.091 0.112
6 2 43 0.021 0.103
6 2 44 1.849 0.104
6 2 45 0.467 0.107
6 2 46 -0.829 0.106
6 2 47 1.659 0.108
6 2 48 -1.081 0.099
6 2 49 0.429 0.112
6 2 50 -0.155 0.119
6 2 51 0.752 0.105
6 2 52 0.362 0.116
6 2 53 1.678 0.112
6 2 54 -1.659 0.109
6 2 55 0.949 0.101
6 2 56 -1.518 0.111
6 2 57 -1.801 0.106
6 2 58 -1.928 0.118
6 2 59 -1.311 0.099
6 2 60 1.010 0.102
6 2 61 -1.001 0.110
6 2 62 -1.004 0.099
6 3 1 -0.273 0.419
6 3 2 1.917 0.218
6 3 3 -1.515 0.539
6 3 4 -2.118 0.343
6 3 5 -0.403 0.311
