1 1 1 71.624 71.624 45.541 45.541 -0.025
1 1 2 114.031 114.031 66.180 66.180 -0.026
1 1 3 77.679 77.679 24.398 24.398 -0.326
1 1 4 114.642 114.642 38.312 38.312 -0.157
1 1 5 128.978 128.978 37.361 37.361 0.014
1 1 6 500.000 500.000 362.113 362.113 -0.191
1 1 7 114.837 114.837 24.990 24.990 -0.072
1 1 8 115.815 115.815 22.929 22.929 -0.023
1 1 9 131.878 131.878 24.197 24.197 0.161
1 1 10 120.816 120.816 19.706 19.706 -0.047
1 1 11 120.863 120.863 16.274 16.274 -0.715
1 1 12 127.914 127.914 17.612 17.612 -0.346
1 1 13 115.835 115.835 14.116 14.116 0.433
1 1 14 149.137 149.137 19.355 19.355 -0.059
1 1 15 157.514 157.514 19.911 19.911 -0.067
1 1 16 160.074 160.074 18.395 18.395 -0.418
1 1 17 147.104 147.104 15.770 15.770 0.238
1 1 18 173.916 173.916 19.339 19.339 -0.181
1 1 19 139.886 139.886 13.214 13.214 0.034
1 1 20 177.702 177.702 18.073 18.073 -0.049
1 1 21 188.244 188.244 18.676 18.676 -0.070
1 1 22 165.529 165.529 14.783 14.783 -0.042
1 1 23 166.715 166.715 14.239 14.239 0.031
1 2 1 133.384 133.384 232.579 232.579 -0.034
1 2 2 117.023 117.023 116.108 116.108 -0.105
1 2 3 96.796 96.796 76.829 76.829 -0.228
1 2 4 125.661 125.661 88.945 88.945 -0.084
1 2 5 119.813 119.813 71.095 71.095 -0.155
1 2 6 127.358 127.358 73.362 73.362 0.080
1 2 7 170.695 170.695 92.720 92.720 0.108
1 2 8 151.116 151.116 73.067 73.067 0.069
1 2 9 157.363 157.363 69.547 69.547 0.148
1 2 10 139.744 139.744 53.889 53.889 -0.086
1 2 11 168.180 168.180 66.690 66.690 -0.080
1 2 12 197.656 197.656 78.247 78.247 -0.142
1 2 13 133.276 133.276 39.828 39.828 -0.120
1 2 14 145.975 145.975 43.938 43.938 -0.002
1 2 15 163.970 163.970 49.773 49.773 -0.062
1 2 16 162.923 162.923 45.800 45.800 0.033
1 2 17 169.632 169.632 46.603 46.603 -0.054
1 2 18 126.799 126.799 27.528 27.528 -0.170
1 2 19 144.736 144.736 32.726 32.726 0.019
1 2 20 147.700 147.700 32.552 32.552 -0.013
1 2 21 121.173 121.173 22.576 22.576 -0.013
1 2 22 157.315 157.315 32.672 32.672 0.027
1 2 23 139.722 139.722 26.408 26.408 0.108
1 2 24 161.796 161.796 31.019 31.019 -0.049
1 2 25 178.227 178.227 34.719 34.719 -0.096
1 2 26 171.640 171.640 32.033 32.033 -0.057
1 2 27 201.127 201.127 38.419 38.419 -0.061
1 2 28 152.690 152.690 24.705 24.705 -0.127
1 2 29 147.024 147.024 22.468 22.468 0.029
1 2 30 162.302 162.302 25.442 25.442 0.014
1 2 31 127.519 127.519 17.287 17.287 -0.078
1 2 32 297.081 297.081 58.522 58.522 -0.065
1 2 33 212.406 212.406 34.626 34.626 -0.097
1 2 34 275.365 275.365 50.188 50.188 0.014
1 2 35 238.829 238.829 39.106 39.106 0.042
1 2 36 236.072 236.072 37.658 37.658 0.032
1 2 37 251.669 251.669 40.556 40.556 0.074
1 2 38 316.339 316.339 54.973 54.973 0.056
1 2 39 220.798 220.798 31.400 31.400 0.106
1 2 40 232.054 232.054 33.144 33.144 0.120
1 2 41 269.727 269.727 40.490 40.490 -0.044
1 2 42 198.296 198.296 25.078 25.078 0.060
1 2 43 198.648 198.648 24.292 24.292 0.005
1 2 44 213.790 213.790 26.663 26.663 0.040
1 2 45 247.319 247.319 30.858 30.858 0.443
1 2 46 211.091 211.091 24.919 24.919 0.011
1 2 47 224.511 224.511 27.055 27.055 0.024
1 2 48 280.310 280.310 37.145 37.145 -0.030
1 2 49 213.953 213.953 23.994 23.994 -0.089
1 2 50 298.543 298.543 38.963 38.963 0.076
1 2 51 341.574 341.574 47.032 47.032 0.039
1 2 52 266.416 266.416 31.420 31.420 0.086
1 2 53 283.172 283.172 34.037 34.037 0.006
1 2 54 201.017 201.017 20.093 20.093 0.181
1 2 55 228.164 228.164 23.704 23.704 0.066
1 2 56 309.328 309.328 36.936 36.936 0.055
1 2 57 227.470 227.470 22.669 22.669 0.090
1 2 58 371.439 371.439 7837.071 7837.071 0.000
1 2 59 255.350 255.350 26.272 26.272 0.109
1 2 60 264.826 264.826 27.208 27.208 0.051
1 2 61 237.756 237.756 22.853 22.853 -0.072
1 2 62 253.732 253.732 24.902 24.902 0.052
1 3 1 500.000 500.000 26.368 26.368 -0.317
1 3 2 197.008 197.008 17.158 17.158 0.553
1 3 3 266.378 266.378 28.000 28.000 0.458
1 3 4 206.410 206.410 17.212 17.212 0.822
1 3 5 183.440 183.440 13.626 13.626 1.310
2 1 1 499.998 499.998 5128.879 5128.879 0.608
2 1 2 95.357 95.357 48.873 48.873 -0.163
2 1 3 62.536 62.536 18.727 18.727 -0.132
2 1 4 100.460 100.460 31.675 31.675 0.163
2 1 5 83.103 83.103 19.212 19.212 0.133
2 1 6 151.704 151.704 1323.614 1323.614 0.000
2 1 7 113.282 113.282 24.063 24.063 0.246
2 1 8 120.445 120.445 23.640 23.640 0.309
2 1 9 121.298 121.298 21.401 21.401 0.107
2 1 10 167.617 167.617 1642.694 1642.694 0.000
2 1 11 132.867 132.867 20.637 20.637 0.063
2 1 12 87.809 87.809 10.141 10.141 -0.337
2 1 13 125.845 125.845 16.375 16.375 0.036
2 1 14 126.334 126.334 14.925 14.925 -0.290
2 1 15 119.607 119.607 13.183 13.183 -0.072
2 1 16 133.044 133.044 14.285 14.285 -0.174
2 1 17 133.760 133.760 13.596 13.596 -0.358
2 1 18 178.128 178.128 20.148 20.148 -0.031
2 1 19 203.423 203.423 2492.164 2492.164 0.000
2 1 20 160.084 160.084 15.309 15.309 -0.293
2 1 21 160.919 160.919 14.540 14.540 0.391
2 1 22 168.934 168.934 15.234 15.234 -0.095
2 1 23 161.067 161.067 13.314 13.314 0.418
2 2 1 174.248 174.248 2186.651 2186.651 0.142
2 2 2 141.395 141.395 162.834 162.834 -0.016
2 2 3 145.767 145.767 142.994 142.994 -0.031
2 2 4 142.134 142.134 105.589 105.589 -0.123
2 2 5 137.080 137.080 92.412 92.412 0.062
2 2 6 300.598 300.598 271.077 271.077 0.112
2 2 7 137.069 137.069 67.989 67.989 -0.082
2 2 8 118.278 118.278 50.092 50.092 0.143
2 2 9 146.071 146.071 63.077 63.077 -0.148
2 2 10 177.968 177.968 74.891 74.891 -0.145
2 2 11 153.435 153.435 57.623 57.623 -0.115
2 2 12 186.074 186.074 73.208 73.208 -0.084
2 2 13 158.335 158.335 51.678 51.678 0.096
2 2 14 124.924 124.924 34.681 34.681 0.065
2 2 15 144.581 144.581 41.138 41.138 0.065
2 2 16 155.441 155.441 42.683 42.683 -0.022
2 2 17 163.709 163.709 44.259 44.259 -0.016
2 2 18 117.914 117.914 24.975 24.975 0.022
2 2 19 123.644 123.644 25.784 25.784 0.078
2 2 20 155.439 155.439 34.940 34.940 0.098
2 2 21 126.053 126.053 23.880 23.880 0.119
2 2 22 169.508 169.508 36.441 36.441 0.086
2 2 23 155.874 155.874 31.238 31.238 0.034
2 2 24 131.795 131.795 22.741 22.741 0.121
2 2 25 154.513 154.513 28.164 28.164 0.034
2 2 26 161.296 161.296 29.198 29.198 0.037
2 2 27 191.936 191.936 35.822 35.822 -0.063
2 2 28 170.360 170.360 29.229 29.229 -0.029
2 2 29 150.275 150.275 23.190 23.190 -0.070
2 2 30 149.102 149.102 22.296 22.296 -0.133
2 2 31 124.301 124.301 16.644 16.644 0.058
2 2 32 227.643 227.643 39.127 39.127 -0.113
2 2 33 216.407 216.407 35.704 35.704 0.042
2 2 34 263.043 263.043 46.852 46.852 0.025
2 2 35 247.692 247.692 41.321 41.321 -0.003
2 2 36 214.336 214.336 32.581 32.581 -0.027
2 2 37 232.906 232.906 36.022 36.022 0.105
2 2 38 285.990 285.990 47.345 47.345 0.011
2 2 39 190.174 190.174 25.189 25.189 -0.003
2 2 40 203.231 203.231 27.248 27.248 -0.097
2 2 41 234.504 234.504 32.536 32.536 -0.165
2 2 42 213.546 213.546 28.041 28.041 -0.033
2 2 43 310.287 310.287 6141.655 6141.655 0.000
2 2 44 253.674 253.674 34.334 34.334 -0.108
2 2 45 211.304 211.304 25.734 25.734 -0.097
2 2 46 227.129 227.129 27.798 27.798 -0.045
2 2 47 241.832 241.832 30.159 30.159 -0.107
2 2 48 247.624 247.624 30.619 30.619 -0.156
2 2 49 244.446 244.446 29.331 29.331 -0.050
2 2 50 264.770 264.770 32.551 32.551 -0.063
2 2 51 316.602 316.602 41.952 41.952 0.050
2 2 52 292.120 292.120 36.148 36.148 -0.040
2 2 53 284.209 284.209 34.187 34.187 -0.056
2 2 54 273.485 273.485 31.660 31.660 0.133
2 2 55 229.340 229.340 23.823 23.823 0.152
2 2 56 307.690 307.690 36.553 36.553 0.100
2 2 57 269.560 269.560 29.260 29.260 0.062
2 2 58 202.684 202.684 18.834 18.834 0.073
2 2 59 209.065 209.065 19.504 19.504 0.001
2 2 60 240.320 240.320 23.462 23.462 0.132
2 2 61 266.046 266.046 27.072 27.072 -0.028
2 2 62 271.685 271.685 27.555 27.555 0.094
2 3 1 249.988 249.988 27.906 27.906 -0.534
2 3 2 223.471 223.471 21.544 21.544 0.043
2 3 3 184.646 184.646 15.769 15.769 -0.045
2 3 4 468.067 468.067 64.708 64.708 0.347
2 3 5 185.561 185.561 14.488 14.488 -0.655
3 1 1 135.069 135.069 110.356 110.356 0.137
3 1 2 112.924 112.924 61.828 61.828 -0.157
3 1 3 84.106 84.106 28.502 28.502 -0.205
3 1 4 114.444 114.444 38.636 38.636 -0.102
3 1 5 76.761 76.761 16.118 16.118 -0.477
3 1 6 77.630 77.630 16.098 16.098 0.136
3 1 7 499.984 499.984 5321.599 5321.599 -0.637
3 1 8 133.654 133.654 28.377 28.377 -0.062
3 1 9 124.771 124.771 22.241 22.241 -0.151
3 1 10 122.643 122.643 20.048 20.048 -0.151
3 1 11 92.031 92.031 11.863 11.863 0.205
3 1 12 122.015 122.015 16.752 16.752 -0.080
3 1 13 127.284 127.284 16.502 16.502 -0.245
3 1 14 139.227 139.227 17.204 17.204 0.324
3 1 15 145.036 145.036 18.124 18.124 -0.732
3 1 16 152.283 152.283 17.550 17.550 0.074
3 1 17 168.816 168.816 21.256 21.256 0.686
3 1 18 190.834 190.834 22.302 22.302 0.108
3 1 19 168.711 168.711 17.360 17.360 0.234
3 1 20 154.132 154.132 14.589 14.589 -0.105
3 1 21 168.102 168.102 15.444 15.444 0.443
3 1 22 179.119 179.119 15.807 15.807 0.658
3 1 23 169.496 169.496 14.586 14.586 -0.085
3 2 1 144.458 144.458 310.806 310.806 0.002
3 2 2 143.139 143.139 1166.603 1166.603 0.000
3 2 3 87.664 87.664 143.360 143.360 -0.359
3 2 4 182.412 182.412 153.420 153.420 0.080
3 2 5 130.947 130.947 80.525 80.525 -0.230
3 2 6 127.305 127.305 74.402 74.402 -0.013
3 2 7 162.986 162.986 89.837 89.837 -0.021
3 2 8 173.921 173.921 89.963 89.963 -0.064
3 2 9 132.919 132.919 54.707 54.707 -0.162
3 2 10 160.240 160.240 66.553 66.553 -0.064
3 2 11 185.214 185.214 77.268 77.268 -0.081
3 2 12 195.458 195.458 78.240 78.240 -0.103
3 2 13 153.012 153.012 47.224 47.224 -0.230
3 2 14 161.224 161.224 50.496 50.496 -0.099
3 2 15 188.010 188.010 60.885 60.885 -0.066
3 2 16 128.707 128.707 32.180 32.180 -0.015
3 2 17 180.003 180.003 50.725 50.725 -0.081
3 2 18 148.409 148.409 35.159 35.159 0.085
3 2 19 199.781 199.781 53.019 53.019 0.030
3 2 20 180.357 180.357 43.717 43.717 -0.079
3 2 21 128.123 128.123 24.221 24.221 -0.200
3 2 22 168.647 168.647 36.068 36.068 -0.102
3 2 23 152.835 152.835 30.276 30.276 -0.069
3 2 24 159.510 159.510 29.775 29.775 -0.239
3 2 25 161.354 161.354 29.883 29.883 -0.111
3 2 26 171.759 171.759 31.739 31.739 -0.161
3 2 27 162.284 162.284 27.905 27.905 -0.010
3 2 28 151.741 151.741 24.562 24.562 -0.065
3 2 29 132.611 132.611 18.873 18.873 -0.316
3 2 30 161.708 161.708 25.250 25.250 0.077
3 2 31 156.143 156.143 23.425 23.425 0.063
3 2 32 250.659 250.659 45.263 45.263 -0.096
3 2 33 189.401 189.401 29.243 29.243 -0.031
3 2 34 244.842 244.842 42.048 42.048 -0.047
3 2 35 208.913 208.913 31.889 31.889 -0.100
3 2 36 223.456 223.456 34.671 34.671 0.047
3 2 37 223.550 223.550 34.001 34.001 0.043
3 2 38 277.439 277.439 45.189 45.189 -0.042
3 2 39 242.005 242.005 36.073 36.073 0.089
3 2 40 277.263 277.263 43.535 43.535 0.008
3 2 41 207.132 207.132 27.221 27.221 -0.081
3 2 42 211.374 211.374 27.589 27.589 -0.055
3 2 43 239.247 239.247 32.075 32.075 0.056
3 2 44 247.541 247.541 33.230 33.230 -0.023
3 2 45 226.187 226.187 28.516 28.516 -0.068
3 2 46 192.675 192.675 21.728 21.728 0.030
3 2 47 266.106 266.106 34.909 34.909 0.009
3 2 48 210.189 210.189 24.129 24.129 -0.010
3 2 49 186.293 186.293 19.515 19.515 0.048
3 2 50 181.242 181.242 18.167 18.167 0.344
3 2 51 194.747 194.747 20.233 20.233 0.087
3 2 52 320.660 320.660 41.528 41.528 0.059
3 2 53 198.882 198.882 20.021 20.021 -0.063
3 2 54 249.247 249.247 27.485 27.485 0.164
3 2 55 245.434 245.434 26.467 26.467 0.023
3 2 56 331.506 331.506 40.975 40.975 0.051
3 2 57 225.248 225.248 22.316 22.316 0.143
3 2 58 208.882 208.882 19.677 19.677 0.135
3 2 59 256.152 256.152 26.492 26.492 0.179
3 2 60 248.898 248.898 24.776 24.776 0.079
3 2 61 227.237 227.237 21.302 21.302 0.147
3 2 62 257.435 257.435 25.272 25.272 0.190
3 3 1 173.840 173.840 13.768 13.768 1.143
3 3 2 230.954 230.954 22.588 22.588 -0.122
3 3 3 192.921 192.921 16.387 16.387 0.479
3 3 4 186.242 186.242 15.343 15.343 0.162
3 3 5 193.223 193.223 15.777 15.777 -0.047
4 1 1 78.817 78.817 53.003 53.003 0.047
4 1 2 79.828 79.828 47.936 47.936 -0.570
4 1 3 109.293 109.293 40.459 40.459 -0.269
4 1 4 108.949 108.949 35.929 35.929 0.120
4 1 5 73.751 73.751 15.926 15.926 0.269
4 1 6 85.665 85.665 18.358 18.358 -0.250
4 1 7 124.816 124.816 27.507 27.507 -0.290
4 1 8 114.549 114.549 22.502 22.502 0.082
4 1 9 137.024 137.024 25.782 25.782 0.029
4 1 10 133.867 133.867 22.687 22.687 -0.222
4 1 11 91.409 91.409 11.388 11.388 -0.516
4 1 12 163.457 163.457 25.964 25.964 0.073
4 1 13 148.551 148.551 20.997 20.997 -0.048
4 1 14 124.827 124.827 14.832 14.832 0.006
4 1 15 125.959 125.959 13.769 13.769 -0.551
4 1 16 143.714 143.714 14.955 14.955 -0.792
4 1 17 163.058 163.058 18.486 18.486 0.156
4 1 18 181.078 181.078 20.642 20.642 -0.057
4 1 19 173.432 173.432 18.214 18.214 -0.107
4 1 20 133.710 133.710 11.770 11.770 -0.161
4 1 21 152.925 152.925 13.686 13.686 -0.001
4 1 22 184.732 184.732 17.371 17.371 -0.176
4 1 23 194.619 194.619 17.954 17.954 0.011
4 2 1 325.359 325.359 6007.815 6007.815 0.031
4 2 2 100.333 100.333 93.265 93.265 0.149
4 2 3 116.009 116.009 113.781 113.781 0.199
4 2 4 109.145 109.145 73.672 73.672 0.047
4 2 5 139.283 139.283 94.003 94.003 -0.044
4 2 6 131.237 131.237 74.458 74.458 0.140
4 2 7 160.087 160.087 87.070 87.070 -0.018
4 2 8 111.550 111.550 46.661 46.661 -0.053
4 2 9 127.467 127.467 49.562 49.562 -0.236
4 2 10 174.773 174.773 74.570 74.570 -0.098
4 2 11 148.097 148.097 55.477 55.477 -0.073
4 2 12 178.916 178.916 68.265 68.265 -0.130
4 2 13 170.682 170.682 58.075 58.075 -0.056
4 2 14 143.086 143.086 42.617 42.617 -0.024
4 2 15 173.151 173.151 54.133 54.133 0.016
4 2 16 146.442 146.442 39.024 39.024 0.038
4 2 17 168.965 168.965 46.258 46.258 -0.075
4 2 18 149.571 149.571 35.359 35.359 0.123
4 2 19 201.621 201.621 53.682 53.682 -0.050
4 2 20 152.831 152.831 33.487 33.487 -0.218
4 2 21 130.651 130.651 25.250 25.250 0.046
4 2 22 177.662 177.662 39.186 39.186 -0.036
4 2 23 199.874 199.874 45.253 45.253 -0.049
4 2 24 182.004 182.004 37.052 37.052 0.001
4 2 25 160.879 160.879 29.890 29.890 -0.050
4 2 26 178.095 178.095 33.811 33.811 -0.068
4 2 27 182.207 182.207 32.921 32.921 -0.137
4 2 28 191.921 191.921 34.913 34.913 -0.060
4 2 29 148.636 148.636 22.737 22.737 -0.130
4 2 30 153.513 153.513 23.405 23.405 -0.026
4 2 31 145.531 145.531 21.083 21.083 -0.062
4 2 32 308.991 308.991 62.304 62.304 -0.002
4 2 33 187.400 187.400 28.790 28.790 0.009
4 2 34 252.350 252.350 43.850 43.850 -0.081
4 2 35 289.542 289.542 52.172 52.172 -0.034
4 2 36 241.717 241.717 38.820 38.820 -0.105
4 2 37 299.891 299.891 52.825 52.825 -0.045
4 2 38 308.118 308.118 52.761 52.761 -0.081
4 2 39 258.982 258.982 40.016 40.016 -0.029
4 2 40 259.634 259.634 39.225 39.225 0.112
4 2 41 264.042 264.042 39.184 39.184 -0.055
4 2 42 283.632 283.632 42.777 42.777 -0.096
4 2 43 235.015 235.015 31.227 31.227 -0.057
4 2 44 268.393 268.393 37.485 37.485 -0.051
4 2 45 261.610 261.610 35.511 35.511 -0.032
4 2 46 227.902 227.902 27.879 27.879 0.100
4 2 47 239.363 239.363 29.779 29.779 -0.036
4 2 48 297.924 297.924 40.713 40.713 0.010
4 2 49 179.212 179.212 18.409 18.409 -0.069
4 2 50 258.605 258.605 31.464 31.464 0.006
4 2 51 303.511 303.511 39.402 39.402 -0.030
4 2 52 261.253 261.253 30.570 30.570 0.045
4 2 53 273.497 273.497 32.306 32.306 -0.021
4 2 54 247.151 247.151 27.300 27.300 0.034
4 2 55 217.048 217.048 21.963 21.963 -0.130
4 2 56 312.015 312.015 37.427 37.427 -0.033
4 2 57 194.956 194.956 18.011 18.011 -0.005
4 2 58 219.331 219.331 21.223 21.223 -0.014
4 2 59 210.444 210.444 19.682 19.682 0.060
4 2 60 211.919 211.919 19.469 19.469 -0.086
4 2 61 232.309 232.309 22.029 22.029 -0.130
4 2 62 302.057 302.057 32.346 32.346 0.048
4 3 1 174.230 174.230 15.155 15.155 -0.485
4 3 2 202.810 202.810 18.594 18.594 -0.131
4 3 3 210.427 210.427 17.517 17.517 0.865
4 3 4 317.062 317.062 32.325 32.325 -0.733
4 3 5 228.151 228.151 20.209 20.209 0.125
5 1 1 133.512 133.512 110.936 110.936 0.106
5 1 2 112.879 112.879 59.453 59.453 -0.282
5 1 3 166.171 166.171 81.054 81.054 0.067
5 1 4 133.558 133.558 49.091 49.091 -0.045
5 1 5 86.294 86.294 20.438 20.438 -0.039
5 1 6 93.294 93.294 18.916 18.916 -0.619
5 1 7 96.077 96.077 18.850 18.850 0.234
5 1 8 102.814 102.814 18.312 18.312 -0.427
5 1 9 132.132 132.132 24.172 24.172 -0.169
5 1 10 136.667 136.667 23.446 23.446 -0.196
5 1 11 139.443 139.443 22.147 22.147 -0.074
5 1 12 149.752 149.752 22.788 22.788 -0.066
5 1 13 166.398 166.398 24.250 24.250 -0.313
5 1 14 128.355 128.355 15.331 15.331 -0.239
5 1 15 176.193 176.193 23.554 23.554 0.067
5 1 16 177.594 177.594 22.708 22.708 -0.857
5 1 17 158.894 158.894 17.790 17.790 -0.142
5 1 18 190.023 190.023 22.141 22.141 -0.123
5 1 19 195.100 195.100 21.732 21.732 0.113
5 1 20 175.406 175.406 17.655 17.655 0.165
5 1 21 181.558 181.558 17.698 17.698 -0.057
5 1 22 172.023 172.023 15.654 15.654 0.080
5 1 23 164.074 164.074 13.851 13.851 0.228
5 2 1 56.866 56.866 80.286 80.286 -0.181
5 2 2 113.147 113.147 113.013 113.013 0.135
5 2 3 169.465 169.465 184.227 184.227 -0.001
5 2 4 137.009 137.009 97.988 97.988 -0.136
5 2 5 111.542 111.542 67.791 67.791 0.016
5 2 6 114.959 114.959 60.781 60.781 -0.160
5 2 7 139.207 139.207 69.574 69.574 -0.080
5 2 8 147.285 147.285 71.043 71.043 0.008
5 2 9 134.973 134.973 57.732 57.732 -0.040
5 2 10 170.429 170.429 72.422 72.422 -0.089
5 2 11 199.158 199.158 86.900 86.900 0.006
5 2 12 221.843 221.843 96.082 96.082 -0.048
5 2 13 183.252 183.252 64.863 64.863 -0.026
5 2 14 168.696 168.696 54.577 54.577 -0.017
5 2 15 166.236 166.236 50.913 50.913 -0.006
5 2 16 149.636 149.636 38.143 38.143 -0.290
5 2 17 155.435 155.435 40.964 40.964 -0.001
5 2 18 134.496 134.496 30.426 30.426 -0.014
5 2 19 165.207 165.207 39.599 39.599 -0.109
5 2 20 178.423 178.423 43.220 43.220 -0.004
5 2 21 120.350 120.350 22.347 22.347 -0.004
5 2 22 148.396 148.396 29.843 29.843 0.098
5 2 23 185.872 185.872 40.667 40.667 -0.001
5 2 24 145.554 145.554 26.463 26.463 -0.073
5 2 25 162.429 162.429 30.197 30.197 -0.131
5 2 26 160.521 160.521 28.974 28.974 -0.044
5 2 27 191.696 191.696 35.639 35.639 -0.104
5 2 28 151.869 151.869 24.330 24.330 -0.206
5 2 29 134.175 134.175 19.536 19.536 -0.115
5 2 30 201.263 201.263 34.909 34.909 -0.127
5 2 31 131.832 131.832 18.135 18.135 -0.122
5 2 32 268.900 268.900 50.502 50.502 -0.046
5 2 33 211.496 211.496 34.415 34.415 -0.086
5 2 34 261.068 261.068 46.263 46.263 -0.045
5 2 35 254.196 254.196 42.953 42.953 -0.017
5 2 36 255.187 255.187 42.285 42.285 0.049
5 2 37 260.351 260.351 42.766 42.766 0.010
5 2 38 330.699 330.699 58.711 58.711 0.051
5 2 39 186.846 186.846 24.511 24.511 0.060
5 2 40 249.479 249.479 37.151 37.151 -0.015
5 2 41 240.492 240.492 34.044 34.044 -0.075
5 2 42 226.001 226.001 30.339 30.339 -0.149
5 2 43 221.685 221.685 28.494 28.494 -0.139
5 2 44 279.249 279.249 39.689 39.689 -0.086
5 2 45 241.506 241.506 31.292 31.292 -0.154
5 2 46 219.944 219.944 26.479 26.479 -0.053
5 2 47 225.080 225.080 27.134 27.134 -0.052
5 2 48 265.465 265.465 34.239 34.239 0.022
5 2 49 208.763 208.763 23.154 23.154 0.037
5 2 50 281.541 281.541 35.707 35.707 -0.061
5 2 51 300.905 300.905 38.741 38.741 -0.108
5 2 52 304.526 304.526 38.480 38.480 -0.021
5 2 53 261.348 261.348 30.163 30.163 -0.049
5 2 54 237.509 237.509 25.647 25.647 -0.105
5 2 55 245.086 245.086 26.377 26.377 0.082
5 2 56 200.018 200.018 19.156 19.156 -0.154
5 2 57 185.128 185.128 16.662 16.662 0.055
5 2 58 219.611 219.611 21.257 21.257 -0.017
5 2 59 185.158 185.158 16.251 16.251 0.035
5 2 60 254.253 254.253 25.588 25.588 0.069
5 2 61 218.935 218.935 20.079 20.079 -0.211
5 2 62 254.004 254.004 24.917 24.917 0.095
5 3 1 186.947 186.947 17.227 17.227 0.078
5 3 2 196.094 196.094 17.693 17.693 0.124
5 3 3 220.775 220.775 20.606 20.606 -0.082
5 3 4 201.989 201.989 17.045 17.045 0.432
5 3 5 203.747 203.747 16.904 16.904 0.875
6 1 1 45.638 45.638 40.875 40.875 -0.922
6 1 2 118.613 118.613 70.195 70.195 -0.008
6 1 3 141.257 141.257 63.782 63.782 0.039
6 1 4 118.345 118.345 39.289 39.289 -0.224
6 1 5 113.721 113.721 29.782 29.782 -0.262
6 1 6 92.752 92.752 19.592 19.592 0.527
6 1 7 110.592 110.592 23.649 23.649 0.001
6 1 8 155.837 155.837 34.808 34.808 -0.233
6 1 9 122.864 122.864 21.586 21.586 -0.226
6 1 10 124.529 124.529 20.628 20.628 0.038
6 1 11 127.983 127.983 19.482 19.482 -0.066
6 1 12 137.522 137.522 20.044 20.044 -0.081
6 1 13 136.022 136.022 18.365 18.365 -0.103
6 1 14 142.751 142.751 17.274 17.274 0.619
6 1 15 150.529 150.529 18.563 18.563 0.139
6 1 16 162.620 162.620 19.281 19.281 0.164
6 1 17 154.819 154.819 17.038 17.038 -0.243
6 1 18 194.565 194.565 22.972 22.972 0.085
6 1 19 175.810 175.810 18.620 18.620 0.098
6 1 20 177.757 177.757 18.065 18.065 0.113
6 1 21 211.379 211.379 2705.928 2705.928 0.000
6 1 22 153.606 153.606 12.694 12.694 0.652
6 1 23 168.121 168.121 14.392 14.392 0.156
6 2 1 69.784 69.784 109.420 109.420 0.041
6 2 2 118.337 118.337 125.056 125.056 -0.010
6 2 3 133.124 133.124 123.388 123.388 -0.061
6 2 4 143.816 143.816 120.284 120.284 -0.133
6 2 5 163.049 163.049 118.671 118.671 -0.107
6 2 6 147.919 147.919 89.772 89.772 -0.123
6 2 7 185.407 185.407 108.184 108.184 0.033
6 2 8 124.800 124.800 52.890 52.890 0.179
6 2 9 155.584 155.584 71.575 71.575 0.009
6 2 10 182.894 182.894 81.086 81.086 -0.043
6 2 11 156.736 156.736 60.033 60.033 -0.084
6 2 12 199.944 199.944 79.852 79.852 -0.139
6 2 13 175.715 175.715 60.951 60.951 0.000
6 2 14 133.709 133.709 38.200 38.200 -0.098
6 2 15 167.095 167.095 51.308 51.308 0.003
6 2 16 148.943 148.943 39.922 39.922 0.070
6 2 17 144.369 144.369 36.440 36.440 0.100
6 2 18 128.838 128.838 28.531 28.531 -0.003
6 2 19 148.002 148.002 33.329 33.329 -0.175
6 2 20 152.412 152.412 34.113 34.113 0.031
6 2 21 130.948 130.948 25.289 25.289 -0.097
6 2 22 168.591 168.591 36.197 36.197 -0.054
6 2 23 159.863 159.863 32.379 32.379 0.058
6 2 24 138.950 138.950 24.680 24.680 -0.078
6 2 25 154.453 154.453 28.095 28.095 -0.072
6 2 26 156.259 156.259 27.851 27.851 -0.010
6 2 27 189.959 189.959 35.289 35.289 -0.057
6 2 28 134.517 134.517 20.460 20.460 -0.114
6 2 29 126.026 126.026 17.828 17.828 -0.048
6 2 30 171.812 171.812 27.710 27.710 -0.014
6 2 31 118.355 118.355 15.455 15.455 -0.104
6 2 32 293.798 293.798 57.703 57.703 -0.036
6 2 33 196.702 196.702 30.858 30.858 0.095
6 2 34 260.980 260.980 46.306 46.306 -0.003
6 2 35 225.753 225.753 35.921 35.921 -0.051
6 2 36 243.382 243.382 39.334 39.334 -0.088
6 2 37 217.518 217.518 32.661 32.661 -0.003
6 2 38 281.589 281.589 46.017 46.017 0.098
6 2 39 310.152 310.152 52.422 52.422 0.040
6 2 40 255.987 255.987 38.598 38.598 -0.031
6 2 41 204.695 204.695 26.646 26.646 -0.144
6 2 42 213.728 213.728 27.994 27.994 -0.103
6 2 43 190.472 190.472 22.801 22.801 0.060
6 2 44 206.514 206.514 25.324 25.324 -0.024
6 2 45 177.981 177.981 19.934 19.934 0.001
6 2 46 204.279 204.279 23.715 23.715 -0.044
6 2 47 187.891 187.891 20.706 20.706 0.032
6 2 48 313.974 313.974 44.028 44.028 0.032
6 2 49 254.778 254.778 31.201 31.201 -0.056
6 2 50 253.362 253.362 30.500 30.500 -0.030
6 2 51 296.560 296.560 38.067 38.067 -0.015
6 2 52 283.619 283.619 34.543 34.543 0.064
6 2 53 302.060 302.060 37.482 37.482 -0.016
6 2 54 227.537 227.537 24.108 24.108 0.052
6 2 55 272.941 272.941 30.870 30.870 0.151
6 2 56 217.979 217.979 21.863 21.863 0.003
6 2 57 191.215 191.215 17.466 17.466 0.122
6 2 58 220.817 220.817 21.352 21.352 0.156
6 2 59 228.481 228.481 22.208 22.208 0.136
6 2 60 244.165 244.165 24.036 24.036 0.119
6 2 61 242.570 242.570 23.533 23.533 0.107
6 2 62 291.409 291.409 30.458 30.458 0.169
6 3 1 179.165 179.165 16.171 16.171 0.042
6 3 2 202.704 202.704 18.468 18.468 -0.255
6 3 3 229.000 229.000 44.162 44.162 -2.278
6 3 4 200.097 200.097 18.079 18.079 0.453
6 3 5 236.899 236.899 21.102 21.102 -0.302
