1 1 1 -0.0003704 -0.0090949
1 1 2 -0.0000280 0.0021524
1 1 3 -0.0000436 -0.0007305
1 1 4 -0.0005656 -0.0054630
1 1 5 -0.0000998 -0.0010158
1 1 6 0.0000074 -0.0042831
1 1 7 -0.0001422 0.0001699
1 1 8 -0.0000751 -0.0037855
1 1 9 0.0000021 0.0035208
1 1 10 -0.0000505 0.0019811
1 1 11 0.0002312 0.0104325
1 1 12 0.0000356 0.0025482
1 1 13 -0.0000496 0.0034005
1 1 14 -0.0000041 -0.0012327
1 1 15 -0.0000216 0.0006457
1 1 16 -0.0000580 0.0023539
1 1 17 -0.0000261 0.0031120
1 1 18 -0.0000294 -0.0013642
1 1 19 -0.0000347 -0.0011912
1 1 20 -0.0000308 -0.0010158
1 1 21 -0.0000149 0.0021836
1 1 22 -0.0000092 -0.0019157
1 1 23 -0.0000518 -0.0011863
1 2 1 -0.0000335 -0.0225375
1 2 2 0.0008154 -0.0012991
1 2 3 0.0003787 -0.0020121
1 2 4 0.0003489 0.0004670
1 2 5 0.0002371 -0.0062798
1 2 6 0.0003195 -0.0002726
1 2 7 -0.0000027 0.0015628
1 2 8 0.0000590 0.0003165
1 2 9 0.0000248 0.0041073
1 2 10 0.0000551 0.0009544
1 2 11 0.0000092 -0.0001184
1 2 12 0.0000166 -0.0007827
1 2 13 -0.0000043 0.0006756
1 2 14 0.0000266 0.0010132
1 2 15 0.0000401 0.0002888
1 2 16 0.0000203 0.0022425
1 2 17 0.0000068 -0.0000191
1 2 18 0.0000314 -0.0000719
1 2 19 0.0000442 0.0011983
1 2 20 0.0000250 -0.0013969
1 2 21 0.0000189 -0.0000463
1 2 22 0.0000258 0.0012884
1 2 23 0.0000053 -0.0002475
1 2 24 0.0000282 -0.0011207
1 2 25 0.0000187 0.0005073
1 2 26 0.0000218 0.0000805
1 2 27 0.0000093 0.0001372
1 2 28 0.0000113 -0.0014283
1 2 29 0.0000262 -0.0001684
1 2 30 -0.0000316 0.0022419
1 2 31 0.0000022 0.0001095
1 2 32 0.0000308 -0.0003033
1 2 33 -0.0000078 -0.0004128
1 2 34 0.0000052 -0.0006810
1 2 35 0.0000286 0.0001799
1 2 36 0.0000240 0.0003261
1 2 37 0.0000318 0.0001779
1 2 38 0.0000183 0.0002701
1 2 39 0.0000153 0.0004559
1 2 40 0.0000156 0.0013955
1 2 41 0.0000049 -0.0004717
1 2 42 0.0000033 -0.0001920
1 2 43 -0.0000011 0.0002575
1 2 44 0.0000068 0.0005338
1 2 45 0.0000076 -0.0008894
1 2 46 0.0000017 0.0003408
1 2 47 0.0000072 -0.0002639
1 2 48 0.0000137 -0.0005187
1 2 49 0.0000121 -0.0009423
1 2 50 0.0000218 -0.0002051
1 2 51 0.0000025 0.0003202
1 2 52 -0.0000268 0.0026518
1 2 53 -0.0000015 0.0011402
1 2 54 0.0000044 -0.0003960
1 2 55 0.0000090 0.0018847
1 2 56 0.0000087 0.0004163
1 2 57 -0.0000039 0.0010245
1 2 58 0.0000032 -0.0002544
1 2 59 -0.0000003 -0.0004217
1 2 60 -0.0000035 0.0000532
1 2 61 -0.0000005 -0.0004498
1 2 62 0.0000059 -0.0002097
1 3 1 -0.0000147 0.0010758
1 3 2 -0.0000392 0.0019360
1 3 3 -0.0000326 0.0001503
1 3 4 -0.0000293 -0.0089475
1 3 5 -0.0002092 -0.0289799
2 1 1 0.0002507 0.0032869
2 1 2 0.0002021 -0.0039066
2 1 3 0.0001300 0.0012766
2 1 4 0.0001953 0.0008434
2 1 5 0.0001017 0.0040911
2 1 6 0.0000000 0.0000000
2 1 7 0.0000374 0.0002185
2 1 8 0.0000212 0.0025199
2 1 9 0.0001830 -0.0055656
2 1 10 0.0000000 0.0000000
2 1 11 -0.0000433 0.0071874
2 1 12 -0.0000151 -0.0002659
2 1 13 -0.0000248 -0.0012257
2 1 14 -0.0000064 0.0001613
2 1 15 -0.0000728 -0.0002840
2 1 16 0.0000051 0.0022127
2 1 17 -0.0000915 0.0040976
2 1 18 -0.0000335 0.0004458
2 1 19 0.0000000 0.0000000
2 1 20 -0.0000321 -0.0089848
2 1 21 -0.0000268 0.0014927
2 1 22 0.0000280 0.0020160
2 1 23 -0.0000308 0.0003752
2 2 1 0.0001960 0.0060980
2 2 2 -0.0000511 0.0004093
2 2 3 0.0005624 -0.0013256
2 2 4 0.0002517 -0.0004829
2 2 5 0.0001340 -0.0016067
2 2 6 0.0002555 0.0039385
2 2 7 0.0001197 0.0001707
2 2 8 0.0000972 -0.0011485
2 2 9 0.0001332 -0.0016288
2 2 10 0.0000506 0.0005346
2 2 11 0.0000174 0.0002786
2 2 12 0.0000648 -0.0003930
2 2 13 0.0000329 0.0016795
2 2 14 0.0000365 0.0004103
2 2 15 0.0000428 0.0005392
2 2 16 0.0000144 0.0000779
2 2 17 0.0000252 0.0002643
2 2 18 0.0000284 0.0002592
2 2 19 0.0000382 0.0000265
2 2 20 0.0000052 0.0005774
2 2 21 0.0000412 0.0002712
2 2 22 0.0000078 0.0002048
2 2 23 0.0000233 0.0012005
2 2 24 0.0000315 0.0000461
2 2 25 0.0000261 0.0006505
2 2 26 0.0000114 0.0003822
2 2 27 0.0000084 0.0003452
2 2 28 0.0000011 -0.0001714
2 2 29 0.0000163 -0.0002729
2 2 30 0.0000048 -0.0005324
2 2 31 0.0000305 0.0002899
2 2 32 0.0000063 -0.0008392
2 2 33 0.0000032 0.0008574
2 2 34 0.0000190 0.0006730
2 2 35 -0.0000018 -0.0004826
2 2 36 0.0000087 0.0015016
2 2 37 0.0000263 0.0007363
2 2 38 0.0000207 0.0000014
2 2 39 0.0000024 -0.0003682
2 2 40 0.0000256 -0.0005002
2 2 41 -0.0000116 -0.0016610
2 2 42 0.0000192 0.0001231
2 2 43 0.0000254 0.0002397
2 2 44 0.0000057 0.0003909
2 2 45 0.0000249 -0.0011195
2 2 46 0.0000276 0.0002995
2 2 47 0.0000133 0.0009369
2 2 48 0.0000092 -0.0006946
2 2 49 -0.0000129 -0.0000404
2 2 50 0.0000086 -0.0005212
2 2 51 0.0000075 -0.0000290
2 2 52 0.0000074 0.0001259
2 2 53 0.0000120 0.0009091
2 2 54 0.0000037 -0.0005826
2 2 55 0.0000052 0.0006316
2 2 56 0.0000034 -0.0001454
2 2 57 -0.0000108 0.0009789
2 2 58 0.0000026 0.0004681
2 2 59 0.0000009 0.0015421
2 2 60 0.0000015 -0.0000477
2 2 61 0.0000032 0.0007171
2 2 62 0.0000027 0.0001168
2 3 1 -0.0000090 0.0003810
2 3 2 -0.0000089 0.0003241
2 3 3 -0.0000003 0.0004776
2 3 4 0.0000374 0.0046723
2 3 5 -0.0000365 -0.0005038
3 1 1 0.0013550 -0.0049874
3 1 2 0.0004344 0.0011768
3 1 3 -0.0008582 -0.0089323
3 1 4 0.0000397 0.0000866
3 1 5 -0.0000473 -0.0028923
3 1 6 0.0000225 -0.0018429
3 1 7 -0.0000186 -0.0005981
3 1 8 -0.0000399 -0.0019535
3 1 9 -0.0000087 -0.0007621
3 1 10 -0.0000355 -0.0025336
3 1 11 -0.0000898 0.0003205
3 1 12 0.0000247 -0.0008262
3 1 13 -0.0001726 0.0021400
3 1 14 0.0000216 -0.0008216
3 1 15 -0.0000794 -0.0103886
3 1 16 -0.0002082 0.0001185
3 1 17 -0.0000251 0.0013619
3 1 18 0.0000237 -0.0007136
3 1 19 -0.0000851 -0.0009345
3 1 20 -0.0000029 -0.0009499
3 1 21 -0.0000570 0.0014851
3 1 22 -0.0000266 0.0011146
3 1 23 0.0000568 -0.0071257
3 2 1 -0.0047605 -0.0081028
3 2 2 0.0013180 0.0005169
3 2 3 0.0047339 0.0217310
3 2 4 0.0001663 0.0050905
3 2 5 0.0003617 -0.0027356
3 2 6 0.0000636 -0.0009906
3 2 7 0.0001107 0.0000077
3 2 8 0.0000752 0.0010877
3 2 9 0.0001545 -0.0011242
3 2 10 0.0000629 0.0008225
3 2 11 0.0000216 0.0001295
3 2 12 0.0000260 -0.0004900
3 2 13 0.0000320 -0.0017023
3 2 14 -0.0000331 0.0021222
3 2 15 0.0000335 0.0003772
3 2 16 0.0000079 0.0005678
3 2 17 0.0000011 -0.0013437
3 2 18 0.0000441 0.0002415
3 2 19 0.0000221 -0.0001524
3 2 20 0.0000294 -0.0005796
3 2 21 0.0000363 -0.0002622
3 2 22 0.0000127 -0.0002220
3 2 23 0.0000259 -0.0010226
3 2 24 -0.0000019 0.0001590
3 2 25 0.0000424 -0.0006702
3 2 26 0.0000002 0.0003722
3 2 27 0.0000205 0.0010386
3 2 28 0.0000154 0.0004770
3 2 29 0.0000275 -0.0004261
3 2 30 -0.0000216 0.0018095
3 2 31 -0.0000031 -0.0002866
3 2 32 0.0000241 -0.0011155
3 2 33 0.0000063 -0.0003062
3 2 34 0.0000112 -0.0006832
3 2 35 0.0000143 -0.0008403
3 2 36 -0.0002619 -0.0151226
3 2 37 0.0000255 -0.0003558
3 2 38 0.0000028 0.0000750
3 2 39 -0.0000099 -0.0000570
3 2 40 0.0000195 -0.0001734
3 2 41 0.0000150 0.0008343
3 2 42 0.0000273 -0.0009805
3 2 43 0.0000108 0.0003785
3 2 44 0.0000092 -0.0007246
3 2 45 0.0000063 0.0003788
3 2 46 0.0000080 -0.0009991
3 2 47 0.0000129 -0.0013027
3 2 48 0.0000081 -0.0019304
3 2 49 0.0000046 -0.0008071
3 2 50 0.0000072 0.0004353
3 2 51 0.0000046 -0.0003766
3 2 52 0.0000118 -0.0002059
3 2 53 -0.0000011 -0.0005590
3 2 54 -0.0000008 -0.0000520
3 2 55 0.0000098 -0.0008226
3 2 56 -0.0000040 0.0003956
3 2 57 -0.0000012 -0.0004425
3 2 58 -0.0000038 0.0021533
3 2 59 0.0000168 0.0014240
3 2 60 0.0000007 0.0003575
3 2 61 0.0000012 0.0006524
3 2 62 0.0000236 0.0013517
3 3 1 -0.0000351 0.0000546
3 3 2 -0.0000742 0.0066402
3 3 3 -0.0000182 0.0012665
3 3 4 -0.0000216 -0.0000368
3 3 5 0.0000491 -0.0079752
4 1 1 0.0012227 0.0024426
4 1 2 0.0002880 -0.0012032
4 1 3 0.0001222 -0.0013820
4 1 4 -0.0001119 0.0032239
4 1 5 0.0002892 -0.0045377
4 1 6 -0.0000732 -0.0006690
4 1 7 0.0001649 0.0025780
4 1 8 0.0000982 0.0019936
4 1 9 0.0000112 0.0024882
4 1 10 -0.0000277 0.0009587
4 1 11 -0.0000530 -0.0027141
4 1 12 -0.0000634 -0.0007891
4 1 13 -0.0000072 -0.0034112
4 1 14 -0.0000993 -0.0016521
4 1 15 -0.0000631 0.0099044
4 1 16 -0.0000302 -0.0043824
4 1 17 -0.0000959 0.0021311
4 1 18 -0.0001286 0.0067968
4 1 19 -0.0000944 0.0015501
4 1 20 -0.0000705 0.0005638
4 1 21 -0.0001081 0.0002726
4 1 22 -0.0000195 -0.0022578
4 1 23 -0.0001392 0.0035729
4 2 1 -0.0019866 -0.0042456
4 2 2 -0.0002478 -0.0063705
4 2 3 -0.0005780 0.0103563
4 2 4 0.0004880 0.0003953
4 2 5 0.0001835 -0.0004906
4 2 6 0.0000591 0.0017122
4 2 7 -0.0046286 -0.0328481
4 2 8 0.0001276 -0.0016002
4 2 9 0.0000896 -0.0022225
4 2 10 -0.0000536 -0.0008115
4 2 11 0.0000381 0.0021952
4 2 12 -0.0000051 -0.0004459
4 2 13 0.0000405 0.0008424
4 2 14 0.0000114 -0.0013840
4 2 15 0.0000147 0.0000145
4 2 16 0.0000353 0.0016590
4 2 17 0.0000128 0.0004876
4 2 18 0.0000460 0.0019190
4 2 19 0.0000346 0.0006052
4 2 20 0.0000460 -0.0017679
4 2 21 0.0000168 0.0011127
4 2 22 0.0000115 -0.0004467
4 2 23 0.0000182 0.0003137
4 2 24 0.0000053 0.0004171
4 2 25 -0.0010204 0.0066716
4 2 26 0.0000298 -0.0003882
4 2 27 0.0000155 0.0003772
4 2 28 0.0000141 0.0006859
4 2 29 -0.0000165 -0.0008765
4 2 30 -0.0000041 -0.0001054
4 2 31 0.0000220 -0.0002244
4 2 32 0.0000035 0.0004528
4 2 33 0.0000308 0.0011003
4 2 34 0.0000169 -0.0001011
4 2 35 0.0000254 0.0002477
4 2 36 0.0000100 -0.0006296
4 2 37 0.0000240 -0.0004567
4 2 38 0.0000103 -0.0004040
4 2 39 0.0000237 -0.0004925
4 2 40 0.0000103 0.0010128
4 2 41 0.0000140 0.0000995
4 2 42 0.0000095 -0.0001605
4 2 43 0.0000179 -0.0002874
4 2 44 -0.0000010 0.0004718
4 2 45 0.0000110 -0.0000152
4 2 46 0.0000029 0.0005429
4 2 47 0.0000123 -0.0001060
4 2 48 0.0000157 -0.0006051
4 2 49 -0.0000121 0.0006810
4 2 50 -0.0000055 0.0012143
4 2 51 0.0000082 -0.0013189
4 2 52 -0.0000069 -0.0000232
4 2 53 -0.0000094 -0.0012275
4 2 54 0.0000094 -0.0014057
4 2 55 0.0000038 0.0005293
4 2 56 0.0000047 -0.0001661
4 2 57 -0.0000172 0.0003064
4 2 58 0.0000081 0.0011121
4 2 59 0.0000023 0.0009394
4 2 60 0.0000195 -0.0002433
4 2 61 -0.0000016 -0.0002225
4 2 62 -0.0000009 -0.0002582
4 3 1 0.0000025 0.0018980
4 3 2 -0.0000234 -0.0003938
4 3 3 -0.0000161 0.0004824
4 3 4 -0.0000365 0.0001168
4 3 5 0.0000688 -0.0090641
5 1 1 -0.0219058 0.0055195
5 1 2 0.0001642 -0.0021512
5 1 3 -0.0021144 -0.0275458
5 1 4 0.0000862 0.0004800
5 1 5 0.0000316 0.0000049
5 1 6 -0.0000753 0.0096513
5 1 7 0.0000040 -0.0003202
5 1 8 0.0000413 0.0012880
5 1 9 0.0000308 0.0019764
5 1 10 -0.0000135 -0.0011921
5 1 11 -0.0000084 -0.0011006
5 1 12 -0.0000783 0.0003666
5 1 13 -0.0001720 -0.0014593
5 1 14 -0.0000280 0.0025057
5 1 15 -0.0000383 0.0016576
5 1 16 0.0000436 0.0022896
5 1 17 -0.0000408 -0.0013317
5 1 18 0.0000167 0.0034187
5 1 19 -0.0000294 0.0014926
5 1 20 -0.0000274 0.0015335
5 1 21 -0.0000464 0.0002504
5 1 22 -0.0000301 -0.0000184
5 1 23 -0.0000242 -0.0017329
5 2 1 -0.0024919 -0.0027216
5 2 2 -0.0001376 -0.0010294
5 2 3 -0.0000114 -0.0006222
5 2 4 0.0007954 -0.0002214
5 2 5 0.0003402 -0.0008658
5 2 6 0.0001763 -0.0028581
5 2 7 0.0002008 -0.0033162
5 2 8 0.0000163 -0.0031640
5 2 9 0.0000740 0.0005594
5 2 10 -0.0000324 -0.0007293
5 2 11 -0.0000216 0.0000852
5 2 12 -0.0000234 -0.0009215
5 2 13 0.0000322 -0.0000264
5 2 14 0.0000419 0.0005770
5 2 15 0.0000373 -0.0000858
5 2 16 0.0000288 -0.0014122
5 2 17 0.0000522 0.0015840
5 2 18 0.0000506 0.0000434
5 2 19 0.0000126 -0.0001099
5 2 20 0.0000107 0.0001843
5 2 21 0.0000434 -0.0004327
5 2 22 0.0000166 0.0003100
5 2 23 0.0000023 0.0002115
5 2 24 -0.0000142 -0.0002900
5 2 25 0.0000366 -0.0000104
5 2 26 0.0000006 0.0008149
5 2 27 0.0000265 -0.0000206
5 2 28 0.0000239 -0.0013551
5 2 29 0.0000260 -0.0004773
5 2 30 0.0000209 0.0000666
5 2 31 0.0000099 -0.0015347
5 2 32 0.0000233 -0.0006932
5 2 33 0.0000369 -0.0009931
5 2 34 0.0000188 -0.0003417
5 2 35 0.0000152 -0.0001048
5 2 36 -0.0000003 0.0003482
5 2 37 0.0000026 -0.0010568
5 2 38 0.0000013 -0.0003231
5 2 39 -0.0000021 0.0007126
5 2 40 0.0001362 -0.0038270
5 2 41 0.0000119 -0.0003694
5 2 42 -0.0000024 0.0010010
5 2 43 0.0000048 0.0002602
5 2 44 0.0000082 0.0003412
5 2 45 0.0000133 -0.0003490
5 2 46 0.0000062 -0.0000683
5 2 47 -0.0000009 -0.0002394
5 2 48 0.0000076 -0.0007343
5 2 49 -0.0000084 0.0009818
5 2 50 0.0000281 -0.0234048
5 2 51 0.0000070 0.0004542
5 2 52 0.0000077 -0.0003423
5 2 53 0.0001227 -0.0277111
5 2 54 0.0000021 0.0004077
5 2 55 -0.0000007 0.0006986
5 2 56 0.0000028 0.0000266
5 2 57 -0.0000101 0.0012106
5 2 58 0.0000028 -0.0006138
5 2 59 0.0000066 -0.0006081
5 2 60 0.0000007 0.0005537
5 2 61 0.0000110 0.0004278
5 2 62 0.0000035 0.0000217
5 3 1 -0.0000252 -0.0002459
5 3 2 0.0001309 -0.0034351
5 3 3 -0.0000380 -0.0001062
5 3 4 0.0000326 -0.0009495
5 3 5 0.0000613 -0.0037810
6 1 1 0.0002091 -0.0022429
6 1 2 0.0001802 -0.0042501
6 1 3 -0.0003742 0.0028790
6 1 4 -0.0000510 -0.0020713
6 1 5 -0.0000054 -0.0012743
6 1 6 0.0000911 -0.0036037
6 1 7 0.0000106 0.0004009
6 1 8 0.0000187 0.0001811
6 1 9 0.0000221 -0.0005098
6 1 10 -0.0000150 0.0007162
6 1 11 -0.0000975 -0.0007542
6 1 12 -0.0006243 0.0016332
6 1 13 -0.0000237 -0.0023101
6 1 14 -0.0000598 -0.0000391
6 1 15 -0.0000135 0.0017827
6 1 16 -0.0001235 0.0081258
6 1 17 -0.0000348 -0.0022783
6 1 18 -0.0000592 0.0009942
6 1 19 0.0000025 0.0018486
6 1 20 -0.0000029 -0.0033131
6 1 21 0.0000000 0.0000000
6 1 22 -0.0000143 0.0011207
6 1 23 -0.0000129 -0.0010062
6 2 1 0.0011442 0.0038839
6 2 2 0.0002667 -0.0020923
6 2 3 0.0004960 0.0006638
6 2 4 0.0002223 -0.0057221
6 2 5 0.0002022 -0.0042691
6 2 6 0.0001394 -0.0034991
6 2 7 -0.0000532 -0.0000028
6 2 8 0.0000916 0.0020355
6 2 9 0.0000907 0.0038661
6 2 10 0.0000509 -0.0001327
6 2 11 0.0000652 0.0014896
6 2 12 0.0000232 -0.0005520
6 2 13 0.0000788 0.0002172
6 2 14 0.0000442 0.0009659
6 2 15 0.0000684 0.0005686
6 2 16 0.0000168 0.0011609
6 2 17 0.0000346 0.0025350
6 2 18 0.0000352 -0.0002496
6 2 19 0.0000253 -0.0019439
6 2 20 0.0000452 0.0009024
6 2 21 0.0000347 -0.0002138
6 2 22 0.0000398 0.0000588
6 2 23 -0.0000101 -0.0001241
6 2 24 0.0000118 -0.0003063
6 2 25 0.0000184 0.0003352
6 2 26 -0.0000186 0.0000177
6 2 27 0.0000280 0.0003173
6 2 28 0.0000074 -0.0002597
6 2 29 0.0000189 -0.0007905
6 2 30 0.0000062 0.0002175
6 2 31 0.0000147 0.0001581
6 2 32 0.0000086 0.0002205
6 2 33 0.0000199 0.0004864
6 2 34 0.0000029 0.0009580
6 2 35 0.0000174 0.0004992
6 2 36 0.0000192 0.0004144
6 2 37 0.0000256 -0.0001364
6 2 38 0.0000100 0.0000404
6 2 39 0.0000132 0.0006393
6 2 40 0.0000134 -0.0001180
6 2 41 -0.0000015 -0.0006508
6 2 42 0.0000246 -0.0009924
6 2 43 0.0000171 -0.0000448
6 2 44 0.0000255 0.0009920
6 2 45 -0.0000019 -0.0001347
6 2 46 -0.0000008 0.0000039
6 2 47 0.0000062 0.0005063
6 2 48 0.0000110 -0.0007971
6 2 49 0.0000130 -0.0002632
6 2 50 0.0000052 -0.0007920
6 2 51 -0.0000013 -0.0007277
6 2 52 0.0000089 0.0003152
6 2 53 0.0000037 -0.0003929
6 2 54 0.0000056 0.0006588
6 2 55 0.0000115 -0.0004723
6 2 56 0.0000111 -0.0010236
6 2 57 -0.0000145 0.0010988
6 2 58 0.0000072 0.0021592
6 2 59 0.0001660 -0.0112635
6 2 60 -0.0000084 -0.0008099
6 2 61 0.0000012 0.0000142
6 2 62 0.0000084 -0.0004646
6 3 1 -0.0000248 0.0011887
6 3 2 -0.0000198 -0.0005902
6 3 3 0.0000000 0.0000000
6 3 4 0.0000202 -0.0032933
6 3 5 -0.0000158 -0.0096478
