1 1 1 12.500 12.500 0.000 0.000 0.000 0.000
1 1 2 12.500 12.500 0.000 0.000 0.000 0.000
1 1 3 12.500 12.500 0.000 0.000 0.000 0.000
1 1 4 12.500 12.500 0.000 0.000 0.000 0.000
1 1 5 12.500 12.500 0.000 0.000 0.000 0.000
1 1 6 12.500 12.500 0.000 0.000 0.000 0.000
1 1 7 12.500 12.500 0.000 0.000 0.000 0.000
1 1 8 12.500 12.500 0.000 0.000 0.000 0.000
1 1 9 12.500 12.500 0.000 0.000 0.000 0.000
1 1 10 12.500 12.500 0.000 0.000 0.000 0.000
1 1 11 12.500 12.500 0.000 0.000 0.000 0.000
1 1 12 12.500 12.500 0.000 0.000 0.000 0.000
1 1 13 12.500 12.500 0.000 0.000 0.000 0.000
1 1 14 12.500 12.500 0.000 0.000 0.000 0.000
1 1 15 12.500 12.500 0.000 0.000 0.000 0.000
1 1 16 12.500 12.500 0.000 0.000 0.000 0.000
1 1 17 12.500 12.500 0.000 0.000 0.000 0.000
1 1 18 12.500 12.500 0.000 0.000 0.000 0.000
1 1 19 12.500 12.500 0.000 0.000 0.000 0.000
1 1 20 12.500 12.500 0.000 0.000 0.000 0.000
1 1 21 12.500 12.500 0.000 0.000 0.000 0.000
1 1 22 12.500 12.500 0.000 0.000 0.000 0.000
1 1 23 12.500 12.500 0.000 0.000 0.000 0.000
1 2 1 12.500 12.500 0.000 0.000 0.000 0.000
1 2 2 12.500 12.500 0.000 0.000 0.000 0.000
1 2 3 12.500 12.500 0.000 0.000 0.000 0.000
1 2 4 12.500 12.500 0.000 0.000 0.000 0.000
1 2 5 12.500 12.500 0.000 0.000 0.000 0.000
1 2 6 12.500 12.500 0.000 0.000 0.000 0.000
1 2 7 12.500 12.500 0.000 0.000 0.000 0.000
1 2 8 12.500 12.500 0.000 0.000 0.000 0.000
1 2 9 12.500 12.500 0.000 0.000 0.000 0.000
1 2 10 12.500 12.500 0.000 0.000 0.000 0.000
1 2 11 12.500 12.500 0.000 0.000 0.000 0.000
1 2 12 12.500 12.500 0.000 0.000 0.000 0.000
1 2 13 12.500 12.500 0.000 0.000 0.000 0.000
1 2 14 12.500 12.500 0.000 0.000 0.000 0.000
1 2 15 12.500 12.500 0.000 0.000 0.000 0.000
1 2 16 12.500 12.500 0.000 0.000 0.000 0.000
1 2 17 12.500 12.500 0.000 0.000 0.000 0.000
1 2 18 12.500 12.500 0.000 0.000 0.000 0.000
1 2 19 12.500 12.500 0.000 0.000 0.000 0.000
1 2 20 12.500 12.500 0.000 0.000 0.000 0.000
1 2 21 12.500 12.500 0.000 0.000 0.000 0.000
1 2 22 12.500 12.500 0.000 0.000 0.000 0.000
1 2 23 12.500 12.500 0.000 0.000 0.000 0.000
1 2 24 12.500 12.500 0.000 0.000 0.000 0.000
1 2 25 12.500 12.500 0.000 0.000 0.000 0.000
1 2 26 12.500 12.500 0.000 0.000 0.000 0.000
1 2 27 12.500 12.500 0.000 0.000 0.000 0.000
1 2 28 12.500 12.500 0.000 0.000 0.000 0.000
1 2 29 12.500 12.500 0.000 0.000 0.000 0.000
1 2 30 12.500 12.500 0.000 0.000 0.000 0.000
1 2 31 12.500 12.500 0.000 0.000 0.000 0.000
1 2 32 12.500 12.500 0.000 0.000 0.000 0.000
1 2 33 12.500 12.500 0.000 0.000 0.000 0.000
1 2 34 12.500 12.500 0.000 0.000 0.000 0.000
1 2 35 12.500 12.500 0.000 0.000 0.000 0.000
1 2 36 12.500 12.500 0.000 0.000 0.000 0.000
1 2 37 12.500 12.500 0.000 0.000 0.000 0.000
1 2 38 12.500 12.500 0.000 0.000 0.000 0.000
1 2 39 12.500 12.500 0.000 0.000 0.000 0.000
1 2 40 12.500 12.500 0.000 0.000 0.000 0.000
1 2 41 12.500 12.500 0.000 0.000 0.000 0.000
1 2 42 12.500 12.500 0.000 0.000 0.000 0.000
1 2 43 12.500 12.500 0.000 0.000 0.000 0.000
1 2 44 12.500 12.500 0.000 0.000 0.000 0.000
1 2 45 12.500 12.500 0.000 0.000 0.000 0.000
1 2 46 12.500 12.500 0.000 0.000 0.000 0.000
1 2 47 12.500 12.500 0.000 0.000 0.000 0.000
1 2 48 12.500 12.500 0.000 0.000 0.000 0.000
1 2 49 12.500 12.500 0.000 0.000 0.000 0.000
1 2 50 12.500 12.500 0.000 0.000 0.000 0.000
1 2 51 12.500 12.500 0.000 0.000 0.000 0.000
1 2 52 12.500 12.500 0.000 0.000 0.000 0.000
1 2 53 12.500 12.500 0.000 0.000 0.000 0.000
1 2 54 12.500 12.500 0.000 0.000 0.000 0.000
1 2 55 12.500 12.500 0.000 0.000 0.000 0.000
1 2 56 12.500 12.500 0.000 0.000 0.000 0.000
1 2 57 12.500 12.500 0.000 0.000 0.000 0.000
1 2 58 12.500 12.500 0.000 0.000 0.000 0.000
1 2 59 12.500 12.500 0.000 0.000 0.000 0.000
1 2 60 12.500 12.500 0.000 0.000 0.000 0.000
1 2 61 12.500 12.500 0.000 0.000 0.000 0.000
1 2 62 12.500 12.500 0.000 0.000 0.000 0.000
1 3 1 12.500 12.500 0.000 0.000 0.000 0.000
1 3 2 12.500 12.500 0.000 0.000 0.000 0.000
1 3 3 12.500 12.500 0.000 0.000 0.000 0.000
1 3 4 12.500 12.500 0.000 0.000 0.000 0.000
1 3 5 12.500 12.500 0.000 0.000 0.000 0.000
2 1 1 12.500 12.500 0.000 0.000 0.000 0.000
2 1 2 12.500 12.500 0.000 0.000 0.000 0.000
2 1 3 12.500 12.500 0.000 0.000 0.000 0.000
2 1 4 12.500 12.500 0.000 0.000 0.000 0.000
2 1 5 12.500 12.500 0.000 0.000 0.000 0.000
2 1 6 12.500 12.500 0.000 0.000 0.000 0.000
2 1 7 12.500 12.500 0.000 0.000 0.000 0.000
2 1 8 12.500 12.500 0.000 0.000 0.000 0.000
2 1 9 12.500 12.500 0.000 0.000 0.000 0.000
2 1 10 12.500 12.500 0.000 0.000 0.000 0.000
2 1 11 12.500 12.500 0.000 0.000 0.000 0.000
2 1 12 12.500 12.500 0.000 0.000 0.000 0.000
2 1 13 12.500 12.500 0.000 0.000 0.000 0.000
2 1 14 12.500 12.500 0.000 0.000 0.000 0.000
2 1 15 12.500 12.500 0.000 0.000 0.000 0.000
2 1 16 12.500 12.500 0.000 0.000 0.000 0.000
2 1 17 12.500 12.500 0.000 0.000 0.000 0.000
2 1 18 12.500 12.500 0.000 0.000 0.000 0.000
2 1 19 12.500 12.500 0.000 0.000 0.000 0.000
2 1 20 12.500 12.500 0.000 0.000 0.000 0.000
2 1 21 12.500 12.500 0.000 0.000 0.000 0.000
2 1 22 12.500 12.500 0.000 0.000 0.000 0.000
2 1 23 12.500 12.500 0.000 0.000 0.000 0.000
2 2 1 12.500 12.500 0.000 0.000 0.000 0.000
2 2 2 12.500 12.500 0.000 0.000 0.000 0.000
2 2 3 12.500 12.500 0.000 0.000 0.000 0.000
2 2 4 12.500 12.500 0.000 0.000 0.000 0.000
2 2 5 12.500 12.500 0.000 0.000 0.000 0.000
2 2 6 12.500 12.500 0.000 0.000 0.000 0.000
2 2 7 12.500 12.500 0.000 0.000 0.000 0.000
2 2 8 12.500 12.500 0.000 0.000 0.000 0.000
2 2 9 12.500 12.500 0.000 0.000 0.000 0.000
2 2 10 12.500 12.500 0.000 0.000 0.000 0.000
2 2 11 12.500 12.500 0.000 0.000 0.000 0.000
2 2 12 12.500 12.500 0.000 0.000 0.000 0.000
2 2 13 12.500 12.500 0.000 0.000 0.000 0.000
2 2 14 12.500 12.500 0.000 0.000 0.000 0.000
2 2 15 12.500 12.500 0.000 0.000 0.000 0.000
2 2 16 12.500 12.500 0.000 0.000 0.000 0.000
2 2 17 12.500 12.500 0.000 0.000 0.000 0.000
2 2 18 12.500 12.500 0.000 0.000 0.000 0.000
2 2 19 12.500 12.500 0.000 0.000 0.000 0.000
2 2 20 12.500 12.500 0.000 0.000 0.000 0.000
2 2 21 12.500 12.500 0.000 0.000 0.000 0.000
2 2 22 12.500 12.500 0.000 0.000 0.000 0.000
2 2 23 12.500 12.500 0.000 0.000 0.000 0.000
2 2 24 12.500 12.500 0.000 0.000 0.000 0.000
2 2 25 12.500 12.500 0.000 0.000 0.000 0.000
2 2 26 12.500 12.500 0.000 0.000 0.000 0.000
2 2 27 12.500 12.500 0.000 0.000 0.000 0.000
2 2 28 12.500 12.500 0.000 0.000 0.000 0.000
2 2 29 12.500 12.500 0.000 0.000 0.000 0.000
2 2 30 12.500 12.500 0.000 0.000 0.000 0.000
2 2 31 12.500 12.500 0.000 0.000 0.000 0.000
2 2 32 12.500 12.500 0.000 0.000 0.000 0.000
2 2 33 12.500 12.500 0.000 0.000 0.000 0.000
2 2 34 12.500 12.500 0.000 0.000 0.000 0.000
2 2 35 12.500 12.500 0.000 0.000 0.000 0.000
2 2 36 12.500 12.500 0.000 0.000 0.000 0.000
2 2 37 12.500 12.500 0.000 0.000 0.000 0.000
2 2 38 12.500 12.500 0.000 0.000 0.000 0.000
2 2 39 12.500 12.500 0.000 0.000 0.000 0.000
2 2 40 12.500 12.500 0.000 0.000 0.000 0.000
2 2 41 12.500 12.500 0.000 0.000 0.000 0.000
2 2 42 12.500 12.500 0.000 0.000 0.000 0.000
2 2 43 12.500 12.500 0.000 0.000 0.000 0.000
2 2 44 12.500 12.500 0.000 0.000 0.000 0.000
2 2 45 12.500 12.500 0.000 0.000 0.000 0.000
2 2 46 12.500 12.500 0.000 0.000 0.000 0.000
2 2 47 12.500 12.500 0.000 0.000 0.000 0.000
2 2 48 12.500 12.500 0.000 0.000 0.000 0.000
2 2 49 12.500 12.500 0.000 0.000 0.000 0.000
2 2 50 12.500 12.500 0.000 0.000 0.000 0.000
2 2 51 12.500 12.500 0.000 0.000 0.000 0.000
2 2 52 12.500 12.500 0.000 0.000 0.000 0.000
2 2 53 12.500 12.500 0.000 0.000 0.000 0.000
2 2 54 12.500 12.500 0.000 0.000 0.000 0.000
2 2 55 12.500 12.500 0.000 0.000 0.000 0.000
2 2 56 12.500 12.500 0.000 0.000 0.000 0.000
2 2 57 12.500 12.500 0.000 0.000 0.000 0.000
2 2 58 12.500 12.500 0.000 0.000 0.000 0.000
2 2 59 12.500 12.500 0.000 0.000 0.000 0.000
2 2 60 12.500 12.500 0.000 0.000 0.000 0.000
2 2 61 12.500 12.500 0.000 0.000 0.000 0.000
2 2 62 12.500 12.500 0.000 0.000 0.000 0.000
2 3 1 12.500 12.500 0.000 0.000 0.000 0.000
2 3 2 12.500 12.500 0.000 0.000 0.000 0.000
2 3 3 12.500 12.500 0.000 0.000 0.000 0.000
2 3 4 12.500 12.500 0.000 0.000 0.000 0.000
2 3 5 12.500 12.500 0.000 0.000 0.000 0.000
3 1 1 12.500 12.500 0.000 0.000 0.000 0.000
3 1 2 12.500 12.500 0.000 0.000 0.000 0.000
3 1 3 12.500 12.500 0.000 0.000 0.000 0.000
3 1 4 12.500 12.500 0.000 0.000 0.000 0.000
3 1 5 12.500 12.500 0.000 0.000 0.000 0.000
3 1 6 12.500 12.500 0.000 0.000 0.000 0.000
3 1 7 12.500 12.500 0.000 0.000 0.000 0.000
3 1 8 12.500 12.500 0.000 0.000 0.000 0.000
3 1 9 12.500 12.500 0.000 0.000 0.000 0.000
3 1 10 12.500 12.500 0.000 0.000 0.000 0.000
3 1 11 12.500 12.500 0.000 0.000 0.000 0.000
3 1 12 12.500 12.500 0.000 0.000 0.000 0.000
3 1 13 12.500 12.500 0.000 0.000 0.000 0.000
3 1 14 12.500 12.500 0.000 0.000 0.000 0.000
3 1 15 12.500 12.500 0.000 0.000 0.000 0.000
3 1 16 12.500 12.500 0.000 0.000 0.000 0.000
3 1 17 12.500 12.500 0.000 0.000 0.000 0.000
3 1 18 12.500 12.500 0.000 0.000 0.000 0.000
3 1 19 12.500 12.500 0.000 0.000 0.000 0.000
3 1 20 12.500 12.500 0.000 0.000 0.000 0.000
3 1 21 12.500 12.500 0.000 0.000 0.000 0.000
3 1 22 12.500 12.500 0.000 0.000 0.000 0.000
3 1 23 12.500 12.500 0.000 0.000 0.000 0.000
3 2 1 12.500 12.500 0.000 0.000 0.000 0.000
3 2 2 12.500 12.500 0.000 0.000 0.000 0.000
3 2 3 12.500 12.500 0.000 0.000 0.000 0.000
3 2 4 12.500 12.500 0.000 0.000 0.000 0.000
3 2 5 12.500 12.500 0.000 0.000 0.000 0.000
3 2 6 12.500 12.500 0.000 0.000 0.000 0.000
3 2 7 12.500 12.500 0.000 0.000 0.000 0.000
3 2 8 12.500 12.500 0.000 0.000 0.000 0.000
3 2 9 12.500 12.500 0.000 0.000 0.000 0.000
3 2 10 12.500 12.500 0.000 0.000 0.000 0.000
3 2 11 12.500 12.500 0.000 0.000 0.000 0.000
3 2 12 12.500 12.500 0.000 0.000 0.000 0.000
3 2 13 12.500 12.500 0.000 0.000 0.000 0.000
3 2 14 12.500 12.500 0.000 0.000 0.000 0.000
3 2 15 12.500 12.500 0.000 0.000 0.000 0.000
3 2 16 12.500 12.500 0.000 0.000 0.000 0.000
3 2 17 12.500 12.500 0.000 0.000 0.000 0.000
3 2 18 12.500 12.500 0.000 0.000 0.000 0.000
3 2 19 12.500 12.500 0.000 0.000 0.000 0.000
3 2 20 12.500 12.500 0.000 0.000 0.000 0.000
3 2 21 12.500 12.500 0.000 0.000 0.000 0.000
3 2 22 12.500 12.500 0.000 0.000 0.000 0.000
3 2 23 12.500 12.500 0.000 0.000 0.000 0.000
3 2 24 12.500 12.500 0.000 0.000 0.000 0.000
3 2 25 12.500 12.500 0.000 0.000 0.000 0.000
3 2 26 12.500 12.500 0.000 0.000 0.000 0.000
3 2 27 12.500 12.500 0.000 0.000 0.000 0.000
3 2 28 12.500 12.500 0.000 0.000 0.000 0.000
3 2 29 12.500 12.500 0.000 0.000 0.000 0.000
3 2 30 12.500 12.500 0.000 0.000 0.000 0.000
3 2 31 12.500 12.500 0.000 0.000 0.000 0.000
3 2 32 12.500 12.500 0.000 0.000 0.000 0.000
3 2 33 12.500 12.500 0.000 0.000 0.000 0.000
3 2 34 12.500 12.500 0.000 0.000 0.000 0.000
3 2 35 12.500 12.500 0.000 0.000 0.000 0.000
3 2 36 12.500 12.500 0.000 0.000 0.000 0.000
3 2 37 12.500 12.500 0.000 0.000 0.000 0.000
3 2 38 12.500 12.500 0.000 0.000 0.000 0.000
3 2 39 12.500 12.500 0.000 0.000 0.000 0.000
3 2 40 12.500 12.500 0.000 0.000 0.000 0.000
3 2 41 12.500 12.500 0.000 0.000 0.000 0.000
3 2 42 12.500 12.500 0.000 0.000 0.000 0.000
3 2 43 12.500 12.500 0.000 0.000 0.000 0.000
3 2 44 12.500 12.500 0.000 0.000 0.000 0.000
3 2 45 12.500 12.500 0.000 0.000 0.000 0.000
3 2 46 12.500 12.500 0.000 0.000 0.000 0.000
3 2 47 12.500 12.500 0.000 0.000 0.000 0.000
3 2 48 12.500 12.500 0.000 0.000 0.000 0.000
3 2 49 12.500 12.500 0.000 0.000 0.000 0.000
3 2 50 12.500 12.500 0.000 0.000 0.000 0.000
3 2 51 12.500 12.500 0.000 0.000 0.000 0.000
3 2 52 12.500 12.500 0.000 0.000 0.000 0.000
3 2 53 12.500 12.500 0.000 0.000 0.000 0.000
3 2 54 12.500 12.500 0.000 0.000 0.000 0.000
3 2 55 12.500 12.500 0.000 0.000 0.000 0.000
3 2 56 12.500 12.500 0.000 0.000 0.000 0.000
3 2 57 12.500 12.500 0.000 0.000 0.000 0.000
3 2 58 12.500 12.500 0.000 0.000 0.000 0.000
3 2 59 12.500 12.500 0.000 0.000 0.000 0.000
3 2 60 12.500 12.500 0.000 0.000 0.000 0.000
3 2 61 12.500 12.500 0.000 0.000 0.000 0.000
3 2 62 12.500 12.500 0.000 0.000 0.000 0.000
3 3 1 12.500 12.500 0.000 0.000 0.000 0.000
3 3 2 12.500 12.500 0.000 0.000 0.000 0.000
3 3 3 12.500 12.500 0.000 0.000 0.000 0.000
3 3 4 12.500 12.500 0.000 0.000 0.000 0.000
3 3 5 12.500 12.500 0.000 0.000 0.000 0.000
4 1 1 12.500 12.500 0.000 0.000 0.000 0.000
4 1 2 12.500 12.500 0.000 0.000 0.000 0.000
4 1 3 12.500 12.500 0.000 0.000 0.000 0.000
4 1 4 12.500 12.500 0.000 0.000 0.000 0.000
4 1 5 12.500 12.500 0.000 0.000 0.000 0.000
4 1 6 12.500 12.500 0.000 0.000 0.000 0.000
4 1 7 12.500 12.500 0.000 0.000 0.000 0.000
4 1 8 12.500 12.500 0.000 0.000 0.000 0.000
4 1 9 12.500 12.500 0.000 0.000 0.000 0.000
4 1 10 12.500 12.500 0.000 0.000 0.000 0.000
4 1 11 12.500 12.500 0.000 0.000 0.000 0.000
4 1 12 12.500 12.500 0.000 0.000 0.000 0.000
4 1 13 12.500 12.500 0.000 0.000 0.000 0.000
4 1 14 12.500 12.500 0.000 0.000 0.000 0.000
4 1 15 12.500 12.500 0.000 0.000 0.000 0.000
4 1 16 12.500 12.500 0.000 0.000 0.000 0.000
4 1 17 12.500 12.500 0.000 0.000 0.000 0.000
4 1 18 12.500 12.500 0.000 0.000 0.000 0.000
4 1 19 12.500 12.500 0.000 0.000 0.000 0.000
4 1 20 12.500 12.500 0.000 0.000 0.000 0.000
4 1 21 12.500 12.500 0.000 0.000 0.000 0.000
4 1 22 12.500 12.500 0.000 0.000 0.000 0.000
4 1 23 12.500 12.500 0.000 0.000 0.000 0.000
4 2 1 12.500 12.500 0.000 0.000 0.000 0.000
4 2 2 12.500 12.500 0.000 0.000 0.000 0.000
4 2 3 12.500 12.500 0.000 0.000 0.000 0.000
4 2 4 12.500 12.500 0.000 0.000 0.000 0.000
4 2 5 12.500 12.500 0.000 0.000 0.000 0.000
4 2 6 12.500 12.500 0.000 0.000 0.000 0.000
4 2 7 12.500 12.500 0.000 0.000 0.000 0.000
4 2 8 12.500 12.500 0.000 0.000 0.000 0.000
4 2 9 12.500 12.500 0.000 0.000 0.000 0.000
4 2 10 12.500 12.500 0.000 0.000 0.000 0.000
4 2 11 12.500 12.500 0.000 0.000 0.000 0.000
4 2 12 12.500 12.500 0.000 0.000 0.000 0.000
4 2 13 12.500 12.500 0.000 0.000 0.000 0.000
4 2 14 12.500 12.500 0.000 0.000 0.000 0.000
4 2 15 12.500 12.500 0.000 0.000 0.000 0.000
4 2 16 12.500 12.500 0.000 0.000 0.000 0.000
4 2 17 12.500 12.500 0.000 0.000 0.000 0.000
4 2 18 12.500 12.500 0.000 0.000 0.000 0.000
4 2 19 12.500 12.500 0.000 0.000 0.000 0.000
4 2 20 12.500 12.500 0.000 0.000 0.000 0.000
4 2 21 12.500 12.500 0.000 0.000 0.000 0.000
4 2 22 12.500 12.500 0.000 0.000 0.000 0.000
4 2 23 12.500 12.500 0.000 0.000 0.000 0.000
4 2 24 12.500 12.500 0.000 0.000 0.000 0.000
4 2 25 12.500 12.500 0.000 0.000 0.000 0.000
4 2 26 12.500 12.500 0.000 0.000 0.000 0.000
4 2 27 12.500 12.500 0.000 0.000 0.000 0.000
4 2 28 12.500 12.500 0.000 0.000 0.000 0.000
4 2 29 12.500 12.500 0.000 0.000 0.000 0.000
4 2 30 12.500 12.500 0.000 0.000 0.000 0.000
4 2 31 12.500 12.500 0.000 0.000 0.000 0.000
4 2 32 12.500 12.500 0.000 0.000 0.000 0.000
4 2 33 12.500 12.500 0.000 0.000 0.000 0.000
4 2 34 12.500 12.500 0.000 0.000 0.000 0.000
4 2 35 12.500 12.500 0.000 0.000 0.000 0.000
4 2 36 12.500 12.500 0.000 0.000 0.000 0.000
4 2 37 12.500 12.500 0.000 0.000 0.000 0.000
4 2 38 12.500 12.500 0.000 0.000 0.000 0.000
4 2 39 12.500 12.500 0.000 0.000 0.000 0.000
4 2 40 12.500 12.500 0.000 0.000 0.000 0.000
4 2 41 12.500 12.500 0.000 0.000 0.000 0.000
4 2 42 12.500 12.500 0.000 0.000 0.000 0.000
4 2 43 12.500 12.500 0.000 0.000 0.000 0.000
4 2 44 12.500 12.500 0.000 0.000 0.000 0.000
4 2 45 12.500 12.500 0.000 0.000 0.000 0.000
4 2 46 12.500 12.500 0.000 0.000 0.000 0.000
4 2 47 12.500 12.500 0.000 0.000 0.000 0.000
4 2 48 12.500 12.500 0.000 0.000 0.000 0.000
4 2 49 12.500 12.500 0.000 0.000 0.000 0.000
4 2 50 12.500 12.500 0.000 0.000 0.000 0.000
4 2 51 12.500 12.500 0.000 0.000 0.000 0.000
4 2 52 12.500 12.500 0.000 0.000 0.000 0.000
4 2 53 12.500 12.500 0.000 0.000 0.000 0.000
4 2 54 12.500 12.500 0.000 0.000 0.000 0.000
4 2 55 12.500 12.500 0.000 0.000 0.000 0.000
4 2 56 12.500 12.500 0.000 0.000 0.000 0.000
4 2 57 12.500 12.500 0.000 0.000 0.000 0.000
4 2 58 12.500 12.500 0.000 0.000 0.000 0.000
4 2 59 12.500 12.500 0.000 0.000 0.000 0.000
4 2 60 12.500 12.500 0.000 0.000 0.000 0.000
4 2 61 12.500 12.500 0.000 0.000 0.000 0.000
4 2 62 12.500 12.500 0.000 0.000 0.000 0.000
4 3 1 12.500 12.500 0.000 0.000 0.000 0.000
4 3 2 12.500 12.500 0.000 0.000 0.000 0.000
4 3 3 12.500 12.500 0.000 0.000 0.000 0.000
4 3 4 12.500 12.500 0.000 0.000 0.000 0.000
4 3 5 12.500 12.500 0.000 0.000 0.000 0.000
5 1 1 12.500 12.500 0.000 0.000 0.000 0.000
5 1 2 12.500 12.500 0.000 0.000 0.000 0.000
5 1 3 12.500 12.500 0.000 0.000 0.000 0.000
5 1 4 12.500 12.500 0.000 0.000 0.000 0.000
5 1 5 12.500 12.500 0.000 0.000 0.000 0.000
5 1 6 12.500 12.500 0.000 0.000 0.000 0.000
5 1 7 12.500 12.500 0.000 0.000 0.000 0.000
5 1 8 12.500 12.500 0.000 0.000 0.000 0.000
5 1 9 12.500 12.500 0.000 0.000 0.000 0.000
5 1 10 12.500 12.500 0.000 0.000 0.000 0.000
5 1 11 12.500 12.500 0.000 0.000 0.000 0.000
5 1 12 12.500 12.500 0.000 0.000 0.000 0.000
5 1 13 12.500 12.500 0.000 0.000 0.000 0.000
5 1 14 12.500 12.500 0.000 0.000 0.000 0.000
5 1 15 12.500 12.500 0.000 0.000 0.000 0.000
5 1 16 12.500 12.500 0.000 0.000 0.000 0.000
5 1 17 12.500 12.500 0.000 0.000 0.000 0.000
5 1 18 12.500 12.500 0.000 0.000 0.000 0.000
5 1 19 12.500 12.500 0.000 0.000 0.000 0.000
5 1 20 12.500 12.500 0.000 0.000 0.000 0.000
5 1 21 12.500 12.500 0.000 0.000 0.000 0.000
5 1 22 12.500 12.500 0.000 0.000 0.000 0.000
5 1 23 12.500 12.500 0.000 0.000 0.000 0.000
5 2 1 12.500 12.500 0.000 0.000 0.000 0.000
5 2 2 12.500 12.500 0.000 0.000 0.000 0.000
5 2 3 12.500 12.500 0.000 0.000 0.000 0.000
5 2 4 12.500 12.500 0.000 0.000 0.000 0.000
5 2 5 12.500 12.500 0.000 0.000 0.000 0.000
5 2 6 12.500 12.500 0.000 0.000 0.000 0.000
5 2 7 12.500 12.500 0.000 0.000 0.000 0.000
5 2 8 12.500 12.500 0.000 0.000 0.000 0.000
5 2 9 12.500 12.500 0.000 0.000 0.000 0.000
5 2 10 12.500 12.500 0.000 0.000 0.000 0.000
5 2 11 12.500 12.500 0.000 0.000 0.000 0.000
5 2 12 12.500 12.500 0.000 0.000 0.000 0.000
5 2 13 12.500 12.500 0.000 0.000 0.000 0.000
5 2 14 12.500 12.500 0.000 0.000 0.000 0.000
5 2 15 12.500 12.500 0.000 0.000 0.000 0.000
5 2 16 12.500 12.500 0.000 0.000 0.000 0.000
5 2 17 12.500 12.500 0.000 0.000 0.000 0.000
5 2 18 12.500 12.500 0.000 0.000 0.000 0.000
5 2 19 12.500 12.500 0.000 0.000 0.000 0.000
5 2 20 12.500 12.500 0.000 0.000 0.000 0.000
5 2 21 12.500 12.500 0.000 0.000 0.000 0.000
5 2 22 12.500 12.500 0.000 0.000 0.000 0.000
5 2 23 12.500 12.500 0.000 0.000 0.000 0.000
5 2 24 12.500 12.500 0.000 0.000 0.000 0.000
5 2 25 12.500 12.500 0.000 0.000 0.000 0.000
5 2 26 12.500 12.500 0.000 0.000 0.000 0.000
5 2 27 12.500 12.500 0.000 0.000 0.000 0.000
5 2 28 12.500 12.500 0.000 0.000 0.000 0.000
5 2 29 12.500 12.500 0.000 0.000 0.000 0.000
5 2 30 12.500 12.500 0.000 0.000 0.000 0.000
5 2 31 12.500 12.500 0.000 0.000 0.000 0.000
5 2 32 12.500 12.500 0.000 0.000 0.000 0.000
5 2 33 12.500 12.500 0.000 0.000 0.000 0.000
5 2 34 12.500 12.500 0.000 0.000 0.000 0.000
5 2 35 12.500 12.500 0.000 0.000 0.000 0.000
5 2 36 12.500 12.500 0.000 0.000 0.000 0.000
5 2 37 12.500 12.500 0.000 0.000 0.000 0.000
5 2 38 12.500 12.500 0.000 0.000 0.000 0.000
5 2 39 12.500 12.500 0.000 0.000 0.000 0.000
5 2 40 12.500 12.500 0.000 0.000 0.000 0.000
5 2 41 12.500 12.500 0.000 0.000 0.000 0.000
5 2 42 12.500 12.500 0.000 0.000 0.000 0.000
5 2 43 12.500 12.500 0.000 0.000 0.000 0.000
5 2 44 12.500 12.500 0.000 0.000 0.000 0.000
5 2 45 12.500 12.500 0.000 0.000 0.000 0.000
5 2 46 12.500 12.500 0.000 0.000 0.000 0.000
5 2 47 12.500 12.500 0.000 0.000 0.000 0.000
5 2 48 12.500 12.500 0.000 0.000 0.000 0.000
5 2 49 12.500 12.500 0.000 0.000 0.000 0.000
5 2 50 12.500 12.500 0.000 0.000 0.000 0.000
5 2 51 12.500 12.500 0.000 0.000 0.000 0.000
5 2 52 12.500 12.500 0.000 0.000 0.000 0.000
5 2 53 12.500 12.500 0.000 0.000 0.000 0.000
5 2 54 12.500 12.500 0.000 0.000 0.000 0.000
5 2 55 12.500 12.500 0.000 0.000 0.000 0.000
5 2 56 12.500 12.500 0.000 0.000 0.000 0.000
5 2 57 12.500 12.500 0.000 0.000 0.000 0.000
5 2 58 12.500 12.500 0.000 0.000 0.000 0.000
5 2 59 12.500 12.500 0.000 0.000 0.000 0.000
5 2 60 12.500 12.500 0.000 0.000 0.000 0.000
5 2 61 12.500 12.500 0.000 0.000 0.000 0.000
5 2 62 12.500 12.500 0.000 0.000 0.000 0.000
5 3 1 12.500 12.500 0.000 0.000 0.000 0.000
5 3 2 12.500 12.500 0.000 0.000 0.000 0.000
5 3 3 12.500 12.500 0.000 0.000 0.000 0.000
5 3 4 12.500 12.500 0.000 0.000 0.000 0.000
5 3 5 12.500 12.500 0.000 0.000 0.000 0.000
6 1 1 12.500 12.500 0.000 0.000 0.000 0.000
6 1 2 12.500 12.500 0.000 0.000 0.000 0.000
6 1 3 12.500 12.500 0.000 0.000 0.000 0.000
6 1 4 12.500 12.500 0.000 0.000 0.000 0.000
6 1 5 12.500 12.500 0.000 0.000 0.000 0.000
6 1 6 12.500 12.500 0.000 0.000 0.000 0.000
6 1 7 12.500 12.500 0.000 0.000 0.000 0.000
6 1 8 12.500 12.500 0.000 0.000 0.000 0.000
6 1 9 12.500 12.500 0.000 0.000 0.000 0.000
6 1 10 12.500 12.500 0.000 0.000 0.000 0.000
6 1 11 12.500 12.500 0.000 0.000 0.000 0.000
6 1 12 12.500 12.500 0.000 0.000 0.000 0.000
6 1 13 12.500 12.500 0.000 0.000 0.000 0.000
6 1 14 12.500 12.500 0.000 0.000 0.000 0.000
6 1 15 12.500 12.500 0.000 0.000 0.000 0.000
6 1 16 12.500 12.500 0.000 0.000 0.000 0.000
6 1 17 12.500 12.500 0.000 0.000 0.000 0.000
6 1 18 12.500 12.500 0.000 0.000 0.000 0.000
6 1 19 12.500 12.500 0.000 0.000 0.000 0.000
6 1 20 12.500 12.500 0.000 0.000 0.000 0.000
6 1 21 12.500 12.500 0.000 0.000 0.000 0.000
6 1 22 12.500 12.500 0.000 0.000 0.000 0.000
6 1 23 12.500 12.500 0.000 0.000 0.000 0.000
6 2 1 12.500 12.500 0.000 0.000 0.000 0.000
6 2 2 12.500 12.500 0.000 0.000 0.000 0.000
6 2 3 12.500 12.500 0.000 0.000 0.000 0.000
6 2 4 12.500 12.500 0.000 0.000 0.000 0.000
6 2 5 12.500 12.500 0.000 0.000 0.000 0.000
6 2 6 12.500 12.500 0.000 0.000 0.000 0.000
6 2 7 12.500 12.500 0.000 0.000 0.000 0.000
6 2 8 12.500 12.500 0.000 0.000 0.000 0.000
6 2 9 12.500 12.500 0.000 0.000 0.000 0.000
6 2 10 12.500 12.500 0.000 0.000 0.000 0.000
6 2 11 12.500 12.500 0.000 0.000 0.000 0.000
6 2 12 12.500 12.500 0.000 0.000 0.000 0.000
6 2 13 12.500 12.500 0.000 0.000 0.000 0.000
6 2 14 12.500 12.500 0.000 0.000 0.000 0.000
6 2 15 12.500 12.500 0.000 0.000 0.000 0.000
6 2 16 12.500 12.500 0.000 0.000 0.000 0.000
6 2 17 12.500 12.500 0.000 0.000 0.000 0.000
6 2 18 12.500 12.500 0.000 0.000 0.000 0.000
6 2 19 12.500 12.500 0.000 0.000 0.000 0.000
6 2 20 12.500 12.500 0.000 0.000 0.000 0.000
6 2 21 12.500 12.500 0.000 0.000 0.000 0.000
6 2 22 12.500 12.500 0.000 0.000 0.000 0.000
6 2 23 12.500 12.500 0.000 0.000 0.000 0.000
6 2 24 12.500 12.500 0.000 0.000 0.000 0.000
6 2 25 12.500 12.500 0.000 0.000 0.000 0.000
6 2 26 12.500 12.500 0.000 0.000 0.000 0.000
6 2 27 12.500 12.500 0.000 0.000 0.000 0.000
6 2 28 12.500 12.500 0.000 0.000 0.000 0.000
6 2 29 12.500 12.500 0.000 0.000 0.000 0.000
6 2 30 12.500 12.500 0.000 0.000 0.000 0.000
6 2 31 12.500 12.500 0.000 0.000 0.000 0.000
6 2 32 12.500 12.500 0.000 0.000 0.000 0.000
6 2 33 12.500 12.500 0.000 0.000 0.000 0.000
6 2 34 12.500 12.500 0.000 0.000 0.000 0.000
6 2 35 12.500 12.500 0.000 0.000 0.000 0.000
6 2 36 12.500 12.500 0.000 0.000 0.000 0.000
6 2 37 12.500 12.500 0.000 0.000 0.000 0.000
6 2 38 12.500 12.500 0.000 0.000 0.000 0.000
6 2 39 12.500 12.500 0.000 0.000 0.000 0.000
6 2 40 12.500 12.500 0.000 0.000 0.000 0.000
6 2 41 12.500 12.500 0.000 0.000 0.000 0.000
6 2 42 12.500 12.500 0.000 0.000 0.000 0.000
6 2 43 12.500 12.500 0.000 0.000 0.000 0.000
6 2 44 12.500 12.500 0.000 0.000 0.000 0.000
6 2 45 12.500 12.500 0.000 0.000 0.000 0.000
6 2 46 12.500 12.500 0.000 0.000 0.000 0.000
6 2 47 12.500 12.500 0.000 0.000 0.000 0.000
6 2 48 12.500 12.500 0.000 0.000 0.000 0.000
6 2 49 12.500 12.500 0.000 0.000 0.000 0.000
6 2 50 12.500 12.500 0.000 0.000 0.000 0.000
6 2 51 12.500 12.500 0.000 0.000 0.000 0.000
6 2 52 12.500 12.500 0.000 0.000 0.000 0.000
6 2 53 12.500 12.500 0.000 0.000 0.000 0.000
6 2 54 12.500 12.500 0.000 0.000 0.000 0.000
6 2 55 12.500 12.500 0.000 0.000 0.000 0.000
6 2 56 12.500 12.500 0.000 0.000 0.000 0.000
6 2 57 12.500 12.500 0.000 0.000 0.000 0.000
6 2 58 12.500 12.500 0.000 0.000 0.000 0.000
6 2 59 12.500 12.500 0.000 0.000 0.000 0.000
6 2 60 12.500 12.500 0.000 0.000 0.000 0.000
6 2 61 12.500 12.500 0.000 0.000 0.000 0.000
6 2 62 12.500 12.500 0.000 0.000 0.000 0.000
6 3 1 12.500 12.500 0.000 0.000 0.000 0.000
6 3 2 12.500 12.500 0.000 0.000 0.000 0.000
6 3 3 12.500 12.500 0.000 0.000 0.000 0.000
6 3 4 12.500 12.500 0.000 0.000 0.000 0.000
6 3 5 12.500 12.500 0.000 0.000 0.000 0.000
