1 1 1 68.639 0.500 0.000 67.823 0.500 0.000
1 1 2 65.664 0.500 0.000 64.555 0.500 0.000
1 1 3 66.357 0.500 0.000 68.993 0.500 0.000
1 1 4 67.449 0.500 0.000 65.154 0.500 0.000
1 1 5 61.590 0.500 0.000 67.407 0.500 0.000
1 1 6 64.234 0.500 0.000 63.965 0.500 0.000
1 1 7 64.594 0.500 0.000 63.010 0.500 0.000
1 1 8 62.487 0.500 0.000 58.194 0.500 0.000
1 1 9 58.863 0.500 0.000 62.145 0.500 0.000
1 1 10 68.583 0.500 0.000 68.883 0.500 0.000
1 1 11 62.098 0.500 0.000 63.917 0.500 0.000
1 1 12 64.936 0.500 0.000 61.949 0.500 0.000
1 1 13 63.683 0.500 0.000 56.759 0.500 0.000
1 1 14 62.002 0.500 0.000 62.643 0.500 0.000
1 1 15 54.541 0.500 0.000 56.214 0.500 0.000
1 1 16 62.538 0.500 0.000 56.514 0.500 0.000
1 1 17 60.091 0.500 0.000 56.795 0.500 0.000
1 1 18 61.597 0.500 0.000 48.821 0.500 0.000
1 1 19 67.255 0.500 0.000 56.537 0.500 0.000
1 1 20 57.020 0.500 0.000 60.779 0.500 0.000
1 1 21 58.885 0.500 0.000 57.237 0.500 0.000
1 1 22 55.104 0.500 0.000 57.271 0.500 0.000
1 1 23 47.426 0.500 0.000 59.278 0.500 0.000
1 2 1 51.939 0.500 0.000 46.773 0.500 0.000
1 2 2 60.938 0.500 0.000 57.475 0.500 0.000
1 2 3 56.430 0.500 0.000 55.296 0.500 0.000
1 2 4 61.177 0.500 0.000 58.089 0.500 0.000
1 2 5 56.879 0.500 0.000 51.494 0.500 0.000
1 2 6 65.762 0.500 0.000 63.347 0.500 0.000
1 2 7 55.412 0.500 0.000 54.688 0.500 0.000
1 2 8 56.003 0.500 0.000 56.677 0.500 0.000
1 2 9 52.112 0.500 0.000 70.408 0.500 0.000
1 2 10 57.307 0.500 0.000 61.158 0.500 0.000
1 2 11 60.510 0.500 0.000 53.322 0.500 0.000
1 2 12 54.552 0.500 0.000 54.269 0.500 0.000
1 2 13 68.278 0.500 0.000 72.759 0.500 0.000
1 2 14 57.994 0.500 0.000 61.561 0.500 0.000
1 2 15 60.808 0.500 0.000 60.424 0.500 0.000
1 2 16 55.428 0.500 0.000 70.899 0.500 0.000
1 2 17 58.523 0.500 0.000 55.363 0.500 0.000
1 2 18 71.329 0.500 0.000 69.345 0.500 0.000
1 2 19 55.980 0.500 0.000 68.057 0.500 0.000
1 2 20 76.209 0.500 0.000 63.736 0.500 0.000
1 2 21 70.928 0.500 0.000 70.201 0.500 0.000
1 2 22 62.916 0.500 0.000 67.766 0.500 0.000
1 2 23 70.798 0.500 0.000 67.649 0.500 0.000
1 2 24 65.930 0.500 0.000 53.234 0.500 0.000
1 2 25 56.077 0.500 0.000 61.014 0.500 0.000
1 2 26 59.441 0.500 0.000 56.686 0.500 0.000
1 2 27 56.898 0.500 0.000 54.728 0.500 0.000
1 2 28 68.371 0.500 0.000 58.684 0.500 0.000
1 2 29 63.237 0.500 0.000 61.563 0.500 0.000
1 2 30 54.082 0.500 0.000 59.144 0.500 0.000
1 2 31 60.071 0.500 0.000 61.909 0.500 0.000
1 2 32 62.213 0.500 0.000 56.872 0.500 0.000
1 2 33 71.675 0.500 0.000 50.436 0.500 0.000
1 2 34 59.622 0.500 0.000 57.599 0.500 0.000
1 2 35 59.823 0.500 0.000 64.505 0.500 0.000
1 2 36 56.770 0.500 0.000 63.164 0.500 0.000
1 2 37 58.390 0.500 0.000 72.234 0.500 0.000
1 2 38 62.954 0.500 0.000 60.614 0.500 0.000
1 2 39 63.737 0.500 0.000 71.105 0.500 0.000
1 2 40 53.859 0.500 0.000 61.164 0.500 0.000
1 2 41 54.410 0.500 0.000 53.628 0.500 0.000
1 2 42 62.879 0.500 0.000 63.645 0.500 0.000
1 2 43 64.992 0.500 0.000 69.568 0.500 0.000
1 2 44 54.821 0.500 0.000 60.086 0.500 0.000
1 2 45 60.523 0.500 0.000 55.959 0.500 0.000
1 2 46 48.508 0.500 0.000 53.990 0.500 0.000
1 2 47 66.519 0.500 0.000 63.844 0.500 0.000
1 2 48 68.191 0.500 0.000 50.744 0.500 0.000
1 2 49 56.805 0.500 0.000 51.502 0.500 0.000
1 2 50 57.293 0.500 0.000 54.189 0.500 0.000
1 2 51 57.027 0.500 0.000 48.949 0.500 0.000
1 2 52 54.650 0.500 0.000 56.834 0.500 0.000
1 2 53 49.067 0.500 0.000 61.005 0.500 0.000
1 2 54 63.548 0.500 0.000 53.032 0.500 0.000
1 2 55 48.772 0.500 0.000 55.979 0.500 0.000
1 2 56 48.463 0.500 0.000 47.426 0.500 0.000
1 2 57 55.663 0.500 0.000 57.823 0.500 0.000
1 2 58 56.129 0.500 0.000 57.439 0.500 0.000
1 2 59 48.293 0.500 0.000 36.520 0.500 0.000
1 2 60 56.214 0.500 0.000 44.459 0.500 0.000
1 2 61 53.750 0.500 0.000 47.172 0.500 0.000
1 2 62 58.195 0.500 0.000 47.880 0.500 0.000
1 3 1 60.871 0.500 0.000 57.870 0.500 0.000
1 3 2 67.155 0.500 0.000 64.148 0.500 0.000
1 3 3 20.853 0.500 0.000 32.906 0.500 0.000
1 3 4 27.958 0.500 0.000 39.274 0.500 0.000
1 3 5 40.000 0.500 0.000 40.000 0.500 0.000
2 1 1 61.261 0.500 0.000 68.025 0.500 0.000
2 1 2 60.072 0.500 0.000 59.572 0.500 0.000
2 1 3 63.190 0.500 0.000 59.038 0.500 0.000
2 1 4 65.689 0.500 0.000 62.370 0.500 0.000
2 1 5 66.208 0.500 0.000 63.061 0.500 0.000
2 1 6 40.000 0.500 0.000 40.000 0.500 0.000
2 1 7 66.280 0.500 0.000 60.736 0.500 0.000
2 1 8 62.013 0.500 0.000 61.711 0.500 0.000
2 1 9 66.991 0.500 0.000 61.472 0.500 0.000
2 1 10 40.000 0.500 0.000 40.000 0.500 0.000
2 1 11 65.481 0.500 0.000 61.414 0.500 0.000
2 1 12 52.074 0.500 0.000 65.134 0.500 0.000
2 1 13 60.775 0.500 0.000 66.681 0.500 0.000
2 1 14 55.884 0.500 0.000 60.785 0.500 0.000
2 1 15 56.789 0.500 0.000 54.953 0.500 0.000
2 1 16 58.732 0.500 0.000 63.909 0.500 0.000
2 1 17 62.400 0.500 0.000 62.862 0.500 0.000
2 1 18 62.673 0.500 0.000 53.977 0.500 0.000
2 1 19 75.795 0.500 0.000 61.636 0.500 0.000
2 1 20 56.300 0.500 0.000 59.463 0.500 0.000
2 1 21 53.686 0.500 0.000 57.153 0.500 0.000
2 1 22 50.482 0.500 0.000 63.499 0.500 0.000
2 1 23 50.029 0.500 0.000 46.204 0.500 0.000
2 2 1 54.882 0.500 0.000 61.023 0.500 0.000
2 2 2 52.654 0.500 0.000 59.591 0.500 0.000
2 2 3 55.039 0.500 0.000 55.541 0.500 0.000
2 2 4 52.450 0.500 0.000 47.486 0.500 0.000
2 2 5 48.525 0.500 0.000 50.793 0.500 0.000
2 2 6 49.315 0.500 0.000 54.078 0.500 0.000
2 2 7 48.532 0.500 0.000 49.407 0.500 0.000
2 2 8 54.292 0.500 0.000 50.664 0.500 0.000
2 2 9 50.344 0.500 0.000 47.864 0.500 0.000
2 2 10 51.611 0.500 0.000 49.955 0.500 0.000
2 2 11 49.685 0.500 0.000 49.163 0.500 0.000
2 2 12 50.077 0.500 0.000 49.853 0.500 0.000
2 2 13 52.937 0.500 0.000 58.101 0.500 0.000
2 2 14 57.124 0.500 0.000 60.621 0.500 0.000
2 2 15 57.214 0.500 0.000 55.570 0.500 0.000
2 2 16 57.272 0.500 0.000 52.388 0.500 0.000
2 2 17 54.738 0.500 0.000 54.079 0.500 0.000
2 2 18 65.072 0.500 0.000 64.499 0.500 0.000
2 2 19 62.258 0.500 0.000 61.433 0.500 0.000
2 2 20 52.993 0.500 0.000 54.636 0.500 0.000
2 2 21 61.973 0.500 0.000 61.049 0.500 0.000
2 2 22 59.431 0.500 0.000 51.329 0.500 0.000
2 2 23 53.361 0.500 0.000 69.156 0.500 0.000
2 2 24 61.600 0.500 0.000 63.532 0.500 0.000
2 2 25 56.763 0.500 0.000 61.598 0.500 0.000
2 2 26 54.857 0.500 0.000 54.855 0.500 0.000
2 2 27 60.727 0.500 0.000 59.897 0.500 0.000
2 2 28 53.665 0.500 0.000 60.599 0.500 0.000
2 2 29 63.958 0.500 0.000 55.763 0.500 0.000
2 2 30 68.807 0.500 0.000 57.807 0.500 0.000
2 2 31 64.421 0.500 0.000 61.835 0.500 0.000
2 2 32 62.455 0.500 0.000 55.578 0.500 0.000
2 2 33 64.906 0.500 0.000 60.681 0.500 0.000
2 2 34 57.771 0.500 0.000 59.839 0.500 0.000
2 2 35 62.009 0.500 0.000 51.774 0.500 0.000
2 2 36 53.280 0.500 0.000 67.509 0.500 0.000
2 2 37 65.681 0.500 0.000 66.429 0.500 0.000
2 2 38 55.664 0.500 0.000 59.121 0.500 0.000
2 2 39 61.822 0.500 0.000 58.061 0.500 0.000
2 2 40 59.699 0.500 0.000 63.383 0.500 0.000
2 2 41 68.904 0.500 0.000 52.153 0.500 0.000
2 2 42 64.431 0.500 0.000 60.960 0.500 0.000
2 2 43 60.566 0.500 0.000 59.991 0.500 0.000
2 2 44 53.930 0.500 0.000 49.261 0.500 0.000
2 2 45 63.222 0.500 0.000 51.045 0.500 0.000
2 2 46 52.426 0.500 0.000 45.343 0.500 0.000
2 2 47 54.726 0.500 0.000 59.758 0.500 0.000
2 2 48 61.575 0.500 0.000 51.320 0.500 0.000
2 2 49 49.695 0.500 0.000 47.925 0.500 0.000
2 2 50 53.920 0.500 0.000 48.977 0.500 0.000
2 2 51 53.854 0.500 0.000 57.417 0.500 0.000
2 2 52 49.792 0.500 0.000 50.738 0.500 0.000
2 2 53 57.289 0.500 0.000 52.527 0.500 0.000
2 2 54 51.478 0.500 0.000 43.792 0.500 0.000
2 2 55 39.168 0.500 0.000 57.071 0.500 0.000
2 2 56 46.717 0.500 0.000 48.576 0.500 0.000
2 2 57 48.951 0.500 0.000 46.253 0.500 0.000
2 2 58 50.768 0.500 0.000 55.009 0.500 0.000
2 2 59 49.519 0.500 0.000 42.265 0.500 0.000
2 2 60 39.982 0.500 0.000 41.035 0.500 0.000
2 2 61 52.057 0.500 0.000 40.420 0.500 0.000
2 2 62 42.518 0.500 0.000 49.089 0.500 0.000
2 3 1 32.956 0.500 0.000 39.262 0.500 0.000
2 3 2 43.555 0.500 0.000 49.014 0.500 0.000
2 3 3 40.000 0.500 0.000 49.529 0.500 0.000
2 3 4 24.974 0.500 0.000 23.518 0.500 0.000
2 3 5 40.000 0.500 0.000 40.000 0.500 0.000
3 1 1 61.814 0.500 0.000 65.784 0.500 0.000
3 1 2 61.220 0.500 0.000 62.121 0.500 0.000
3 1 3 56.993 0.500 0.000 57.611 0.500 0.000
3 1 4 62.534 0.500 0.000 61.767 0.500 0.000
3 1 5 66.533 0.500 0.000 59.889 0.500 0.000
3 1 6 66.952 0.500 0.000 66.002 0.500 0.000
3 1 7 60.903 0.500 0.000 65.210 0.500 0.000
3 1 8 58.540 0.500 0.000 59.720 0.500 0.000
3 1 9 65.065 0.500 0.000 65.198 0.500 0.000
3 1 10 62.269 0.500 0.000 66.085 0.500 0.000
3 1 11 57.724 0.500 0.000 63.308 0.500 0.000
3 1 12 62.146 0.500 0.000 64.786 0.500 0.000
3 1 13 63.689 0.500 0.000 57.742 0.500 0.000
3 1 14 51.489 0.500 0.000 52.317 0.500 0.000
3 1 15 59.087 0.500 0.000 52.788 0.500 0.000
3 1 16 61.354 0.500 0.000 58.530 0.500 0.000
3 1 17 56.202 0.500 0.000 59.647 0.500 0.000
3 1 18 55.952 0.500 0.000 62.958 0.500 0.000
3 1 19 57.254 0.500 0.000 50.773 0.500 0.000
3 1 20 65.258 0.500 0.000 48.806 0.500 0.000
3 1 21 52.483 0.500 0.000 46.200 0.500 0.000
3 1 22 59.035 0.500 0.000 51.862 0.500 0.000
3 1 23 48.568 0.500 0.000 51.126 0.500 0.000
3 2 1 52.468 0.500 0.000 60.387 0.500 0.000
3 2 2 58.092 0.500 0.000 49.898 0.500 0.000
3 2 3 60.825 0.500 0.000 49.958 0.500 0.000
3 2 4 52.678 0.500 0.000 54.862 0.500 0.000
3 2 5 49.722 0.500 0.000 51.988 0.500 0.000
3 2 6 53.448 0.500 0.000 55.504 0.500 0.000
3 2 7 47.837 0.500 0.000 49.360 0.500 0.000
3 2 8 47.355 0.500 0.000 49.281 0.500 0.000
3 2 9 55.184 0.500 0.000 54.332 0.500 0.000
3 2 10 51.127 0.500 0.000 53.999 0.500 0.000
3 2 11 48.464 0.500 0.000 50.883 0.500 0.000
3 2 12 51.351 0.500 0.000 50.612 0.500 0.000
3 2 13 62.230 0.500 0.000 52.234 0.500 0.000
3 2 14 49.284 0.500 0.000 66.000 0.500 0.000
3 2 15 52.026 0.500 0.000 51.895 0.500 0.000
3 2 16 57.537 0.500 0.000 62.260 0.500 0.000
3 2 17 55.289 0.500 0.000 54.151 0.500 0.000
3 2 18 54.391 0.500 0.000 64.902 0.500 0.000
3 2 19 57.158 0.500 0.000 61.556 0.500 0.000
3 2 20 53.598 0.500 0.000 52.383 0.500 0.000
3 2 21 68.578 0.500 0.000 60.892 0.500 0.000
3 2 22 54.676 0.500 0.000 60.092 0.500 0.000
3 2 23 68.752 0.500 0.000 57.665 0.500 0.000
3 2 24 59.895 0.500 0.000 58.425 0.500 0.000
3 2 25 66.882 0.500 0.000 59.267 0.500 0.000
3 2 26 61.226 0.500 0.000 55.680 0.500 0.000
3 2 27 55.384 0.500 0.000 68.650 0.500 0.000
3 2 28 57.251 0.500 0.000 62.964 0.500 0.000
3 2 29 60.985 0.500 0.000 60.344 0.500 0.000
3 2 30 57.350 0.500 0.000 80.796 0.500 0.000
3 2 31 58.402 0.500 0.000 54.998 0.500 0.000
3 2 32 61.287 0.500 0.000 53.158 0.500 0.000
3 2 33 61.612 0.500 0.000 68.945 0.500 0.000
3 2 34 58.957 0.500 0.000 59.806 0.500 0.000
3 2 35 63.990 0.500 0.000 54.848 0.500 0.000
3 2 36 60.519 0.500 0.000 64.877 0.500 0.000
3 2 37 58.042 0.500 0.000 71.530 0.500 0.000
3 2 38 66.491 0.500 0.000 57.597 0.500 0.000
3 2 39 56.128 0.500 0.000 51.821 0.500 0.000
3 2 40 55.440 0.500 0.000 57.806 0.500 0.000
3 2 41 70.061 0.500 0.000 62.557 0.500 0.000
3 2 42 69.656 0.500 0.000 54.802 0.500 0.000
3 2 43 54.974 0.500 0.000 59.890 0.500 0.000
3 2 44 62.608 0.500 0.000 52.833 0.500 0.000
3 2 45 64.672 0.500 0.000 55.785 0.500 0.000
3 2 46 58.155 0.500 0.000 43.284 0.500 0.000
3 2 47 57.146 0.500 0.000 56.070 0.500 0.000
3 2 48 59.664 0.500 0.000 56.340 0.500 0.000
3 2 49 56.471 0.500 0.000 49.801 0.500 0.000
3 2 50 51.982 0.500 0.000 49.844 0.500 0.000
3 2 51 68.353 0.500 0.000 46.537 0.500 0.000
3 2 52 60.193 0.500 0.000 48.850 0.500 0.000
3 2 53 63.387 0.500 0.000 50.648 0.500 0.000
3 2 54 50.779 0.500 0.000 54.031 0.500 0.000
3 2 55 57.132 0.500 0.000 51.770 0.500 0.000
3 2 56 47.684 0.500 0.000 43.652 0.500 0.000
3 2 57 50.387 0.500 0.000 33.093 0.500 0.000
3 2 58 65.849 0.500 0.000 47.357 0.500 0.000
3 2 59 53.832 0.500 0.000 37.052 0.500 0.000
3 2 60 49.501 0.500 0.000 42.438 0.500 0.000
3 2 61 57.583 0.500 0.000 45.614 0.500 0.000
3 2 62 48.145 0.500 0.000 40.590 0.500 0.000
3 3 1 44.383 0.500 0.000 48.026 0.500 0.000
3 3 2 41.375 0.500 0.000 56.493 0.500 0.000
3 3 3 37.756 0.500 0.000 56.777 0.500 0.000
3 3 4 35.998 0.500 0.000 0.000 0.500 0.000
3 3 5 40.000 0.500 0.000 40.000 0.500 0.000
4 1 1 64.538 0.500 0.000 53.916 0.500 0.000
4 1 2 62.348 0.500 0.000 62.456 0.500 0.000
4 1 3 56.205 0.500 0.000 57.325 0.500 0.000
4 1 4 56.786 0.500 0.000 57.036 0.500 0.000
4 1 5 63.574 0.500 0.000 57.826 0.500 0.000
4 1 6 56.884 0.500 0.000 43.121 0.500 0.000
4 1 7 62.403 0.500 0.000 63.052 0.500 0.000
4 1 8 62.082 0.500 0.000 63.267 0.500 0.000
4 1 9 64.299 0.500 0.000 65.831 0.500 0.000
4 1 10 64.720 0.500 0.000 70.283 0.500 0.000
4 1 11 61.599 0.500 0.000 61.995 0.500 0.000
4 1 12 57.241 0.500 0.000 61.555 0.500 0.000
4 1 13 61.779 0.500 0.000 62.255 0.500 0.000
4 1 14 55.705 0.500 0.000 60.577 0.500 0.000
4 1 15 60.430 0.500 0.000 58.165 0.500 0.000
4 1 16 54.420 0.500 0.000 59.366 0.500 0.000
4 1 17 66.073 0.500 0.000 56.775 0.500 0.000
4 1 18 53.567 0.500 0.000 57.055 0.500 0.000
4 1 19 61.693 0.500 0.000 58.842 0.500 0.000
4 1 20 62.932 0.500 0.000 53.359 0.500 0.000
4 1 21 57.272 0.500 0.000 59.929 0.500 0.000
4 1 22 56.616 0.500 0.000 59.636 0.500 0.000
4 1 23 62.807 0.500 0.000 56.369 0.500 0.000
4 2 1 57.713 0.500 0.000 61.076 0.500 0.000
4 2 2 58.197 0.500 0.000 59.015 0.500 0.000
4 2 3 50.224 0.500 0.000 56.606 0.500 0.000
4 2 4 55.865 0.500 0.000 54.929 0.500 0.000
4 2 5 55.021 0.500 0.000 52.169 0.500 0.000
4 2 6 49.711 0.500 0.000 56.068 0.500 0.000
4 2 7 48.955 0.500 0.000 49.926 0.500 0.000
4 2 8 55.825 0.500 0.000 53.833 0.500 0.000
4 2 9 54.865 0.500 0.000 52.971 0.500 0.000
4 2 10 49.504 0.500 0.000 52.160 0.500 0.000
4 2 11 50.962 0.500 0.000 53.194 0.500 0.000
4 2 12 51.916 0.500 0.000 50.448 0.500 0.000
4 2 13 50.622 0.500 0.000 52.763 0.500 0.000
4 2 14 57.819 0.500 0.000 53.140 0.500 0.000
4 2 15 54.126 0.500 0.000 53.014 0.500 0.000
4 2 16 53.179 0.500 0.000 58.357 0.500 0.000
4 2 17 50.785 0.500 0.000 52.466 0.500 0.000
4 2 18 52.903 0.500 0.000 57.476 0.500 0.000
4 2 19 52.310 0.500 0.000 55.472 0.500 0.000
4 2 20 59.655 0.500 0.000 52.932 0.500 0.000
4 2 21 56.044 0.500 0.000 65.064 0.500 0.000
4 2 22 55.838 0.500 0.000 53.695 0.500 0.000
4 2 23 57.974 0.500 0.000 58.677 0.500 0.000
4 2 24 54.359 0.500 0.000 58.931 0.500 0.000
4 2 25 60.304 0.500 0.000 53.893 0.500 0.000
4 2 26 56.041 0.500 0.000 59.082 0.500 0.000
4 2 27 57.008 0.500 0.000 57.726 0.500 0.000
4 2 28 53.625 0.500 0.000 61.459 0.500 0.000
4 2 29 67.040 0.500 0.000 57.004 0.500 0.000
4 2 30 58.773 0.500 0.000 58.982 0.500 0.000
4 2 31 59.342 0.500 0.000 58.417 0.500 0.000
4 2 32 52.383 0.500 0.000 56.905 0.500 0.000
4 2 33 64.659 0.500 0.000 72.346 0.500 0.000
4 2 34 61.154 0.500 0.000 56.670 0.500 0.000
4 2 35 60.017 0.500 0.000 58.973 0.500 0.000
4 2 36 69.052 0.500 0.000 55.961 0.500 0.000
4 2 37 59.603 0.500 0.000 56.227 0.500 0.000
4 2 38 60.053 0.500 0.000 57.200 0.500 0.000
4 2 39 55.355 0.500 0.000 57.132 0.500 0.000
4 2 40 54.981 0.500 0.000 57.656 0.500 0.000
4 2 41 53.925 0.500 0.000 56.601 0.500 0.000
4 2 42 58.648 0.500 0.000 56.198 0.500 0.000
4 2 43 59.592 0.500 0.000 62.175 0.500 0.000
4 2 44 53.589 0.500 0.000 57.170 0.500 0.000
4 2 45 64.546 0.500 0.000 56.612 0.500 0.000
4 2 46 48.375 0.500 0.000 56.682 0.500 0.000
4 2 47 64.364 0.500 0.000 67.638 0.500 0.000
4 2 48 55.035 0.500 0.000 59.868 0.500 0.000
4 2 49 58.278 0.500 0.000 59.328 0.500 0.000
4 2 50 54.889 0.500 0.000 64.013 0.500 0.000
4 2 51 60.648 0.500 0.000 52.569 0.500 0.000
4 2 52 61.671 0.500 0.000 57.536 0.500 0.000
4 2 53 67.506 0.500 0.000 50.052 0.500 0.000
4 2 54 63.716 0.500 0.000 55.978 0.500 0.000
4 2 55 45.375 0.500 0.000 58.404 0.500 0.000
4 2 56 52.127 0.500 0.000 53.570 0.500 0.000
4 2 57 49.225 0.500 0.000 48.601 0.500 0.000
4 2 58 45.712 0.500 0.000 61.201 0.500 0.000
4 2 59 70.765 0.500 0.000 70.551 0.500 0.000
4 2 60 49.027 0.500 0.000 59.993 0.500 0.000
4 2 61 44.251 0.500 0.000 50.898 0.500 0.000
4 2 62 56.934 0.500 0.000 56.284 0.500 0.000
4 3 1 50.494 0.500 0.000 44.497 0.500 0.000
4 3 2 51.563 0.500 0.000 53.084 0.500 0.000
4 3 3 52.387 0.500 0.000 15.999 0.500 0.000
4 3 4 5.965 0.500 0.000 8.840 0.500 0.000
4 3 5 40.000 0.500 0.000 40.000 0.500 0.000
5 1 1 61.387 0.500 0.000 63.056 0.500 0.000
5 1 2 66.631 0.500 0.000 56.162 0.500 0.000
5 1 3 64.836 0.500 0.000 60.018 0.500 0.000
5 1 4 57.017 0.500 0.000 61.292 0.500 0.000
5 1 5 63.128 0.500 0.000 61.294 0.500 0.000
5 1 6 56.516 0.500 0.000 59.745 0.500 0.000
5 1 7 60.624 0.500 0.000 63.953 0.500 0.000
5 1 8 60.439 0.500 0.000 63.800 0.500 0.000
5 1 9 60.629 0.500 0.000 65.393 0.500 0.000
5 1 10 55.358 0.500 0.000 64.714 0.500 0.000
5 1 11 61.408 0.500 0.000 61.353 0.500 0.000
5 1 12 58.890 0.500 0.000 57.189 0.500 0.000
5 1 13 60.777 0.500 0.000 59.355 0.500 0.000
5 1 14 57.678 0.500 0.000 62.595 0.500 0.000
5 1 15 48.707 0.500 0.000 61.559 0.500 0.000
5 1 16 61.277 0.500 0.000 63.488 0.500 0.000
5 1 17 54.104 0.500 0.000 63.694 0.500 0.000
5 1 18 57.798 0.500 0.000 60.747 0.500 0.000
5 1 19 56.930 0.500 0.000 61.214 0.500 0.000
5 1 20 57.180 0.500 0.000 51.855 0.500 0.000
5 1 21 51.451 0.500 0.000 63.503 0.500 0.000
5 1 22 47.113 0.500 0.000 48.223 0.500 0.000
5 1 23 55.175 0.500 0.000 57.386 0.500 0.000
5 2 1 56.405 0.500 0.000 49.258 0.500 0.000
5 2 2 53.719 0.500 0.000 56.009 0.500 0.000
5 2 3 57.897 0.500 0.000 55.007 0.500 0.000
5 2 4 52.638 0.500 0.000 53.299 0.500 0.000
5 2 5 51.167 0.500 0.000 51.995 0.500 0.000
5 2 6 51.114 0.500 0.000 48.620 0.500 0.000
5 2 7 57.632 0.500 0.000 49.955 0.500 0.000
5 2 8 57.401 0.500 0.000 51.912 0.500 0.000
5 2 9 55.709 0.500 0.000 55.416 0.500 0.000
5 2 10 51.631 0.500 0.000 50.689 0.500 0.000
5 2 11 48.812 0.500 0.000 51.813 0.500 0.000
5 2 12 49.527 0.500 0.000 53.243 0.500 0.000
5 2 13 53.614 0.500 0.000 54.152 0.500 0.000
5 2 14 57.835 0.500 0.000 54.953 0.500 0.000
5 2 15 53.495 0.500 0.000 52.924 0.500 0.000
5 2 16 62.696 0.500 0.000 52.001 0.500 0.000
5 2 17 52.194 0.500 0.000 64.728 0.500 0.000
5 2 18 63.857 0.500 0.000 62.775 0.500 0.000
5 2 19 59.854 0.500 0.000 52.238 0.500 0.000
5 2 20 57.168 0.500 0.000 56.435 0.500 0.000
5 2 21 65.616 0.500 0.000 61.711 0.500 0.000
5 2 22 54.019 0.500 0.000 63.182 0.500 0.000
5 2 23 57.002 0.500 0.000 58.859 0.500 0.000
5 2 24 63.486 0.500 0.000 61.007 0.500 0.000
5 2 25 60.880 0.500 0.000 56.707 0.500 0.000
5 2 26 51.951 0.500 0.000 61.201 0.500 0.000
5 2 27 50.115 0.500 0.000 54.597 0.500 0.000
5 2 28 63.087 0.500 0.000 54.256 0.500 0.000
5 2 29 61.788 0.500 0.000 59.060 0.500 0.000
5 2 30 63.231 0.500 0.000 57.450 0.500 0.000
5 2 31 68.421 0.500 0.000 55.593 0.500 0.000
5 2 32 59.144 0.500 0.000 65.735 0.500 0.000
5 2 33 64.515 0.500 0.000 53.116 0.500 0.000
5 2 34 59.771 0.500 0.000 50.470 0.500 0.000
5 2 35 58.823 0.500 0.000 54.150 0.500 0.000
5 2 36 57.970 0.500 0.000 58.054 0.500 0.000
5 2 37 63.376 0.500 0.000 70.131 0.500 0.000
5 2 38 51.406 0.500 0.000 55.989 0.500 0.000
5 2 39 61.345 0.500 0.000 69.436 0.500 0.000
5 2 40 59.378 0.500 0.000 46.976 0.500 0.000
5 2 41 58.125 0.500 0.000 61.406 0.500 0.000
5 2 42 57.288 0.500 0.000 57.959 0.500 0.000
5 2 43 49.597 0.500 0.000 63.926 0.500 0.000
5 2 44 46.477 0.500 0.000 52.710 0.500 0.000
5 2 45 55.046 0.500 0.000 57.833 0.500 0.000
5 2 46 53.303 0.500 0.000 60.498 0.500 0.000
5 2 47 61.041 0.500 0.000 51.255 0.500 0.000
5 2 48 55.722 0.500 0.000 51.700 0.500 0.000
5 2 49 51.793 0.500 0.000 55.964 0.500 0.000
5 2 50 55.636 0.500 0.000 53.877 0.500 0.000
5 2 51 51.349 0.500 0.000 51.648 0.500 0.000
5 2 52 51.102 0.500 0.000 54.467 0.500 0.000
5 2 53 51.897 0.500 0.000 59.804 0.500 0.000
5 2 54 49.754 0.500 0.000 49.452 0.500 0.000
5 2 55 41.333 0.500 0.000 43.620 0.500 0.000
5 2 56 36.720 0.500 0.000 42.662 0.500 0.000
5 2 57 49.670 0.500 0.000 42.783 0.500 0.000
5 2 58 49.357 0.500 0.000 39.510 0.500 0.000
5 2 59 52.036 0.500 0.000 53.078 0.500 0.000
5 2 60 39.414 0.500 0.000 60.572 0.500 0.000
5 2 61 51.115 0.500 0.000 36.921 0.500 0.000
5 2 62 56.742 0.500 0.000 50.609 0.500 0.000
5 3 1 58.179 0.500 0.000 54.522 0.500 0.000
5 3 2 67.786 0.500 0.000 57.654 0.500 0.000
5 3 3 11.375 0.500 0.000 40.416 0.500 0.000
5 3 4 40.000 0.500 0.000 40.000 0.500 0.000
5 3 5 40.000 0.500 0.000 40.000 0.500 0.000
6 1 1 66.628 0.500 0.000 60.224 0.500 0.000
6 1 2 62.122 0.500 0.000 62.251 0.500 0.000
6 1 3 60.080 0.500 0.000 62.600 0.500 0.000
6 1 4 66.494 0.500 0.000 60.961 0.500 0.000
6 1 5 69.120 0.500 0.000 66.240 0.500 0.000
6 1 6 64.530 0.500 0.000 63.039 0.500 0.000
6 1 7 63.197 0.500 0.000 67.201 0.500 0.000
6 1 8 60.618 0.500 0.000 61.197 0.500 0.000
6 1 9 63.526 0.500 0.000 55.964 0.500 0.000
6 1 10 60.516 0.500 0.000 48.745 0.500 0.000
6 1 11 59.114 0.500 0.000 61.819 0.500 0.000
6 1 12 66.060 0.500 0.000 54.516 0.500 0.000
6 1 13 66.294 0.500 0.000 62.026 0.500 0.000
6 1 14 61.846 0.500 0.000 61.663 0.500 0.000
6 1 15 61.322 0.500 0.000 59.700 0.500 0.000
6 1 16 55.576 0.500 0.000 53.432 0.500 0.000
6 1 17 62.466 0.500 0.000 56.792 0.500 0.000
6 1 18 59.630 0.500 0.000 52.629 0.500 0.000
6 1 19 56.954 0.500 0.000 48.735 0.500 0.000
6 1 20 64.976 0.500 0.000 50.529 0.500 0.000
6 1 21 40.000 0.500 0.000 40.000 0.500 0.000
6 1 22 53.568 0.500 0.000 52.615 0.500 0.000
6 1 23 56.970 0.500 0.000 53.199 0.500 0.000
6 2 1 56.125 0.500 0.000 61.055 0.500 0.000
6 2 2 56.512 0.500 0.000 54.446 0.500 0.000
6 2 3 53.184 0.500 0.000 52.728 0.500 0.000
6 2 4 54.940 0.500 0.000 48.171 0.500 0.000
6 2 5 51.107 0.500 0.000 47.131 0.500 0.000
6 2 6 53.084 0.500 0.000 48.289 0.500 0.000
6 2 7 49.222 0.500 0.000 49.176 0.500 0.000
6 2 8 48.871 0.500 0.000 55.026 0.500 0.000
6 2 9 49.018 0.500 0.000 60.320 0.500 0.000
6 2 10 52.093 0.500 0.000 50.418 0.500 0.000
6 2 11 49.561 0.500 0.000 55.720 0.500 0.000
6 2 12 49.981 0.500 0.000 46.886 0.500 0.000
6 2 13 50.063 0.500 0.000 56.539 0.500 0.000
6 2 14 56.429 0.500 0.000 57.834 0.500 0.000
6 2 15 54.956 0.500 0.000 54.098 0.500 0.000
6 2 16 54.892 0.500 0.000 68.233 0.500 0.000
6 2 17 50.467 0.500 0.000 62.666 0.500 0.000
6 2 18 66.184 0.500 0.000 63.772 0.500 0.000
6 2 19 69.929 0.500 0.000 56.587 0.500 0.000
6 2 20 56.928 0.500 0.000 64.666 0.500 0.000
6 2 21 59.398 0.500 0.000 63.085 0.500 0.000
6 2 22 57.910 0.500 0.000 56.827 0.500 0.000
6 2 23 64.037 0.500 0.000 56.560 0.500 0.000
6 2 24 63.683 0.500 0.000 53.014 0.500 0.000
6 2 25 57.938 0.500 0.000 58.261 0.500 0.000
6 2 26 53.843 0.500 0.000 55.430 0.500 0.000
6 2 27 54.891 0.500 0.000 55.705 0.500 0.000
6 2 28 64.003 0.500 0.000 66.345 0.500 0.000
6 2 29 61.544 0.500 0.000 60.824 0.500 0.000
6 2 30 55.109 0.500 0.000 54.281 0.500 0.000
6 2 31 63.806 0.500 0.000 60.690 0.500 0.000
6 2 32 59.304 0.500 0.000 57.829 0.500 0.000
6 2 33 53.628 0.500 0.000 62.223 0.500 0.000
6 2 34 60.128 0.500 0.000 56.478 0.500 0.000
6 2 35 57.486 0.500 0.000 64.758 0.500 0.000
6 2 36 51.025 0.500 0.000 68.320 0.500 0.000
6 2 37 69.283 0.500 0.000 60.647 0.500 0.000
6 2 38 61.288 0.500 0.000 61.953 0.500 0.000
6 2 39 51.321 0.500 0.000 62.694 0.500 0.000
6 2 40 60.477 0.500 0.000 65.143 0.500 0.000
6 2 41 52.715 0.500 0.000 61.359 0.500 0.000
6 2 42 54.068 0.500 0.000 61.560 0.500 0.000
6 2 43 58.835 0.500 0.000 56.416 0.500 0.000
6 2 44 41.168 0.500 0.000 60.848 0.500 0.000
6 2 45 55.370 0.500 0.000 52.384 0.500 0.000
6 2 46 49.018 0.500 0.000 51.408 0.500 0.000
6 2 47 50.982 0.500 0.000 60.701 0.500 0.000
6 2 48 54.836 0.500 0.000 47.282 0.500 0.000
6 2 49 52.736 0.500 0.000 68.784 0.500 0.000
6 2 50 62.245 0.500 0.000 52.003 0.500 0.000
6 2 51 49.699 0.500 0.000 46.261 0.500 0.000
6 2 52 54.348 0.500 0.000 55.899 0.500 0.000
6 2 53 56.167 0.500 0.000 51.817 0.500 0.000
6 2 54 47.806 0.500 0.000 50.791 0.500 0.000
6 2 55 59.098 0.500 0.000 55.310 0.500 0.000
6 2 56 48.779 0.500 0.000 51.960 0.500 0.000
6 2 57 45.556 0.500 0.000 52.286 0.500 0.000
6 2 58 44.078 0.500 0.000 55.582 0.500 0.000
6 2 59 41.801 0.500 0.000 38.729 0.500 0.000
6 2 60 49.140 0.500 0.000 47.698 0.500 0.000
6 2 61 55.398 0.500 0.000 42.986 0.500 0.000
6 2 62 45.802 0.500 0.000 54.864 0.500 0.000
6 3 1 52.434 0.500 0.000 60.066 0.500 0.000
6 3 2 46.162 0.500 0.000 53.532 0.500 0.000
6 3 3 200.000 0.500 0.000 40.232 0.500 0.000
6 3 4 40.000 0.500 0.000 40.000 0.500 0.000
6 3 5 40.000 0.500 0.000 40.000 0.500 0.000
