1 1 1 70.878 0.500 0.000 72.392 0.500 0.000
1 1 2 65.281 0.500 0.000 61.011 0.500 0.000
1 1 3 72.365 0.500 0.000 69.188 0.500 0.000
1 1 4 58.509 0.500 0.000 68.982 0.500 0.000
1 1 5 70.312 0.500 0.000 68.563 0.500 0.000
1 1 6 66.466 0.500 0.000 60.461 0.500 0.000
1 1 7 66.426 0.500 0.000 64.290 0.500 0.000
1 1 8 64.356 0.500 0.000 64.843 0.500 0.000
1 1 9 60.637 0.500 0.000 59.981 0.500 0.000
1 1 10 76.486 0.500 0.000 69.631 0.500 0.000
1 1 11 74.176 0.500 0.000 70.456 0.500 0.000
1 1 12 73.312 0.500 0.000 58.949 0.500 0.000
1 1 13 73.057 0.500 0.000 74.055 0.500 0.000
1 1 14 67.066 0.500 0.000 70.809 0.500 0.000
1 1 15 57.477 0.500 0.000 73.847 0.500 0.000
1 1 16 76.879 0.500 0.000 53.015 0.500 0.000
1 1 17 63.363 0.500 0.000 76.457 0.500 0.000
1 1 18 68.821 0.500 0.000 73.737 0.500 0.000
1 1 19 59.203 0.500 0.000 68.768 0.500 0.000
1 1 20 60.460 0.500 0.000 69.511 0.500 0.000
1 1 21 72.564 0.500 0.000 66.932 0.500 0.000
1 1 22 53.135 0.500 0.000 53.585 0.500 0.000
1 1 23 68.564 0.500 0.000 75.950 0.500 0.000
1 2 1 69.660 0.500 0.000 66.452 0.500 0.000
1 2 2 73.586 0.500 0.000 65.577 0.500 0.000
1 2 3 69.436 0.500 0.000 64.807 0.500 0.000
1 2 4 76.673 0.500 0.000 69.161 0.500 0.000
1 2 5 83.754 0.500 0.000 62.149 0.500 0.000
1 2 6 81.386 0.500 0.000 77.417 0.500 0.000
1 2 7 64.260 0.500 0.000 63.932 0.500 0.000
1 2 8 70.620 0.500 0.000 68.153 0.500 0.000
1 2 9 61.429 0.500 0.000 92.111 0.500 0.000
1 2 10 68.649 0.500 0.000 76.970 0.500 0.000
1 2 11 68.494 0.500 0.000 63.107 0.500 0.000
1 2 12 68.332 0.500 0.000 64.463 0.500 0.000
1 2 13 87.998 0.500 0.000 81.412 0.500 0.000
1 2 14 63.536 0.500 0.000 75.532 0.500 0.000
1 2 15 68.517 0.500 0.000 73.704 0.500 0.000
1 2 16 63.789 0.500 0.000 91.730 0.500 0.000
1 2 17 74.479 0.500 0.000 62.972 0.500 0.000
1 2 18 82.430 0.500 0.000 77.276 0.500 0.000
1 2 19 69.698 0.500 0.000 85.096 0.500 0.000
1 2 20 94.175 0.500 0.000 67.703 0.500 0.000
1 2 21 85.240 0.500 0.000 79.271 0.500 0.000
1 2 22 69.275 0.500 0.000 84.335 0.500 0.000
1 2 23 86.110 0.500 0.000 84.725 0.500 0.000
1 2 24 75.339 0.500 0.000 67.617 0.500 0.000
1 2 25 70.018 0.500 0.000 68.664 0.500 0.000
1 2 26 71.178 0.500 0.000 65.635 0.500 0.000
1 2 27 63.740 0.500 0.000 63.312 0.500 0.000
1 2 28 86.427 0.500 0.000 68.055 0.500 0.000
1 2 29 73.738 0.500 0.000 77.864 0.500 0.000
1 2 30 63.402 0.500 0.000 74.416 0.500 0.000
1 2 31 73.796 0.500 0.000 75.834 0.500 0.000
1 2 32 78.955 0.500 0.000 60.851 0.500 0.000
1 2 33 79.971 0.500 0.000 61.636 0.500 0.000
1 2 34 78.528 0.500 0.000 74.067 0.500 0.000
1 2 35 73.796 0.500 0.000 84.493 0.500 0.000
1 2 36 65.080 0.500 0.000 84.698 0.500 0.000
1 2 37 71.473 0.500 0.000 91.795 0.500 0.000
1 2 38 69.081 0.500 0.000 77.849 0.500 0.000
1 2 39 71.027 0.500 0.000 86.512 0.500 0.000
1 2 40 60.619 0.500 0.000 84.621 0.500 0.000
1 2 41 67.422 0.500 0.000 73.119 0.500 0.000
1 2 42 77.772 0.500 0.000 73.300 0.500 0.000
1 2 43 74.237 0.500 0.000 81.934 0.500 0.000
1 2 44 58.173 0.500 0.000 72.821 0.500 0.000
1 2 45 62.812 0.500 0.000 75.764 0.500 0.000
1 2 46 53.303 0.500 0.000 63.852 0.500 0.000
1 2 47 70.276 0.500 0.000 70.543 0.500 0.000
1 2 48 68.860 0.500 0.000 59.649 0.500 0.000
1 2 49 76.767 0.500 0.000 52.886 0.500 0.000
1 2 50 59.371 0.500 0.000 64.915 0.500 0.000
1 2 51 51.872 0.500 0.000 59.254 0.500 0.000
1 2 52 48.227 0.500 0.000 73.842 0.500 0.000
1 2 53 51.607 0.500 0.000 75.747 0.500 0.000
1 2 54 74.863 0.500 0.000 33.094 0.500 0.000
1 2 55 56.149 0.500 0.000 53.599 0.500 0.000
1 2 56 54.126 0.500 0.000 57.093 0.500 0.000
1 2 57 53.425 0.500 0.000 57.401 0.500 0.000
1 2 58 39.582 0.500 0.000 67.411 0.500 0.000
1 2 59 44.635 0.500 0.000 22.573 0.500 0.000
1 2 60 39.313 0.500 0.000 61.406 0.500 0.000
1 2 61 97.498 0.500 0.000 17.129 0.500 0.000
1 2 62 41.634 0.500 0.000 55.941 0.500 0.000
1 3 1 40.000 0.500 0.000 40.000 0.500 0.000
1 3 2 40.000 0.500 0.000 40.000 0.500 0.000
1 3 3 40.000 0.500 0.000 40.000 0.500 0.000
1 3 4 40.000 0.500 0.000 40.000 0.500 0.000
1 3 5 40.000 0.500 0.000 40.000 0.500 0.000
2 1 1 63.678 0.500 0.000 78.123 0.500 0.000
2 1 2 57.949 0.500 0.000 59.061 0.500 0.000
2 1 3 55.673 0.500 0.000 54.142 0.500 0.000
2 1 4 66.179 0.500 0.000 61.667 0.500 0.000
2 1 5 64.252 0.500 0.000 63.590 0.500 0.000
2 1 6 40.000 0.500 0.000 40.000 0.500 0.000
2 1 7 69.163 0.500 0.000 66.848 0.500 0.000
2 1 8 65.525 0.500 0.000 66.425 0.500 0.000
2 1 9 66.545 0.500 0.000 68.100 0.500 0.000
2 1 10 40.000 0.500 0.000 40.000 0.500 0.000
2 1 11 80.247 0.500 0.000 71.216 0.500 0.000
2 1 12 66.332 0.500 0.000 73.271 0.500 0.000
2 1 13 75.773 0.500 0.000 78.512 0.500 0.000
2 1 14 83.193 0.500 0.000 75.284 0.500 0.000
2 1 15 63.810 0.500 0.000 70.668 0.500 0.000
2 1 16 66.192 0.500 0.000 77.110 0.500 0.000
2 1 17 77.264 0.500 0.000 73.485 0.500 0.000
2 1 18 76.258 0.500 0.000 69.875 0.500 0.000
2 1 19 40.000 0.500 0.000 40.000 0.500 0.000
2 1 20 64.617 0.500 0.000 70.073 0.500 0.000
2 1 21 55.918 0.500 0.000 81.167 0.500 0.000
2 1 22 61.513 0.500 0.000 45.429 0.500 0.000
2 1 23 38.087 0.500 0.000 44.754 0.500 0.000
2 2 1 57.391 0.500 0.000 69.534 0.500 0.000
2 2 2 57.165 0.500 0.000 67.027 0.500 0.000
2 2 3 59.194 0.500 0.000 59.771 0.500 0.000
2 2 4 59.014 0.500 0.000 53.391 0.500 0.000
2 2 5 61.458 0.500 0.000 61.895 0.500 0.000
2 2 6 57.196 0.500 0.000 58.037 0.500 0.000
2 2 7 55.526 0.500 0.000 57.211 0.500 0.000
2 2 8 62.963 0.500 0.000 59.050 0.500 0.000
2 2 9 59.336 0.500 0.000 53.490 0.500 0.000
2 2 10 57.783 0.500 0.000 60.434 0.500 0.000
2 2 11 55.555 0.500 0.000 58.183 0.500 0.000
2 2 12 54.520 0.500 0.000 59.333 0.500 0.000
2 2 13 55.707 0.500 0.000 68.066 0.500 0.000
2 2 14 67.208 0.500 0.000 65.789 0.500 0.000
2 2 15 67.653 0.500 0.000 69.280 0.500 0.000
2 2 16 67.511 0.500 0.000 62.923 0.500 0.000
2 2 17 64.091 0.500 0.000 61.832 0.500 0.000
2 2 18 74.079 0.500 0.000 71.692 0.500 0.000
2 2 19 71.398 0.500 0.000 70.812 0.500 0.000
2 2 20 62.263 0.500 0.000 62.707 0.500 0.000
2 2 21 72.970 0.500 0.000 69.004 0.500 0.000
2 2 22 62.667 0.500 0.000 64.746 0.500 0.000
2 2 23 60.780 0.500 0.000 82.366 0.500 0.000
2 2 24 70.725 0.500 0.000 77.955 0.500 0.000
2 2 25 63.560 0.500 0.000 72.552 0.500 0.000
2 2 26 59.902 0.500 0.000 66.841 0.500 0.000
2 2 27 71.071 0.500 0.000 65.203 0.500 0.000
2 2 28 64.174 0.500 0.000 62.961 0.500 0.000
2 2 29 67.551 0.500 0.000 60.452 0.500 0.000
2 2 30 72.986 0.500 0.000 62.411 0.500 0.000
2 2 31 69.366 0.500 0.000 69.901 0.500 0.000
2 2 32 86.456 0.500 0.000 66.185 0.500 0.000
2 2 33 75.406 0.500 0.000 72.774 0.500 0.000
2 2 34 68.125 0.500 0.000 66.925 0.500 0.000
2 2 35 70.423 0.500 0.000 73.886 0.500 0.000
2 2 36 75.685 0.500 0.000 84.096 0.500 0.000
2 2 37 82.962 0.500 0.000 78.068 0.500 0.000
2 2 38 69.699 0.500 0.000 75.693 0.500 0.000
2 2 39 73.701 0.500 0.000 73.996 0.500 0.000
2 2 40 77.266 0.500 0.000 73.216 0.500 0.000
2 2 41 77.773 0.500 0.000 70.012 0.500 0.000
2 2 42 67.842 0.500 0.000 82.589 0.500 0.000
2 2 43 40.000 0.500 0.000 40.000 0.500 0.000
2 2 44 75.281 0.500 0.000 63.706 0.500 0.000
2 2 45 77.009 0.500 0.000 59.350 0.500 0.000
2 2 46 56.038 0.500 0.000 63.157 0.500 0.000
2 2 47 58.289 0.500 0.000 75.985 0.500 0.000
2 2 48 75.904 0.500 0.000 71.831 0.500 0.000
2 2 49 54.668 0.500 0.000 55.798 0.500 0.000
2 2 50 73.413 0.500 0.000 58.042 0.500 0.000
2 2 51 59.064 0.500 0.000 70.076 0.500 0.000
2 2 52 52.991 0.500 0.000 70.601 0.500 0.000
2 2 53 54.730 0.500 0.000 53.000 0.500 0.000
2 2 54 53.529 0.500 0.000 51.304 0.500 0.000
2 2 55 42.684 0.500 0.000 65.845 0.500 0.000
2 2 56 52.972 0.500 0.000 51.270 0.500 0.000
2 2 57 42.698 0.500 0.000 38.118 0.500 0.000
2 2 58 37.577 0.500 0.000 40.304 0.500 0.000
2 2 59 0.000 0.500 0.000 46.877 0.500 0.000
2 2 60 47.270 0.500 0.000 27.768 0.500 0.000
2 2 61 93.521 0.500 0.000 75.965 0.500 0.000
2 2 62 0.000 0.500 0.000 36.034 0.500 0.000
2 3 1 40.000 0.500 0.000 40.000 0.500 0.000
2 3 2 40.000 0.500 0.000 40.000 0.500 0.000
2 3 3 40.000 0.500 0.000 40.000 0.500 0.000
2 3 4 40.000 0.500 0.000 40.000 0.500 0.000
2 3 5 40.000 0.500 0.000 40.000 0.500 0.000
3 1 1 69.781 0.500 0.000 73.975 0.500 0.000
3 1 2 62.697 0.500 0.000 59.835 0.500 0.000
3 1 3 56.016 0.500 0.000 56.225 0.500 0.000
3 1 4 58.304 0.500 0.000 57.343 0.500 0.000
3 1 5 62.606 0.500 0.000 60.971 0.500 0.000
3 1 6 61.162 0.500 0.000 62.856 0.500 0.000
3 1 7 64.517 0.500 0.000 65.239 0.500 0.000
3 1 8 60.424 0.500 0.000 54.328 0.500 0.000
3 1 9 67.495 0.500 0.000 65.610 0.500 0.000
3 1 10 69.818 0.500 0.000 64.779 0.500 0.000
3 1 11 64.142 0.500 0.000 71.526 0.500 0.000
3 1 12 71.622 0.500 0.000 70.560 0.500 0.000
3 1 13 70.527 0.500 0.000 65.511 0.500 0.000
3 1 14 53.369 0.500 0.000 71.092 0.500 0.000
3 1 15 61.236 0.500 0.000 61.485 0.500 0.000
3 1 16 75.353 0.500 0.000 65.983 0.500 0.000
3 1 17 65.926 0.500 0.000 68.804 0.500 0.000
3 1 18 74.161 0.500 0.000 68.685 0.500 0.000
3 1 19 75.947 0.500 0.000 70.037 0.500 0.000
3 1 20 72.647 0.500 0.000 60.370 0.500 0.000
3 1 21 66.132 0.500 0.000 58.691 0.500 0.000
3 1 22 65.578 0.500 0.000 61.322 0.500 0.000
3 1 23 48.443 0.500 0.000 43.079 0.500 0.000
3 2 1 59.192 0.500 0.000 67.545 0.500 0.000
3 2 2 65.521 0.500 0.000 50.695 0.500 0.000
3 2 3 68.796 0.500 0.000 65.372 0.500 0.000
3 2 4 56.553 0.500 0.000 56.469 0.500 0.000
3 2 5 51.719 0.500 0.000 55.251 0.500 0.000
3 2 6 62.187 0.500 0.000 60.587 0.500 0.000
3 2 7 60.023 0.500 0.000 56.213 0.500 0.000
3 2 8 58.464 0.500 0.000 53.839 0.500 0.000
3 2 9 61.895 0.500 0.000 63.781 0.500 0.000
3 2 10 56.057 0.500 0.000 54.916 0.500 0.000
3 2 11 59.341 0.500 0.000 56.584 0.500 0.000
3 2 12 58.994 0.500 0.000 55.650 0.500 0.000
3 2 13 79.004 0.500 0.000 60.698 0.500 0.000
3 2 14 59.247 0.500 0.000 65.294 0.500 0.000
3 2 15 60.737 0.500 0.000 57.818 0.500 0.000
3 2 16 67.966 0.500 0.000 71.595 0.500 0.000
3 2 17 66.875 0.500 0.000 62.839 0.500 0.000
3 2 18 65.757 0.500 0.000 70.677 0.500 0.000
3 2 19 68.692 0.500 0.000 71.528 0.500 0.000
3 2 20 66.546 0.500 0.000 63.006 0.500 0.000
3 2 21 83.742 0.500 0.000 70.774 0.500 0.000
3 2 22 62.696 0.500 0.000 63.224 0.500 0.000
3 2 23 81.917 0.500 0.000 67.444 0.500 0.000
3 2 24 65.735 0.500 0.000 66.778 0.500 0.000
3 2 25 78.966 0.500 0.000 67.245 0.500 0.000
3 2 26 69.907 0.500 0.000 65.655 0.500 0.000
3 2 27 66.414 0.500 0.000 76.324 0.500 0.000
3 2 28 70.688 0.500 0.000 75.802 0.500 0.000
3 2 29 73.255 0.500 0.000 69.691 0.500 0.000
3 2 30 63.561 0.500 0.000 82.749 0.500 0.000
3 2 31 61.539 0.500 0.000 66.010 0.500 0.000
3 2 32 77.228 0.500 0.000 60.043 0.500 0.000
3 2 33 78.530 0.500 0.000 83.989 0.500 0.000
3 2 34 66.866 0.500 0.000 67.857 0.500 0.000
3 2 35 82.366 0.500 0.000 62.415 0.500 0.000
3 2 36 68.208 0.500 0.000 75.376 0.500 0.000
3 2 37 84.174 0.500 0.000 85.317 0.500 0.000
3 2 38 75.201 0.500 0.000 66.425 0.500 0.000
3 2 39 68.135 0.500 0.000 66.726 0.500 0.000
3 2 40 60.901 0.500 0.000 64.202 0.500 0.000
3 2 41 79.752 0.500 0.000 79.470 0.500 0.000
3 2 42 82.519 0.500 0.000 69.859 0.500 0.000
3 2 43 66.599 0.500 0.000 88.339 0.500 0.000
3 2 44 78.780 0.500 0.000 63.150 0.500 0.000
3 2 45 76.256 0.500 0.000 74.165 0.500 0.000
3 2 46 71.490 0.500 0.000 53.625 0.500 0.000
3 2 47 82.448 0.500 0.000 61.722 0.500 0.000
3 2 48 78.641 0.500 0.000 73.607 0.500 0.000
3 2 49 67.981 0.500 0.000 53.781 0.500 0.000
3 2 50 52.994 0.500 0.000 55.145 0.500 0.000
3 2 51 68.209 0.500 0.000 51.452 0.500 0.000
3 2 52 62.812 0.500 0.000 53.449 0.500 0.000
3 2 53 71.694 0.500 0.000 53.897 0.500 0.000
3 2 54 61.978 0.500 0.000 71.861 0.500 0.000
3 2 55 66.786 0.500 0.000 50.166 0.500 0.000
3 2 56 48.042 0.500 0.000 46.247 0.500 0.000
3 2 57 41.965 0.500 0.000 30.215 0.500 0.000
3 2 58 49.874 0.500 0.000 39.338 0.500 0.000
3 2 59 45.965 0.500 0.000 45.440 0.500 0.000
3 2 60 44.753 0.500 0.000 37.154 0.500 0.000
3 2 61 43.498 0.500 0.000 35.679 0.500 0.000
3 2 62 38.797 0.500 0.000 50.176 0.500 0.000
3 3 1 40.000 0.500 0.000 40.000 0.500 0.000
3 3 2 40.000 0.500 0.000 40.000 0.500 0.000
3 3 3 40.000 0.500 0.000 40.000 0.500 0.000
3 3 4 40.000 0.500 0.000 40.000 0.500 0.000
3 3 5 40.000 0.500 0.000 40.000 0.500 0.000
4 1 1 67.643 0.500 0.000 63.215 0.500 0.000
4 1 2 56.082 0.500 0.000 61.398 0.500 0.000
4 1 3 59.110 0.500 0.000 58.084 0.500 0.000
4 1 4 55.380 0.500 0.000 56.154 0.500 0.000
4 1 5 57.490 0.500 0.000 57.227 0.500 0.000
4 1 6 66.983 0.500 0.000 57.287 0.500 0.000
4 1 7 69.088 0.500 0.000 60.768 0.500 0.000
4 1 8 62.661 0.500 0.000 62.845 0.500 0.000
4 1 9 70.302 0.500 0.000 75.763 0.500 0.000
4 1 10 78.056 0.500 0.000 65.347 0.500 0.000
4 1 11 70.146 0.500 0.000 68.574 0.500 0.000
4 1 12 60.156 0.500 0.000 67.471 0.500 0.000
4 1 13 70.904 0.500 0.000 61.509 0.500 0.000
4 1 14 67.973 0.500 0.000 49.420 0.500 0.000
4 1 15 77.955 0.500 0.000 63.856 0.500 0.000
4 1 16 51.633 0.500 0.000 62.667 0.500 0.000
4 1 17 73.072 0.500 0.000 64.320 0.500 0.000
4 1 18 68.065 0.500 0.000 64.851 0.500 0.000
4 1 19 67.840 0.500 0.000 71.919 0.500 0.000
4 1 20 66.364 0.500 0.000 62.587 0.500 0.000
4 1 21 55.626 0.500 0.000 71.814 0.500 0.000
4 1 22 60.669 0.500 0.000 61.931 0.500 0.000
4 1 23 65.345 0.500 0.000 60.785 0.500 0.000
4 2 1 55.563 0.500 0.000 65.060 0.500 0.000
4 2 2 65.897 0.500 0.000 65.299 0.500 0.000
4 2 3 55.370 0.500 0.000 62.881 0.500 0.000
4 2 4 63.456 0.500 0.000 62.832 0.500 0.000
4 2 5 62.475 0.500 0.000 57.501 0.500 0.000
4 2 6 56.661 0.500 0.000 61.688 0.500 0.000
4 2 7 54.721 0.500 0.000 60.773 0.500 0.000
4 2 8 61.610 0.500 0.000 60.716 0.500 0.000
4 2 9 59.816 0.500 0.000 58.368 0.500 0.000
4 2 10 48.176 0.500 0.000 61.092 0.500 0.000
4 2 11 53.327 0.500 0.000 58.683 0.500 0.000
4 2 12 62.099 0.500 0.000 52.273 0.500 0.000
4 2 13 58.848 0.500 0.000 55.794 0.500 0.000
4 2 14 66.398 0.500 0.000 61.893 0.500 0.000
4 2 15 59.206 0.500 0.000 62.336 0.500 0.000
4 2 16 58.561 0.500 0.000 64.105 0.500 0.000
4 2 17 57.925 0.500 0.000 58.350 0.500 0.000
4 2 18 62.310 0.500 0.000 68.684 0.500 0.000
4 2 19 59.364 0.500 0.000 65.874 0.500 0.000
4 2 20 74.393 0.500 0.000 62.525 0.500 0.000
4 2 21 63.114 0.500 0.000 71.860 0.500 0.000
4 2 22 72.030 0.500 0.000 61.190 0.500 0.000
4 2 23 66.563 0.500 0.000 68.685 0.500 0.000
4 2 24 61.730 0.500 0.000 66.724 0.500 0.000
4 2 25 72.060 0.500 0.000 70.528 0.500 0.000
4 2 26 67.056 0.500 0.000 68.325 0.500 0.000
4 2 27 67.097 0.500 0.000 73.275 0.500 0.000
4 2 28 68.089 0.500 0.000 69.083 0.500 0.000
4 2 29 73.948 0.500 0.000 67.764 0.500 0.000
4 2 30 70.488 0.500 0.000 67.740 0.500 0.000
4 2 31 67.887 0.500 0.000 66.756 0.500 0.000
4 2 32 63.604 0.500 0.000 63.770 0.500 0.000
4 2 33 71.150 0.500 0.000 85.027 0.500 0.000
4 2 34 70.718 0.500 0.000 69.236 0.500 0.000
4 2 35 71.500 0.500 0.000 77.494 0.500 0.000
4 2 36 88.871 0.500 0.000 66.764 0.500 0.000
4 2 37 73.578 0.500 0.000 69.440 0.500 0.000
4 2 38 67.819 0.500 0.000 67.797 0.500 0.000
4 2 39 63.761 0.500 0.000 75.248 0.500 0.000
4 2 40 62.662 0.500 0.000 77.300 0.500 0.000
4 2 41 65.704 0.500 0.000 75.295 0.500 0.000
4 2 42 72.184 0.500 0.000 74.364 0.500 0.000
4 2 43 72.125 0.500 0.000 77.348 0.500 0.000
4 2 44 70.529 0.500 0.000 73.223 0.500 0.000
4 2 45 81.316 0.500 0.000 69.878 0.500 0.000
4 2 46 57.728 0.500 0.000 66.736 0.500 0.000
4 2 47 72.702 0.500 0.000 84.572 0.500 0.000
4 2 48 62.836 0.500 0.000 74.294 0.500 0.000
4 2 49 65.762 0.500 0.000 61.903 0.500 0.000
4 2 50 58.144 0.500 0.000 76.384 0.500 0.000
4 2 51 72.234 0.500 0.000 60.176 0.500 0.000
4 2 52 58.285 0.500 0.000 67.458 0.500 0.000
4 2 53 81.868 0.500 0.000 54.267 0.500 0.000
4 2 54 72.407 0.500 0.000 53.306 0.500 0.000
4 2 55 50.707 0.500 0.000 63.099 0.500 0.000
4 2 56 56.782 0.500 0.000 59.091 0.500 0.000
4 2 57 50.107 0.500 0.000 53.037 0.500 0.000
4 2 58 35.333 0.500 0.000 60.326 0.500 0.000
4 2 59 25.389 0.500 0.000 60.411 0.500 0.000
4 2 60 38.494 0.500 0.000 45.874 0.500 0.000
4 2 61 46.115 0.500 0.000 41.521 0.500 0.000
4 2 62 44.036 0.500 0.000 46.162 0.500 0.000
4 3 1 40.000 0.500 0.000 40.000 0.500 0.000
4 3 2 40.000 0.500 0.000 40.000 0.500 0.000
4 3 3 40.000 0.500 0.000 40.000 0.500 0.000
4 3 4 40.000 0.500 0.000 40.000 0.500 0.000
4 3 5 40.000 0.500 0.000 40.000 0.500 0.000
5 1 1 63.890 0.500 0.000 69.225 0.500 0.000
5 1 2 62.419 0.500 0.000 53.503 0.500 0.000
5 1 3 62.041 0.500 0.000 60.008 0.500 0.000
5 1 4 61.378 0.500 0.000 55.050 0.500 0.000
5 1 5 59.257 0.500 0.000 56.343 0.500 0.000
5 1 6 64.797 0.500 0.000 64.126 0.500 0.000
5 1 7 62.532 0.500 0.000 64.003 0.500 0.000
5 1 8 66.465 0.500 0.000 63.931 0.500 0.000
5 1 9 67.260 0.500 0.000 61.477 0.500 0.000
5 1 10 68.498 0.500 0.000 64.144 0.500 0.000
5 1 11 75.224 0.500 0.000 70.145 0.500 0.000
5 1 12 62.080 0.500 0.000 62.419 0.500 0.000
5 1 13 72.577 0.500 0.000 70.562 0.500 0.000
5 1 14 63.560 0.500 0.000 63.694 0.500 0.000
5 1 15 63.751 0.500 0.000 63.773 0.500 0.000
5 1 16 72.903 0.500 0.000 60.028 0.500 0.000
5 1 17 69.331 0.500 0.000 71.790 0.500 0.000
5 1 18 66.077 0.500 0.000 54.082 0.500 0.000
5 1 19 79.273 0.500 0.000 70.174 0.500 0.000
5 1 20 76.585 0.500 0.000 58.390 0.500 0.000
5 1 21 69.081 0.500 0.000 66.022 0.500 0.000
5 1 22 53.494 0.500 0.000 61.135 0.500 0.000
5 1 23 52.650 0.500 0.000 46.610 0.500 0.000
5 2 1 66.394 0.500 0.000 58.337 0.500 0.000
5 2 2 58.152 0.500 0.000 60.059 0.500 0.000
5 2 3 61.434 0.500 0.000 58.954 0.500 0.000
5 2 4 62.080 0.500 0.000 58.923 0.500 0.000
5 2 5 60.817 0.500 0.000 57.770 0.500 0.000
5 2 6 60.359 0.500 0.000 56.169 0.500 0.000
5 2 7 55.791 0.500 0.000 52.905 0.500 0.000
5 2 8 54.660 0.500 0.000 59.712 0.500 0.000
5 2 9 64.287 0.500 0.000 62.722 0.500 0.000
5 2 10 59.409 0.500 0.000 59.977 0.500 0.000
5 2 11 53.098 0.500 0.000 55.270 0.500 0.000
5 2 12 46.649 0.500 0.000 51.465 0.500 0.000
5 2 13 63.351 0.500 0.000 63.610 0.500 0.000
5 2 14 68.566 0.500 0.000 63.387 0.500 0.000
5 2 15 63.415 0.500 0.000 64.022 0.500 0.000
5 2 16 73.484 0.500 0.000 61.444 0.500 0.000
5 2 17 60.409 0.500 0.000 70.161 0.500 0.000
5 2 18 72.277 0.500 0.000 74.275 0.500 0.000
5 2 19 64.943 0.500 0.000 58.935 0.500 0.000
5 2 20 64.821 0.500 0.000 61.499 0.500 0.000
5 2 21 76.870 0.500 0.000 69.706 0.500 0.000
5 2 22 61.929 0.500 0.000 73.726 0.500 0.000
5 2 23 66.675 0.500 0.000 71.914 0.500 0.000
5 2 24 72.824 0.500 0.000 72.953 0.500 0.000
5 2 25 73.828 0.500 0.000 73.106 0.500 0.000
5 2 26 58.732 0.500 0.000 70.536 0.500 0.000
5 2 27 63.791 0.500 0.000 62.329 0.500 0.000
5 2 28 79.231 0.500 0.000 68.364 0.500 0.000
5 2 29 73.781 0.500 0.000 62.876 0.500 0.000
5 2 30 78.285 0.500 0.000 67.963 0.500 0.000
5 2 31 84.408 0.500 0.000 65.667 0.500 0.000
5 2 32 71.966 0.500 0.000 72.794 0.500 0.000
5 2 33 83.540 0.500 0.000 69.897 0.500 0.000
5 2 34 72.574 0.500 0.000 76.331 0.500 0.000
5 2 35 72.246 0.500 0.000 74.533 0.500 0.000
5 2 36 67.408 0.500 0.000 98.089 0.500 0.000
5 2 37 75.282 0.500 0.000 82.546 0.500 0.000
5 2 38 66.542 0.500 0.000 75.279 0.500 0.000
5 2 39 66.903 0.500 0.000 79.057 0.500 0.000
5 2 40 58.852 0.500 0.000 67.614 0.500 0.000
5 2 41 63.540 0.500 0.000 71.821 0.500 0.000
5 2 42 71.748 0.500 0.000 75.022 0.500 0.000
5 2 43 65.090 0.500 0.000 74.483 0.500 0.000
5 2 44 61.104 0.500 0.000 70.649 0.500 0.000
5 2 45 75.410 0.500 0.000 75.649 0.500 0.000
5 2 46 64.763 0.500 0.000 58.633 0.500 0.000
5 2 47 76.250 0.500 0.000 57.083 0.500 0.000
5 2 48 65.250 0.500 0.000 56.461 0.500 0.000
5 2 49 49.581 0.500 0.000 72.978 0.500 0.000
5 2 50 49.587 0.500 0.000 71.695 0.500 0.000
5 2 51 53.796 0.500 0.000 59.941 0.500 0.000
5 2 52 51.758 0.500 0.000 56.442 0.500 0.000
5 2 53 49.383 0.500 0.000 76.974 0.500 0.000
5 2 54 44.488 0.500 0.000 55.385 0.500 0.000
5 2 55 40.516 0.500 0.000 54.535 0.500 0.000
5 2 56 45.645 0.500 0.000 42.889 0.500 0.000
5 2 57 21.058 0.500 0.000 58.387 0.500 0.000
5 2 58 46.307 0.500 0.000 37.176 0.500 0.000
5 2 59 57.128 0.500 0.000 18.289 0.500 0.000
5 2 60 22.953 0.500 0.000 37.001 0.500 0.000
5 2 61 52.385 0.500 0.000 47.939 0.500 0.000
5 2 62 4.785 0.500 0.000 40.129 0.500 0.000
5 3 1 40.000 0.500 0.000 40.000 0.500 0.000
5 3 2 40.000 0.500 0.000 40.000 0.500 0.000
5 3 3 40.000 0.500 0.000 40.000 0.500 0.000
5 3 4 40.000 0.500 0.000 40.000 0.500 0.000
5 3 5 40.000 0.500 0.000 40.000 0.500 0.000
6 1 1 73.769 0.500 0.000 61.062 0.500 0.000
6 1 2 62.846 0.500 0.000 61.110 0.500 0.000
6 1 3 59.329 0.500 0.000 69.002 0.500 0.000
6 1 4 66.561 0.500 0.000 58.756 0.500 0.000
6 1 5 68.192 0.500 0.000 61.663 0.500 0.000
6 1 6 60.509 0.500 0.000 63.675 0.500 0.000
6 1 7 63.091 0.500 0.000 62.172 0.500 0.000
6 1 8 63.217 0.500 0.000 62.842 0.500 0.000
6 1 9 66.140 0.500 0.000 64.630 0.500 0.000
6 1 10 66.709 0.500 0.000 68.117 0.500 0.000
6 1 11 63.255 0.500 0.000 72.244 0.500 0.000
6 1 12 68.770 0.500 0.000 73.227 0.500 0.000
6 1 13 76.495 0.500 0.000 77.061 0.500 0.000
6 1 14 74.343 0.500 0.000 77.829 0.500 0.000
6 1 15 67.917 0.500 0.000 71.969 0.500 0.000
6 1 16 70.590 0.500 0.000 72.299 0.500 0.000
6 1 17 78.075 0.500 0.000 64.385 0.500 0.000
6 1 18 66.403 0.500 0.000 77.034 0.500 0.000
6 1 19 62.758 0.500 0.000 61.787 0.500 0.000
6 1 20 65.614 0.500 0.000 58.844 0.500 0.000
6 1 21 40.000 0.500 0.000 40.000 0.500 0.000
6 1 22 65.659 0.500 0.000 47.191 0.500 0.000
6 1 23 65.670 0.500 0.000 36.832 0.500 0.000
6 2 1 61.291 0.500 0.000 70.367 0.500 0.000
6 2 2 60.537 0.500 0.000 61.682 0.500 0.000
6 2 3 60.616 0.500 0.000 59.890 0.500 0.000
6 2 4 63.787 0.500 0.000 56.056 0.500 0.000
6 2 5 62.150 0.500 0.000 51.796 0.500 0.000
6 2 6 68.396 0.500 0.000 56.665 0.500 0.000
6 2 7 57.175 0.500 0.000 59.248 0.500 0.000
6 2 8 57.411 0.500 0.000 61.906 0.500 0.000
6 2 9 58.146 0.500 0.000 73.965 0.500 0.000
6 2 10 55.247 0.500 0.000 56.624 0.500 0.000
6 2 11 54.284 0.500 0.000 66.038 0.500 0.000
6 2 12 52.130 0.500 0.000 50.071 0.500 0.000
6 2 13 61.283 0.500 0.000 65.117 0.500 0.000
6 2 14 59.812 0.500 0.000 68.900 0.500 0.000
6 2 15 57.785 0.500 0.000 67.438 0.500 0.000
6 2 16 63.250 0.500 0.000 77.485 0.500 0.000
6 2 17 54.896 0.500 0.000 77.267 0.500 0.000
6 2 18 76.918 0.500 0.000 83.751 0.500 0.000
6 2 19 73.113 0.500 0.000 69.046 0.500 0.000
6 2 20 59.870 0.500 0.000 72.680 0.500 0.000
6 2 21 68.977 0.500 0.000 70.486 0.500 0.000
6 2 22 64.770 0.500 0.000 68.360 0.500 0.000
6 2 23 70.682 0.500 0.000 63.259 0.500 0.000
6 2 24 75.062 0.500 0.000 65.034 0.500 0.000
6 2 25 68.302 0.500 0.000 71.768 0.500 0.000
6 2 26 65.329 0.500 0.000 70.243 0.500 0.000
6 2 27 61.934 0.500 0.000 68.015 0.500 0.000
6 2 28 73.222 0.500 0.000 72.924 0.500 0.000
6 2 29 70.825 0.500 0.000 67.773 0.500 0.000
6 2 30 64.359 0.500 0.000 69.286 0.500 0.000
6 2 31 68.565 0.500 0.000 69.676 0.500 0.000
6 2 32 69.210 0.500 0.000 70.429 0.500 0.000
6 2 33 62.109 0.500 0.000 83.280 0.500 0.000
6 2 34 67.258 0.500 0.000 72.186 0.500 0.000
6 2 35 67.970 0.500 0.000 88.485 0.500 0.000
6 2 36 67.779 0.500 0.000 77.947 0.500 0.000
6 2 37 76.818 0.500 0.000 75.550 0.500 0.000
6 2 38 62.603 0.500 0.000 83.210 0.500 0.000
6 2 39 62.538 0.500 0.000 68.725 0.500 0.000
6 2 40 58.693 0.500 0.000 65.141 0.500 0.000
6 2 41 77.138 0.500 0.000 69.300 0.500 0.000
6 2 42 74.186 0.500 0.000 75.290 0.500 0.000
6 2 43 66.628 0.500 0.000 75.844 0.500 0.000
6 2 44 54.078 0.500 0.000 82.109 0.500 0.000
6 2 45 55.736 0.500 0.000 77.264 0.500 0.000
6 2 46 58.209 0.500 0.000 68.970 0.500 0.000
6 2 47 53.680 0.500 0.000 72.432 0.500 0.000
6 2 48 60.693 0.500 0.000 63.879 0.500 0.000
6 2 49 48.461 0.500 0.000 61.241 0.500 0.000
6 2 50 61.263 0.500 0.000 53.938 0.500 0.000
6 2 51 46.633 0.500 0.000 54.792 0.500 0.000
6 2 52 55.605 0.500 0.000 68.414 0.500 0.000
6 2 53 47.471 0.500 0.000 58.122 0.500 0.000
6 2 54 51.309 0.500 0.000 54.629 0.500 0.000
6 2 55 54.856 0.500 0.000 55.541 0.500 0.000
6 2 56 26.279 0.500 0.000 46.193 0.500 0.000
6 2 57 33.546 0.500 0.000 54.962 0.500 0.000
6 2 58 32.174 0.500 0.000 33.488 0.500 0.000
6 2 59 42.662 0.500 0.000 40.290 0.500 0.000
6 2 60 32.871 0.500 0.000 47.980 0.500 0.000
6 2 61 19.833 0.500 0.000 38.944 0.500 0.000
6 2 62 31.291 0.500 0.000 17.658 0.500 0.000
6 3 1 40.000 0.500 0.000 40.000 0.500 0.000
6 3 2 40.000 0.500 0.000 40.000 0.500 0.000
6 3 3 40.000 0.500 0.000 40.000 0.500 0.000
6 3 4 40.000 0.500 0.000 40.000 0.500 0.000
6 3 5 40.000 0.500 0.000 40.000 0.500 0.000
