1 1 1 765.319 765.319 1.259 1.259 0.338 0.001
1 1 2 847.946 847.946 1.499 1.499 0.043 0.001
1 1 3 696.862 696.862 1.375 1.375 0.148 0.002
1 1 4 830.581 830.581 1.912 1.912 0.171 0.002
1 1 5 874.054 874.054 2.300 2.300 0.030 0.002
1 1 6 753.815 753.815 68.151 68.151 -0.194 0.004
1 1 7 696.946 696.946 2.107 2.107 -0.067 0.004
1 1 8 798.059 798.059 3.605 3.605 0.040 0.004
1 1 9 742.763 742.763 2.875 2.875 0.060 0.004
1 1 10 693.477 693.477 1.990 1.990 0.050 0.005
1 1 11 795.708 795.708 2.554 2.554 -0.290 0.005
1 1 12 781.921 781.921 2.519 2.519 -0.012 0.005
1 1 13 671.541 671.541 1.852 1.852 0.145 0.007
1 1 14 797.687 797.687 2.097 2.097 -0.026 0.005
1 1 15 727.440 727.440 2.379 2.379 -0.079 0.005
1 1 16 562.781 562.781 1.773 1.773 -0.254 0.007
1 1 17 707.271 707.271 2.762 2.762 -0.082 0.007
1 1 18 758.044 758.044 3.407 3.407 -0.020 0.006
1 1 19 800.785 800.785 5.421 5.421 0.003 0.008
1 1 20 736.086 736.086 4.738 4.738 0.011 0.006
1 1 21 827.353 827.353 5.179 5.179 -0.014 0.006
1 1 22 809.141 809.141 5.103 5.103 -0.267 0.008
1 1 23 696.608 696.608 4.057 4.057 -0.018 0.009
1 2 1 1547.113 1547.113 26.640 26.640 -0.046 0.003
1 2 2 1411.586 1411.586 4.539 4.539 -0.023 0.001
1 2 3 1416.771 1416.771 3.354 3.354 0.022 0.001
1 2 4 1357.181 1357.181 2.628 2.628 0.071 0.001
1 2 5 1275.904 1275.904 2.689 2.689 0.141 0.001
1 2 6 1193.370 1193.370 2.814 2.814 0.077 0.002
1 2 7 1426.374 1426.374 2.968 2.968 0.023 0.001
1 2 8 1344.213 1344.213 2.844 2.844 0.045 0.002
1 2 9 1269.706 1269.706 2.949 2.949 -0.029 0.002
1 2 10 1217.932 1217.932 3.022 3.022 0.001 0.002
1 2 11 1316.037 1316.037 3.577 3.577 -0.010 0.002
1 2 12 1351.525 1351.525 4.096 4.096 -0.022 0.002
1 2 13 1234.325 1234.325 3.401 3.401 -0.143 0.003
1 2 14 1368.597 1368.597 3.828 3.828 0.003 0.003
1 2 15 1312.685 1312.685 4.297 4.297 -0.011 0.003
1 2 16 1141.231 1141.231 4.447 4.447 -0.061 0.003
1 2 17 1249.853 1249.853 4.154 4.154 0.010 0.003
1 2 18 1264.860 1264.860 20.584 20.584 0.015 0.005
1 2 19 1304.177 1304.177 4.760 4.760 -0.012 0.004
1 2 20 1273.367 1273.367 4.466 4.466 0.015 0.005
1 2 21 1236.881 1236.881 4.950 4.950 0.061 0.006
1 2 22 1141.082 1141.082 4.398 4.398 -0.048 0.005
1 2 23 1189.375 1189.375 4.522 4.522 0.092 0.006
1 2 24 1225.109 1225.109 4.546 4.546 -0.035 0.005
1 2 25 1304.479 1304.479 4.678 4.678 0.039 0.005
1 2 26 1347.689 1347.689 4.894 4.894 -0.020 0.005
1 2 27 1272.476 1272.476 3.929 3.929 0.052 0.004
1 2 28 1264.569 1264.569 5.547 5.547 0.255 0.007
1 2 29 1291.064 1291.064 5.052 5.052 0.057 0.007
1 2 30 1308.850 1308.850 4.323 4.323 0.053 0.006
1 2 31 1283.320 1283.320 6.072 6.072 -0.017 0.008
1 2 32 1273.733 1273.733 3.690 3.690 -0.084 0.004
1 2 33 1321.802 1321.802 4.433 4.433 0.013 0.005
1 2 34 1258.420 1258.420 3.969 3.969 0.038 0.004
1 2 35 1272.285 1272.285 4.288 4.288 0.007 0.005
1 2 36 1329.855 1329.855 4.415 4.415 -0.083 0.005
1 2 37 1325.914 1325.914 4.317 4.317 -0.004 0.005
1 2 38 1396.389 1396.389 4.590 4.590 0.044 0.004
1 2 39 1304.341 1304.341 4.284 4.284 -0.002 0.006
1 2 40 1375.105 1375.105 4.717 4.717 0.048 0.006
1 2 41 1375.487 1375.487 4.962 4.962 0.012 0.005
1 2 42 1372.381 1372.381 4.995 4.995 0.086 0.007
1 2 43 1375.934 1375.934 5.850 5.850 0.013 0.007
1 2 44 1344.073 1344.073 6.703 6.703 0.021 0.007
1 2 45 1378.934 1378.934 5.551 5.551 0.121 0.006
1 2 46 1438.413 1438.413 7.337 7.337 -0.039 0.007
1 2 47 1253.992 1253.992 6.289 6.289 -0.004 0.007
1 2 48 1348.497 1348.497 6.889 6.889 0.104 0.006
1 2 49 1537.500 1537.500 2.843 2.843 0.128 0.007
1 2 50 1290.657 1290.657 7.940 7.940 0.123 0.005
1 2 51 1412.930 1412.930 9.135 9.135 0.092 0.005
1 2 52 1440.016 1440.016 8.032 8.032 0.138 0.006
1 2 53 1362.091 1362.091 8.844 8.844 -0.017 0.006
1 2 54 1423.265 1423.265 12.060 12.060 0.048 0.009
1 2 55 1347.079 1347.079 10.325 10.325 0.054 0.008
1 2 56 1377.091 1377.091 8.685 8.685 0.102 0.006
1 2 57 1306.864 1306.864 10.682 10.682 0.088 0.009
1 2 58 1395.806 1395.806 9.422 9.422 0.021 0.008
1 2 59 1342.546 1342.546 10.985 10.985 0.058 0.008
1 2 60 1423.349 1423.349 9.776 9.776 0.042 0.007
1 2 61 1386.433 1386.433 13.736 13.736 -0.017 0.008
1 2 62 1307.105 1307.105 10.592 10.592 0.109 0.008
1 3 1 616.875 616.875 2.505 2.505 0.210 0.007
1 3 2 679.058 679.058 2.034 2.034 -0.138 0.006
1 3 3 585.557 585.557 2.131 2.131 0.067 0.007
1 3 4 638.788 638.788 2.597 2.597 0.076 0.008
1 3 5 496.868 496.868 3.022 3.022 0.378 0.009
2 1 1 909.081 909.081 2.648 2.648 0.145 0.001
2 1 2 813.546 813.546 1.929 1.929 -0.020 0.001
2 1 3 738.330 738.330 1.830 1.830 0.122 0.003
2 1 4 713.646 713.646 1.756 1.756 -0.044 0.002
2 1 5 817.093 817.093 2.590 2.590 0.303 0.003
2 1 6 12.500 12.500 0.000 0.000 0.000 0.000
2 1 7 701.793 701.793 3.242 3.242 0.160 0.004
2 1 8 600.938 600.938 2.988 2.988 0.163 0.004
2 1 9 754.148 754.148 2.379 2.379 0.211 0.004
2 1 10 12.500 12.500 0.000 0.000 0.000 0.000
2 1 11 677.582 677.582 2.043 2.043 0.100 0.005
2 1 12 671.614 671.614 3.955 3.955 -0.017 0.008
2 1 13 749.521 749.521 1.986 1.986 0.105 0.006
2 1 14 787.754 787.754 2.153 2.153 0.015 0.006
2 1 15 814.753 814.753 2.720 2.720 0.045 0.007
2 1 16 698.152 698.152 2.335 2.335 -0.073 0.007
2 1 17 749.136 749.136 3.270 3.270 -0.098 0.007
2 1 18 827.653 827.653 3.526 3.526 -0.004 0.006
2 1 19 79.731 79.731 1045.963 1045.963 1.914 0.011
2 1 20 709.234 709.234 4.420 4.420 -0.169 0.007
2 1 21 825.012 825.012 6.666 6.666 0.042 0.007
2 1 22 823.314 823.314 4.691 4.691 -0.168 0.008
2 1 23 590.632 590.632 3.472 3.472 0.233 0.009
2 2 1 1770.462 1770.462 45.819 45.819 -0.062 0.001
2 2 2 2073.507 2073.507 16.490 16.490 -0.049 0.001
2 2 3 1776.206 1776.206 10.766 10.766 0.034 0.001
2 2 4 1795.285 1795.285 8.653 8.653 0.059 0.001
2 2 5 1611.510 1611.510 6.300 6.300 0.038 0.001
2 2 6 1565.166 1565.166 4.638 4.638 -0.047 0.001
2 2 7 1426.796 1426.796 4.363 4.363 -0.030 0.001
2 2 8 1494.766 1494.766 4.384 4.384 -0.019 0.002
2 2 9 1356.277 1356.277 5.157 5.157 0.300 0.002
2 2 10 1469.640 1469.640 4.193 4.193 -0.047 0.001
2 2 11 1431.478 1431.478 4.218 4.218 0.065 0.002
2 2 12 1406.336 1406.336 3.909 3.909 -0.068 0.002
2 2 13 1393.828 1393.828 3.585 3.585 -0.015 0.002
2 2 14 1377.188 1377.188 4.122 4.122 0.135 0.003
2 2 15 1425.705 1425.705 4.547 4.547 -0.134 0.003
2 2 16 1334.143 1334.143 4.269 4.269 0.058 0.003
2 2 17 1406.896 1406.896 5.044 5.044 0.054 0.003
2 2 18 1390.686 1390.686 4.754 4.754 0.141 0.005
2 2 19 1437.390 1437.390 5.024 5.024 0.085 0.005
2 2 20 1302.196 1302.196 57.236 57.236 0.140 0.004
2 2 21 1218.670 1218.670 8.812 8.812 0.059 0.005
2 2 22 1398.449 1398.449 66.269 66.269 0.097 0.004
2 2 23 1200.950 1200.950 4.637 4.637 0.004 0.005
2 2 24 1372.001 1372.001 4.801 4.801 0.077 0.006
2 2 25 1375.139 1375.139 4.763 4.763 0.034 0.005
2 2 26 1319.524 1319.524 4.884 4.884 0.077 0.005
2 2 27 1369.070 1369.070 4.910 4.910 0.151 0.005
2 2 28 1425.199 1425.199 6.730 6.730 -0.069 0.005
2 2 29 1281.230 1281.230 4.655 4.655 0.101 0.007
2 2 30 1312.437 1312.437 5.535 5.535 0.076 0.007
2 2 31 1267.605 1267.605 4.563 4.563 0.186 0.009
2 2 32 1365.776 1365.776 4.421 4.421 0.087 0.004
2 2 33 1390.052 1390.052 3.877 3.877 0.006 0.005
2 2 34 1463.823 1463.823 4.488 4.488 0.055 0.004
2 2 35 1388.409 1388.409 4.564 4.564 0.044 0.005
2 2 36 1422.787 1422.787 4.287 4.287 -0.045 0.005
2 2 37 1437.786 1437.786 4.289 4.289 0.140 0.005
2 2 38 1458.102 1458.102 4.043 4.043 0.108 0.004
2 2 39 1378.242 1378.242 4.765 4.765 -0.057 0.007
2 2 40 1461.892 1461.892 5.626 5.626 -0.097 0.006
2 2 41 1516.829 1516.829 6.054 6.054 -0.061 0.005
2 2 42 1520.919 1520.919 5.539 5.539 0.109 0.006
2 2 43 1490.253 1490.253 6.504 6.504 0.022 0.007
2 2 44 1441.812 1441.812 5.982 5.982 -0.038 0.006
2 2 45 1549.365 1549.365 7.136 7.136 0.025 0.007
2 2 46 1452.377 1452.377 6.721 6.721 -0.010 0.006
2 2 47 1435.947 1435.947 7.297 7.297 -0.204 0.006
2 2 48 1538.669 1538.669 8.280 8.280 -0.043 0.006
2 2 49 1626.492 1626.492 13.750 13.750 0.048 0.006
2 2 50 1478.911 1478.911 11.021 11.021 0.040 0.006
2 2 51 1628.553 1628.553 9.131 9.131 0.057 0.005
2 2 52 1647.198 1647.198 11.791 11.791 -0.031 0.006
2 2 53 1560.066 1560.066 11.524 11.524 0.022 0.006
2 2 54 1575.335 1575.335 8.962 8.962 0.075 0.006
2 2 55 1637.825 1637.825 12.820 12.820 0.036 0.007
2 2 56 1478.866 1478.866 10.957 10.957 0.139 0.006
2 2 57 1512.070 1512.070 14.710 14.710 0.102 0.007
2 2 58 1471.739 1471.739 10.573 10.573 0.069 0.009
2 2 59 1482.165 1482.165 10.404 10.404 0.058 0.009
2 2 60 1546.898 1546.898 10.356 10.356 0.195 0.008
2 2 61 1582.945 1582.945 14.389 14.389 0.036 0.007
2 2 62 1577.956 1577.956 16.205 16.205 0.100 0.007
2 3 1 597.067 597.067 2.723 2.723 0.019 0.007
2 3 2 673.850 673.850 1.837 1.837 -0.181 0.005
2 3 3 598.845 598.845 2.068 2.068 -0.125 0.007
2 3 4 543.976 543.976 3.006 3.006 -0.003 0.008
2 3 5 591.615 591.615 3.594 3.594 0.065 0.008
3 1 1 959.627 959.627 2.196 2.196 0.141 0.001
3 1 2 795.649 795.649 1.641 1.641 0.060 0.001
3 1 3 800.732 800.732 1.816 1.816 0.036 0.002
3 1 4 786.604 786.604 1.911 1.911 -0.013 0.002
3 1 5 919.555 919.555 2.679 2.679 -0.325 0.003
3 1 6 760.419 760.419 2.726 2.726 0.043 0.004
3 1 7 -46.674 -46.674 38.906 38.906 -0.146 0.003
3 1 8 -300.144 -300.144 243.713 243.713 -0.147 0.003
3 1 9 814.756 814.756 2.730 2.730 0.020 0.004
3 1 10 686.354 686.354 1.909 1.909 -0.090 0.005
3 1 11 786.295 786.295 3.323 3.323 -0.172 0.007
3 1 12 757.926 757.926 2.315 2.315 0.069 0.006
3 1 13 732.340 732.340 1.824 1.824 -0.065 0.006
3 1 14 804.791 804.791 2.220 2.220 0.085 0.006
3 1 15 773.087 773.087 2.734 2.734 -0.233 0.005
3 1 16 662.326 662.326 2.349 2.349 0.114 0.006
3 1 17 732.734 732.734 3.215 3.215 -0.139 0.007
3 1 18 799.252 799.252 3.059 3.059 0.103 0.005
3 1 19 698.683 698.683 3.926 3.926 0.133 0.007
3 1 20 867.745 867.745 6.472 6.472 -0.045 0.007
3 1 21 890.910 890.910 4.336 4.336 0.372 0.007
3 1 22 943.944 943.944 4.781 4.781 0.321 0.007
3 1 23 719.534 719.534 4.276 4.276 0.003 0.008
3 2 1 1713.720 1713.720 44.064 44.064 -0.114 0.001
3 2 2 2053.037 2053.037 11.845 11.845 0.057 0.001
3 2 3 1901.864 1901.864 9.301 9.301 0.052 0.001
3 2 4 1769.957 1769.957 8.349 8.349 -0.036 0.001
3 2 5 1529.888 1529.888 5.181 5.181 -0.096 0.001
3 2 6 1391.265 1391.265 3.720 3.720 0.148 0.001
3 2 7 1478.584 1478.584 3.319 3.319 -0.019 0.001
3 2 8 1534.820 1534.820 3.905 3.905 0.010 0.001
3 2 9 1453.370 1453.370 3.506 3.506 0.007 0.002
3 2 10 1427.639 1427.639 3.316 3.316 0.015 0.002
3 2 11 1436.807 1436.807 3.686 3.686 -0.000 0.002
3 2 12 1423.756 1423.756 4.229 4.229 -0.005 0.002
3 2 13 1405.170 1405.170 3.680 3.680 -0.103 0.002
3 2 14 1333.771 1333.771 3.689 3.689 -0.065 0.002
3 2 15 1426.097 1426.097 4.503 4.503 0.089 0.002
3 2 16 1372.909 1372.909 4.637 4.637 0.032 0.003
3 2 17 1408.414 1408.414 5.362 5.362 -0.037 0.003
3 2 18 1323.887 1323.887 4.444 4.444 -0.167 0.004
3 2 19 1445.417 1445.417 5.078 5.078 -0.017 0.003
3 2 20 1234.460 1234.460 3.754 3.754 -0.104 0.003
3 2 21 1438.622 1438.622 4.847 4.847 -0.112 0.005
3 2 22 1419.490 1419.490 4.973 4.973 -0.260 0.004
3 2 23 1285.490 1285.490 4.621 4.621 -0.085 0.005
3 2 24 1496.902 1496.902 6.449 6.449 -0.305 0.004
3 2 25 1375.452 1375.452 4.720 4.720 0.042 0.005
3 2 26 1391.460 1391.460 5.634 5.634 -0.218 0.005
3 2 27 1377.790 1377.790 4.869 4.869 -0.050 0.005
3 2 28 1189.820 1189.820 4.947 4.947 -0.091 0.006
3 2 29 1306.092 1306.092 4.241 4.241 -0.037 0.007
3 2 30 1326.858 1326.858 4.203 4.203 -0.069 0.006
3 2 31 1367.144 1367.144 4.160 4.160 0.042 0.006
3 2 32 1406.480 1406.480 4.215 4.215 -0.047 0.004
3 2 33 1312.820 1312.820 3.957 3.957 0.067 0.006
3 2 34 1398.940 1398.940 4.293 4.293 -0.026 0.005
3 2 35 1476.370 1476.370 5.249 5.249 0.015 0.005
3 2 36 1450.962 1450.962 3.973 3.973 -0.009 0.005
3 2 37 1430.099 1430.099 4.230 4.230 -0.055 0.005
3 2 38 1402.523 1402.523 4.844 4.844 0.006 0.004
3 2 39 1414.857 1414.857 4.955 4.955 0.038 0.005
3 2 40 1515.491 1515.491 5.514 5.514 -0.007 0.004
3 2 41 1440.963 1440.963 5.118 5.118 0.073 0.006
3 2 42 1505.562 1505.562 6.268 6.268 0.060 0.006
3 2 43 1612.527 1612.527 7.397 7.397 0.033 0.005
3 2 44 1371.077 1371.077 6.146 6.146 0.085 0.006
3 2 45 1601.886 1601.886 6.661 6.661 -0.045 0.006
3 2 46 1520.849 1520.849 7.152 7.152 0.112 0.007
3 2 47 1507.753 1507.753 8.105 8.105 0.079 0.006
3 2 48 1481.352 1481.352 7.875 7.875 0.115 0.007
3 2 49 1597.641 1597.641 9.212 9.212 -0.022 0.008
3 2 50 1536.641 1536.641 8.501 8.501 0.075 0.008
3 2 51 1594.175 1594.175 9.936 9.936 0.173 0.008
3 2 52 1457.736 1457.736 10.644 10.644 0.074 0.005
3 2 53 1529.645 1529.645 10.110 10.110 -0.033 0.008
3 2 54 1609.374 1609.374 14.907 14.907 0.210 0.006
3 2 55 1648.298 1648.298 12.583 12.583 0.187 0.007
3 2 56 1596.583 1596.583 10.473 10.473 0.017 0.005
3 2 57 1535.149 1535.149 10.351 10.351 0.123 0.008
3 2 58 1608.320 1608.320 18.373 18.373 0.095 0.009
3 2 59 1555.759 1555.759 10.682 10.682 0.122 0.008
3 2 60 1445.510 1445.510 10.793 10.793 0.083 0.008
3 2 61 1774.708 1774.708 13.442 13.442 0.356 0.008
3 2 62 1801.328 1801.328 13.059 13.059 0.273 0.007
3 3 1 368.971 368.971 15.114 15.114 0.425 0.008
3 3 2 750.332 750.332 2.100 2.100 -0.008 0.005
3 3 3 581.479 581.479 1.937 1.937 0.183 0.006
3 3 4 652.720 652.720 3.577 3.577 0.046 0.007
3 3 5 12.500 12.500 0.000 0.000 0.000 0.000
4 1 1 1087.500 1087.500 3.758 3.758 0.546 0.001
4 1 2 803.181 803.181 2.828 2.828 -0.016 0.001
4 1 3 865.470 865.470 2.520 2.520 -0.052 0.002
4 1 4 722.421 722.421 2.404 2.404 0.040 0.002
4 1 5 745.136 745.136 3.787 3.787 0.155 0.004
4 1 6 386.172 386.172 6.621 6.621 0.440 0.003
4 1 7 712.535 712.535 2.387 2.387 -0.121 0.003
4 1 8 679.574 679.574 4.204 4.204 -0.020 0.004
4 1 9 676.840 676.840 1.785 1.785 -0.087 0.004
4 1 10 689.813 689.813 2.036 2.036 -0.326 0.005
4 1 11 614.941 614.941 2.696 2.696 -0.089 0.008
4 1 12 684.803 684.803 2.037 2.037 0.082 0.004
4 1 13 740.075 740.075 2.163 2.163 -0.037 0.005
4 1 14 724.770 724.770 2.005 2.005 0.022 0.006
4 1 15 818.024 818.024 2.548 2.548 -0.148 0.006
4 1 16 946.536 946.536 3.843 3.843 -0.620 0.006
4 1 17 651.026 651.026 2.480 2.480 -0.127 0.006
4 1 18 871.815 871.815 4.205 4.205 -0.179 0.005
4 1 19 806.412 806.412 6.853 6.853 -0.307 0.006
4 1 20 800.594 800.594 3.576 3.576 -0.076 0.008
4 1 21 848.604 848.604 4.963 4.963 -0.091 0.008
4 1 22 756.172 756.172 4.386 4.386 -0.145 0.007
4 1 23 715.361 715.361 3.209 3.209 0.235 0.007
4 2 1 1750.537 1750.537 11.542 11.542 0.017 0.001
4 2 2 1569.251 1569.251 6.983 6.983 0.002 0.001
4 2 3 1315.434 1315.434 5.327 5.327 0.010 0.001
4 2 4 1387.560 1387.560 4.748 4.748 0.174 0.001
4 2 5 1425.531 1425.531 5.053 5.053 0.073 0.001
4 2 6 1292.584 1292.584 3.928 3.928 -0.004 0.001
4 2 7 1301.723 1301.723 4.062 4.062 -0.056 0.001
4 2 8 1284.766 1284.766 4.056 4.056 0.045 0.002
4 2 9 1190.576 1190.576 8.336 8.336 0.024 0.002
4 2 10 1202.259 1202.259 9.118 9.118 -0.019 0.001
4 2 11 1173.489 1173.489 6.825 6.825 0.064 0.002
4 2 12 1209.640 1209.640 7.667 7.667 -0.096 0.002
4 2 13 1229.229 1229.229 8.161 8.161 -0.004 0.002
4 2 14 1177.388 1177.388 7.958 7.958 0.150 0.003
4 2 15 1189.739 1189.739 8.195 8.195 0.089 0.002
4 2 16 1190.043 1190.043 8.751 8.751 -0.012 0.003
4 2 17 1172.704 1172.704 6.680 6.680 -0.042 0.003
4 2 18 1302.759 1302.759 4.830 4.830 0.046 0.004
4 2 19 1260.407 1260.407 9.513 9.513 -0.050 0.003
4 2 20 1205.559 1205.559 5.288 5.288 0.081 0.004
4 2 21 1200.631 1200.631 4.915 4.915 0.016 0.005
4 2 22 1187.029 1187.029 5.029 5.029 -0.039 0.004
4 2 23 1263.645 1263.645 4.097 4.097 -0.119 0.004
4 2 24 1267.211 1267.211 4.552 4.552 0.028 0.004
4 2 25 1271.247 1271.247 4.943 4.943 -0.003 0.005
4 2 26 1337.214 1337.214 4.411 4.411 0.069 0.005
4 2 27 1228.884 1228.884 4.907 4.907 0.007 0.005
4 2 28 1324.123 1324.123 4.434 4.434 0.006 0.005
4 2 29 1291.824 1291.824 5.211 5.211 0.036 0.006
4 2 30 1252.177 1252.177 3.986 3.986 0.107 0.007
4 2 31 1310.290 1310.290 4.158 4.158 -0.012 0.007
4 2 32 1298.671 1298.671 3.834 3.834 -0.015 0.003
4 2 33 1326.491 1326.491 4.416 4.416 -0.011 0.006
4 2 34 1253.054 1253.054 3.780 3.780 -0.066 0.004
4 2 35 1282.253 1282.253 4.118 4.118 0.036 0.004
4 2 36 1335.516 1335.516 3.955 3.955 -0.039 0.005
4 2 37 1393.055 1393.055 4.139 4.139 -0.028 0.004
4 2 38 1333.492 1333.492 4.164 4.164 -0.019 0.004
4 2 39 1260.759 1260.759 4.411 4.411 -0.075 0.005
4 2 40 1325.213 1325.213 4.744 4.744 0.031 0.005
4 2 41 1348.648 1348.648 5.598 5.598 -0.037 0.005
4 2 42 1382.340 1382.340 5.372 5.372 0.020 0.005
4 2 43 1364.598 1364.598 5.876 5.876 0.046 0.006
4 2 44 1329.292 1329.292 5.258 5.258 0.007 0.006
4 2 45 1374.649 1374.649 6.177 6.177 0.098 0.005
4 2 46 1445.416 1445.416 8.482 8.482 0.077 0.006
4 2 47 1367.166 1367.166 6.387 6.387 -0.051 0.007
4 2 48 1383.912 1383.912 7.263 7.263 0.006 0.005
4 2 49 1307.618 1307.618 6.786 6.786 -0.009 0.009
4 2 50 1420.446 1420.446 8.348 8.348 -0.006 0.006
4 2 51 1550.045 1550.045 9.705 9.705 -0.096 0.005
4 2 52 1461.404 1461.404 9.308 9.308 0.014 0.006
4 2 53 1435.002 1435.002 9.037 9.037 -0.036 0.006
4 2 54 1360.062 1360.062 12.579 12.579 0.060 0.007
4 2 55 1401.794 1401.794 9.938 9.938 -0.223 0.008
4 2 56 1432.780 1432.780 9.475 9.475 -0.062 0.006
4 2 57 1383.044 1383.044 10.242 10.242 -0.015 0.009
4 2 58 1354.298 1354.298 13.949 13.949 -0.057 0.009
4 2 59 1406.992 1406.992 9.093 9.093 -0.032 0.009
4 2 60 1363.905 1363.905 10.140 10.140 -0.017 0.010
4 2 61 1276.132 1276.132 8.067 8.067 -0.100 0.009
4 2 62 1254.565 1254.565 10.062 10.062 0.002 0.007
4 3 1 511.008 511.008 2.116 2.116 -0.012 0.007
4 3 2 699.262 699.262 1.972 1.972 -0.074 0.005
4 3 3 721.089 721.089 3.159 3.159 0.310 0.006
4 3 4 654.224 654.224 2.651 2.651 0.035 0.007
4 3 5 678.767 678.767 4.220 4.220 0.109 0.007
5 1 1 935.823 935.823 2.287 2.287 0.024 0.001
5 1 2 823.778 823.778 1.795 1.795 0.070 0.001
5 1 3 842.753 842.753 1.916 1.916 0.086 0.001
5 1 4 1004.654 1004.654 2.675 2.675 -0.097 0.002
5 1 5 747.295 747.295 2.309 2.309 -0.016 0.003
5 1 6 -1054.542 -1054.542 464.436 464.436 -0.040 0.003
5 1 7 688.361 688.361 3.413 3.413 0.051 0.004
5 1 8 636.838 636.838 2.985 2.985 -0.138 0.005
5 1 9 714.389 714.389 3.764 3.764 -0.001 0.004
5 1 10 348.726 348.726 9.581 9.581 -0.103 0.004
5 1 11 773.200 773.200 2.021 2.021 -0.090 0.005
5 1 12 672.219 672.219 1.930 1.930 -0.211 0.005
5 1 13 812.920 812.920 2.288 2.288 -0.061 0.004
5 1 14 743.181 743.181 2.204 2.204 -0.110 0.006
5 1 15 728.804 728.804 2.353 2.353 -0.065 0.005
5 1 16 805.871 805.871 2.466 2.466 -0.208 0.006
5 1 17 795.766 795.766 3.018 3.018 0.201 0.006
5 1 18 865.592 865.592 3.956 3.956 -0.012 0.005
5 1 19 871.401 871.401 3.804 3.804 0.079 0.005
5 1 20 907.958 907.958 4.497 4.497 0.322 0.006
5 1 21 800.246 800.246 4.533 4.533 -0.012 0.006
5 1 22 934.478 934.478 4.635 4.635 0.026 0.007
5 1 23 724.313 724.313 3.876 3.876 0.236 0.008
5 2 1 2261.010 2261.010 20.009 20.009 0.051 0.001
5 2 2 1943.486 1943.486 8.791 8.791 -0.002 0.001
5 2 3 1798.248 1798.248 9.461 9.461 -0.033 0.001
5 2 4 1659.093 1659.093 6.859 6.859 -0.080 0.001
5 2 5 1523.171 1523.171 4.830 4.830 0.004 0.001
5 2 6 1565.630 1565.630 4.640 4.640 0.049 0.001
5 2 7 1613.295 1613.295 4.543 4.543 -0.004 0.001
5 2 8 1440.509 1440.509 3.582 3.582 0.033 0.001
5 2 9 1465.983 1465.983 3.957 3.957 0.065 0.002
5 2 10 1462.737 1462.737 3.814 3.814 0.049 0.001
5 2 11 1521.754 1521.754 4.005 4.005 -0.015 0.001
5 2 12 1469.382 1469.382 4.244 4.244 0.035 0.001
5 2 13 1482.782 1482.782 4.283 4.283 0.025 0.002
5 2 14 1273.400 1273.400 3.577 3.577 0.058 0.002
5 2 15 1458.424 1458.424 4.349 4.349 0.041 0.003
5 2 16 1687.500 1687.500 6.340 6.340 -0.202 0.003
5 2 17 1464.358 1464.358 4.662 4.662 0.005 0.003
5 2 18 1449.805 1449.805 5.061 5.061 0.089 0.004
5 2 19 1367.768 1367.768 4.622 4.622 -0.076 0.003
5 2 20 1425.499 1425.499 4.604 4.604 0.095 0.003
5 2 21 1394.993 1394.993 4.775 4.775 0.139 0.005
5 2 22 1350.850 1350.850 4.740 4.740 0.058 0.004
5 2 23 1459.179 1459.179 4.212 4.212 -0.068 0.004
5 2 24 1392.912 1392.912 4.854 4.854 0.007 0.005
5 2 25 1317.612 1317.612 4.825 4.825 -0.006 0.005
5 2 26 1316.177 1316.177 4.908 4.908 -0.041 0.005
5 2 27 1472.587 1472.587 4.991 4.991 -0.022 0.004
5 2 28 1233.189 1233.189 4.112 4.112 -0.022 0.006
5 2 29 1451.781 1451.781 4.598 4.598 0.026 0.007
5 2 30 1493.461 1493.461 5.096 5.096 -0.139 0.004
5 2 31 1275.153 1275.153 4.209 4.209 0.052 0.008
5 2 32 1421.243 1421.243 4.117 4.117 -0.043 0.004
5 2 33 1402.369 1402.369 4.110 4.110 -0.002 0.005
5 2 34 1513.387 1513.387 4.657 4.657 -0.080 0.004
5 2 35 1399.643 1399.643 4.390 4.390 0.026 0.004
5 2 36 1504.785 1504.785 4.165 4.165 0.026 0.004
5 2 37 1462.737 1462.737 5.232 5.232 0.055 0.004
5 2 38 1489.340 1489.340 5.419 5.419 -0.054 0.004
5 2 39 1455.614 1455.614 5.569 5.569 0.053 0.006
5 2 40 1444.972 1444.972 5.439 5.439 -0.033 0.005
5 2 41 1440.142 1440.142 5.273 5.273 -0.096 0.005
5 2 42 1479.604 1479.604 5.384 5.384 -0.030 0.006
5 2 43 1463.868 1463.868 6.370 6.370 -0.192 0.006
5 2 44 1444.448 1444.448 5.744 5.744 0.006 0.005
5 2 45 1518.877 1518.877 7.576 7.576 -0.102 0.006
5 2 46 1419.515 1419.515 7.900 7.900 0.010 0.007
5 2 47 1392.482 1392.482 7.180 7.180 0.080 0.007
5 2 48 1521.381 1521.381 9.640 9.640 0.066 0.006
5 2 49 1568.900 1568.900 8.174 8.174 0.031 0.007
5 2 50 1702.546 1702.546 9.855 9.855 0.220 0.005
5 2 51 1570.043 1570.043 11.578 11.578 -0.106 0.005
5 2 52 1462.500 1462.500 7.584 7.584 0.028 0.005
5 2 53 1529.705 1529.705 9.099 9.099 -0.037 0.006
5 2 54 1477.010 1477.010 8.238 8.238 -0.099 0.007
5 2 55 1543.695 1543.695 14.097 14.097 0.034 0.007
5 2 56 1646.678 1646.678 11.983 11.983 -0.130 0.008
5 2 57 1613.372 1613.372 18.120 18.120 0.052 0.009
5 2 58 1566.787 1566.787 15.226 15.226 0.030 0.008
5 2 59 1492.402 1492.402 12.484 12.484 -0.030 0.010
5 2 60 1539.469 1539.469 13.315 13.315 0.133 0.008
5 2 61 1457.798 1457.798 10.606 10.606 -0.180 0.009
5 2 62 1391.096 1391.096 62.521 62.521 0.108 0.008
5 3 1 630.876 630.876 2.498 2.498 0.158 0.006
5 3 2 549.020 549.020 1.629 1.629 -0.048 0.006
5 3 3 691.539 691.539 3.459 3.459 0.007 0.006
5 3 4 458.874 458.874 2.038 2.038 0.462 0.008
5 3 5 661.613 661.613 3.639 3.639 0.121 0.008
6 1 1 973.042 973.042 2.071 2.071 -0.310 0.001
6 1 2 871.139 871.139 1.852 1.852 -0.040 0.001
6 1 3 867.929 867.929 1.819 1.819 -0.042 0.001
6 1 4 834.557 834.557 1.857 1.857 0.134 0.002
6 1 5 751.679 751.679 1.925 1.925 0.315 0.003
6 1 6 -743.237 -743.237 2885.176 2885.176 0.074 0.004
6 1 7 785.293 785.293 2.146 2.146 -0.019 0.004
6 1 8 -696.032 -696.032 172.908 172.908 -0.105 0.003
6 1 9 -476.227 -476.227 184.834 184.834 -0.137 0.004
6 1 10 292.045 292.045 75.397 75.397 0.200 0.004
6 1 11 726.211 726.211 2.076 2.076 -0.086 0.005
6 1 12 665.165 665.165 1.790 1.790 0.070 0.005
6 1 13 726.631 726.631 1.910 1.910 0.049 0.006
6 1 14 764.183 764.183 1.859 1.859 0.039 0.005
6 1 15 648.575 648.575 1.841 1.841 -0.148 0.006
6 1 16 636.226 636.226 1.810 1.810 0.163 0.006
6 1 17 669.090 669.090 2.291 2.291 0.201 0.006
6 1 18 701.685 701.685 2.743 2.743 0.285 0.005
6 1 19 914.051 914.051 5.496 5.496 0.223 0.006
6 1 20 770.794 770.794 6.684 6.684 0.404 0.006
6 1 21 12.500 12.500 0.000 0.000 0.000 0.000
6 1 22 891.915 891.915 4.696 4.696 0.196 0.007
6 1 23 732.390 732.390 3.986 3.986 0.123 0.008
6 2 1 1425.363 1425.363 66.958 66.958 -0.082 0.001
6 2 2 1877.737 1877.737 15.990 15.990 -0.055 0.001
6 2 3 1914.028 1914.028 10.148 10.148 -0.142 0.001
6 2 4 1658.748 1658.748 7.272 7.272 0.080 0.001
6 2 5 1549.282 1549.282 4.990 4.990 0.018 0.001
6 2 6 1516.133 1516.133 3.837 3.837 0.077 0.001
6 2 7 1513.130 1513.130 4.099 4.099 -0.024 0.001
6 2 8 1524.015 1524.015 4.054 4.054 -0.003 0.001
6 2 9 1437.255 1437.255 3.737 3.737 -0.071 0.001
6 2 10 1458.656 1458.656 3.774 3.774 0.026 0.001
6 2 11 1473.425 1473.425 4.233 4.233 -0.019 0.002
6 2 12 1636.988 1636.988 3.879 3.879 -0.073 0.001
6 2 13 1411.967 1411.967 4.230 4.230 0.038 0.002
6 2 14 1383.697 1383.697 3.368 3.368 -0.132 0.003
6 2 15 1420.998 1420.998 5.011 5.011 0.061 0.002
6 2 16 1376.220 1376.220 4.863 4.863 -0.071 0.003
6 2 17 1509.498 1509.498 4.994 4.994 -0.063 0.003
6 2 18 1373.422 1373.422 5.032 5.032 -0.065 0.004
6 2 19 1359.781 1359.781 6.455 6.455 -0.099 0.004
6 2 20 1332.258 1332.258 4.689 4.689 -0.038 0.004
6 2 21 1345.557 1345.557 4.691 4.691 0.103 0.005
6 2 22 1396.938 1396.938 5.303 5.303 -0.070 0.004
6 2 23 1370.909 1370.909 4.754 4.754 0.046 0.005
6 2 24 1287.669 1287.669 4.534 4.534 0.073 0.005
6 2 25 1447.548 1447.548 5.097 5.097 0.008 0.005
6 2 26 1411.117 1411.117 4.308 4.308 0.005 0.005
6 2 27 1284.938 1284.938 5.060 5.060 0.047 0.005
6 2 28 1242.986 1242.986 4.641 4.641 -0.214 0.007
6 2 29 1374.185 1374.185 4.861 4.861 0.197 0.007
6 2 30 1399.989 1399.989 4.748 4.748 -0.153 0.005
6 2 31 1261.576 1261.576 4.211 4.211 -0.091 0.009
6 2 32 1329.953 1329.953 4.255 4.255 -0.018 0.004
6 2 33 1363.112 1363.112 4.653 4.653 0.008 0.005
6 2 34 1441.515 1441.515 4.311 4.311 -0.051 0.004
6 2 35 1364.606 1364.606 4.497 4.497 -0.010 0.005
6 2 36 1391.718 1391.718 4.696 4.696 -0.019 0.005
6 2 37 1404.525 1404.525 4.811 4.811 0.026 0.006
6 2 38 1517.394 1517.394 5.619 5.619 0.098 0.004
6 2 39 1357.704 1357.704 4.527 4.527 0.019 0.004
6 2 40 1476.814 1476.814 5.808 5.808 -0.005 0.005
6 2 41 1442.896 1442.896 6.024 6.024 0.077 0.007
6 2 42 1421.065 1421.065 5.873 5.873 -0.066 0.007
6 2 43 1570.741 1570.741 8.006 8.006 0.138 0.007
6 2 44 1635.230 1635.230 8.733 8.733 -0.175 0.006
6 2 45 1509.171 1509.171 8.312 8.312 0.093 0.008
6 2 46 1388.393 1388.393 6.395 6.395 -0.150 0.008
6 2 47 1468.470 1468.470 8.802 8.802 0.025 0.008
6 2 48 1503.153 1503.153 7.561 7.561 0.041 0.005
6 2 49 1343.446 1343.446 6.867 6.867 -0.037 0.006
6 2 50 1501.844 1501.844 9.706 9.706 0.148 0.006
6 2 51 1587.263 1587.263 8.614 8.614 0.029 0.005
6 2 52 1625.476 1625.476 12.204 12.204 0.066 0.006
6 2 53 1631.442 1631.442 9.319 9.319 0.025 0.005
6 2 54 1657.789 1657.789 9.548 9.548 0.117 0.007
6 2 55 1640.477 1640.477 12.500 12.500 0.204 0.006
6 2 56 1535.989 1535.989 9.745 9.745 0.022 0.008
6 2 57 1634.516 1634.516 12.348 12.348 0.128 0.009
6 2 58 1551.253 1551.253 14.513 14.513 0.144 0.008
6 2 59 1607.140 1607.140 10.728 10.728 0.199 0.008
6 2 60 1524.571 1524.571 15.005 15.005 0.066 0.008
6 2 61 1564.061 1564.061 12.260 12.260 0.157 0.008
6 2 62 1418.489 1418.489 9.906 9.906 0.141 0.007
6 3 1 669.865 669.865 3.207 3.207 -0.040 0.006
6 3 2 540.912 540.912 1.581 1.581 -0.023 0.006
6 3 3 644.587 644.587 6.261 6.261 -0.677 0.009
6 3 4 609.816 609.816 3.084 3.084 -0.174 0.007
6 3 5 578.730 578.730 4.425 4.425 0.057 0.007
