1 1 1 764.633 764.633 0.331 0.331 0.335 0.000
1 1 2 850.882 850.882 0.416 0.416 0.042 0.000
1 1 3 697.199 697.199 0.371 0.371 0.147 0.001
1 1 4 826.125 826.125 0.514 0.514 0.179 0.001
1 1 5 868.947 868.947 0.582 0.582 0.025 0.001
1 1 6 810.127 810.127 0.830 0.830 -0.192 0.001
1 1 7 703.975 703.975 0.574 0.574 -0.072 0.001
1 1 8 46.012 46.012 53.374 53.374 0.020 0.001
1 1 9 674.697 674.697 0.894 0.894 0.057 0.001
1 1 10 689.434 689.434 0.551 0.551 0.040 0.001
1 1 11 782.456 782.456 0.650 0.650 -0.292 0.001
1 1 12 774.780 774.780 0.589 0.589 -0.004 0.001
1 1 13 668.581 668.581 0.475 0.475 0.159 0.002
1 1 14 802.768 802.768 0.600 0.600 -0.026 0.001
1 1 15 730.164 730.164 0.641 0.641 -0.064 0.001
1 1 16 564.067 564.067 0.464 0.464 -0.246 0.002
1 1 17 704.481 704.481 0.686 0.686 -0.081 0.002
1 1 18 751.169 751.169 0.805 0.805 -0.032 0.002
1 1 19 796.276 796.276 1.116 1.116 -0.011 0.002
1 1 20 738.244 738.244 1.101 1.101 0.006 0.002
1 1 21 826.884 826.884 1.200 1.200 -0.014 0.002
1 1 22 818.955 818.955 1.665 1.665 -0.259 0.002
1 1 23 697.718 697.718 1.171 1.171 -0.013 0.002
1 2 1 1557.542 1557.542 4.300 4.300 -0.043 0.001
1 2 2 1415.188 1415.188 1.388 1.388 -0.016 0.000
1 2 3 1420.026 1420.026 0.849 0.849 0.023 0.000
1 2 4 1353.866 1353.866 0.686 0.686 0.065 0.000
1 2 5 1267.693 1267.693 0.676 0.676 0.141 0.000
1 2 6 1194.998 1194.998 0.796 0.796 0.073 0.000
1 2 7 1422.334 1422.334 0.779 0.779 0.024 0.000
1 2 8 1347.479 1347.479 0.730 0.730 0.045 0.000
1 2 9 1266.013 1266.013 0.767 0.767 -0.029 0.000
1 2 10 1222.700 1222.700 0.778 0.778 0.000 0.001
1 2 11 1326.552 1326.552 0.818 0.818 -0.010 0.001
1 2 12 1349.737 1349.737 0.907 0.907 -0.021 0.000
1 2 13 1240.321 1240.321 0.897 0.897 -0.138 0.001
1 2 14 1363.216 1363.216 1.043 1.043 0.004 0.001
1 2 15 1306.850 1306.850 0.995 0.995 -0.010 0.001
1 2 16 1155.889 1155.889 1.135 1.135 -0.069 0.001
1 2 17 1248.023 1248.023 1.003 1.003 0.019 0.001
1 2 18 1308.702 1308.702 1.102 1.102 0.001 0.001
1 2 19 1315.883 1315.883 1.121 1.121 -0.018 0.001
1 2 20 1273.068 1273.068 1.153 1.153 0.016 0.001
1 2 21 1235.823 1235.823 1.238 1.238 0.054 0.002
1 2 22 1152.168 1152.168 1.344 1.344 -0.046 0.001
1 2 23 1194.092 1194.092 1.135 1.135 0.102 0.002
1 2 24 1225.334 1225.334 1.175 1.175 -0.034 0.001
1 2 25 1300.666 1300.666 1.197 1.197 0.031 0.001
1 2 26 1348.877 1348.877 1.229 1.229 -0.028 0.001
1 2 27 1268.685 1268.685 1.150 1.150 0.057 0.001
1 2 28 1255.027 1255.027 1.367 1.367 0.263 0.002
1 2 29 1289.771 1289.771 1.249 1.249 0.071 0.002
1 2 30 1299.892 1299.892 1.113 1.113 0.067 0.002
1 2 31 1268.847 1268.847 1.267 1.267 -0.033 0.002
1 2 32 1272.032 1272.032 1.004 1.004 -0.074 0.001
1 2 33 1320.171 1320.171 1.069 1.069 0.021 0.001
1 2 34 1264.300 1264.300 1.073 1.073 0.039 0.001
1 2 35 1261.496 1261.496 1.114 1.114 0.013 0.001
1 2 36 1326.677 1326.677 1.180 1.180 -0.070 0.001
1 2 37 1327.177 1327.177 1.143 1.143 0.001 0.001
1 2 38 1391.140 1391.140 1.212 1.212 0.056 0.001
1 2 39 1312.362 1312.362 1.265 1.265 0.007 0.002
1 2 40 1379.858 1379.858 1.274 1.274 0.046 0.001
1 2 41 1376.593 1376.593 1.301 1.301 0.012 0.001
1 2 42 1383.554 1383.554 1.394 1.394 0.083 0.002
1 2 43 1370.742 1370.742 1.516 1.516 0.014 0.002
1 2 44 1342.673 1342.673 1.597 1.597 0.016 0.002
1 2 45 1406.022 1406.022 1.699 1.699 0.133 0.002
1 2 46 1447.416 1447.416 1.854 1.854 -0.042 0.002
1 2 47 1279.940 1279.940 1.687 1.687 0.002 0.002
1 2 48 1350.199 1350.199 1.925 1.925 0.089 0.002
1 2 49 1641.853 1641.853 2.775 2.775 0.123 0.002
1 2 50 1279.762 1279.762 1.790 1.790 0.110 0.001
1 2 51 1405.612 1405.612 2.219 2.219 0.089 0.001
1 2 52 1448.026 1448.026 2.506 2.506 0.127 0.002
1 2 53 1312.500 1312.500 2.497 2.497 -0.016 0.002
1 2 54 1422.061 1422.061 2.644 2.644 0.040 0.002
1 2 55 1356.443 1356.443 3.043 3.043 0.058 0.002
1 2 56 1381.165 1381.165 2.931 2.931 0.101 0.002
1 2 57 1324.926 1324.926 2.609 2.609 0.084 0.002
1 2 58 1415.312 1415.312 3.272 3.272 0.028 0.002
1 2 59 1338.325 1338.325 3.068 3.068 0.067 0.002
1 2 60 1431.617 1431.617 3.124 3.124 0.056 0.002
1 2 61 1395.187 1395.187 2.997 2.997 0.001 0.002
1 2 62 1336.200 1336.200 2.872 2.872 0.106 0.002
1 3 1 614.845 614.845 0.637 0.637 0.222 0.002
1 3 2 680.530 680.530 0.523 0.523 -0.160 0.002
1 3 3 588.499 588.499 0.570 0.570 0.066 0.002
1 3 4 636.449 636.449 0.678 0.678 0.094 0.002
1 3 5 495.311 495.311 0.970 0.970 0.385 0.003
2 1 1 907.038 907.038 0.627 0.627 0.144 0.000
2 1 2 813.290 813.290 0.503 0.503 -0.015 0.000
2 1 3 738.314 738.314 0.462 0.462 0.125 0.001
2 1 4 712.805 712.805 0.455 0.455 -0.046 0.001
2 1 5 818.743 818.743 0.652 0.652 0.308 0.001
2 1 6 12.500 12.500 0.000 0.000 0.000 0.000
2 1 7 727.223 727.223 2.452 2.452 0.146 0.001
2 1 8 606.234 606.234 0.858 0.858 0.148 0.001
2 1 9 683.316 683.316 1.048 1.048 0.224 0.001
2 1 10 12.500 12.500 0.000 0.000 0.000 0.000
2 1 11 683.241 683.241 0.552 0.552 0.092 0.001
2 1 12 702.616 702.616 0.894 0.894 -0.034 0.002
2 1 13 751.824 751.824 0.534 0.534 0.118 0.002
2 1 14 787.612 787.612 0.577 0.577 0.026 0.002
2 1 15 822.349 822.349 0.682 0.682 0.058 0.002
2 1 16 697.331 697.331 0.604 0.604 -0.070 0.002
2 1 17 749.105 749.105 0.838 0.838 -0.110 0.002
2 1 18 818.720 818.720 1.115 1.115 -0.005 0.002
2 1 19 -667.110 -667.110 1877.209 1877.209 1.902 0.003
2 1 20 715.960 715.960 1.079 1.079 -0.165 0.002
2 1 21 823.573 823.573 1.413 1.413 0.045 0.002
2 1 22 816.005 816.005 1.125 1.125 -0.146 0.002
2 1 23 596.551 596.551 0.991 0.991 0.258 0.002
2 2 1 1740.065 1740.065 15.279 15.279 -0.061 0.000
2 2 2 2033.580 2033.580 4.073 4.073 -0.049 0.000
2 2 3 1749.999 1749.999 3.424 3.424 0.035 0.000
2 2 4 1799.416 1799.416 2.323 2.323 0.063 0.000
2 2 5 1607.611 1607.611 1.610 1.610 0.041 0.000
2 2 6 1568.112 1568.112 1.311 1.311 -0.046 0.000
2 2 7 1424.168 1424.168 1.202 1.202 -0.028 0.000
2 2 8 1490.148 1490.148 1.086 1.086 -0.018 0.001
2 2 9 1348.638 1348.638 0.993 0.993 0.295 0.000
2 2 10 1470.928 1470.928 1.032 1.032 -0.046 0.000
2 2 11 1432.057 1432.057 0.999 0.999 0.065 0.000
2 2 12 1437.500 1437.500 1.449 1.449 -0.070 0.000
2 2 13 1400.504 1400.504 0.987 0.987 -0.010 0.001
2 2 14 1379.759 1379.759 1.093 1.093 0.133 0.001
2 2 15 1424.547 1424.547 1.137 1.137 -0.125 0.001
2 2 16 1338.049 1338.049 1.211 1.211 0.056 0.001
2 2 17 1388.935 1388.935 1.683 1.683 0.058 0.001
2 2 18 1403.975 1403.975 1.342 1.342 0.143 0.001
2 2 19 1432.093 1432.093 1.355 1.355 0.077 0.001
2 2 20 1367.477 1367.477 1.478 1.478 0.127 0.001
2 2 21 1202.828 1202.828 2.593 2.593 0.054 0.001
2 2 22 1440.798 1440.798 2.086 2.086 0.098 0.001
2 2 23 1204.234 1204.234 1.387 1.387 -0.010 0.001
2 2 24 1369.231 1369.231 1.335 1.335 0.072 0.002
2 2 25 1378.761 1378.761 1.379 1.379 0.027 0.001
2 2 26 1326.298 1326.298 1.278 1.278 0.077 0.001
2 2 27 1370.294 1370.294 1.303 1.303 0.145 0.001
2 2 28 1424.448 1424.448 1.418 1.418 -0.079 0.001
2 2 29 1279.928 1279.928 1.277 1.277 0.092 0.002
2 2 30 1299.663 1299.663 1.358 1.358 0.055 0.002
2 2 31 1265.678 1265.678 1.203 1.203 0.170 0.002
2 2 32 1365.934 1365.934 1.129 1.129 0.075 0.001
2 2 33 1389.583 1389.583 1.118 1.118 0.009 0.001
2 2 34 1469.323 1469.323 1.225 1.225 0.062 0.001
2 2 35 1389.392 1389.392 1.189 1.189 0.055 0.001
2 2 36 1437.852 1437.852 1.243 1.243 -0.036 0.001
2 2 37 1449.077 1449.077 1.237 1.237 0.131 0.001
2 2 38 1475.103 1475.103 1.271 1.271 0.107 0.001
2 2 39 1386.255 1386.255 1.268 1.268 -0.051 0.002
2 2 40 1437.500 1437.500 0.994 0.994 -0.110 0.002
2 2 41 1508.280 1508.280 1.465 1.465 -0.070 0.001
2 2 42 1519.354 1519.354 1.515 1.515 0.103 0.002
2 2 43 1489.297 1489.297 1.505 1.505 0.040 0.002
2 2 44 1441.359 1441.359 1.588 1.588 -0.048 0.001
2 2 45 1550.206 1550.206 1.932 1.932 0.019 0.002
2 2 46 1475.484 1475.484 1.832 1.832 -0.018 0.002
2 2 47 1362.500 1362.500 1.685 1.685 -0.210 0.002
2 2 48 1537.124 1537.124 2.112 2.112 -0.065 0.002
2 2 49 1623.041 1623.041 2.672 2.672 0.049 0.002
2 2 50 1500.726 1500.726 2.339 2.339 0.026 0.002
2 2 51 1621.888 1621.888 2.475 2.475 0.048 0.001
2 2 52 1638.691 1638.691 2.582 2.582 -0.023 0.001
2 2 53 1558.578 1558.578 2.577 2.577 0.038 0.002
2 2 54 1588.414 1588.414 2.633 2.633 0.089 0.002
2 2 55 1633.898 1633.898 3.048 3.048 0.054 0.002
2 2 56 1467.105 1467.105 2.513 2.513 0.143 0.002
2 2 57 1503.451 1503.451 2.823 2.823 0.105 0.002
2 2 58 1492.000 1492.000 2.871 2.871 0.081 0.002
2 2 59 1449.182 1449.182 2.754 2.754 0.080 0.002
2 2 60 1523.324 1523.324 3.198 3.198 0.177 0.002
2 2 61 1592.306 1592.306 3.202 3.202 0.042 0.002
2 2 62 1550.128 1550.128 3.120 3.120 0.113 0.002
2 3 1 601.367 601.367 0.677 0.677 0.038 0.002
2 3 2 667.324 667.324 0.480 0.480 -0.164 0.001
2 3 3 602.515 602.515 0.594 0.594 -0.103 0.002
2 3 4 580.194 580.194 0.705 0.705 -0.036 0.002
2 3 5 591.020 591.020 1.112 1.112 0.066 0.002
3 1 1 965.266 965.266 0.606 0.606 0.144 0.000
3 1 2 794.176 794.176 0.433 0.433 0.058 0.000
3 1 3 800.884 800.884 0.489 0.489 0.033 0.001
3 1 4 780.675 780.675 0.475 0.475 -0.005 0.001
3 1 5 917.073 917.073 0.734 0.734 -0.330 0.001
3 1 6 764.298 764.298 0.679 0.679 0.039 0.001
3 1 7 826.359 826.359 0.654 0.654 -0.159 0.001
3 1 8 692.334 692.334 1.052 1.052 -0.146 0.001
3 1 9 368.607 368.607 1.198 1.198 0.015 0.001
3 1 10 687.618 687.618 0.524 0.524 -0.102 0.001
3 1 11 782.974 782.974 0.930 0.930 -0.160 0.002
3 1 12 752.311 752.311 0.564 0.564 0.071 0.002
3 1 13 731.276 731.276 0.512 0.512 -0.064 0.002
3 1 14 804.321 804.321 0.578 0.578 0.076 0.002
3 1 15 771.337 771.337 0.651 0.651 -0.219 0.001
3 1 16 663.661 663.661 0.592 0.592 0.115 0.002
3 1 17 731.323 731.323 0.796 0.796 -0.130 0.002
3 1 18 806.123 806.123 0.867 0.867 0.092 0.001
3 1 19 701.464 701.464 1.002 1.002 0.128 0.002
3 1 20 859.060 859.060 1.452 1.452 -0.037 0.002
3 1 21 901.487 901.487 1.357 1.357 0.377 0.002
3 1 22 934.513 934.513 1.352 1.352 0.319 0.002
3 1 23 720.248 720.248 1.101 1.101 -0.008 0.002
3 2 1 1666.426 1666.426 11.634 11.634 -0.114 0.000
3 2 2 2045.828 2045.828 3.493 3.493 0.056 0.000
3 2 3 1892.358 1892.358 2.722 2.722 0.049 0.000
3 2 4 1757.645 1757.645 2.294 2.294 -0.038 0.000
3 2 5 1533.644 1533.644 1.299 1.299 -0.094 0.000
3 2 6 1406.479 1406.479 0.982 0.982 0.140 0.000
3 2 7 1477.555 1477.555 0.948 0.948 -0.020 0.000
3 2 8 1542.624 1542.624 1.034 1.034 0.011 0.000
3 2 9 1455.457 1455.457 0.945 0.945 0.007 0.000
3 2 10 1427.437 1427.437 0.937 0.937 0.011 0.000
3 2 11 1428.082 1428.082 1.025 1.025 -0.010 0.000
3 2 12 1398.115 1398.115 1.297 1.297 0.000 0.000
3 2 13 1403.336 1403.336 1.025 1.025 -0.103 0.001
3 2 14 1342.017 1342.017 1.048 1.048 -0.069 0.001
3 2 15 1424.480 1424.480 1.312 1.312 0.085 0.001
3 2 16 1368.060 1368.060 1.198 1.198 0.029 0.001
3 2 17 1390.031 1390.031 1.186 1.186 -0.034 0.001
3 2 18 1331.314 1331.314 1.174 1.174 -0.169 0.001
3 2 19 1435.631 1435.631 1.221 1.221 -0.018 0.001
3 2 20 1244.042 1244.042 1.113 1.113 -0.111 0.001
3 2 21 1434.752 1434.752 1.280 1.280 -0.118 0.001
3 2 22 1409.039 1409.039 1.301 1.301 -0.259 0.001
3 2 23 1293.122 1293.122 1.262 1.262 -0.066 0.001
3 2 24 1513.092 1513.092 1.365 1.365 -0.297 0.001
3 2 25 1378.970 1378.970 1.236 1.236 0.043 0.001
3 2 26 1367.363 1367.363 1.194 1.194 -0.226 0.001
3 2 27 1376.817 1376.817 1.208 1.208 -0.056 0.001
3 2 28 1206.033 1206.033 1.264 1.264 -0.102 0.002
3 2 29 1312.035 1312.035 1.158 1.158 -0.036 0.002
3 2 30 1338.947 1338.947 1.220 1.220 -0.061 0.002
3 2 31 1360.718 1360.718 1.209 1.209 0.055 0.002
3 2 32 1395.497 1395.497 1.119 1.119 -0.040 0.001
3 2 33 1310.314 1310.314 1.079 1.079 0.073 0.002
3 2 34 1402.750 1402.750 1.104 1.104 -0.024 0.001
3 2 35 1469.335 1469.335 1.312 1.312 0.007 0.001
3 2 36 1456.854 1456.854 1.213 1.213 -0.017 0.001
3 2 37 1442.090 1442.090 1.265 1.265 -0.054 0.001
3 2 38 1407.145 1407.145 1.271 1.271 0.007 0.001
3 2 39 1404.535 1404.535 1.313 1.313 0.044 0.001
3 2 40 1515.052 1515.052 1.390 1.390 -0.001 0.001
3 2 41 1443.090 1443.090 1.368 1.368 0.073 0.002
3 2 42 1483.658 1483.658 1.542 1.542 0.071 0.002
3 2 43 1608.095 1608.095 1.792 1.792 0.052 0.001
3 2 44 1385.819 1385.819 1.496 1.496 0.082 0.002
3 2 45 1597.914 1597.914 1.876 1.876 -0.041 0.002
3 2 46 1526.148 1526.148 1.950 1.950 0.104 0.002
3 2 47 1514.426 1514.426 2.007 2.007 0.080 0.001
3 2 48 1472.355 1472.355 1.996 1.996 0.101 0.002
3 2 49 1581.661 1581.661 2.538 2.538 -0.015 0.002
3 2 50 1541.332 1541.332 2.327 2.327 0.083 0.002
3 2 51 1575.010 1575.010 2.671 2.671 0.195 0.002
3 2 52 1464.957 1464.957 2.352 2.352 0.074 0.001
3 2 53 1532.178 1532.178 2.629 2.629 -0.046 0.002
3 2 54 1606.347 1606.347 2.755 2.755 0.211 0.002
3 2 55 1661.867 1661.867 3.064 3.064 0.176 0.002
3 2 56 1581.968 1581.968 2.676 2.676 0.018 0.001
3 2 57 1547.638 1547.638 2.949 2.949 0.108 0.002
3 2 58 1557.364 1557.364 2.852 2.852 0.065 0.002
3 2 59 1536.638 1536.638 2.776 2.776 0.130 0.002
3 2 60 1468.716 1468.716 2.904 2.904 0.075 0.002
3 2 61 1800.198 1800.198 3.873 3.873 0.328 0.002
3 2 62 1780.683 1780.683 3.619 3.619 0.272 0.002
3 3 1 385.978 385.978 2.905 2.905 0.390 0.002
3 3 2 751.777 751.777 0.620 0.620 -0.008 0.001
3 3 3 582.314 582.314 0.506 0.506 0.180 0.002
3 3 4 638.650 638.650 1.126 1.126 0.038 0.002
3 3 5 12.500 12.500 0.000 0.000 0.000 0.000
4 1 1 1109.664 1109.664 0.873 0.873 0.543 0.000
4 1 2 803.896 803.896 0.649 0.649 -0.013 0.000
4 1 3 864.505 864.505 0.694 0.694 -0.047 0.000
4 1 4 723.629 723.629 0.698 0.698 0.040 0.001
4 1 5 746.446 746.446 1.157 1.157 0.150 0.001
4 1 6 227.051 227.051 8.894 8.894 0.446 0.001
4 1 7 717.853 717.853 0.669 0.669 -0.136 0.001
4 1 8 684.012 684.012 0.616 0.616 -0.020 0.001
4 1 9 676.991 676.991 0.543 0.543 -0.081 0.001
4 1 10 690.788 690.788 0.567 0.567 -0.333 0.001
4 1 11 612.691 612.691 0.648 0.648 -0.059 0.002
4 1 12 687.252 687.252 0.543 0.543 0.073 0.001
4 1 13 740.511 740.511 0.574 0.574 -0.049 0.001
4 1 14 725.517 725.517 0.546 0.546 0.030 0.002
4 1 15 819.977 819.977 0.647 0.647 -0.138 0.002
4 1 16 933.782 933.782 1.042 1.042 -0.619 0.002
4 1 17 652.392 652.392 0.648 0.648 -0.136 0.002
4 1 18 868.665 868.665 0.994 0.994 -0.163 0.001
4 1 19 798.212 798.212 1.235 1.235 -0.301 0.002
4 1 20 812.422 812.422 2.253 2.253 -0.064 0.002
4 1 21 854.076 854.076 1.482 1.482 -0.089 0.002
4 1 22 751.034 751.034 1.277 1.277 -0.143 0.002
4 1 23 712.590 712.590 0.883 0.883 0.245 0.002
4 2 1 1782.515 1782.515 3.720 3.720 0.014 0.000
4 2 2 1565.376 1565.376 1.717 1.717 0.004 0.000
4 2 3 1312.089 1312.089 1.209 1.209 0.010 0.000
4 2 4 1391.521 1391.521 1.316 1.316 0.170 0.000
4 2 5 1416.655 1416.655 1.265 1.265 0.069 0.000
4 2 6 1289.979 1289.979 1.133 1.133 -0.004 0.000
4 2 7 1311.461 1311.461 1.185 1.185 -0.054 0.000
4 2 8 1208.997 1208.997 1.585 1.585 0.047 0.001
4 2 9 1189.599 1189.599 1.409 1.409 0.029 0.000
4 2 10 1207.011 1207.011 1.879 1.879 -0.014 0.000
4 2 11 1185.211 1185.211 1.499 1.499 0.067 0.001
4 2 12 1199.994 1199.994 2.236 2.236 -0.094 0.000
4 2 13 1191.079 1191.079 2.090 2.090 -0.002 0.001
4 2 14 1189.152 1189.152 2.043 2.043 0.146 0.001
4 2 15 1179.912 1179.912 2.139 2.139 0.083 0.001
4 2 16 1188.395 1188.395 2.450 2.450 -0.018 0.001
4 2 17 1154.507 1154.507 1.892 1.892 -0.044 0.001
4 2 18 1182.842 1182.842 2.554 2.554 0.054 0.001
4 2 19 1279.508 1279.508 3.054 3.054 -0.047 0.001
4 2 20 1216.635 1216.635 1.393 1.393 0.071 0.001
4 2 21 1194.690 1194.690 1.289 1.289 0.012 0.001
4 2 22 1193.332 1193.332 1.246 1.246 -0.037 0.001
4 2 23 1257.716 1257.716 1.165 1.165 -0.118 0.001
4 2 24 1258.366 1258.366 1.096 1.096 0.033 0.001
4 2 25 1271.064 1271.064 1.154 1.154 -0.003 0.001
4 2 26 1343.745 1343.745 1.205 1.205 0.062 0.001
4 2 27 1233.702 1233.702 1.191 1.191 0.008 0.001
4 2 28 1318.810 1318.810 1.132 1.132 0.015 0.001
4 2 29 1278.178 1278.178 1.213 1.213 0.047 0.002
4 2 30 1259.478 1259.478 1.171 1.171 0.120 0.002
4 2 31 1311.070 1311.070 1.156 1.156 -0.018 0.002
4 2 32 1298.376 1298.376 1.034 1.034 -0.017 0.001
4 2 33 1328.880 1328.880 1.132 1.132 -0.006 0.002
4 2 34 1257.586 1257.586 1.041 1.041 -0.061 0.001
4 2 35 1282.130 1282.130 1.107 1.107 0.024 0.001
4 2 36 1339.385 1339.385 1.151 1.151 -0.044 0.001
4 2 37 1390.197 1390.197 1.200 1.200 -0.027 0.001
4 2 38 1337.672 1337.672 1.104 1.104 -0.022 0.001
4 2 39 1266.555 1266.555 1.201 1.201 -0.080 0.001
4 2 40 1324.883 1324.883 1.213 1.213 0.029 0.001
4 2 41 1336.849 1336.849 1.267 1.267 -0.047 0.001
4 2 42 1385.393 1385.393 1.352 1.352 0.017 0.001
4 2 43 1370.411 1370.411 1.375 1.375 0.051 0.002
4 2 44 1341.039 1341.039 1.542 1.542 0.008 0.001
4 2 45 1388.389 1388.389 1.684 1.684 0.096 0.001
4 2 46 1362.500 1362.500 1.857 1.857 0.071 0.002
4 2 47 1365.853 1365.853 1.831 1.831 -0.053 0.002
4 2 48 1387.794 1387.794 1.972 1.972 0.009 0.001
4 2 49 1323.046 1323.046 2.211 2.211 0.003 0.002
4 2 50 1425.050 1425.050 2.257 2.257 -0.015 0.002
4 2 51 1547.072 1547.072 2.592 2.592 -0.087 0.001
4 2 52 1449.350 1449.350 2.526 2.526 0.022 0.002
4 2 53 1435.846 1435.846 2.546 2.546 -0.032 0.002
4 2 54 1360.567 1360.567 2.521 2.521 0.056 0.002
4 2 55 1386.142 1386.142 2.786 2.786 -0.245 0.002
4 2 56 1435.777 1435.777 2.701 2.701 -0.069 0.002
4 2 57 1386.046 1386.046 2.818 2.818 -0.018 0.003
4 2 58 1347.732 1347.732 2.795 2.795 -0.054 0.002
4 2 59 1406.145 1406.145 2.989 2.989 -0.025 0.002
4 2 60 1352.165 1352.165 2.849 2.849 -0.052 0.003
4 2 61 1290.545 1290.545 2.464 2.464 -0.112 0.002
4 2 62 1254.873 1254.873 2.189 2.189 -0.007 0.002
4 3 1 520.836 520.836 0.566 0.566 0.028 0.002
4 3 2 705.873 705.873 0.544 0.544 -0.076 0.001
4 3 3 725.904 725.904 0.763 0.763 0.317 0.002
4 3 4 656.884 656.884 0.752 0.752 0.056 0.002
4 3 5 679.716 679.716 1.276 1.276 0.103 0.002
5 1 1 929.615 929.615 0.591 0.591 0.025 0.000
5 1 2 820.221 820.221 0.480 0.480 0.070 0.000
5 1 3 849.152 849.152 0.498 0.498 0.086 0.000
5 1 4 1010.207 1010.207 0.668 0.668 -0.101 0.000
5 1 5 741.549 741.549 0.569 0.569 -0.030 0.001
5 1 6 -1500.518 -1500.518 474.491 474.491 -0.044 0.001
5 1 7 774.954 774.954 0.800 0.800 0.043 0.001
5 1 8 616.699 616.699 0.790 0.790 -0.134 0.001
5 1 9 797.622 797.622 0.719 0.719 -0.008 0.001
5 1 10 371.090 371.090 0.920 0.920 -0.105 0.001
5 1 11 765.887 765.887 0.531 0.531 -0.078 0.001
5 1 12 672.684 672.684 0.576 0.576 -0.219 0.001
5 1 13 799.186 799.186 0.614 0.614 -0.052 0.001
5 1 14 748.875 748.875 0.561 0.561 -0.126 0.002
5 1 15 726.786 726.786 0.576 0.576 -0.081 0.001
5 1 16 804.706 804.706 0.716 0.716 -0.197 0.001
5 1 17 796.881 796.881 0.742 0.742 0.202 0.002
5 1 18 876.065 876.065 0.942 0.942 -0.002 0.001
5 1 19 877.654 877.654 1.081 1.081 0.082 0.001
5 1 20 907.433 907.433 1.344 1.344 0.332 0.002
5 1 21 794.838 794.838 1.072 1.072 -0.014 0.002
5 1 22 935.147 935.147 1.192 1.192 0.042 0.002
5 1 23 726.880 726.880 1.056 1.056 0.236 0.002
5 2 1 1241.620 1241.620 39.748 39.748 0.050 0.000
5 2 2 1940.088 1940.088 2.950 2.950 -0.002 0.000
5 2 3 1801.963 1801.963 3.247 3.247 -0.035 0.000
5 2 4 1648.243 1648.243 2.005 2.005 -0.081 0.000
5 2 5 1523.647 1523.647 1.367 1.367 0.004 0.000
5 2 6 1569.190 1569.190 1.186 1.186 0.051 0.000
5 2 7 1615.001 1615.001 1.133 1.133 -0.005 0.000
5 2 8 1442.711 1442.711 0.916 0.916 0.034 0.000
5 2 9 1460.081 1460.081 0.999 0.999 0.069 0.000
5 2 10 1469.203 1469.203 1.008 1.008 0.052 0.000
5 2 11 1520.362 1520.362 1.056 1.056 -0.014 0.000
5 2 12 1478.791 1478.791 1.077 1.077 0.031 0.000
5 2 13 1474.305 1474.305 1.113 1.113 0.020 0.001
5 2 14 1266.607 1266.607 0.994 0.994 0.049 0.001
5 2 15 1407.812 1407.812 7.991 7.991 0.044 0.001
5 2 16 1599.729 1599.729 1.444 1.444 -0.203 0.001
5 2 17 1459.149 1459.149 1.299 1.299 0.000 0.001
5 2 18 1449.623 1449.623 1.298 1.298 0.086 0.001
5 2 19 1375.481 1375.481 1.306 1.306 -0.070 0.001
5 2 20 1420.542 1420.542 1.284 1.284 0.099 0.001
5 2 21 1394.168 1394.168 1.311 1.311 0.139 0.001
5 2 22 1345.680 1345.680 1.500 1.500 0.069 0.001
5 2 23 1445.885 1445.885 1.914 1.914 -0.069 0.001
5 2 24 1405.829 1405.829 1.348 1.348 -0.001 0.001
5 2 25 1321.096 1321.096 1.231 1.231 -0.009 0.001
5 2 26 1324.574 1324.574 1.237 1.237 -0.052 0.001
5 2 27 1467.350 1467.350 1.326 1.326 -0.021 0.001
5 2 28 1230.865 1230.865 1.122 1.122 -0.016 0.002
5 2 29 1453.839 1453.839 1.387 1.387 0.033 0.002
5 2 30 1501.989 1501.989 1.251 1.251 -0.130 0.001
5 2 31 1259.717 1259.717 1.159 1.159 0.060 0.002
5 2 32 1437.807 1437.807 1.180 1.180 -0.048 0.001
5 2 33 1413.933 1413.933 1.174 1.174 -0.002 0.001
5 2 34 1501.992 1501.992 1.296 1.296 -0.079 0.001
5 2 35 1402.976 1402.976 1.161 1.161 0.031 0.001
5 2 36 1517.935 1517.935 1.247 1.247 0.023 0.001
5 2 37 1466.235 1466.235 1.263 1.263 0.058 0.001
5 2 38 1492.532 1492.532 1.379 1.379 -0.063 0.001
5 2 39 1462.657 1462.657 1.441 1.441 0.032 0.002
5 2 40 1444.320 1444.320 1.404 1.404 -0.037 0.001
5 2 41 1448.364 1448.364 1.437 1.437 -0.085 0.001
5 2 42 1471.426 1471.426 1.506 1.506 -0.022 0.002
5 2 43 1387.500 1387.500 1.035 1.035 -0.175 0.002
5 2 44 1473.287 1473.287 1.630 1.630 0.005 0.001
5 2 45 1540.175 1540.175 1.932 1.932 -0.078 0.002
5 2 46 1387.500 1387.500 1.832 1.832 0.016 0.002
5 2 47 1426.782 1426.782 1.960 1.960 0.065 0.002
5 2 48 1523.871 1523.871 2.305 2.305 0.062 0.001
5 2 49 1596.481 1596.481 2.607 2.607 0.034 0.002
5 2 50 1674.743 1674.743 4.527 4.527 0.216 0.001
5 2 51 1569.365 1569.365 2.511 2.511 -0.102 0.001
5 2 52 1486.450 1486.450 2.334 2.334 0.045 0.001
5 2 53 1546.651 1546.651 2.737 2.737 -0.031 0.002
5 2 54 1506.625 1506.625 2.664 2.664 -0.102 0.002
5 2 55 1513.381 1513.381 2.725 2.725 0.034 0.002
5 2 56 1655.923 1655.923 3.224 3.224 -0.118 0.002
5 2 57 1578.571 1578.571 3.682 3.682 0.073 0.002
5 2 58 1577.279 1577.279 3.519 3.519 0.026 0.002
5 2 59 1499.692 1499.692 3.222 3.222 -0.024 0.003
5 2 60 1516.832 1516.832 3.508 3.508 0.150 0.002
5 2 61 1457.373 1457.373 3.232 3.232 -0.140 0.002
5 2 62 1459.193 1459.193 3.696 3.696 0.116 0.002
5 3 1 621.238 621.238 0.607 0.607 0.176 0.002
5 3 2 551.577 551.577 0.499 0.499 -0.039 0.002
5 3 3 701.247 701.247 0.997 0.997 -0.000 0.002
5 3 4 466.523 466.523 0.640 0.640 0.396 0.002
5 3 5 617.081 617.081 1.396 1.396 0.120 0.002
6 1 1 976.644 976.644 0.583 0.583 -0.311 0.000
6 1 2 872.107 872.107 0.480 0.480 -0.039 0.000
6 1 3 875.491 875.491 0.492 0.492 -0.042 0.000
6 1 4 839.766 839.766 0.523 0.523 0.137 0.001
6 1 5 758.548 758.548 0.489 0.489 0.322 0.001
6 1 6 -571.305 -571.305 90.491 90.491 0.075 0.001
6 1 7 790.369 790.369 0.636 0.636 -0.020 0.001
6 1 8 345.906 345.906 4.919 4.919 -0.102 0.001
6 1 9 210.020 210.020 15.168 15.168 -0.146 0.001
6 1 10 363.825 363.825 1.414 1.414 0.206 0.001
6 1 11 724.284 724.284 0.596 0.596 -0.086 0.001
6 1 12 665.195 665.195 0.475 0.475 0.068 0.001
6 1 13 724.156 724.156 0.501 0.501 0.049 0.001
6 1 14 767.457 767.457 0.527 0.527 0.037 0.001
6 1 15 647.077 647.077 0.479 0.479 -0.160 0.002
6 1 16 633.722 633.722 0.498 0.498 0.146 0.002
6 1 17 673.449 673.449 0.664 0.664 0.201 0.002
6 1 18 705.302 705.302 0.694 0.694 0.291 0.001
6 1 19 894.507 894.507 1.400 1.400 0.239 0.002
6 1 20 774.091 774.091 1.278 1.278 0.409 0.002
6 1 21 12.500 12.500 0.000 0.000 0.000 0.000
6 1 22 901.316 901.316 1.367 1.367 0.194 0.002
6 1 23 726.514 726.514 1.078 1.078 0.148 0.002
6 2 1 530.637 530.637 602.646 602.646 -0.085 0.000
6 2 2 1920.827 1920.827 3.292 3.292 -0.057 0.000
6 2 3 1889.404 1889.404 2.418 2.418 -0.143 0.000
6 2 4 1660.047 1660.047 2.081 2.081 0.079 0.000
6 2 5 1557.648 1557.648 1.315 1.315 0.016 0.000
6 2 6 1509.552 1509.552 1.057 1.057 0.077 0.000
6 2 7 1513.641 1513.641 1.033 1.033 -0.025 0.000
6 2 8 1518.168 1518.168 0.994 0.994 -0.004 0.000
6 2 9 1460.684 1460.684 0.976 0.976 -0.069 0.000
6 2 10 1466.723 1466.723 0.949 0.949 0.026 0.000
6 2 11 1468.364 1468.364 1.035 1.035 -0.020 0.000
6 2 12 1630.314 1630.314 1.251 1.251 -0.077 0.000
6 2 13 1415.130 1415.130 1.102 1.102 0.040 0.001
6 2 14 1384.685 1384.685 1.086 1.086 -0.129 0.001
6 2 15 1437.971 1437.971 1.051 1.051 0.068 0.001
6 2 16 1386.678 1386.678 1.228 1.228 -0.061 0.001
6 2 17 1519.724 1519.724 1.329 1.329 -0.059 0.001
6 2 18 1359.968 1359.968 1.197 1.197 -0.064 0.001
6 2 19 1356.954 1356.954 1.266 1.266 -0.102 0.001
6 2 20 1310.247 1310.247 1.275 1.275 -0.031 0.001
6 2 21 1346.575 1346.575 1.269 1.269 0.097 0.001
6 2 22 1389.201 1389.201 1.714 1.714 -0.069 0.001
6 2 23 1378.392 1378.392 1.315 1.315 0.045 0.001
6 2 24 1285.633 1285.633 1.278 1.278 0.077 0.001
6 2 25 1444.792 1444.792 1.331 1.331 0.016 0.001
6 2 26 1425.224 1425.224 1.282 1.282 0.010 0.001
6 2 27 1284.864 1284.864 1.255 1.255 0.051 0.001
6 2 28 1253.601 1253.601 1.210 1.210 -0.225 0.002
6 2 29 1361.254 1361.254 1.357 1.357 0.164 0.002
6 2 30 1411.825 1411.825 1.216 1.216 -0.131 0.001
6 2 31 1252.499 1252.499 1.116 1.116 -0.100 0.002
6 2 32 1339.282 1339.282 1.068 1.068 -0.010 0.001
6 2 33 1367.355 1367.355 1.218 1.218 0.011 0.001
6 2 34 1444.212 1444.212 1.291 1.291 -0.045 0.001
6 2 35 1363.920 1363.920 1.226 1.226 -0.025 0.001
6 2 36 1390.056 1390.056 1.316 1.316 -0.020 0.001
6 2 37 1409.973 1409.973 1.273 1.273 0.036 0.002
6 2 38 1518.075 1518.075 1.447 1.447 0.092 0.001
6 2 39 1344.013 1344.013 1.288 1.288 0.031 0.001
6 2 40 1481.644 1481.644 1.474 1.474 -0.020 0.001
6 2 41 1457.157 1457.157 1.594 1.594 0.060 0.002
6 2 42 1431.308 1431.308 1.570 1.570 -0.077 0.002
6 2 43 1555.304 1555.304 1.885 1.885 0.142 0.002
6 2 44 1633.705 1633.705 2.309 2.309 -0.169 0.002
6 2 45 1518.059 1518.059 1.986 1.986 0.093 0.002
6 2 46 1402.021 1402.021 1.886 1.886 -0.149 0.002
6 2 47 1467.719 1467.719 2.190 2.190 0.043 0.002
6 2 48 1489.430 1489.430 2.227 2.227 0.051 0.001
6 2 49 1344.978 1344.978 1.846 1.846 -0.021 0.002
6 2 50 1513.453 1513.453 2.542 2.542 0.140 0.002
6 2 51 1583.893 1583.893 2.494 2.494 0.034 0.001
6 2 52 1639.847 1639.847 2.757 2.757 0.072 0.002
6 2 53 1649.326 1649.326 2.721 2.721 0.035 0.001
6 2 54 1655.990 1655.990 2.815 2.815 0.129 0.002
6 2 55 1610.312 1610.312 2.826 2.826 0.202 0.002
6 2 56 1528.646 1528.646 2.898 2.898 0.026 0.002
6 2 57 1646.478 1646.478 3.871 3.871 0.123 0.002
6 2 58 1571.493 1571.493 3.329 3.329 0.153 0.002
6 2 59 1599.815 1599.815 3.242 3.242 0.225 0.002
6 2 60 1544.810 1544.810 3.181 3.181 0.083 0.002
6 2 61 1528.639 1528.639 3.159 3.159 0.169 0.002
6 2 62 1430.127 1430.127 2.883 2.883 0.166 0.002
6 3 1 658.574 658.574 0.702 0.702 -0.042 0.002
6 3 2 549.863 549.863 0.439 0.439 0.016 0.002
6 3 3 499.542 499.542 3.013 3.013 -0.623 0.003
6 3 4 616.494 616.494 0.796 0.796 -0.162 0.002
6 3 5 601.859 601.859 1.066 1.066 0.053 0.002
