1 1 1 -0.641 0.120
1 1 2 -0.980 0.142
1 1 3 0.155 0.125
1 1 4 -0.834 0.141
1 1 5 0.193 0.139
1 1 6 0.146 0.199
1 1 7 0.527 0.169
1 1 8 -0.772 0.152
1 1 9 -0.465 0.219
1 1 10 0.184 0.152
1 1 11 0.645 0.160
1 1 12 0.789 0.140
1 1 13 0.406 0.171
1 1 14 0.295 0.177
1 1 15 -0.485 0.212
1 1 16 -0.437 0.276
1 1 17 -0.708 0.265
1 1 18 -0.658 0.221
1 1 19 -0.658 0.286
1 1 20 1.018 0.258
1 1 21 0.436 0.265
1 1 22 0.168 0.327
1 1 23 0.672 0.398
1 2 1 -0.468 0.070
1 2 2 0.599 0.167
1 2 3 -0.186 0.111
1 2 4 -0.908 0.110
1 2 5 1.006 0.110
1 2 6 -0.535 0.099
1 2 7 0.060 0.092
1 2 8 -0.529 0.082
1 2 9 0.238 0.118
1 2 10 -0.622 0.081
1 2 11 -0.446 0.083
1 2 12 -0.079 0.081
1 2 13 -0.839 0.102
1 2 14 0.596 0.083
1 2 15 -0.975 0.083
1 2 16 0.552 0.104
1 2 17 0.791 0.080
1 2 18 -0.637 0.107
1 2 19 0.484 0.095
1 2 20 -0.238 0.106
1 2 21 0.385 0.107
1 2 22 0.655 0.092
1 2 23 0.738 0.105
1 2 24 -0.941 0.091
1 2 25 0.978 0.088
1 2 26 -0.560 0.090
1 2 27 -0.483 0.088
1 2 28 -0.141 0.100
1 2 29 -0.161 0.103
1 2 30 0.341 0.098
1 2 31 -0.394 0.105
1 2 32 -0.464 0.099
1 2 33 0.042 0.107
1 2 34 -0.271 0.105
1 2 35 -0.207 0.111
1 2 36 -0.855 0.114
1 2 37 -0.144 0.119
1 2 38 0.091 0.113
1 2 39 -0.474 0.133
1 2 40 0.225 0.132
1 2 41 -0.296 0.127
1 2 42 -0.920 0.147
1 2 43 0.668 0.148
1 2 44 0.071 0.167
1 2 45 0.719 0.153
1 2 46 -0.091 0.164
1 2 47 -0.158 0.163
1 2 48 0.971 0.160
1 2 49 -0.324 0.184
1 2 50 -0.185 0.174
1 2 51 0.303 0.186
1 2 52 -0.098 0.190
1 2 53 -0.724 0.212
1 2 54 0.861 0.217
1 2 55 -0.460 0.299
1 2 56 -0.067 0.244
1 2 57 -0.537 0.218
1 2 58 0.062 0.264
1 2 59 0.960 0.188
1 2 60 0.244 0.258
1 2 61 -0.433 0.314
1 2 62 0.624 0.244
1 3 1 -0.228 0.257
1 3 2 0.141 0.391
1 3 3 0.471 0.648
1 3 4 0.655 0.405
1 3 5 -0.905 0.170
2 1 1 0.839 0.104
2 1 2 -0.985 0.139
2 1 3 -0.947 0.136
2 1 4 0.177 0.144
2 1 5 0.776 0.169
2 1 6 0.000 0.100
2 1 7 -0.491 0.132
2 1 8 0.334 0.166
2 1 9 0.351 0.171
2 1 10 0.000 0.100
2 1 11 -0.425 0.137
2 1 12 -0.034 0.246
2 1 13 0.215 0.178
2 1 14 -0.214 0.187
2 1 15 0.042 0.232
2 1 16 0.751 0.223
2 1 17 -0.475 0.213
2 1 18 -0.928 0.240
2 1 19 -0.152 0.604
2 1 20 -0.299 0.221
2 1 21 0.776 0.312
2 1 22 0.302 0.316
2 1 23 -0.393 0.539
2 2 1 0.183 0.064
2 2 2 -0.342 0.288
2 2 3 -0.284 0.100
2 2 4 -0.339 0.111
2 2 5 -0.480 0.113
2 2 6 -0.810 0.110
2 2 7 -0.350 0.092
2 2 8 0.387 0.100
2 2 9 0.671 0.085
2 2 10 -0.699 0.088
2 2 11 -0.348 0.087
2 2 12 0.427 0.081
2 2 13 0.068 0.093
2 2 14 -0.563 0.092
2 2 15 0.320 0.091
2 2 16 -0.933 0.082
2 2 17 -0.214 0.080
2 2 18 -0.065 0.095
2 2 19 -0.232 0.095
2 2 20 -0.487 0.080
2 2 21 0.027 0.094
2 2 22 0.262 0.084
2 2 23 0.595 0.102
2 2 24 -0.894 0.100
2 2 25 -0.775 0.098
2 2 26 0.754 0.085
2 2 27 0.394 0.096
2 2 28 -0.637 0.093
2 2 29 -0.896 0.100
2 2 30 0.937 0.098
2 2 31 0.879 0.115
2 2 32 0.519 0.105
2 2 33 -0.822 0.116
2 2 34 -0.885 0.104
2 2 35 -0.475 0.109
2 2 36 0.034 0.117
2 2 37 -0.991 0.124
2 2 38 -0.903 0.112
2 2 39 -0.523 0.128
2 2 40 -0.916 0.130
2 2 41 0.174 0.124
2 2 42 0.534 0.142
2 2 43 0.419 0.139
2 2 44 0.149 0.133
2 2 45 0.855 0.144
2 2 46 -0.880 0.144
2 2 47 0.242 0.168
2 2 48 -0.450 0.162
2 2 49 -0.074 0.149
2 2 50 -0.200 0.167
2 2 51 -0.518 0.159
2 2 52 0.959 0.174
2 2 53 0.696 0.161
2 2 54 0.580 0.168
2 2 55 0.417 0.217
2 2 56 -0.494 0.174
2 2 57 -0.365 0.122
2 2 58 0.713 0.267
2 2 59 -0.689 0.246
2 2 60 -0.461 0.292
2 2 61 -0.361 0.301
2 2 62 -0.607 0.291
2 3 1 -0.386 0.504
2 3 2 -0.830 0.155
2 3 3 -0.162 0.742
2 3 4 0.612 0.337
2 3 5 -0.372 0.630
3 1 1 0.460 0.114
3 1 2 -0.066 0.124
3 1 3 -0.359 0.136
3 1 4 0.432 0.131
3 1 5 0.613 0.153
3 1 6 0.886 0.153
3 1 7 0.325 0.131
3 1 8 0.233 0.193
3 1 9 -0.633 0.159
3 1 10 0.566 0.166
3 1 11 0.473 0.328
3 1 12 -0.683 0.172
3 1 13 -0.163 0.171
3 1 14 0.177 0.199
3 1 15 0.972 0.266
3 1 16 0.123 0.240
3 1 17 -0.123 0.260
3 1 18 0.059 0.218
3 1 19 -0.908 0.280
3 1 20 -1.001 0.281
3 1 21 -0.976 0.287
3 1 22 0.283 0.289
3 1 23 0.451 0.398
3 2 1 -0.167 0.365
3 2 2 0.656 0.295
3 2 3 -0.475 0.159
3 2 4 -0.649 0.130
3 2 5 0.654 0.127
3 2 6 -0.594 0.124
3 2 7 -0.833 0.104
3 2 8 0.893 0.096
3 2 9 -0.470 0.100
3 2 10 0.747 0.100
3 2 11 -0.726 0.089
3 2 12 -0.067 0.091
3 2 13 -0.584 0.101
3 2 14 -0.454 0.101
3 2 15 0.540 0.084
3 2 16 -0.400 0.096
3 2 17 -0.857 0.089
3 2 18 0.361 0.093
3 2 19 -0.953 0.090
3 2 20 -0.954 0.081
3 2 21 -0.819 0.109
3 2 22 -0.906 0.087
3 2 23 -0.686 0.102
3 2 24 -0.739 0.094
3 2 25 0.476 0.103
3 2 26 -0.490 0.089
3 2 27 -0.647 0.104
3 2 28 0.109 0.103
3 2 29 -0.039 0.108
3 2 30 0.015 0.111
3 2 31 0.922 0.092
3 2 32 0.021 0.103
3 2 33 0.539 0.112
3 2 34 -0.831 0.103
3 2 35 -0.641 0.113
3 2 36 0.178 0.117
3 2 37 0.418 0.115
3 2 38 -0.970 0.116
3 2 39 0.505 0.122
3 2 40 -0.597 0.123
3 2 41 -0.195 0.133
3 2 42 0.697 0.129
3 2 43 0.600 0.137
3 2 44 0.030 0.144
3 2 45 -0.221 0.148
3 2 46 0.018 0.149
3 2 47 -0.051 0.135
3 2 48 -0.583 0.166
3 2 49 -0.168 0.165
3 2 50 -0.006 0.194
3 2 51 0.266 0.186
3 2 52 -0.457 0.150
3 2 53 0.716 0.178
3 2 54 0.549 0.193
3 2 55 0.190 0.165
3 2 56 0.545 0.100
3 2 57 0.832 0.187
3 2 58 0.185 0.184
3 2 59 0.866 0.164
3 2 60 0.820 0.239
3 2 61 0.953 0.285
3 2 62 1.057 0.221
3 3 1 -0.396 0.402
3 3 2 0.825 0.282
3 3 3 -0.796 0.826
3 3 4 0.615 0.592
3 3 5 0.000 0.100
4 1 1 -0.061 0.080
4 1 2 -0.509 0.356
4 1 3 -0.018 0.261
4 1 4 -0.754 0.231
4 1 5 0.876 0.243
4 1 6 0.147 0.370
4 1 7 0.135 0.149
4 1 8 0.400 0.159
4 1 9 -0.391 0.133
4 1 10 -0.632 0.133
4 1 11 -0.476 0.262
4 1 12 0.360 0.174
4 1 13 -0.400 0.209
4 1 14 -0.492 0.226
4 1 15 -0.993 0.215
4 1 16 0.711 0.227
4 1 17 -0.357 0.222
4 1 18 0.606 0.210
4 1 19 0.352 0.251
4 1 20 -0.712 0.275
4 1 21 0.335 0.303
4 1 22 0.194 0.286
4 1 23 0.117 0.292
4 2 1 0.166 0.211
4 2 2 -0.797 0.168
4 2 3 0.522 0.144
4 2 4 -0.144 0.131
4 2 5 -0.708 0.136
4 2 6 -0.514 0.131
4 2 7 0.336 0.122
4 2 8 -0.695 0.128
4 2 9 0.873 0.138
4 2 10 0.319 0.121
4 2 11 0.015 0.145
4 2 12 0.697 0.126
4 2 13 0.738 0.133
4 2 14 -0.005 0.136
4 2 15 -0.749 0.133
4 2 16 0.953 0.146
4 2 17 0.702 0.115
4 2 18 0.750 0.147
4 2 19 0.322 0.138
4 2 20 -0.193 0.136
4 2 21 0.794 0.121
4 2 22 0.852 0.095
4 2 23 -0.549 0.098
4 2 24 0.484 0.099
4 2 25 0.440 0.101
4 2 26 -0.500 0.099
4 2 27 -0.725 0.098
4 2 28 -0.420 0.099
4 2 29 -0.981 0.105
4 2 30 0.361 0.105
4 2 31 -0.008 0.110
4 2 32 -0.396 0.106
4 2 33 -0.196 0.119
4 2 34 0.104 0.112
4 2 35 0.155 0.111
4 2 36 -0.726 0.125
4 2 37 0.272 0.118
4 2 38 0.243 0.123
4 2 39 0.775 0.118
4 2 40 0.960 0.125
4 2 41 -0.963 0.129
4 2 42 0.133 0.137
4 2 43 -0.517 0.145
4 2 44 -0.820 0.139
4 2 45 0.654 0.163
4 2 46 -0.523 0.162
4 2 47 0.119 0.165
4 2 48 -0.660 0.164
4 2 49 0.639 0.175
4 2 50 0.512 0.202
4 2 51 -0.902 0.180
4 2 52 0.656 0.178
4 2 53 -0.254 0.174
4 2 54 -0.725 0.159
4 2 55 0.923 0.227
4 2 56 -0.332 0.228
4 2 57 -0.440 0.194
4 2 58 -0.209 0.227
4 2 59 0.729 0.229
4 2 60 -0.882 0.283
4 2 61 0.216 0.270
4 2 62 -0.089 0.249
4 3 1 0.225 0.723
4 3 2 0.872 0.291
4 3 3 -0.192 0.687
4 3 4 1.018 1.000
4 3 5 -0.435 0.170
5 1 1 0.384 0.108
5 1 2 -0.788 0.131
5 1 3 -0.038 0.125
5 1 4 -0.617 0.136
5 1 5 -0.379 0.158
5 1 6 0.280 0.147
5 1 7 -0.557 0.160
5 1 8 -0.463 0.179
5 1 9 -0.494 0.166
5 1 10 -0.523 0.160
5 1 11 0.319 0.147
5 1 12 0.493 0.193
5 1 13 -0.342 0.173
5 1 14 0.804 0.194
5 1 15 -0.537 0.231
5 1 16 -0.229 0.214
5 1 17 -0.842 0.254
5 1 18 -0.656 0.271
5 1 19 0.974 0.242
5 1 20 0.630 0.276
5 1 21 0.416 0.290
5 1 22 -0.420 0.376
5 1 23 0.916 0.426
5 2 1 -0.057 0.030
5 2 2 -0.192 0.177
5 2 3 -0.859 0.282
5 2 4 0.893 0.149
5 2 5 0.432 0.130
5 2 6 0.842 0.122
5 2 7 -0.912 0.121
5 2 8 -0.749 0.125
5 2 9 -0.083 0.120
5 2 10 -0.366 0.095
5 2 11 -0.602 0.102
5 2 12 -0.057 0.095
5 2 13 -0.636 0.107
5 2 14 0.089 0.090
5 2 15 0.485 0.100
5 2 16 0.645 0.107
5 2 17 -0.585 0.106
5 2 18 -0.815 0.111
5 2 19 -0.404 0.093
5 2 20 -0.915 0.091
5 2 21 -0.194 0.113
5 2 22 -0.720 0.097
5 2 23 0.281 0.097
5 2 24 -0.871 0.104
5 2 25 -0.528 0.099
5 2 26 0.326 0.093
5 2 27 0.401 0.098
5 2 28 0.411 0.104
5 2 29 0.776 0.107
5 2 30 0.944 0.105
5 2 31 1.020 0.116
5 2 32 0.002 0.112
5 2 33 -0.323 0.117
5 2 34 0.325 0.119
5 2 35 -0.428 0.116
5 2 36 0.923 0.125
5 2 37 -0.625 0.131
5 2 38 -0.513 0.129
5 2 39 -0.875 0.147
5 2 40 0.001 0.145
5 2 41 0.025 0.100
5 2 42 -0.969 0.155
5 2 43 0.256 0.184
5 2 44 0.614 0.169
5 2 45 0.127 0.201
5 2 46 0.794 0.218
5 2 47 0.269 0.167
5 2 48 0.003 0.247
5 2 49 0.345 0.125
5 2 50 0.115 0.135
5 2 51 -0.385 0.209
5 2 52 0.011 0.233
5 2 53 0.075 0.268
5 2 54 -0.666 0.212
5 2 55 0.470 0.378
5 2 56 0.370 0.108
5 2 57 0.695 0.581
5 2 58 -0.755 0.334
5 2 59 0.411 0.082
5 2 60 0.312 0.303
5 2 61 0.347 0.340
5 2 62 -0.940 0.085
5 3 1 -1.496 0.624
5 3 2 0.490 0.298
5 3 3 0.445 0.675
5 3 4 0.244 0.338
5 3 5 -0.375 0.170
6 1 1 -0.757 0.100
6 1 2 0.886 0.117
6 1 3 -0.071 0.120
6 1 4 -0.531 0.124
6 1 5 -0.143 0.124
6 1 6 0.825 0.162
6 1 7 -0.659 0.151
6 1 8 -0.575 0.147
6 1 9 0.747 0.169
6 1 10 0.629 0.164
6 1 11 0.417 0.136
6 1 12 -0.282 0.171
6 1 13 0.891 0.162
6 1 14 -0.455 0.184
6 1 15 -0.386 0.226
6 1 16 -0.436 0.242
6 1 17 0.681 0.233
6 1 18 -0.842 0.228
6 1 19 -0.731 0.267
6 1 20 0.136 0.338
6 1 21 0.000 0.100
6 1 22 0.449 0.322
6 1 23 -0.915 0.494
6 2 1 -0.150 0.351
6 2 2 -1.007 0.127
6 2 3 0.761 0.305
6 2 4 -0.245 0.099
6 2 5 0.017 0.116
6 2 6 0.258 0.127
6 2 7 0.755 0.094
6 2 8 0.197 0.110
6 2 9 0.091 0.107
6 2 10 0.869 0.086
6 2 11 0.560 0.097
6 2 12 -0.325 0.082
6 2 13 -0.484 0.088
6 2 14 -0.511 0.087
6 2 15 -0.081 0.088
6 2 16 -0.479 0.098
6 2 17 1.011 0.102
6 2 18 0.863 0.102
6 2 19 0.247 0.102
6 2 20 0.356 0.092
6 2 21 0.414 0.094
6 2 22 -0.648 0.083
6 2 23 -0.057 0.095
6 2 24 -0.559 0.095
6 2 25 1.026 0.097
6 2 26 -0.009 0.089
6 2 27 0.365 0.087
6 2 28 -0.038 0.106
6 2 29 -0.625 0.103
6 2 30 0.695 0.097
6 2 31 0.000 0.107
6 2 32 0.270 0.105
6 2 33 1.003 0.109
6 2 34 0.243 0.110
6 2 35 0.334 0.125
6 2 36 -0.166 0.124
6 2 37 0.815 0.131
6 2 38 0.374 0.127
6 2 39 0.044 0.129
6 2 40 -0.885 0.141
6 2 41 -0.297 0.145
6 2 42 0.483 0.151
6 2 43 -0.470 0.171
6 2 44 -0.478 0.233
6 2 45 0.103 0.199
6 2 46 0.585 0.108
6 2 47 -0.877 0.189
6 2 48 0.337 0.202
6 2 49 -0.520 0.250
6 2 50 -0.902 0.227
6 2 51 -0.614 0.243
6 2 52 -0.500 0.358
6 2 53 0.968 0.224
6 2 54 -0.277 0.325
6 2 55 0.556 0.207
6 2 56 -0.643 0.264
6 2 57 -0.579 0.340
6 2 58 -0.843 0.086
6 2 59 -0.209 0.363
6 2 60 0.110 0.325
6 2 61 -0.004 0.322
6 2 62 0.008 0.243
6 3 1 -0.435 0.405
6 3 2 -0.648 0.276
6 3 3 0.867 0.172
6 3 4 -1.194 0.165
6 3 5 -0.785 0.454
