-48.708571428571425 -1.53 1.0147619047619045 0.30000000000000004
-46.679047619047616 -1.98 1.0147619047619045 0.27
-44.64952380952381 -1.362 1.0147619047619045 0.9722221968253965
-42.62 -0.6420000000000001 1.0147619047619045 1.0954889319386116
-40.59047619047618 -0.19285714285714306 1.014761904761908 1.3407643266405311
-38.56095238095237 -1.2833333333333334 1.0147619047619045 0.5141551862575691
-36.53142857142856 -1.135714285714286 1.0147619047619045 0.764252335719729
-34.501904761904754 -1.4003999999999999 1.0147619047619045 0.558401146130629
-32.472380952380945 -1.5853846153846156 1.0147619047619045 0.3870324054135993
-30.442857142857136 -1.400232558139535 1.0147619047619045 0.4928959905949923
-28.413333333333327 -1.3819565217391305 1.0147619047619045 0.45689937796839
-26.383809523809518 -1.322 1.0147619047619045 0.3730093832599925
-24.35428571428571 -1.2641463414634149 1.0147619047619045 0.39880905394813354
-22.3247619047619 -1.2407692307692308 1.0147619047619045 0.3216893278749531
-20.29523809523809 -1.16244094488189 1.0147619047619045 0.3229775754275031
-18.26571428571428 -1.1492481203007519 1.0147619047619045 0.23716884014783274
-16.23619047619047 -1.0972602739726025 1.014761904761908 0.37114321820806956
-14.206666666666656 -1.067007874015748 1.0147619047619045 0.2112143925565662
-12.177142857142847 -1.002 1.0147619047619045 0.4157664179388642
-10.147619047619038 -0.9570967741935483 1.0147619047619045 0.24156203435392545
-8.11809523809523 -0.9189230769230768 1.0147619047619045 0.30907366847465134
-6.08857142857142 -0.8586585365853662 1.0147619047619045 0.3024463757957842
-4.059047619047611 -0.8169767441860467 1.0147619047619045 0.23972401654888462
-2.029523809523802 -0.831645569620253 1.0147619047619045 0.32249003666190135
7.105427357601002E-15 -0.7295209580838324 1.0147619047619045 0.32538840610909875
2.029523809523816 -0.6642857142857144 1.0147619047619045 0.263116331841322
4.059047619047625 -0.7125000000000001 1.0147619047619045 0.20322093888179926
6.088571428571434 -0.6241818181818183 1.0147619047619045 0.22578099532786117
8.118095238095243 -0.5780898876404496 1.0147619047619045 0.24961487821408015
10.147619047619052 -0.5620958083832336 1.0147619047619045 0.17254638302151568
12.177142857142861 -0.4967441860465116 1.0147619047619045 0.16159410722379006
14.20666666666667 -0.45249999999999996 1.0147619047619045 0.28054634198292444
16.23619047619048 -0.44220000000000004 1.0147619047619045 0.15039667549517172
18.26571428571429 -0.39754098360655743 1.0147619047619045 0.14563209583308695
20.295238095238098 -0.3510000000000001 1.0147619047619045 0.1816425060386472
22.324761904761907 -0.3040000000000001 1.0147619047619045 0.16829735589129138
24.354285714285716 -0.2670000000000001 1.0147619047619045 0.1562401996926527
26.383809523809525 -0.21397959183673487 1.0147619047619045 0.198264098224392
28.413333333333334 -0.16237113402061865 1.0147619047619045 0.17401133507264852
30.442857142857143 -0.13914893617021287 1.0147619047619045 0.22653100663475054
32.47238095238096 -0.13212765957446818 1.0147619047619116 0.27749591655199735
34.501904761904775 -0.04250000000000005 1.0147619047619045 0.21572345060947162
36.531428571428584 -8.450704225352433E-4 1.0147619047619045 0.22861029315774717
38.56095238095239 0.02584905660377352 1.0147619047619045 0.3125394101172978
40.5904761904762 0.04984962406015029 1.0147619047619045 0.23391401595620756
42.62000000000001 0.09037735849056593 1.0147619047619045 0.2794466382662447
44.64952380952382 0.1351063829787233 1.0147619047619045 0.22246082457344232
46.67904761904763 0.17347826086956505 1.0147619047619045 0.21823419202977443
48.70857142857144 0.21292682926829257 1.0147619047619045 0.3065006577197337
50.73809523809525 0.24630252100840322 1.0147619047619045 0.3237383151811561
52.76761904761906 0.2611764705882352 1.0147619047619045 0.4685695673497872
54.797142857142866 0.34553571428571417 1.0147619047619045 0.27245851350551087
56.826666666666675 0.37019417475728145 1.0147619047619045 0.3059855335831794
58.856190476190484 0.43956521739130416 1.0147619047619045 0.31397145066653487
60.88571428571429 0.4549411764705882 1.0147619047619045 0.25023106277016544
62.9152380952381 0.5013513513513512 1.0147619047619045 0.34882166249805013
