-129.49615384615382 -1.5754054054054054 1.0038461538461547 0.16878892295207681
-127.48846153846151 -1.6084615384615388 1.0038461538461547 0.089257290488371
-125.4807692307692 -1.571818181818182 1.0038461538461547 0.1148768654467732
-123.47307692307689 -1.4887500000000002 1.0038461538461476 0.18701186459687527
-121.4653846153846 -1.4425 1.0038461538461547 0.18572493101358253
-119.45769230769228 -1.48 1.0038461538461547 0.12401612798341995
-117.44999999999997 -1.4856521739130435 1.0038461538461547 0.12285821049721686
-115.44230769230766 -1.400625 1.0038461538461547 0.1455149798989781
-113.43461538461537 -1.41 1.0038461538461476 0.12433351732100142
-111.42692307692306 -1.3572727272727272 1.0038461538461547 0.13437335430474093
-109.41923076923075 -1.2770270270270272 1.0038461538461547 0.10907138413492047
-107.41153846153844 -1.3074193548387096 1.0038461538461547 0.16708058210250762
-105.40384615384613 -1.2334285714285715 1.0038461538461547 0.14622766705464768
-103.39615384615382 -1.2083333333333333 1.0038461538461547 0.13575918221452118
-101.38846153846151 -1.207241379310345 1.0038461538461547 0.12547555200046598
-99.3807692307692 -1.1657142857142857 1.0038461538461547 0.1209908075442266
-97.3730769230769 -1.1793750000000003 1.0038461538461547 0.2179440510199808
-95.36538461538458 -1.0990909090909091 1.0038461538461476 0.12873189514042852
-93.35769230769229 -1.060344827586207 1.0038461538461547 0.10219935753292528
-91.34999999999998 -0.9987804878048779 1.0038461538461547 0.10729933334530749
-89.34230769230768 -1.0060975609756098 1.0038461538461476 0.14935435108885553
-87.33461538461538 -0.9968181818181818 1.0038461538461547 0.14141770377908403
-85.32692307692307 -0.9392307692307693 1.0038461538461547 0.12269170484539621
-83.31923076923076 -0.8951162790697675 1.0038461538461547 0.18895516993885028
-81.31153846153845 -0.8631428571428572 1.0038461538461547 0.10517390845836312
-79.30384615384614 -0.8222727272727273 1.0038461538461547 0.14673512990115017
-77.29615384615383 -0.7969565217391306 1.0038461538461547 0.11391968118729409
-75.28846153846152 -0.7551063829787236 1.0038461538461547 0.12550955444558756
-73.28076923076921 -0.744375 1.0038461538461547 0.09646688227054917
-71.2730769230769 -0.7445454545454546 1.0038461538461547 0.12324134757485453
-69.26538461538459 -0.6635593220338984 1.0038461538461476 0.1598066916129801
-67.2576923076923 -0.6586363636363638 1.0038461538461547 0.09948939891198345
-65.24999999999999 -0.6326086956521739 1.0038461538461547 0.12938709670577997
-63.242307692307676 -0.5658139534883723 1.0038461538461547 0.19426944316975384
-61.23461538461537 -0.546923076923077 1.0038461538461547 0.12790529040508636
-59.226923076923065 -0.5416666666666667 1.0038461538461476 0.11873172373979177
-57.21923076923076 -0.4875 1.0038461538461547 0.11266654339243748
-55.21153846153845 -0.479268292682927 1.0038461538461547 0.1229790829706604
-53.20384615384614 -0.4880487804878049 1.0038461538461547 0.16432002553309114
-51.196153846153834 -0.4161818181818183 1.0038461538461547 0.09556513074796694
-49.188461538461524 -0.34469387755102054 1.0038461538461547 0.22137881506240376
-47.18076923076922 -0.31821428571428584 1.0038461538461476 0.19848629984079452
-45.17307692307692 -0.29557377049180344 1.0038461538461547 0.08017449392386161
-43.16538461538461 -0.28125000000000017 1.0038461538461547 0.14460614613494127
-41.1576923076923 -0.2271428571428573 1.0038461538461547 0.2702379903503048
-39.14999999999999 -0.19327868852459035 1.0038461538461547 0.0842463466440546
-37.14230769230768 -0.2328000000000002 1.0038461538461547 0.10032028708092898
-35.13461538461538 -0.15342857142857155 1.0038461538461476 0.15208912532070246
-33.12692307692308 -0.10607142857142866 1.0038461538461547 0.08522404446576128
-31.119230769230768 -0.04666666666666676 1.0038461538461547 0.13972194610089794
-29.11153846153846 -0.06056603773584911 1.0038461538461547 0.23675809718447577
-27.10384615384615 -0.021923076923076955 1.0038461538461547 0.12674988183181354
-25.09615384615384 0.027818181818181787 1.0038461538461547 0.13917537542240344
-23.08846153846153 0.053 1.0038461538461547 0.09105492847726583
-21.080769230769228 0.07038461538461534 1.0038461538461476 0.12212795210921423
-19.073076923076925 0.08815384615384611 1.0038461538461547 0.10523076923076918
-17.065384615384616 0.18249999999999988 1.0038461538461547 0.3700591168989084
-15.057692307692307 0.17399999999999988 1.0038461538461547 0.14058449416631974
-13.049999999999997 0.21566037735849042 1.0038461538461547 0.18475388457082179
-11.042307692307688 0.24396226415094321 1.0038461538461547 0.09505389975705655
-9.034615384615385 0.2558181818181816 1.0038461538461476 0.1253169205594855
-7.026923076923083 0.29249999999999987 1.0038461538461547 0.125871958751741
-5.019230769230774 0.33339622641509425 1.0038461538461547 0.1986268274668194
-3.011538461538464 0.37173913043478246 1.0038461538461547 0.10532154385140712
-1.0038461538461547 0.3973170731707315 1.0038461538461547 0.12014268732745637
1.0038461538461547 0.41790697674418603 1.0038461538461547 0.1138043637438345
3.011538461538464 0.40645161290322573 1.0038461538461547 0.24577787489463146
5.019230769230774 0.49981132075471696 1.0038461538461547 0.12538981581283368
7.026923076923083 0.551860465116279 1.0038461538461547 0.09984303527440914
9.034615384615392 0.5428301886792453 1.0038461538461547 0.09365487341862529
11.042307692307688 0.5533333333333331 1.0038461538461405 0.1718203195847982
13.049999999999983 0.6007692307692306 1.0038461538461547 0.13164413209403936
15.057692307692292 0.6351724137931034 1.0038461538461547 0.09206896551724132
17.065384615384602 0.6799999999999997 1.0038461538461547 0.1445683229480096
19.07307692307691 0.688333333333333 1.0038461538461547 0.11089284116759847
21.08076923076922 0.7134146341463413 1.0038461538461547 0.14629755438826758
23.08846153846153 0.7499999999999999 1.0038461538461547 0.09874208829065755
25.09615384615384 0.7799999999999998 1.0038461538461547 0.1204678380315676
27.10384615384615 0.8138297872340422 1.0038461538461547 0.10531721468243155
29.11153846153846 0.8517391304347824 1.0038461538461547 0.11794074318738074
31.119230769230768 0.897142857142857 1.0038461538461547 0.11652274893945891
33.12692307692308 0.9017647058823528 1.0038461538461547 0.1031409825614291
35.13461538461539 0.8846666666666666 1.0038461538461547 0.3080663709152443
37.14230769230768 0.9772340425531914 1.0038461538461405 0.11065957242265195
39.14999999999998 0.9924999999999997 1.0038461538461547 0.12666392540893404
41.15769230769229 1.0513636363636365 1.0038461538461547 0.1307598581211672
43.165384615384596 1.113333333333333 1.0038461538461547 0.3152600337640166
45.173076923076906 1.1383333333333332 1.0038461538461547 0.12921773184134694
47.180769230769215 1.1576470588235293 1.0038461538461547 0.11156793824522648
49.188461538461524 1.1342857142857141 1.0038461538461547 0.18794810399660425
51.196153846153834 1.2054545454545453 1.0038461538461547 0.15367401367615427
53.20384615384614 1.218 1.0038461538461547 0.10888526071052962
55.21153846153845 1.2269999999999999 1.0038461538461547 0.28012675702260215
57.21923076923076 1.2835135135135134 1.0038461538461547 0.09230432089140131
59.22692307692307 1.3419999999999999 1.0038461538461547 0.14176036117335472
61.23461538461537 1.35 1.0038461538461405 0.17309329947337831
63.24230769230766 1.4024999999999999 1.0038461538461547 0.12437342963832741
65.24999999999997 1.4265 1.0038461538461547 0.11303871018372418
67.25769230769228 1.4507142857142856 1.0038461538461547 0.1434754476613774
69.26538461538459 1.4888571428571427 1.0038461538461547 0.07825859801494853
71.2730769230769 1.45 1.0038461538461547 0.15459624833740304
73.28076923076921 1.5642857142857143 1.0038461538461547 0.1104351319433582
75.28846153846152 1.5644999999999998 1.0038461538461547 0.226052538141026
77.29615384615383 1.4948275862068963 1.0038461538461547 0.7091452878211919
79.30384615384614 1.566521739130435 1.0038461538461547 0.14669129655140395
81.31153846153845 1.629 1.0038461538461547 0.1509271347372632
83.31923076923076 1.7185714285714284 1.0038461538461547 0.1275963021663661
85.32692307692307 1.7777419354838708 1.0038461538461547 0.10530170716440333
87.33461538461536 1.7099999999999995 1.0038461538461405 0.33339166156339295
89.34230769230766 1.8299999999999998 1.0038461538461547 0.1849324200890692
91.34999999999997 1.8690000000000002 1.0038461538461547 0.15329383549249453
93.35769230769228 1.8539999999999996 1.0038461538461547 0.11128342194594837
95.36538461538458 1.942 1.0038461538461547 0.1562561998769969
97.3730769230769 1.9949999999999999 1.0038461538461547 0.12757350822173072
99.3807692307692 1.9837499999999997 1.0038461538461547 0.13742611651356523
101.38846153846151 2.03 1.0038461538461547 0.14142135623730953
103.39615384615382 2.0653846153846156 1.0038461538461547 0.14014362877559056
105.40384615384613 2.025 1.0038461538461547 0.20068632240389467
107.41153846153844 2.2699999999999996 1.0038461538461547 0.07483314773547874
109.41923076923075 2.2379999999999995 1.0038461538461547 0.11634431657799178
111.42692307692306 1.9799999999999998 1.0038461538461547 0.2699999999999998
