-100.96039603960395 -1.0050000000000001 1.009603960396042 0.7328540100183665
-98.94118811881187 -0.8300000000000001 1.009603960396035 0.9050966799187808
-96.92198019801978 -0.7671428571428571 1.009603960396042 1.2867424460430996
-94.90277227722771 -1.63 1.009603960396042 0.295296461204668
-92.88356435643563 -1.4930769230769234 1.009603960396035 0.6139329030663331
-90.86435643564354 -1.5825000000000002 1.009603960396042 0.17605041891458256
-88.84514851485147 -1.2675000000000003 1.009603960396035 0.7384739331892494
-86.8259405940594 -1.3900000000000001 1.009603960396042 0.5122499389946279
-84.80673267326732 -1.5107142857142857 1.009603960396035 0.532339369276435
-82.78752475247524 -1.2881818181818183 1.009603960396042 0.8139445835706304
-80.76831683168317 -1.4366666666666668 1.009603960396042 0.39101008796307146
-78.74910891089108 -1.4915094339622643 1.009603960396035 0.2236185787874632
-76.729900990099 -1.4393333333333334 1.009603960396042 0.24645396234500988
-74.71069306930693 -1.4210204081632651 1.009603960396042 0.15928725044690628
-72.69148514851484 -1.3490163934426234 1.009603960396035 0.35761369815529187
-70.67227722772276 -1.253793103448276 1.009603960396042 0.44132179043307873
-68.65306930693069 -1.2900000000000003 1.009603960396042 0.2606840317003741
-66.6338613861386 -1.215 1.009603960396035 0.4695742752749558
-64.61465346534652 -1.1745454545454546 1.009603960396042 0.4591269112796123
-62.59544554455445 -1.115142857142857 1.0096039603960385 0.49857724106312995
-60.57623762376237 -1.15875 1.0096039603960385 0.25760616743393394
-58.55702970297029 -1.063220338983051 1.009603960396042 0.28913922913298
-56.53782178217821 -1.144 1.0096039603960385 0.12314219423089717
-54.51861386138613 -0.9368571428571426 1.0096039603960385 0.5388122993005552
-52.49940594059406 -1.001842105263158 1.0096039603960385 0.4036697142803096
-50.480198019801975 -1.0518181818181818 1.0096039603960385 0.39413468352877873
-48.4609900990099 -0.9353731343283581 1.009603960396042 0.1949690243917365
-46.44178217821782 -0.946271186440678 1.0096039603960385 0.16564100762512565
-44.42257425742574 -0.9221739130434783 1.0096039603960385 0.22348925704633515
-42.40336633663366 -0.848780487804878 1.009603960396042 0.3246513711506636
-40.38415841584158 -0.7864556962025315 1.0096039603960385 0.36607752507670754
-38.3649504950495 -0.7610869565217392 1.0096039603960385 0.25805904498667137
-36.34574257425742 -0.7383870967741937 1.009603960396042 0.2527665858658556
-34.326534653465345 -0.7211320754716981 1.009603960396035 0.18652897369515511
-32.30732673267327 -0.6842465753424659 1.009603960396042 0.18045541936634285
-30.28811881188119 -0.6746511627906978 1.009603960396035 0.12451485084134849
-28.268910891089114 -0.6376923076923079 1.009603960396042 0.1421891398078276
-26.24970297029703 -0.6144943820224721 1.009603960396042 0.1946879452761625
-24.230495049504952 -0.5901923076923079 1.009603960396035 0.1373791830694462
-22.211287128712875 -0.5275862068965518 1.009603960396042 0.2036249963047148
-20.19207920792079 -0.5173584905660377 1.009603960396042 0.15565626066597535
-18.172871287128714 -0.4680582524271845 1.009603960396035 0.17494552967774724
-16.153663366336637 -0.45417391304347837 1.009603960396042 0.34305528166170596
-14.134455445544553 -0.42818181818181833 1.009603960396042 0.1084618225098064
-12.115247524752476 -0.38315789473684225 1.009603960396035 0.18326146496996107
-10.0960396039604 -0.367948717948718 1.009603960396042 0.12193271551860455
-8.076831683168322 -0.3348175182481753 1.009603960396035 0.1405832594294111
-6.057623762376245 -0.27305084745762737 1.009603960396042 0.2832454420911014
-4.038415841584161 -0.28421052631578964 1.009603960396042 0.1448707514512118
-2.019207920792084 -0.23465116279069784 1.009603960396035 0.16258591771178343
-7.105427357601002E-15 -0.20714285714285732 1.009603960396042 0.22663465160059362
2.01920792079207 -0.20016393442622968 1.009603960396035 0.21679099100571872
4.038415841584147 -0.15578313253012066 1.009603960396042 0.14773894659836484
6.057623762376231 -0.12744000000000014 1.009603960396042 0.10670260727836042
8.076831683168308 -0.11343750000000011 1.009603960396035 0.14075931085988597
10.096039603960385 -0.07014388489208641 1.009603960396042 0.11411205909521917
12.11524752475247 -0.03639344262295089 1.009603960396042 0.16055776537612432
14.134455445544546 0.018108108108108065 1.009603960396035 0.13472369798637301
16.153663366336623 0.03048780487804874 1.009603960396042 0.1873297759920462
18.172871287128707 0.052051282051282004 1.009603960396042 0.12393504268788812
20.192079207920784 0.05236363636363631 1.009603960396035 0.26001023501787307
22.21128712871286 0.10173913043478254 1.009603960396042 0.23448652828482475
24.23049504950494 0.123644859813084 1.009603960396035 0.31065319342592956
26.249702970297015 0.17517857142857127 1.009603960396042 0.23968350464301702
28.268910891089092 0.20474999999999985 1.009603960396035 0.1297976791009762
30.288118811881176 0.26172413793103433 1.0096039603960492 0.24328313242148245
32.30732673267326 0.31090909090909075 1.009603960396035 0.28193985643152353
34.32653465346533 0.25159090909090903 1.009603960396035 0.21373776607007963
36.345742574257415 0.3112048192771083 1.0096039603960492 0.1569390764332272
38.3649504950495 0.37239130434782597 1.009603960396035 0.26161442573083116
40.38415841584157 0.39702127659574454 1.009603960396035 0.21435122196016773
42.40336633663364 0.39627906976744165 1.009603960396035 0.22338332114680481
44.42257425742572 0.47642857142857137 1.0096039603960492 0.28465786839786517
46.44178217821781 0.509047619047619 1.009603960396035 0.2194778383845396
48.46099009900988 0.4919999999999999 1.009603960396035 0.3448419928025008
50.48019801980196 0.48794117647058804 1.0096039603960492 0.23121519657675543
52.499405940594045 0.5699999999999998 1.009603960396035 0.21466252583997975
54.518613861386115 0.6532499999999997 1.009603960396035 0.1542868675552135
56.5378217821782 0.608313253012048 1.0096039603960492 0.3298952709942318
58.55702970297028 0.6315189873417719 1.009603960396035 0.26283309719526005
60.57623762376235 0.7104878048780486 1.009603960396035 0.2909693741281843
62.59544554455444 0.7059999999999998 1.0096039603960492 0.29120439557122074
64.61465346534652 0.7253846153846152 1.009603960396035 0.2930637994235119
66.63386138613859 0.8099999999999998 1.009603960396035 0.4141905915805502
68.65306930693067 0.8349230769230768 1.0096039603960492 0.15101831857221393
70.67227722772276 0.7777499999999999 1.009603960396035 0.4259518018508667
72.69148514851483 0.8099999999999998 1.009603960396035 0.6554720713833934
74.71069306930691 0.9399999999999998 1.0096039603960492 0.2896549671592048
76.729900990099 0.8513793103448275 1.009603960396035 0.5017742598497856
78.74910891089107 0.921428571428571 1.009603960396035 0.5172296691144512
80.76831683168314 1.0216363636363635 1.009603960396035 0.22474845442982486
82.78752475247522 1.0328571428571427 1.0096039603960492 0.44319342071297185
84.8067326732673 1.0707692307692307 1.009603960396035 0.25288980690781077
86.82594059405938 1.1475000000000002 1.009603960396035 0.22891241306915378
88.84514851485146 1.179565217391304 1.0096039603960492 0.15275664821139157
90.86435643564354 1.1623636363636363 1.009603960396035 0.2783977771356115
92.88356435643561 1.1711111111111112 1.009603960396035 0.45438467414599865
94.9027722772277 1.2183333333333328 1.0096039603960492 0.28064904932831836
96.92198019801978 1.2899999999999998 1.009603960396035 0.42460334431089913
98.94118811881185 1.362631578947368 1.009603960396035 0.2851563210308036
100.96039603960394 1.359230769230769 1.0096039603960492 0.3285038704481399
