-56.40084210526316 -0.7481818181818184 1.0071578947368423 0.13333608812581163
-54.386526315789474 -0.7470731707317074 1.0071578947368423 0.09823426212783458
-52.37221052631579 -0.7055555555555557 1.0071578947368423 0.08499818443957902
-50.357894736842105 -0.6624324324324325 1.0071578947368423 0.13055816567267253
-48.34357894736842 -0.661578947368421 1.0071578947368423 0.08677030524653112
-46.32926315789474 -0.6104081632653062 1.0071578947368423 0.09021423897009244
-44.31494736842105 -0.5685365853658537 1.0071578947368423 0.09691738940369826
-42.30063157894737 -0.542 1.0071578947368423 0.076524505878836
-40.28631578947368 -0.4752631578947369 1.0071578947368423 0.11151438052427097
-38.272 -0.4750909090909092 1.0071578947368423 0.11706832080258595
-36.257684210526314 -0.40276595744680865 1.0071578947368423 0.12248668408147381
-34.24336842105264 -0.40909090909090917 1.0071578947368387 0.09204292925828832
-32.22905263157895 -0.37851063829787257 1.0071578947368423 0.06623551542675488
-30.214736842105268 -0.3335294117647061 1.0071578947368423 0.10454051713657905
-28.200421052631583 -0.3109523809523812 1.0071578947368423 0.07769934496903289
-26.1861052631579 -0.28888888888888914 1.0071578947368423 0.06513992536488823
-24.171789473684214 -0.24363636363636387 1.0071578947368423 0.07825049837456483
-22.15747368421053 -0.2025000000000002 1.0071578947368423 0.0927698765763974
-20.143157894736845 -0.1927118644067798 1.0071578947368423 0.0834394230376923
-18.12884210526316 -0.16815789473684226 1.0071578947368423 0.08144598672410207
-16.114526315789476 -0.13779661016949166 1.0071578947368423 0.07392318038801192
-14.100210526315792 -0.09105263157894745 1.0071578947368423 0.06789269682777732
-12.085894736842107 -0.05117647058823537 1.0071578947368423 0.08717004024867156
-10.071578947368426 -0.03882352941176474 1.0071578947368387 0.06999011299430101
-8.057263157894745 -0.016875000000000022 1.0071578947368423 0.09690322169566916
-6.042947368421061 0.026883116883116887 1.0071578947368423 0.08750895672540132
-4.028631578947376 0.03692307692307692 1.0071578947368423 0.07594376617802
-2.0143157894736916 0.07563380281690142 1.0071578947368423 0.0827133586698061
-7.105427357601002E-15 0.10180327868852455 1.0071578947368423 0.06769042833082715
2.0143157894736774 0.11415584415584412 1.0071578947368423 0.06990439945560244
4.028631578947362 0.15428571428571417 1.0071578947368423 0.10587825122107296
6.042947368421046 0.17035714285714273 1.0071578947368423 0.0771354163078127
8.057263157894731 0.2179518072289155 1.0071578947368423 0.0755343859483172
10.071578947368415 0.23363636363636345 1.0071578947368423 0.12039878640831489
12.0858947368421 0.2588135593220337 1.0071578947368423 0.07367092993738916
14.100210526315784 0.30740259740259723 1.0071578947368423 0.07492684912984282
16.11452631578947 0.3320689655172413 1.0071578947368423 0.07716437047850286
18.128842105263153 0.3587999999999999 1.0071578947368423 0.07860381670122647
20.143157894736838 0.37983050847457617 1.0071578947368423 0.07977705216591949
22.157473684210522 0.40666666666666657 1.0071578947368423 0.08673074554171793
24.171789473684207 0.44657142857142856 1.0071578947368423 0.07375414204902503
26.18610526315789 0.4514634146341463 1.0071578947368423 0.06557665317777978
28.200421052631576 0.5143636363636362 1.0071578947368423 0.08239072402254195
30.21473684210526 0.5339999999999999 1.0071578947368423 0.07199999999999991
32.229052631578945 0.545142857142857 1.0071578947368423 0.11717804349600229
34.24336842105263 0.5778688524590163 1.0071578947368423 0.08518282660174797
36.257684210526314 0.6190909090909089 1.0071578947368423 0.06598271749681468
38.27199999999999 0.6352941176470586 1.0071578947368351 0.11492287168351714
40.28631578947367 0.6665217391304346 1.0071578947368423 0.10277069010569846
42.30063157894735 0.7016417910447759 1.0071578947368423 0.10009841448228231
44.31494736842104 0.7365306122448977 1.0071578947368423 0.08679205786123767
46.32926315789472 0.7770967741935483 1.0071578947368423 0.08394289719561854
48.34357894736841 0.7991803278688523 1.0071578947368423 0.10891860522347381
50.35789473684209 0.8431578947368419 1.0071578947368423 0.13324108073551438
52.372210526315776 0.8758823529411766 1.0071578947368423 0.10970864213529193
54.38652631578946 0.8981632653061224 1.0071578947368423 0.2994121687804749
56.400842105263145 0.9446341463414631 1.0071578947368423 0.16539822691967926
