-91.45499999999998 -1.137 1.0050000000000026 0.35469846348694545
-89.445 -1.300909090909091 1.0049999999999955 0.25688534922145345
-87.435 -1.131176470588235 1.0050000000000026 0.496029913150895
-85.42499999999998 -1.26 1.0050000000000026 0.5276620819494923
-83.41499999999999 -0.8918181818181821 1.0049999999999955 0.7579855861164714
-81.405 -1.1227659574468085 1.0050000000000026 0.45170929329560533
-79.395 -1.1033333333333333 1.0049999999999955 0.6916903610399349
-77.38499999999999 -1.1099999999999999 1.0050000000000026 0.6500573401281963
-75.375 -1.2248275862068967 1.0049999999999955 0.2146869523628841
-73.36500000000001 -1.1474999999999997 1.0050000000000026 0.26629903974935504
-71.35499999999999 -0.9909523809523808 1.0050000000000026 0.5986166971555159
-69.345 -1.0482857142857147 1.0049999999999955 0.41308239035873917
-67.33500000000001 -0.9702985074626864 1.0050000000000026 0.357812467138253
-65.32499999999999 -1.0204615384615383 1.0050000000000026 0.25847142838221177
-63.315 -0.9608571428571432 1.004999999999999 0.2367080350929199
-61.30499999999999 -0.8866153846153847 1.004999999999999 0.24309717539780368
-59.295 -0.8955737704918032 1.004999999999999 0.34773517618244465
-57.285 -0.7474647887323944 1.004999999999999 0.40235825361625716
-55.275 -0.7845762711864407 1.0050000000000026 0.23723922013979185
-53.265 -0.7731428571428572 1.004999999999999 0.2501344944347389
-51.254999999999995 -0.7082926829268295 1.004999999999999 0.21708043287386433
-49.245 -0.6360000000000002 1.0050000000000026 0.31429922048901104
-47.235 -0.6470270270270273 1.004999999999999 0.319555137270591
-45.224999999999994 -0.5958461538461541 1.004999999999999 0.3738814798124474
-43.215 -0.5820000000000002 1.004999999999999 0.24818541455935722
-41.205 -0.5392500000000002 1.004999999999999 0.21445148052648177
-39.195 -0.4845882352941177 1.0050000000000026 0.2928382526490227
-37.185 -0.4630769230769231 1.004999999999999 0.24089207974285962
-35.175 -0.44325000000000003 1.004999999999999 0.3004487269069383
-33.165 -0.47040000000000004 1.0050000000000026 0.25837925613330487
-31.154999999999998 -0.4065217391304348 1.004999999999999 0.1886014591591895
-29.145 -0.3491752577319589 1.004999999999999 0.202884712085779
-27.134999999999998 -0.33722222222222237 1.0050000000000026 0.16787248982339592
-25.125 -0.29307692307692323 1.0049999999999955 0.1833251618353605
-23.115000000000002 -0.2731250000000001 1.0050000000000026 0.198123028381357
-21.105000000000004 -0.21702702702702725 1.0049999999999955 0.2467613450921801
-19.095000000000006 -0.20575757575757592 1.0050000000000026 0.28885385109271566
-17.085 -0.18410526315789488 1.0050000000000026 0.2186248636933383
-15.075000000000003 -0.16000000000000014 1.0049999999999955 0.12989006340528358
-13.065000000000005 -0.14100000000000013 1.0050000000000026 0.17603124722616723
-11.055 -0.08089285714285722 1.0050000000000026 0.14392181391438957
-9.045000000000002 -0.07370370370370381 1.0049999999999955 0.2215124467391317
-7.035000000000004 -0.0030000000000000695 1.0050000000000026 0.24035598598745156
-5.024999999999999 -0.021600000000000046 1.0050000000000026 0.12238235166885789
-3.0150000000000006 0.01615384615384612 1.0049999999999955 0.17980923487614742
-1.0050000000000026 0.052340425531914855 1.0050000000000026 0.21311981213210368
1.0049999999999955 0.06981308411214947 1.0049999999999955 0.23929015472134035
3.0149999999999935 0.010884955752212313 1.0050000000000026 0.39172312219721733
5.024999999999999 0.11754098360655733 1.0050000000000026 0.16117047015967756
7.034999999999997 0.19093023255813946 1.0049999999999955 0.2083803985055726
9.044999999999995 0.1884999999999999 1.0050000000000026 0.14024175555090568
11.054999999999993 0.22078124999999985 1.0049999999999955 0.12469719182258071
13.06499999999999 0.23127272727272716 1.0050000000000026 0.28160936545282683
15.074999999999996 0.265135135135135 1.0050000000000026 0.19498609266583564
17.084999999999994 0.2786486486486485 1.0049999999999955 0.231027811150954
19.09499999999999 0.33982758620689646 1.0050000000000026 0.179126148761245
21.104999999999997 0.3635294117647058 1.0050000000000026 0.1527566760443699
23.114999999999995 0.4107272727272726 1.0049999999999955 0.22875039628742264
25.124999999999993 0.41228571428571414 1.0050000000000026 0.17995373555104519
27.134999999999998 0.4565346534653464 1.0050000000000026 0.2615885804709385
29.144999999999996 0.48636363636363633 1.0049999999999955 0.2756569913125806
31.154999999999994 0.5056097560975609 1.0050000000000026 0.20801089066807502
33.16499999999999 0.5034453781512603 1.0049999999999955 0.22514397625000696
35.17499999999999 0.5499999999999998 1.0050000000000026 0.2362932135263742
37.18499999999999 0.6231297709923663 1.0049999999999955 0.1899742207077985
39.19499999999999 0.6437288135593218 1.0050000000000097 0.28157786835871845
41.205 0.6670093457943922 1.0049999999999955 0.1674392898948947
43.21499999999999 0.7393457943925232 1.0049999999999955 0.14203639804699125
45.224999999999994 0.7153846153846152 1.0050000000000097 0.2162838371789535
47.235 0.7577419354838708 1.0049999999999955 0.17624597323095037
49.24499999999999 0.745247524752475 1.0049999999999955 0.3254383002142624
51.25499999999998 0.7873469387755102 1.0049999999999955 0.28807082115485594
53.264999999999986 0.8457575757575757 1.0050000000000097 0.22674281657166193
55.27499999999999 0.8808510638297871 1.0049999999999955 0.23171267779743895
57.28499999999998 0.8410588235294117 1.0049999999999955 0.3472582477889322
59.29499999999999 0.9486666666666667 1.0050000000000097 0.22514785265588383
61.30499999999999 1.0145454545454544 1.0049999999999955 0.22106616189250747
63.31499999999998 1.0514285714285714 1.0049999999999955 0.16008288669387777
65.32499999999999 1.0552747252747252 1.0050000000000097 0.2635152920447086
67.335 1.0270786516853931 1.0049999999999955 0.37749678842949985
69.34499999999998 1.1084615384615382 1.0049999999999955 0.21908362133234582
71.35499999999999 1.1127692307692305 1.0050000000000097 0.34610584282538465
73.365 1.166712328767123 1.0049999999999955 0.32332203207227306
75.37499999999999 1.2377142857142858 1.0049999999999955 0.24275308695151498
77.38499999999999 1.1099999999999999 1.0050000000000097 0.6036360414920859
79.395 1.2784615384615383 1.0049999999999955 0.28631199103952626
81.40499999999999 1.328076923076923 1.0049999999999955 0.3573031381675491
83.41499999999999 1.3924137931034484 1.0050000000000097 0.23077314091629247
85.425 1.2831818181818182 1.0049999999999955 0.5535003191559922
87.43499999999999 1.5508695652173912 1.0049999999999955 0.27042499632789385
89.44499999999998 1.46 1.0049999999999955 0.5137119815616529
91.45499999999998 1.4057142857142855 1.0050000000000097 0.42515063356943233
